1.772 36756.2 191.719 8.36853e-019 30.2733 6.66955e-005 1010.11 1040.38 35715.8
1.773 34974.7 187.015 8.80487e-019 30.7721 6.86649e-005 1023.1 1053.87 33920.9
1.775 33575.2 183.235 9.74631e-019 31.793 7.27759e-005 1049.5 1081.29 32493.9
1.776 32774.8 181.038 1.02538e-018 32.3155 7.49207e-005 1062.91 1095.23 31679.5
1.777 32575 180.486 1.07874e-018 32.846 7.71273e-005 1076.48 1109.32 31465.7
1.778 32846.5 181.236 1.13485e-018 33.3849 7.93975e-005 1090.19 1123.57 31723
1.78 33431.1 182.842 1.25589e-018 34.4879 8.41356e-005 1118.06 1152.55 32278.6
1.781 34183.1 184.887 1.32112e-018 35.0523 8.66073e-005 1132.22 1167.27 33015.8
1.782 34957.6 186.969 1.38971e-018 35.6254 8.91499e-005 1146.53 1182.16 33775.4
1.783 35601.9 188.685 1.46182e-018 36.2074 9.17656e-005 1161 1197.21 34404.7
1.785 35977.1 189.676 1.61735e-018 37.3986 9.72239e-005 1190.4 1227.79 34749.3
1.786 35998.7 189.733 1.70116e-018 38.0081 0.000100071 1205.33 1243.34 34755.4
1.787 34723 186.341 1.78926e-018 38.6269 0.000102999 1220.42 1259.05 33464
1.788 30499.9 174.642 1.88189e-018 39.2554 0.000106012 1235.68 1274.93 29225
1.789 25295 159.044 1.97926e-018 39.8934 0.00010911 1251.09 1290.98 24004
1.791 26195.9 161.851 2.18921e-018 41.1993 0.000115574 1282.4 1323.6 24872.3
1.792 28092.6 167.608 2.30232e-018 41.8673 0.000118946 1298.31 1340.18 26752.4
1.793 29562.1 171.936 2.42121e-018 42.5455 0.000122413 1314.38 1356.93 28205.2
1.794 32129.4 179.247 2.54618e-018 43.2342 0.000125979 1330.62 1373.85 30755.5
1.796 33771 183.769 2.81561e-018 44.6434 0.000133419 1363.6 1408.25 32362.7
1.797 33449.7 182.893 2.96073e-018 45.3642 0.000137298 1380.35 1425.72 32024
1.798 28008.9 167.359 3.11325e-018 46.096 0.000141287 1397.27 1443.37 26565.5
1.799 25706.2 160.332 3.27355e-018 46.839 0.00014539 1414.37 1461.21 24245
1.801 27639 166.25 3.61908e-018 48.3592 0.000153947 1449.09 1497.45 26141.5
1.802 32969 181.574 3.80516e-018 49.1366 0.000158409 1466.71 1515.85 31453.2
1.803 32410 180.028 4.00071e-018 49.926 0.000162996 1484.52 1534.44 30875.5
1.805 28692.5 169.389 4.42215e-018 51.5407 0.000172565 1520.67 1572.21 27120.3
1.806 27521.6 165.896 4.64907e-018 52.3666 0.000177553 1539.02 1591.39 25930.2
1.807 27450.9 165.683 4.88752e-018 53.2049 0.000182682 1557.56 1610.76 25840.2
1.808 27915.8 167.08 5.13808e-018 54.0559 0.000187955 1576.28 1630.33 26285.4
1.81 27504.1 165.844 5.67799e-018 55.7968 0.000198952 1614.28 1670.08 25834
1.811 28938.8 170.114 5.96864e-018 56.687 0.000204684 1633.57 1690.26 27248.6
1.812 28026 167.41 6.27403e-018 57.5906 0.000210577 1653.05 1710.64 26315.4
1.813 27263.7 165.117 6.59488e-018 58.5079 0.000216636 1672.72 1731.23 25532.5
1.815 27741.8 166.559 7.28613e-018 60.384 0.000229269 1712.65 1773.03 25968.8
1.816 29934.7 173.016 7.65819e-018 61.3433 0.000235853 1732.91 1794.25 28140.4
1.817 28778.3 169.642 8.04906e-018 62.3169 0.000242621 1753.36 1815.68 26962.6
1.819 25783.2 160.572 8.89104e-018 64.3083 0.000256732 1794.88 1859.19 23924
1.82 26709.2 163.43 9.34416e-018 65.3263 0.000264085 1815.94 1881.26 24828
1.821 28957.2 170.168 9.82015e-018 66.3596 0.000271644 1837.2 1903.56 27053.6
1.822 29725 172.409 1.03201e-017 67.4084 0.000279413 1858.67 1926.08 27799
1.824 27423.5 165.6 1.1397e-017 69.5531 0.00029561 1902.23 1971.78 25451.7
1.825 27070.1 164.53 1.19764e-017 70.6494 0.000304048 1924.32 1994.97 25075.1
1.826 32740.5 180.943 1.2585e-017 71.7621 0.000312722 1946.62 2018.38 30722.1
1.828 36833 191.919 1.38955e-017 74.0373 0.0003308 1991.86 2065.9 34767.1
1.829 31423.7 177.267 1.46005e-017 75.2003 0.000340218 2014.8 2090 29333.7
1.83 26230.3 161.958 1.5341e-017 76.3806 0.000349898 2037.96 2114.34 24116
1.832 28363.5 168.415 1.69352e-017 78.7938 0.000370072 2084.93 2163.73 26199.7
1.833 25282.9 159.006 1.77928e-017 80.0272 0.00038058 2108.75 2188.78 23094.1
1.834 26308.1 162.198 1.86934e-017 81.2788 0.000391379 2132.79 2214.06 24094
1.835 28007.1 167.353 1.96391e-017 82.5489 0.000402478 2157.05 2239.59 25767.5
1.837 28135.4 167.736 2.16748e-017 85.1455 0.000425604 2206.24 2291.39 25844
1.838 26317 162.225 2.27697e-017 86.4725 0.000437649 2231.18 2317.65 23999.3
1.839 28529.9 168.908 2.39193e-017 87.819 0.000450027 2256.34 2344.16 26185.7
1.841 27337.6 165.341 2.63938e-017 90.5717 0.000475815 2307.37 2397.94 24939.6
1.842 24007.6 154.944 2.77244e-017 91.9783 0.000489245 2333.23 2425.21 21582.4
1.843 22708.9 150.695 2.91214e-017 93.4055 0.000503045 2359.32 2452.73 20256.2
1.845 25212.1 158.783 3.21279e-017 96.3229 0.000531794 2412.22 2508.54 22703.6
1.846 33296.7 182.474 3.37444e-017 97.8136 0.000546764 2439.02 2536.84 30759.8
1.847 36167 190.176 3.54413e-017 99.326 0.000562145 2466.07 2565.39 33601.6
1.849 35325.7 187.951 3.90928e-017 102.417 0.000594184 2520.88 2623.3 32702.4
1.85 37661.3 194.065 4.10558e-017 103.997 0.000610865 2548.65 2652.65 35008.6
1.851 39751.1 199.377 4.31164e-017 105.599 0.000628003 2576.67 2682.27 37068.8
1.853 34084.8 184.621 4.75495e-017 108.874 0.000663699 2633.44 2742.32 31342.5
1.854 36729.4 191.649 4.99324e-017 110.547 0.000682282 2662.2 2772.75 33956.7
1.855 34564.7 185.916 5.24335e-017 112.244 0.000701372 2691.21 2803.46 31761.2
1.857 32983.5 181.614 5.78136e-017 115.712 0.000741128 2749.99 2865.7 30117.8
1.858 31347.7 177.053 6.07051e-017 117.484 0.000761823 2779.76 2897.25 28450.4
1.859 27894.7 167.017 6.37397e-017 119.282 0.000783081 2809.79 2929.07 24965.6
1.861 26334 162.277 7.02666e-017 122.954 0.000827348 2870.61 2993.57 23340.4
1.862 25415.9 159.424 7.37739e-017 124.83 0.000850388 2901.42 3026.25 22389.6
1.863 23959.5 154.789 7.74544e-017 126.733 0.000874053 2932.48 3059.21 20900.3
1.865 23668.7 153.846 8.53694e-017 130.621 0.000923327 2995.4 3126.02 20542.7
1.866 25257.3 158.926 8.9622e-017 132.607 0.00094897 3027.25 3159.86 22097.5
1.868 25108.9 158.458 9.87662e-017 136.664 0.00100236 3091.76 3228.43 21880.4
1.869 28236.8 168.038 1.03679e-016 138.736 0.00103014 3124.42 3263.16 24973.6
1.87 26004.9 161.26 1.08833e-016 140.838 0.00105867 3157.35 3298.19 22706.7
1.872 27226.1 165.003 1.19915e-016 145.131 0.00111806 3224.02 3369.16 23856.9
1.873 30270.3 173.984 1.25867e-016 147.324 0.00114897 3257.77 3405.1 26865.2
1.874 22246.3 149.152 1.32112e-016 149.547 0.0011807 3291.8 3441.34 18805
1.876 21225.6 145.69 1.45536e-016 154.089 0.00124676 3360.67 3514.77 17710.8
1.877 21302 145.952 1.52746e-016 156.409 0.00128113 3395.53 3551.94 17750.1
1.879 23085.8 151.94 1.68242e-016 161.147 0.00135265 3466.09 3627.24 19458.5
1.88 24033.8 155.028 1.76564e-016 163.566 0.00138986 3501.79 3665.36 20368.4
1.881 26854.2 163.873 1.85293e-016 166.019 0.00142807 3537.78 3703.8 23150.4
1.883 30267.9 173.977 2.04053e-016 171.029 0.00150758 3610.61 3781.64 26486.3
1.884 37314.3 193.169 2.14126e-016 173.587 0.00154893 3647.46 3821.05 33493.3
1.885 38395.1 195.947 2.24691e-016 176.181 0.0015914 3684.6 3860.78 34534.4
1.887 41793.4 204.434 2.47393e-016 181.479 0.00167975 3759.74 3941.22 37852.2
1.888 45428.5 213.14 2.5958e-016 184.183 0.00172571 3797.75 3981.94 41446.6
1.89 29797.8 172.621 2.85766e-016 189.706 0.00182132 3874.65 4064.36 25733.5
1.891 28407 168.544 2.99823e-016 192.525 0.00187104 3913.55 4106.08 24300.9
1.892 26294.6 162.156 3.14564e-016 195.384 0.00192209 3952.74 4148.13 22146.5
1.894 25831.7 160.723 3.4623e-016 201.221 0.00202828 4032.02 4233.24 21598.5
1.895 26884.2 163.964 3.63226e-016 204.2 0.0020835 4072.11 4276.31 22607.9
1.897 26373.7 162.4 3.99734e-016 210.284 0.00219837 4153.2 4363.48 22010.2
1.898 20114.9 141.827 4.19327e-016 213.389 0.0022581 4194.19 4407.59 15707.3
1.9 20946.7 144.73 4.61408e-016 219.728 0.00238234 4277.1 4496.84 16449.9
1.901 21237.1 145.729 4.83989e-016 222.964 0.00244693 4319.02 4541.99 16695.1
1.902 20564.2 143.402 5.07663e-016 226.244 0.00251322 4361.24 4587.49 15976.7
1.904 21118.9 145.323 5.58502e-016 232.94 0.0026511 4446.61 4679.56 16439.3
1.905 21515.5 146.682 5.85779e-016 236.357 0.00272278 4489.77 4726.13 16789.4
1.907 22165 148.879 6.44349e-016 243.333 0.00287184 4577.01 4820.34 17344.6
1.908 23359.9 152.839 6.75771e-016 246.893 0.00294932 4621.1 4867.99 18491.9
1.91 23110.2 152.02 7.43233e-016 254.159 0.00311045 4710.22 4964.38 18145.8
1.911 21034.4 145.032 7.79421e-016 257.867 0.00319419 4755.26 5013.13 16021.3
1.912 21036.3 145.039 8.17351e-016 261.625 0.00328013 4800.61 5062.24 15974.1
1.914 19904.5 141.083 8.98776e-016 269.296 0.00345881 4892.27 5161.57 14743
1.915 20139 141.912 9.42447e-016 273.21 0.00355168 4938.58 5211.8 14927.2
1.917 21184.5 145.549 1.03619e-015 281.198 0.00374474 5032.17 5313.37 15871.1
1.918 22891.8 151.301 1.08646e-015 285.274 0.00384507 5079.44 5364.72 17527.1
1.92 24956.2 157.975 1.19435e-015 293.591 0.00405364 5174.96 5468.56 19487.7
1.921 24141.2 155.374 1.2522e-015 297.834 0.00416201 5223.21 5521.05 18620.2
1.922 23396 152.958 1.31283e-015 302.134 0.00427321 5271.78 5573.92 17822.1
1.924 21097 145.248 1.44293e-015 310.909 0.00450433 5369.9 5680.82 15416.2
1.925 19036.3 137.972 1.51268e-015 315.385 0.00462442 5419.46 5734.84 13301.4
1.927 19035.8 137.97 1.66234e-015 324.519 0.00487401 5519.54 5844.07 13191.8
1.928 20151.6 141.956 1.74257e-015 329.178 0.00500367 5570.08 5899.26 14252.3
1.93 21795.4 147.632 1.91471e-015 338.683 0.00527315 5672.15 6010.84 15784.5
1.931 20782.5 144.161 2.00698e-015 343.532 0.00541313 5723.68 6067.22 14715.3
1.933 19476.3 139.557 2.20492e-015 353.424 0.00570403 5827.74 6181.16 13295.1
1.934 20106.2 141.796 2.31101e-015 358.469 0.00585513 5880.26 6238.74 13867.5
1.936 23377.3 152.896 2.53857e-015 368.761 0.00616911 5986.32 6355.08 17022.2
1.937 19433.2 139.403 2.66053e-015 374.009 0.00633218 6039.84 6413.86 13019.3
1.939 19842.2 140.862 2.92209e-015 384.717 0.006671 6147.91 6532.63 13309.5
1.94 19626.3 140.094 3.06225e-015 390.177 0.00684696 6202.44 6592.62 13033.6
1.942 17697.4 133.032 3.36283e-015 401.314 0.00721253 6312.52 6713.84 10983.6
1.943 18303.1 135.289 3.52388e-015 406.994 0.00740237 6368.06 6775.06 11528.1
1.945 17378.3 131.827 3.86921e-015 418.578 0.00779674 6480.16 6898.74 10479.6
1.946 16053.1 126.701 4.05422e-015 424.484 0.00800151 6536.71 6961.2 9091.87
1.948 17835.1 133.548 4.45089e-015 436.531 0.00842687 6650.83 7087.37 10747.8
1.949 20498.6 143.173 4.66338e-015 442.673 0.00864771 6708.4 7151.09 13347.5
1.951 21210.3 145.637 5.11892e-015 455.198 0.00910642 6824.56 7279.77 13930.5
1.952 22711.3 150.703 5.36292e-015 461.584 0.00934456 6883.14 7344.74 15366.6
1.954 22862.3 151.203 5.88595e-015 474.607 0.00983915 7001.33 7475.95 15386.4
1.955 22526.4 150.088 6.16608e-015 481.246 0.0100959 7060.93 7542.19 14984.2
1.957 20643.6 143.679 6.76647e-015 494.783 0.0106291 7181.16 7675.95 12967.7
1.958 18695.4 136.731 7.088e-015 501.684 0.0109058 7241.78 7743.47 10952
1.96 22140.8 148.798 7.77705e-015 515.755 0.0114805 7364.04 7879.8 14261
1.961 19304.3 138.94 8.14601e-015 522.927 0.0117788 7425.68 7948.61 11355.7
1.963 20635.9 143.652 8.93664e-015 537.55 0.0123981 7549.97 8087.53 12548.4
1.964 22530.2 150.101 9.35994e-015 545.004 0.0127196 7612.62 8157.64 14372.5
1.966 22456 149.853 1.02669e-014 560.199 0.0133869 7738.95 8299.16 14156.8
1.967 20308.8 142.509 1.07525e-014 567.943 0.0137332 7802.62 8370.58 11938.3
1.969 17776.3 133.328 1.17927e-014 583.731 0.0144521 7930.98 8514.72 9261.59
1.97 20201 142.13 1.23495e-014 591.777 0.0148251 7995.66 8587.45 11613.6
1.972 18171.6 134.802 1.35423e-014 608.178 0.0155994 8126.04 8734.24 9437.41
1.973 17183.7 131.087 1.41808e-014 616.536 0.0160012 8191.74 8808.29 8375.38
1.975 18527 136.114 1.55482e-014 633.572 0.0168351 8324.13 8957.72 9569.26
1.976 20150.4 141.952 1.62801e-014 642.253 0.0172678 8390.84 9033.11 11117.3
1.978 21142.3 145.404 1.78474e-014 659.947 0.0181657 8525.24 9185.21 11957.1
1.98 22007.4 148.349 1.95638e-014 678.092 0.0191089 8660.99 9339.1 12668.3
1.981 20273.9 142.386 2.04822e-014 687.336 0.0195982 8729.36 9416.71 10857.2
1.983 19021.1 137.917 2.24487e-014 706.177 0.0206135 8867.09 9573.29 9447.76
1.984 19657 140.203 2.35009e-014 715.776 0.0211402 8936.46 9652.25 10004.7
1.986 19297.7 138.916 2.57536e-014 735.337 0.0222329 9076.18 9811.53 9486.14
1.987 18907.7 137.505 2.69587e-014 745.301 0.0227997 9146.53 9891.85 9015.86
1.989 19816.2 140.77 2.95386e-014 765.607 0.0239756 9288.21 10053.8 9762.35
1.99 18604.9 136.4 3.09187e-014 775.951 0.0245854 9359.55 10135.5 8469.37
1.992 16668.1 129.105 3.38727e-014 797.028 0.0258506 9503.19 10300.2 6367.88
1.994 20017.3 141.483 3.71055e-014 818.633 0.0271789 9648.12 10466.8 9550.57
1.995 26209.1 161.892 3.88344e-014 829.637 0.0278676 9721.07 10550.7 15658.3
1.997 22493.1 149.977 4.25346e-014 852.058 0.0292963 9867.93 10720 11773.1
1.998 20751.6 144.054 4.45134e-014 863.477 0.030037 9941.83 10805.3 9946.26
2 22488.8 149.963 4.87477e-014 886.74 0.0315735 10090.6 10977.4 11511.4
2.001 20636.8 143.655 5.10118e-014 898.587 0.03237 10165.4 11064.1 9572.74
2.003 19290.6 138.89 5.58564e-014 922.722 0.034022 10316.1 11238.9 8051.7
2.005 18284.4 135.22 6.11552e-014 947.454 0.0357557 10468 11415.5 6868.94
2.006 18197.8 134.899 6.3988e-014 960.048 0.0366544 10544.4 11504.5 6693.32
2.008 18711.7 136.791 7.00482e-014 985.7 0.038518 10698.1 11683.9 7027.82
2.009 18357.5 135.49 7.32877e-014 998.762 0.0394839 10775.5 11774.3 6583.22
2.011 20158.9 141.982 8.02172e-014 1025.37 0.0414868 10931 11956.4 8202.52
2.013 20132.3 141.888 8.77936e-014 1052.62 0.0435881 11087.8 12140.4 7991.89
2.014 21804.8 147.664 9.18427e-014 1066.5 0.0446771 11166.6 12233.1 9571.64
2.016 21174.8 145.516 1.00503e-013 1094.76 0.0469348 11325.1 12419.9 8754.9
2.017 18706.4 136.771 1.05131e-013 1109.15 0.0481047 11404.8 12514 6192.34
2.019 19396.7 139.272 1.15027e-013 1138.45 0.05053 11565.1 12703.6 6693.06
2.021 19182.9 138.502 1.25843e-013 1168.46 0.0530738 11726.5 12895 6287.87
2.022 18974.2 137.747 1.31622e-013 1183.74 0.0543918 11807.6 12991.4 5982.8
2.024 18792.2 137.085 1.43978e-013 1214.84 0.0571236 11970.8 13185.7 5606.52
2.026 18455.3 135.85 1.57479e-013 1246.7 0.0599882 12135 13381.7 5073.59
2.027 20028.4 141.522 1.64691e-013 1262.92 0.0614723 12217.5 13480.5 6547.97
2.029 19399.5 139.282 1.80109e-013 1295.93 0.0645479 12383.3 13679.3 5720.14
2.03 18915.9 137.535 1.88344e-013 1312.73 0.0661411 12466.6 13779.4 5136.49
2.032 18772.4 137.013 2.05946e-013 1346.94 0.0694426 12634.1 13981.1 4791.36
2.034 18124.1 134.626 2.25172e-013 1381.96 0.0729036 12802.6 14184.6 3939.53
2.035 16067 126.756 2.3544e-013 1399.78 0.0746962 12887.2 14287 1779.99
2.037 16711.4 129.273 2.57383e-013 1436.07 0.0784104 13057.2 14493.3 2218.07
2.039 18371.9 135.543 2.81343e-013 1473.21 0.0823032 13228.2 14701.5 3670.41
2.04 20826.4 144.313 2.94137e-013 1492.11 0.0843192 13314 14806.2 6020.13
2.042 21321.9 146.02 3.21474e-013 1530.58 0.0884956 13486.5 15017.1 6304.8
2.044 19796.2 140.699 3.51317e-013 1569.95 0.0928721 13659.9 15229.9 4566.31
2.045 19140.5 138.349 3.67249e-013 1589.99 0.0951382 13746.9 15337 3803.48
2.047 19651.8 140.185 4.01285e-013 1630.76 0.0998322 13921.7 15552.5 4099.28
2.049 22318.1 149.392 4.38434e-013 1672.49 0.10475 14097.3 15769.9 6548.17
2.05 23394.6 152.953 4.58262e-013 1693.72 0.107296 14185.5 15879.3 7515.32
2.052 23863.2 154.477 5.00613e-013 1736.91 0.112569 14362.4 16099.5 7763.74
2.054 25833.1 160.727 5.46827e-013 1781.12 0.118093 14540.2 16321.5 9511.64
2.055 25954.9 161.105 5.71489e-013 1803.61 0.120952 14629.4 16433.1 9521.72
2.057 23624.4 153.702 6.24156e-013 1849.36 0.126873 14808.4 16657.9 6966.51
2.059 20434.5 142.949 6.81612e-013 1896.17 0.133074 14988.2 16884.5 3550.01
2.06 19425.9 139.377 7.12268e-013 1919.98 0.136284 15078.3 16998.4 2427.48
2.062 20626.7 143.62 7.77724e-013 1968.42 0.142929 15259.2 17227.8 3398.97
2.064 20752.9 144.059 8.49114e-013 2017.97 0.149888 15440.8 17458.9 3293.95
2.066 19524.5 139.73 9.26969e-013 2068.66 0.157173 15623.1 17691.9 1832.57
2.067 20051.3 141.603 9.68499e-013 2094.44 0.160943 15714.5 17809.1 2242.26
2.069 20087 141.728 1.05715e-012 2146.88 0.168748 15897.7 18044.8 2042.21
2.071 20244.4 142.283 1.1538e-012 2200.51 0.176917 16081.6 18282.3 1962.14
2.072 21291.5 145.916 1.20535e-012 2227.78 0.181144 16173.7 18401.7 2889.78
2.074 21541.9 146.772 1.31537e-012 2283.25 0.189893 16358.5 18641.9 2900.01
2.076 19591.5 139.97 1.43529e-012 2339.97 0.199051 16543.8 18883.9 707.534
2.077 19960.2 141.281 1.49924e-012 2368.81 0.203788 16636.6 19005.6 954.59
2.079 21169.8 145.498 1.63569e-012 2427.47 0.213591 16822.7 19250.4 1919.44
2.081 20115.1 141.828 1.78439e-012 2487.44 0.22385 17009.2 19496.9 618.219
2.083 21477.8 146.553 1.94643e-012 2548.75 0.234584 17196.2 19745.2 1732.63
2.084 24151.4 155.407 2.03281e-012 2579.92 0.240136 17289.8 19870 4281.38
2.086 23892.8 154.573 2.21708e-012 2643.31 0.251623 17477.4 20121 3771.82
2.088 21768.1 147.54 2.41783e-012 2708.1 0.263641 17665.4 20373.7 1394.37
2.09 21690.6 147.277 2.63651e-012 2774.33 0.276212 17853.7 20628.3 1062.3
2.091 21309.5 145.978 2.75306e-012 2808 0.282713 17947.9 20756.2 553.297
2.093 23662.7 153.827 3.00162e-012 2876.44 0.296161 18136.7 21013.4 2649.32
2.095 26426.9 162.564 3.27232e-012 2946.4 0.310226 18325.6 21272.3 5154.57
2.097 27776.6 166.663 3.56708e-012 3017.89 0.324935 18514.8 21533.1 6243.59
2.098 28134.7 167.734 3.72415e-012 3054.22 0.33254 18609.5 21664.1 6470.65
2.1 30931.1 175.872 4.05904e-012 3128.08 0.348269 18799 21927.4 9003.64
2.102 32214.3 179.483 4.42362e-012 3203.55 0.364714 18988.6 22192.5 10021.8
2.104 37482.2 193.603 4.82049e-012 3280.66 0.381909 19178.3 22459.3 15022.8
2.105 36106.1 190.016 5.0319e-012 3319.84 0.390797 19273.2 22593.4 13512.6
2.107 31178.3 176.574 5.48256e-012 3399.48 0.409176 19463 22862.9 8315.48
2.109 29663.7 172.232 5.97301e-012 3480.85 0.428388 19652.8 23134 6529.69
2.111 28146.8 167.77 6.50672e-012 3563.96 0.448469 19842.6 23407 4739.83
2.113 32579.8 180.499 7.08743e-012 3648.87 0.469456 20032.3 23681.6 8898.14
2.114 31434.8 177.299 7.39668e-012 3692 0.480303 20127.1 23819.6 7615.21
2.116 25535.1 159.797 8.05568e-012 3779.66 0.502725 20316.7 24096.8 1438.27
2.118 19873.7 140.974 8.77255e-012 3869.18 0.526155 20506.1 24375.8 -4502.04
2.12 19137.1 138.337 9.55231e-012 3960.61 0.550637 20695.3 24656.5 -5519.37
2.122 19592.2 139.972 1.04004e-011 4053.99 0.576216 20884.3 24938.9 -5346.68
2.123 24290.3 155.854 1.08519e-011 4101.41 0.589431 20978.7 25080.7 -790.375
2.125 28326.1 168.304 1.18136e-011 4197.77 0.616744 21167.3 25365.7 2960.45
2.127 27980.3 167.273 1.28594e-011 4296.15 0.645275 21355.6 25652.4 2327.97
2.129 26486.5 162.747 1.39964e-011 4396.61 0.675077 21543.5 25940.8 545.768
2.131 24459.8 156.396 1.52325e-011 4499.17 0.706202 21731 26230.9 -1771.03
2.132 20529.3 143.28 1.58904e-011 4551.26 0.72228 21824.6 26376.5 -5847.29
2.134 20006.6 141.445 1.72913e-011 4657.05 0.755499 22011.4 26669.2 -6662.63
2.136 21795 147.631 1.88139e-011 4765.05 0.790188 22197.7 26963.6 -5168.57
2.138 23588.7 153.586 2.04686e-011 4875.29 0.826409 22383.5 27259.6 -3670.98
2.14 28144.3 167.763 2.22668e-011 4987.81 0.864226 22568.8 27557.4 586.92
2.142 30724.4 175.284 2.42206e-011 5102.65 0.903708 22753.4 27856.9 2867.49
2.143 29643.3 172.172 2.526e-011 5160.96 0.924095 22845.4 28007.3 1636.02
2.145 27032.2 164.415 2.74726e-011 5279.36 0.966206 23029 28309.4 -1277.17
2.147 25362.9 159.257 2.98761e-011 5400.19 1.01016 23211.9 28613.1 -3250.23
2.149 26151.1 161.713 3.24867e-011 5523.49 1.05604 23394 28918.6 -2767.51
2.151 28780 169.647 3.53222e-011 5649.3 1.10392 23575.4 29225.8 -445.755
2.153 31371.5 177.12 3.84014e-011 5777.67 1.15389 23755.9 29534.7 1836.8
2.154 30125.8 173.568 4.00389e-011 5842.82 1.17968 23845.8 29689.8 435.986
2.156 28049.1 167.479 4.35231e-011 5975.1 1.23294 24025 30001.3 -1952.21
2.158 27482.6 165.779 4.7306e-011 6110.04 1.28851 24203.2 30314.5 -2831.95
2.16 28900.1 170 5.14128e-011 6247.7 1.34648 24380.4 30629.5 -1729.38
2.162 29848.4 172.767 5.58709e-011 6388.12 1.40696 24556.6 30946.2 -1097.78
2.164 32270.1 179.639 6.07097e-011 6531.33 1.47005 24731.8 31264.6 1005.51
2.166 33714.7 183.616 6.59613e-011 6677.4 1.53586 24905.9 31584.8 2129.91
2.168 31795 178.311 7.16603e-011 6826.37 1.60449 25078.8 31906.7 -111.788
2.169 31377.7 177.137 7.46893e-011 6901.96 1.6399 25164.8 32068.4 -690.685
2.171 31598.2 177.759 8.11308e-011 7055.37 1.713 25335.9 32393 -794.74
2.173 34251 185.07 8.81196e-011 7211.8 1.78922 25505.8 32719.4 1531.65
2.175 34011.1 184.421 9.57012e-011 7371.3 1.86869 25674.4 33047.5 963.546
2.177 30602.8 174.937 1.03925e-010 7533.93 1.95155 25841.6 33377.5 -2774.69
2.179 31125.2 176.423 1.12845e-010 7699.73 2.03794 26007.5 33709.3 -2584.03
2.181 31616.9 177.812 1.22519e-010 7868.75 2.12799 26172 34042.9 -2425.93
2.183 33541.1 183.142 1.3301e-010 8041.05 2.22186 26335 34378.3 -837.204
2.185 33290 182.455 1.44385e-010 8216.69 2.3197 26496.6 34715.6 -1425.61
2.187 31638.9 177.873 1.56718e-010 8395.7 2.42167 26656.6 35054.7 -3415.83
2.189 31433.1 177.294 1.70088e-010 8578.16 2.52794 26815.1 35395.7 -3962.68
2.19 30715.6 175.259 1.77189e-010 8670.69 2.58274 26893.7 35567 -4851.36
2.192 30808.4 175.523 1.92278e-010 8858.41 2.69578 27049.7 35910.8 -5102.4
2.194 32786.1 181.069 2.08633e-010 9049.7 2.81356 27204.1 36256.6 -3470.5
2.196 36630.9 191.392 2.26356e-010 9244.63 2.93627 27356.8 36604.3 26.5404
2.198 37444.5 193.506 2.45563e-010 9443.24 3.0641 27507.7 36954 490.49
2.2 33782 183.799 2.66373e-010 9645.61 3.19727 27656.8 37305.6 -3523.69
2.202 33857.7 184.005 2.8892e-010 9851.78 3.33598 27804.2 37659.3 -3801.61
2.204 34686.8 186.244 3.13345e-010 10061.8 3.48045 27949.6 38014.9 -3328.12
2.206 35013.7 187.12 3.39802e-010 10275.8 3.63091 28093.2 38372.6 -3358.92
2.208 37782.6 194.377 3.68459e-010 10493.7 3.7876 28234.9 38732.4 -949.781
2.21 43603.7 208.815 3.99494e-010 10715.7 3.95076 28374.6 39094.2 4509.49
2.212 40923.5 202.296 4.33102e-010 10941.8 4.12065 28512.2 39458.2 1465.33
2.214 38986.1 197.449 4.69492e-010 11172.1 4.29752 28647.9 39824.3 -838.131
2.216 38000.5 194.937 5.08892e-010 11406.6 4.48166 28781.5 40192.5 -2191.99
2.218 36093.7 189.983 5.51545e-010 11645.4 4.67335 28912.9 40563 -4469.29
2.22 37358.6 193.284 5.97717e-010 11888.5 4.87287 29042.3 40935.7 -3577.05
2.222 42319.1 205.716 6.47692e-010 12136.1 5.08054 29169.4 41310.6 1008.48
2.224 41225.7 203.041 7.01779e-010 12388.2 5.29668 29294.3 41687.8 -462.156
2.226 41022 202.539 7.6031e-010 12644.8 5.5216 29417 42067.4 -1045.36
2.228 39967 199.918 8.23644e-010 12906.1 5.75565 29537.4 42449.3 -2482.23
2.23 38633.3 196.553 8.92169e-010 13172 5.99918 29655.5 42833.5 -4200.28
2.232 41799.6 204.449 9.66304e-010 13442.7 6.25256 29771.3 43220.2 -1420.68
2.234 41837.3 204.542 1.0465e-009 13718.2 6.51616 29884.7 43609.4 -1772.08
2.236 40152.7 200.381 1.13324e-009 13998.6 6.79037 29995.7 44001.1 -3848.4
2.238 39735.2 199.337 1.22706e-009 14284 7.0756 30104.3 44395.3 -4660.17
2.24 39513 198.779 1.32851e-009 14574.4 7.37228 30210.4 44792.1 -5279.16
2.242 40328.9 200.821 1.43822e-009 14869.9 7.68083 30314 45191.6 -4862.67
2.244 42635.5 206.484 1.55683e-009 15170.6 8.0017 30415.1 45593.7 -2958.19
2.246 44196.2 210.229 1.68507e-009 15476.5 8.33537 30513.6 45998.5 -1802.24
2.248 43654.7 208.937 1.82371e-009 15787.8 8.68231 30609.6 46406.1 -2751.37
2.25 43972.1 209.695 1.97355e-009 16104.4 9.04303 30703 46816.4 -2844.33
2.252 47901.1 218.863 2.13551e-009 16426.5 9.41805 30793.7 47229.7 671.43
2.254 55579.7 235.753 2.31053e-009 16754.2 9.80789 30881.9 47645.8 7933.84
2.256 60024.8 244.999 2.49967e-009 17087.4 10.2131 30967.3 48064.9 11959.8
2.258 61140.3 247.266 2.70403e-009 17426.4 10.6343 31050 48487.1 12653.2
2.26 60861.8 246.702 2.92481e-009 17771.1 11.0721 31130 48912.2 11949.6
2.262 61269.2 247.526 3.16333e-009 18121.7 11.527 31207.3 49340.5 11928.6
2.264 56285.1 237.245 3.42096e-009 18478.2 11.9997 31281.8 49772 6513.11
2.267 60967.4 246.916 3.84661e-009 19024.2 12.7437 31388.4 50425.3 10542
2.269 62902.8 250.804 4.1589e-009 19395.8 13.2639 31455.9 50865 12037.8
2.271 64005.8 252.994 4.49613e-009 19773.7 13.8043 31520.6 51308.1 12697.8
2.273 61157.9 247.301 4.86023e-009 20157.8 14.3657 31582.4 51754.6 9403.28
2.275 55274.2 235.105 5.25332e-009 20548.2 14.9488 31641.4 52204.6 3069.64
2.277 54362.5 233.158 5.67766e-009 20945.1 15.5545 31697.5 52658.2 1704.31
2.279 49825 223.215 6.1357e-009 21348.6 16.1835 31750.7 53115.4 -3290.43
2.281 49401.3 222.264 6.63005e-009 21758.6 16.8367 31800.9 53576.3 -4175.07
2.283 55792.6 236.205 7.16355e-009 22175.3 17.5149 31848.3 54041.1 1751.53
2.285 63327.1 251.649 7.73924e-009 22598.7 18.2192 31892.7 54509.6 8817.45
2.288 60995.8 246.973 8.68913e-009 23246.8 19.3264 31953.7 55219.9 5775.91
2.29 66249.6 257.39 9.38519e-009 23687.5 20.0998 31990.7 55698.4 10551.3
2.292 64932.5 254.818 1.0136e-008 24135.3 20.9026 32024.7 56181 8751.5
2.294 59760.2 244.459 1.09459e-008 24590.2 21.7359 32055.8 56667.7 3092.43
2.296 57042 238.835 1.18194e-008 25052.4 22.6007 32083.8 57158.8 -116.787
2.298 57100.6 238.957 1.27613e-008 25521.9 23.4983 32108.8 57654.2 -553.588
2.3 55740.5 236.094 1.37771e-008 25998.8 24.4296 32130.8 58154 -2413.52
2.302 54794.4 234.082 1.48722e-008 26483.1 25.3961 32149.8 58658.3 -3863.84
2.305 55321.9 235.206 1.66773e-008 27223.9 26.9142 32172.5 59423.3 -4101.39
2.307 57405.4 239.594 1.79987e-008 27727.3 27.9738 32183.9 59939.2 -2533.87
2.309 56096.6 236.847 1.94229e-008 28238.6 29.0729 32192.3 60459.9 -4363.35
2.311 61690.5 248.376 2.09579e-008 28757.7 30.2131 32197.6 60985.5 705.011
2.313 63484.4 251.961 2.2612e-008 29284.8 31.3956 32199.9 61516.1 1968.28
2.315 63381.8 251.757 2.43943e-008 29819.9 32.622 32199.1 62051.7 1330.11
2.318 60846.6 246.671 2.73297e-008 30637.9 34.5474 32192.3 62864.8 -2018.24
2.32 59126.4 243.159 2.94769e-008 31193.6 35.8903 32183.9 63413.4 -4287.04
2.322 58368.2 241.595 3.17897e-008 31757.7 37.2828 32172.5 63967.5 -5599.3
2.324 62996.8 250.992 3.42808e-008 32330.2 38.7264 32158.1 64527 -1530.15
2.326 66362.6 257.609 3.69635e-008 32911.2 40.2229 32140.7 65092.1 1270.48
2.329 67919.2 260.613 4.13789e-008 33799 42.571 32108.8 65950.4 1968.82
2.331 66118.8 257.136 4.46064e-008 34401.8 44.208 32083.8 66529.8 -411.063
2.333 69355.2 263.354 4.80812e-008 35013.5 45.9046 32055.8 67115.2 2240.01
2.335 69480 263.591 5.18217e-008 35634.2 47.6628 32024.7 67706.6 1773.43
2.337 76141.3 275.937 5.58478e-008 36263.9 49.4847 31990.7 68304.1 7837.19
2.34 74715.5 273.341 6.24699e-008 37225.6 52.3418 31934.1 69212.1 5503.44
2.342 71467.6 267.334 6.73073e-008 37878.3 54.3326 31892.7 69825.3 1642.26
2.344 73502.1 271.113 7.25124e-008 38540.4 56.3949 31848.3 70445.1 3056.98
2.346 77049.5 277.578 7.81126e-008 39212 58.5313 31800.9 71071.4 5978.1
2.349 82195.3 286.697 8.73186e-008 40237.2 61.88 31724.4 72023.6 10171.7
2.351 79291.4 281.587 9.40398e-008 40932.9 64.2123 31669.8 72666.9 6624.49
2.353 73596.6 271.287 1.01269e-007 41638.3 66.6277 31612.3 73317.2 279.445
2.355 64936.8 254.827 1.09043e-007 42353.5 69.1288 31551.9 73974.5 -9037.79
2.358 70090.3 264.746 1.21816e-007 43445.2 73.0476 31455.9 74974.1 -4883.84
2.36 78663 280.469 1.31137e-007 44185.6 75.7758 31388.4 75649.7 3013.3
2.362 73785.4 271.635 1.41157e-007 44936.1 78.6002 31318.1 76332.8 -2547.4
2.364 70797.5 266.078 1.51928e-007 45697 81.5238 31244.9 77023.4 -6225.99
2.367 74550.5 273.039 1.69615e-007 46857.8 86.1025 31130 78073.9 -3523.44
2.369 75274.6 274.362 1.82515e-007 47644.8 89.2888 31050 78784.1 -3509.47
2.371 72263.3 268.818 1.96377e-007 48442.4 92.5862 30967.3 79502.3 -7238.94
2.373 80242.3 283.271 2.11271e-007 49250.7 95.9984 30881.9 80228.5 13.8082
2.376 83248.8 288.529 2.35716e-007 50483.4 101.34 30748.7 81333.4 1915.4
2.378 83983.4 289.799 2.53533e-007 51318.9 105.055 30656.6 82080.5 1902.88
2.38 86176.3 293.558 2.72672e-007 52165.3 108.899 30561.9 82836.2 3340.09
2.383 81745.5 285.912 3.04069e-007 53455.9 114.914 30415.1 83985.9 -2240.36
2.385 90140.7 300.234 3.26944e-007 54330.3 119.096 30314 84763.4 5377.31
2.387 91672 302.774 3.51508e-007 55216.1 123.422 30210.4 85549.8 6122.18
2.39 85049 291.632 3.91785e-007 56566.1 130.189 30050.3 86746.6 -1697.56
2.392 81816.4 286.036 4.2112e-007 57480.6 134.893 29940.5 87556 -5739.61
2.394 87669.6 296.091 4.52608e-007 58406.7 139.756 29828.3 88374.7 -705.086
2.397 85239.4 291.958 5.04218e-007 59817.8 147.362 29655.5 89620.7 -4381.31
2.399 88381.4 297.29 5.4179e-007 60773.4 152.647 29537.4 90463.5 -2082.06
2.401 94101.6 306.76 5.82106e-007 61740.9 158.11 29417 91316.1 2785.57
2.404 100497 317.012 6.48159e-007 63214.8 166.65 29232.1 92613.6 7883.03
2.406 96544.4 310.716 6.96225e-007 64212.6 172.583 29106.1 93491.2 3053.16
2.408 96444.9 310.556 7.47784e-007 65222.5 178.713 28977.9 94379.1 2065.82
2.411 90505.8 300.842 8.3222e-007 66760.7 188.294 28781.5 95730.4 -5224.57
2.413 95074 308.341 8.93638e-007 67801.6 194.946 28647.9 96644.4 -1570.43
2.416 105176 324.309 9.94188e-007 69386.5 205.341 28443.7 98035.5 7140.85
2.418 109077 330.268 1.0673e-006 70458.9 212.557 28305 98976.5 10100.6
2.42 112562 335.503 1.14569e-006 71544.1 220.01 28164.3 99928.4 12633.8
2.423 106146 325.801 1.27396e-006 73195.8 231.651 27949.6 101377 4769.39
2.425 102372 319.956 1.3672e-006 74313.1 239.73 27804.2 102357 14.9639
2.427 103440 321.621 1.46712e-006 75443.4 248.073 27656.8 103348 91.6875
2.43 103255 321.333 1.63057e-006 77163.3 261.098 27432.5 104857 -1601.88
2.432 116073 340.695 1.74932e-006 78326.4 270.135 27280.6 105877 10195.8
2.435 114106 337.796 1.94351e-006 80095.9 284.24 27049.7 107430 6676.2
2.437 111023 333.201 2.08455e-006 81292.3 294.024 26893.7 108480 2543.04
2.44 112700 335.708 2.31513e-006 83112 309.292 26656.6 110078 2621.97
2.442 121018 347.876 2.48256e-006 84342.1 319.879 26496.6 111159 9858.99
2.444 121944 349.205 2.66183e-006 85585.7 330.804 26335 112252 9692.92
2.447 121286 348.262 2.95479e-006 87476.8 347.848 26089.9 113915 7371.51
2.449 112268 335.064 3.16742e-006 88754.8 359.662 25924.7 115039 -2771.56
2.452 113594 337.036 3.51476e-006 90697.6 378.088 25674.4 116750 -3156.51
2.454 112517 335.436 3.76679e-006 92010.2 390.858 25505.8 117907 -5389.77
2.457 110490 332.401 4.17836e-006 94005.4 410.769 25250.5 119667 -9176.33
2.459 123933 352.042 4.47691e-006 95353 424.565 25078.8 120856 3077.12
2.462 127178 356.621 4.9643e-006 97401 446.07 24819 122666 4512.23
2.464 119849 346.192 5.31773e-006 98784 460.967 24644.4 123889 -4040.5
2.467 121405 348.432 5.89456e-006 100885 484.183 24380.4 125750 -4345.3
2.469 131809 363.055 6.31272e-006 102304 500.26 24203.2 127008 4801.62
2.472 141319 375.925 6.99499e-006 104459 525.311 23935.5 128920 12399.3
2.474 137981 371.458 7.48942e-006 105914 542.654 23755.9 130212 7768.72
2.477 130713 361.542 8.2959e-006 108123 569.671 23484.8 132178 -1465.15
2.479 124761 353.215 8.88018e-006 109614 588.371 23303.1 133506 -8745.13
2.482 126765 356.041 9.83289e-006 111878 617.493 23029 135525 -8759.44
2.484 129262 359.53 1.05229e-005 113406 637.646 22845.4 136889 -7627.06
2.487 129381 359.696 1.16477e-005 115725 669.023 22568.8 138962 -9581.48
2.489 149785 387.021 1.24621e-005 117289 690.73 22383.5 140363 9421.76
2.492 148032 384.749 1.37893e-005 119663 724.52 22104.6 142492 5539.49
2.494 137057 370.212 1.47499e-005 121264 747.891 21918 143930 -6873.01
2.497 138261 371.835 1.63149e-005 123694 784.261 21637.3 146115 -7854.1
2.499 155527 394.369 1.74473e-005 125332 809.411 21449.6 147591 7935.4
2.502 158366 397.953 1.92916e-005 127818 848.539 21167.3 149833 8533.04
2.505 168767 410.813 2.13263e-005 130336 889.411 20884.3 152110 16657.3
2.507 179100 423.203 2.27979e-005 132034 917.663 20695.3 153647 25453.3
2.51 160324 400.405 2.51933e-005 134609 961.6 20411.4 155982 4342.33
2.512 141612 376.314 2.69253e-005 136344 991.963 20221.9 157558 -15945.7
2.515 160589 400.735 2.97439e-005 138975 1039.17 19937.4 159951 637.292
2.518 179132 423.24 3.28504e-005 141639 1088.45 19652.8 162380 16752
2.52 174392 417.603 3.50954e-005 143434 1122.48 19463 164020 10372.7
2.523 167908 409.766 3.8747e-005 146154 1175.39 19178.3 166508 1400.2
2.525 154551 393.13 4.13852e-005 147987 1211.92 18988.6 168187 -13636.1
2.528 136620 369.622 4.5675e-005 150763 1268.69 18704.2 170736 -34115.7
2.531 114988 339.099 5.03986e-005 153573 1327.9 18420.2 173321 -58332.7
2.533 124544 352.908 5.38096e-005 155464 1368.77 18231.1 175064 -50520.4
2.536 139308 373.24 5.93532e-005 158330 1432.25 17947.9 177710 -38402.2
2.539 133393 365.23 6.5454e-005 161229 1498.43 17665.4 180392 -46999.4
2.541 181581 426.123 6.98574e-005 163179 1544.1 17477.4 182201 -620.248
2.544 267482 517.187 7.70103e-005 166133 1615.01 17196.2 184945 82537.6
2.546 298423 546.281 8.21715e-005 168121 1663.92 17009.2 186794 111629
2.549 274751 524.167 9.0553e-005 171130 1739.85 16729.6 189599 85151.4
2.552 234432 484.182 9.9768e-005 174172 1818.94 16451.1 192442 41990.2
2.555 208045 456.119 0.000109897 177246 1901.31 16173.7 195321 12723.9
2.557 205445 453.261 0.000117201 179313 1958.11 15989.6 197261 8184.27
2.56 215044 463.729 0.000129054 182442 2046.22 15714.5 200202 14842.1
2.563 224319 473.623 0.000142075 185602 2137.94 15440.8 203181 21138.6
2.565 208287 456.385 0.00015146 187726 2201.16 15259.2 205187 3100.44
2.568 186945 432.371 0.000166683 190940 2299.19 14988.2 208227 -21282
2.571 223775 473.049 0.000183396 194184 2401.2 14718.8 211304 12470.6
2.573 273627 523.093 0.000195436 196365 2471.48 14540.2 213377 60249.9
2.576 214778 463.442 0.000214955 199662 2580.41 14273.9 216516 -1737.83
2.579 215356 464.065 0.000236374 202989 2693.7 14009.4 219692 -4335.91
2.582 241067 490.985 0.00025987 206347 2811.51 13746.9 222905 18161.2
2.584 227680 477.159 0.000276786 208602 2892.62 13573.1 225068 2612.22
2.587 200217 447.456 0.000304191 212010 3018.29 13314 228343 -28125.7
2.59 196585 443.379 0.000334238 215448 3148.9 13057.2 231654 -35069.4
2.593 190261 436.189 0.000367174 218915 3284.62 12802.6 235002 -44740.9
2.595 209624 457.848 0.000390869 221242 3378.03 12634.1 237254 -27629.5
2.598 235143 484.915 0.000429233 224757 3522.65 12383.3 240663 -5519.73
2.601 283620 532.56 0.000471261 228299 3672.86 12135 244107 39512.6
2.604 334029 577.953 0.000517293 231870 3828.84 11889.1 247588 86441.5
2.607 285889 534.686 0.0005677 235468 3990.79 11645.7 251104 34784.6
2.609 258808 508.731 0.000603933 237882 4102.16 11484.8 253469 5339.03
2.612 279443 528.623 0.000662546 241524 4274.49 11245.7 257044 22398.4
2.615 286099 534.882 0.000726691 245193 4453.32 11009.2 260655 25443.4
2.618 321993 567.445 0.000796877 248887 4638.87 10775.5 264301 57692.3
2.621 321632 567.126 0.000873653 252606 4831.35 10544.4 267982 53650.6
2.623 299052 546.857 0.000928794 255099 4963.64 10391.9 270455 28597.5
2.626 312103 558.662 0.00101792 258859 5168.17 10165.4 274192 37910.3
2.629 303901 551.273 0.00111535 262642 5380.24 9941.83 277964 25937.1
2.632 232819 482.513 0.00122185 266449 5600.09 9721.07 281770 -48951.1
2.635 267079 516.797 0.00133824 270278 5827.96 9503.19 285609 -18529.4
2.638 291434 539.846 0.00146539 274128 6064.1 9288.21 289481 1953.53
2.641 272593 522.104 0.00160428 278000 6308.77 9076.18 293385 -20792.1
2.644 243029 492.979 0.00175596 281893 6562.22 8867.09 297322 -54293.3
2.646 353705 594.731 0.00186475 284499 6736.2 8729.36 299964 53740.4
2.649 298378 546.239 0.00204032 288424 7004.89 8525.24 303954 -5576.54
2.652 282317 531.335 0.00223196 292368 7283.1 8324.13 307975 -25658.2
2.655 305355 552.59 0.00244106 296330 7571.11 8126.04 312027 -6671.64
2.658 341451 584.338 0.00266919 300309 7869.21 7930.98 316110 25341.3
2.661 396887 629.99 0.00291801 304305 8177.69 7738.95 320222 76664.9
2.664 385734 621.075 0.00318934 308317 8496.86 7549.97 324364 61370.3
2.667 375300 612.617 0.00348515 312344 8827.03 7364.04 328535 46764.6
2.67 347510 589.5 0.00380758 316385 9168.52 7181.16 332735 14775.6
2.673 370735 608.88 0.00415896 320440 9521.64 7001.33 336963 33772.5
2.676 397254 630.281 0.00454178 324507 9886.73 6824.56 341218 56035.6
2.679 385415 620.818 0.00495878 328586 10264.1 6650.83 345501 39914.3
2.682 338314 581.648 0.00541291 332676 10654.2 6480.16 349811 -11496.7
2.685 291912 540.289 0.00590736 336776 11057.2 6312.52 354146 -62234.2
2.688 351753 593.088 0.00644559 340886 11473.6 6147.91 358507 -6754.03
2.691 437363 661.334 0.00703136 345004 11903.7 5986.32 362894 74469.3
2.694 426691 653.216 0.00766872 349129 12347.8 5827.74 367305 59386.1
2.697 303040 550.491 0.00836206 353261 12806.5 5672.15 371740 -68699.2
2.7 324453 569.608 0.00911614 357399 13280 5519.54 376198 -51745.1
2.703 319651 565.377 0.00993608 361541 13768.7 5369.9 380679 -61027.8
2.706 356824 597.347 0.0108275 365687 14273 5223.21 385183 -28358.9
2.709 401861 633.925 0.0117963 369835 14793.4 5079.44 389708 12152.7
2.712 357394 597.824 0.012849 373986 15330.1 4938.58 394255 -36860.7
2.715 456859 675.914 0.0139927 378137 15883.8 4800.61 398821 58037.8
2.718 497181 705.11 0.0152349 382288 16454.7 4665.5 403408 93772.5
2.721 439766 663.149 0.0165839 386438 17043.4 4533.23 408014 31751.5
2.724 410575 640.761 0.0180484 390585 17650.1 4403.77 412639 -2064.5
2.727 415622 644.687 0.0196381 394730 18275.5 4277.1 417282 -1660.36
2.73 364903 604.072 0.0213632 398870 18919.9 4153.2 421943 -57040
2.733 364639 603.853 0.0232349 403004 19583.8 4032.02 426620 -61981.3
2.736 427508 653.841 0.0252651 407132 20267.6 3913.55 431313 -3805.59
2.739 464811 681.77 0.0274668 411253 20971.8 3797.75 436023 28788.3
2.743 464100 681.249 0.0306935 416734 21943.4 3647.46 442324 21775.9
2.746 521855 722.395 0.0333516 420832 22697.1 3537.78 447067 74787.6
2.749 440194 663.471 0.0362322 424920 23472.8 3430.67 451824 -11629.2
2.752 501548 708.201 0.0393531 428996 24271 3326.1 456593 44955.3
2.755 466401 682.936 0.0427337 433058 25092.2 3224.02 461374 5027.38
2.758 446472 668.186 0.0463947 437105 25936.9 3124.42 466167 -19694.8
2.761 437508 661.444 0.0503586 441137 26805.6 3027.25 470970 -33462.7
2.765 450416 671.13 0.0561568 446487 28002.2 2901.42 477391 -26975.4
2.768 411068 641.146 0.0609243 450479 28928.9 2809.79 482218 -71149.5
2.771 394639 628.203 0.0660823 454451 29881.4 2720.48 487053 -92413.4
2.774 459535 677.89 0.0716617 458402 30860.1 2633.44 491896 -32360.8
2.777 588281 766.995 0.0776955 462332 31865.7 2548.65 496747 91534.4
2.78 566107 752.401 0.0842193 466239 32898.5 2466.07 501604 64502.7
2.784 484380 695.974 0.0937464 471411 34319.1 2359.32 508090 -23709.6
2.787 527077 726.001 0.101567 475261 35417.8 2281.74 512961 14116.3
2.79 576508 759.281 0.110017 479084 36545.7 2206.24 517836 58672.4
2.793 579000 760.921 0.119144 482879 37703.2 2132.79 522715 56284.9
2.797 507604 712.463 0.132457 487894 39293.8 2037.96 529226 -21622.6
2.8 649965 806.204 0.143374 491620 40522.7 1969.13 534112 115853
2.803 677815 823.295 0.155158 495315 41783.2 1902.23 539001 138815
2.806 574332 757.847 0.167874 498977 43075.8 1837.2 543890 30441.7
2.81 547213 739.739 0.186402 503807 44850.1 1753.36 550410 -3197.13
2.813 674966 821.563 0.201578 507388 46219.8 1692.59 555301 119665
2.816 674383 821.208 0.217942 510933 47623.4 1633.57 560190 114193
2.82 594711 771.175 0.241766 515601 49548.6 1557.56 566708 28003.9
2.823 555891 745.581 0.261263 519057 51033.6 1502.5 571593 -15702.1
2.826 608682 780.181 0.282271 522472 52554.5 1449.09 576476 32206.2
2.83 767197 875.898 0.312829 526962 54638.9 1380.35 582982 184215
2.833 608387 779.992 0.337815 530280 56245.5 1330.62 587856 20530.9
2.836 534141 730.849 0.364718 533554 57889.8 1282.4 592726 -58585.7
2.84 551917 742.911 0.403816 537849 60141.7 1220.42 599212 -47294.8
2.843 570597 755.379 0.435758 541017 61876 1175.62 604069 -33472.4
2.846 579284 761.107 0.470125 544138 63649.8 1132.22 608920 -29635.8
2.85 621223 788.177 0.520028 548223 66077.2 1076.48 615378 5845.56
2.853 725298 851.644 0.560761 551230 67945.3 1036.22 620212 105086
2.856 640859 800.537 0.604555 554186 69854.6 997.264 625038 15820.7
2.86 505086 710.694 0.668091 558046 72465.4 947.272 631460 -126373
2.863 566120 752.41 0.719908 560880 74473 911.204 636265 -70144.9
2.867 851168 922.588 0.795036 564575 77216.7 864.955 642657 208511
2.87 958587 979.075 0.85627 567281 79325.4 831.608 647439 311148
2.874 856887 925.682 0.944998 570803 82205.6 788.877 653799 203088
2.877 885161 940.83 1.01727 573378 84418 758.088 658555 226606
2.88 776286 881.071 1.09484 575894 86675.5 728.345 663299 112987
2.884 676720 822.63 1.20714 579157 89756.7 690.268 669606 7114.65
2.887 778723 882.453 1.29854 581535 92121.5 662.857 674321 104402
2.891 747325 864.479 1.43078 584610 95347.3 627.788 680587 66738.2
2.894 567624 753.408 1.53834 586844 97821.7 602.56 685270 -117646
2.898 620947 788.002 1.69387 589725 101195 570.304 691492 -70544.6
2.901 738730 859.494 1.8203 591811 103781 547.115 696141 42588.7
2.905 583778 764.054 2.003 594493 107305 517.484 702317 -118539
2.908 591197 768.894 2.15142 596427 110005 496.196 706930 -115733
2.912 696141 834.35 2.36578 598904 113681 469.014 713057 -16915.9
2.916 726531 852.368 2.6005 601261 117446 443.152 719153 7377.66
2.919 772338 878.828 2.79101 602950 120328 424.591 723706 48632.5
2.923 746770 864.158 3.06588 605096 124249 400.914 729749 17020.5
2.926 666894 816.636 3.28883 606624 127249 383.932 734261 -67366.4
2.93 785903 886.512 3.61032 608553 131328 362.283 740248 45655.1
2.933 708075 841.472 3.87093 609918 134448 346.765 744716 -36641.3
2.937 829426 910.728 4.24649 611627 138686 326.995 750645 78781.1
2.941 885130 940.814 4.65672 613209 143016 308.236 756538 128592
2.944 750864 866.524 4.98894 614311 146324 294.803 760936 -10071.1
2.948 806551 898.082 5.46724 615668 150816 277.707 766767 39784.2
2.951 714385 845.213 5.85436 616601 154244 265.473 771117 -56732.1
2.955 609946 780.99 6.41135 617730 158897 249.913 776884 -166937
2.959 712004 843.803 7.01866 618728 163642 235.176 782612 -70608.8
2.962 895916 946.529 7.50973 619390 167261 224.64 786884 109033
2.966 802278 895.7 8.21561 620158 172167 211.254 792544 9733.62
2.97 704093 839.103 8.98441 620792 177165 198.59 798165 -94071.4
2.973 619787 787.266 9.60547 621180 180974 189.546 802353 -182566
2.977 654184 808.817 10.4973 621582 186131 178.065 807902 -153718
2.981 772401 878.863 11.4676 621849 191380 167.217 813408 -41007.2
2.985 829979 911.032 12.5228 621983 196719 156.97 818872 11106.8
2.988 747960 864.847 13.3742 621996 200782 149.663 822941 -74980.8
2.992 765977 875.201 14.5951 621895 206277 140.399 828328 -62350.1
2.996 910670 954.29 15.9214 621661 211860 131.659 833669 77000.5
3 1.05698e+006 1028.1 17.3616 621293 217531 123.416 838965 218016
3.003 1.07393e+006 1036.3 18.522 620930 221840 117.545 842906 231020
3.007 873424 934.572 20.184 620329 227661 110.113 848120 25304.6
3.011 838618 915.761 21.9868 619595 233566 103.112 853285 -14667.2
3.015 835564 914.092 23.9415 618728 239553 96.52 858402 -22837.4
3.019 849605 921.74 26.06 617730 245622 90.315 863468 -13863.1
3.022 844981 919.228 27.764 616895 250226 85.9032 867235 -22254.2
3.026 852983 923.571 30.2006 615668 256433 80.3276 872212 -19228.7
3.03 844629 919.037 32.8386 614311 262717 75.0855 877137 -32507.4
3.034 866877 931.062 35.6933 612826 269076 70.159 882008 -15130.7
3.038 961691 980.659 38.7815 611212 275508 65.531 886824 74866.8
3.042 953824 976.639 42.1208 609471 282011 61.1851 891585 62238.8
3.046 1.01807e+006 1008.99 45.7302 607604 288583 57.1059 896290 121776
3.049 1.13239e+006 1064.14 48.6266 606122 293555 54.2125 899780 232606
3.053 1.08739e+006 1042.78 52.7584 604038 300242 50.5647 904383 183010
3.057 1.08871e+006 1043.41 57.2193 601832 306990 47.1445 908926 179781
3.061 912702 955.354 62.0339 599505 313798 43.9391 913408 -706.613
3.065 904393 950.996 67.2279 597058 320663 40.9361 917828 -13435.7
3.069 990724 995.351 72.829 594493 327581 38.124 922185 68539.2
3.073 815847 903.243 78.8668 591811 334551 35.4916 926476 -110629
3.077 747303 864.467 85.3726 589015 341568 33.0286 930702 -183399
3.081 832886 912.626 92.3799 586106 348631 30.7248 934860 -101974
3.085 831161 911.68 99.9242 583086 355734 28.5709 938949 -107788
3.089 809896 899.942 108.044 579957 362876 26.558 942968 -133072
3.093 828276 910.096 116.778 576720 370053 24.6776 946914 -118639
3.097 878830 937.46 126.171 573378 377261 22.9216 950788 -71957.2
3.101 1.07768e+006 1038.11 136.267 569932 384496 21.2826 954586 123090
3.105 1.15789e+006 1076.05 147.115 566385 391755 19.7533 958307 199584
3.109 1.07271e+006 1035.72 158.766 562739 399034 18.327 961950 110758
3.113 979343 989.618 171.274 558997 406328 16.9972 965513 13829.8
3.117 1.10965e+006 1053.4 184.698 555159 413635 15.758 968995 140653
3.121 1.17659e+006 1084.71 199.098 551230 420949 14.6035 972392 204195
3.126 1.10366e+006 1050.55 218.569 546191 430096 13.2717 976519 127145
3.13 1.08357e+006 1040.95 235.408 542063 437412 12.289 979722 103849
3.134 1.00212e+006 1001.06 253.448 537849 444722 11.3747 982836 19285.9
3.138 1.01959e+006 1009.75 272.766 533554 452021 10.5245 985858 33730.7
3.142 1.11133e+006 1054.19 293.444 529179 459305 9.73417 988787 122538
3.146 915050 956.582 315.57 524726 466570 8.99979 991621 -76571.2
3.15 1.03168e+006 1015.72 339.235 520200 473810 8.31766 994357 37321.9
3.155 1.24496e+006 1115.78 371.129 514440 482819 7.53324 997638 247318
3.159 1.19321e+006 1092.34 398.618 509756 489987 6.95635 1.00015e+006 193060
3.163 1.05497e+006 1027.12 427.981 505005 497116 6.42122 1.00255e+006 52410.7
3.167 963055 981.354 459.332 500190 504200 5.92501 1.00486e+006 -41799.9
3.171 853829 924.029 492.791 495315 511235 5.46508 1.00705e+006 -153219
3.176 966018 982.862 537.775 489140 519952 4.93742 1.00963e+006 -43616.3
3.18 1.03673e+006 1018.2 576.454 484138 526859 4.55029 1.01158e+006 25149.7
3.184 1.02957e+006 1014.68 617.68 479084 533700 4.19192 1.01341e+006 16168.6
3.188 1.04597e+006 1022.73 661.602 473981 540472 3.86032 1.01512e+006 30851.1
3.193 1.00395e+006 1001.98 720.536 467536 548831 3.48061 1.01709e+006 -13137.1
3.197 1.02579e+006 1012.81 771.111 462332 555427 3.20256 1.01853e+006 7254.99
3.201 1.01472e+006 1007.33 824.921 457087 561938 2.9456 1.01985e+006 -5133.2
3.206 961980 980.806 897.014 450479 569948 2.65179 1.02133e+006 -59345.8
3.21 953591 976.52 958.788 445153 576248 2.43695 1.02236e+006 -68771.1
3.214 1.07618e+006 1037.39 1024.43 439795 582446 2.23867 1.02327e+006 52910.8
3.219 1.15649e+006 1075.4 1112.23 433058 590044 2.01229 1.02422e+006 132274
3.223 937168 968.075 1187.36 427639 595997 1.84699 1.02482e+006 -87656.1
3.228 815995 903.324 1287.75 420832 603273 1.65845 1.02539e+006 -209400
3.232 910698 954.305 1373.55 415365 608956 1.52092 1.0257e+006 -114999
3.236 1.00804e+006 1004.01 1464.51 409880 614513 1.39428 1.02586e+006 -17816.2
3.241 1.00797e+006 1003.97 1585.88 403004 621274 1.25003 1.02586e+006 -17899.8
3.245 1.13199e+006 1063.95 1689.45 397490 626528 1.14496 1.02571e+006 106277
3.25 1.01748e+006 1008.7 1827.5 390585 632898 1.02542 1.02531e+006 -7828.05
3.254 1.05556e+006 1027.4 1945.18 385055 637829 0.938435 1.02483e+006 30726.6
3.259 1.77903e+006 1333.8 2101.88 378137 643782 0.839561 1.02402e+006 755004
3.263 1.33512e+006 1155.47 2235.31 372602 648370 0.76769 1.02321e+006 311908
3.268 1.02462e+006 1012.24 2412.79 365687 653880 0.686076 1.02198e+006 2643.4
3.272 861186 928.001 2563.77 360160 658105 0.626812 1.02083e+006 -159642
3.277 844521 918.978 2764.36 353261 663150 0.55958 1.01918e+006 -174654
3.281 836220 914.45 2934.82 347753 666993 0.510808 1.01768e+006 -181462
3.286 847035 920.345 3161.06 340886 671551 0.455534 1.0156e+006 -168564
3.29 897986 947.621 3353.1 335409 674997 0.415477 1.01376e+006 -115773
3.295 902573 950.038 3607.72 328586 679049 0.370126 1.01124e+006 -108670
3.299 1.03879e+006 1019.21 3823.62 323150 682082 0.337292 1.00906e+006 29730.8
3.304 1.16135e+006 1077.66 4109.56 316385 685610 0.300156 1.00611e+006 155245
3.309 1.10398e+006 1050.71 4414.25 309658 688840 0.266951 1.00291e+006 101073
3.313 1.01362e+006 1006.79 4672.18 304305 691206 0.242949 1.00018e+006 13437.1
3.318 1.12616e+006 1061.21 5013.21 297655 693889 0.215843 996557 129608
3.323 1.0789e+006 1038.7 5375.94 291051 696262 0.191648 992689 86208.1
3.327 1.06687e+006 1032.9 5682.49 285805 697936 0.174185 989424 77450.4
3.332 1.22212e+006 1105.49 6087.11 279295 699745 0.154496 985128 236992
3.337 1.15966e+006 1076.87 6516.66 272842 701237 0.136951 980596 179064
3.341 863997 929.514 6879.08 267723 702200 0.124308 976802 -112805
3.346 871782 933.693 7356.63 261379 703116 0.110075 971851 -100069
3.351 950974 975.179 7862.65 255099 703710 0.0974131 966672 -15697.9
3.356 886655 941.623 8398.48 248887 703981 0.0861572 961267 -74612
3.36 787880 887.626 8849.53 243967 703966 0.0780633 956782 -168903
3.365 785937 886.531 9442.49 237882 703656 0.0689699 950980 -165042
3.37 940261 969.67 10069.2 231870 703023 0.0608998 944962 -4701.76
3.375 978317 989.099 10731.1 225934 702069 0.0537423 938734 39582.6
3.38 865649 930.403 11429.7 220077 700794 0.047398 932300 -66651.4
3.385 865169 930.145 12166.6 214299 699200 0.041778 925666 -60496.9
3.389 864759 929.924 12784.6 209735 697698 0.0377496 920217 -55458.1
3.394 838914 915.923 13594.2 204105 695536 0.0332383 913236 -74321.3
3.399 922103 960.262 14446.5 198559 693064 0.0292488 906070 16033
3.404 886789 941.695 15343.1 193099 690283 0.025723 898725 -11936.9
3.409 935521 967.223 16285.6 187726 687198 0.0226088 891210 44310.6
3.414 1.02509e+006 1012.47 17275.8 182442 683813 0.01986 883530 141563
3.419 952799 976.114 18315.2 177246 680132 0.017435 875693 77106
3.424 848225 920.991 19405.7 172140 676161 0.0152971 867707 -19481.3
3.429 786754 886.992 20548.8 167125 671904 0.0134135 859578 -72824.3
3.434 869795 932.628 21746.3 162202 667368 0.0117548 851316 18478.5
3.439 901065 949.244 22999.9 157371 662558 0.0102952 842929 58135.7
3.444 744452 862.816 24311.3 152632 657481 0.0090115 834425 -89973.1
3.449 723661 850.683 25682.2 147987 652144 0.0078832 825813 -102152
3.454 624742 790.406 27114.2 143434 646553 0.00689211 817102 -192360
3.459 805070 897.257 28609.1 138975 640716 0.00602206 808300 -3230.8
3.464 917241 957.727 30168.4 134609 634641 0.00525874 799418 117823
3.469 880283 938.234 31793.7 130336 628334 0.00458947 790465 89818.2
3.474 768433 876.603 33486.7 126157 621805 0.004003 781449 -13016
3.48 657927 811.127 35609.7 121264 613688 0.00339466 770562 -112635
3.485 752966 867.736 37456.8 117289 606698 0.00295703 761444 -8477.74
3.49 734102 856.798 39376.3 113406 599513 0.0025743 752295 -18192.6
3.495 708606 841.787 41369.5 109614 592140 0.00223979 743124 -34518.1
3.5 797638 893.106 43437.7 105914 584590 0.00194759 733942 63695.8
3.505 712115 843.869 45582.2 102304 576872 0.00169251 724758 -12643.6
3.511 689385 830.292 48257.9 98090.7 567400 0.00142901 713749 -24363.8
3.516 763352 873.7 50574.1 94677.4 559344 0.00124024 704595 58756.3
3.521 793241 890.641 52969.9 91352.2 551149 0.00107577 695471 97770.1
3.526 722854 850.208 55446.2 88114.1 542825 0.00093256 686385 36469.1
3.532 575508 758.623 58525 84342.1 532678 0.000785033 675546 -100037
3.537 537054 732.839 61180.9 81292.3 524104 0.000679644 666577 -129523
3.542 572620 756.717 63919.2 78326.4 515430 0.000588056 657676 -85056
3.548 616546 785.205 67314.5 74876.6 504906 0.000493907 647097 -30550.5
3.553 542242 736.371 70235.3 72091.4 496049 0.000426794 638376 -96133.9
3.558 577550 759.967 73239.2 69386.5 487124 0.000368583 629750 -52200.1
3.564 694524 833.381 76953.5 66244.9 476337 0.000308871 619536 74988.1
3.569 626989 791.826 80139.7 63712.2 467295 0.000266397 611147 15842.3
3.575 565350 751.898 84071.7 60773.4 456394 0.000222892 601239 -35888.7
3.58 544185 737.689 87438.1 58406.7 447278 0.000191992 593123 -48938.1
3.586 608180 779.859 91584.2 55663.2 436315 0.000160388 583562 24617.3
3.591 645931 803.699 95126.7 53455.9 427169 0.000137974 575752 70179.9
3.597 522233 722.657 99481 50899.8 416194 0.000115082 566575 -44342.1
3.602 557412 746.6 103194 48845.2 407059 9.88709e-005 559097 -1685.76
3.608 565386 751.921 107748 46468.2 396120 8.23385e-005 550336 15049.7
3.613 472387 687.304 111623 44559.6 387034 7.0648e-005 543217 -70829.9
3.619 402169 634.168 116366 42353.5 376178 5.87432e-005 534897 -132729
3.624 467183 683.508 120393 40583.8 367179 5.03373e-005 528155 -60972.9
3.63 511007 714.847 125312 38540.4 356447 4.17899e-005 520299 -9292.37
3.636 584138 764.289 130319 36582.1 345801 3.46643e-005 512702 71436.2
3.641 633740 796.078 134557 35013.5 337002 2.96445e-005 506572 127168
3.647 537606 733.216 139715 33205 326540 2.45515e-005 499460 38146.4
3.653 424093 651.224 144945 31474.6 316194 2.03163e-005 492614 -68521.6
3.658 387375 622.394 149356 30090.5 307668 1.73394e-005 487115 -99740.1
3.664 425047 651.956 154705 28497.1 297559 1.43259e-005 480761 -55714.4
3.67 412938 642.602 160108 26975 287593 1.18261e-005 474675 -61737.9
3.676 391527 625.721 165557 25521.9 277776 9.75422e-006 468855 -77328.9
3.681 409313 639.776 170129 24361.9 269716 8.30238e-006 464207 -54893.4
3.687 427036 653.48 175643 23029 260194 6.83717e-006 458866 -31830.9
3.693 501942 708.479 181181 21758.6 250843 5.62575e-006 453782 48159.4
3.699 501050 707.849 186733 20548.2 241668 4.62505e-006 448949 52101
3.705 465039 681.937 192291 19395.8 232675 3.79911e-006 444361 20677.6
3.711 393776 627.515 197844 18299.2 223868 3.11802e-006 440011 -46235.5
3.716 435048 659.582 202462 17426.4 216675 2.64298e-006 436563 -1514.68
3.722 466045 682.675 207982 16426.5 208221 2.16578e-006 432629 33415.4
3.728 486481 697.482 213469 15476.5 199965 1.77323e-006 428911 57570.3
3.734 486262 697.325 218914 14574.4 191910 1.4506e-006 425398 60863.9
3.74 428535 654.626 224305 13718.2 184057 1.18566e-006 422080 6454.55
3.746 457653 676.501 229631 12906.1 176410 9.68286e-007 418947 38706.3
3.752 440358 663.595 234883 12136.1 168968 7.90092e-007 415987 24370.7
3.758 403879 635.515 240050 11406.6 161733 6.44144e-007 413189 -9309.74
3.764 384381 619.985 245119 10715.7 154706 5.24709e-007 410541 -26159.8
3.77 377393 614.323 250082 10061.8 147886 4.27057e-007 408029 -30636.8
3.776 392002 626.1 254926 9443.24 141273 3.47282e-007 405643 -13641
3.783 476551 690.327 260414 8764.11 133820 2.7255e-007 402998 73553.2
3.789 547866 740.18 264966 8216.69 127653 2.2123e-007 400836 147030
3.795 368948 607.411 269366 7699.73 121690 1.79421e-007 398756 -29808.5
3.801 304292 551.627 273605 7211.8 115929 1.45389e-007 396746 -92454.7
3.807 323937 569.154 277673 6751.52 110368 1.17712e-007 394793 -70855.8
3.813 309418 556.254 281559 6317.56 105005 9.52233e-008 392881 -83463.2
3.82 330038 574.489 285852 5842.82 98992.7 7.42764e-008 390688 -60650.4
3.826 350313 591.872 289316 5461.53 94047 5.99752e-008 388824 -38511.2
3.832 526878 725.864 292570 5102.65 89289.3 4.83865e-008 386962 139916
3.838 479251 692.279 295607 4765.05 84716.4 3.90038e-008 385089 94161.9
3.845 370744 608.888 298867 4396.61 79609.9 3.02984e-008 382873 -12129.1
3.851 343107 585.753 301409 4101.41 75424.6 2.43783e-008 380935 -37828.8
3.857 359763 599.803 303713 3824.18 71412.1 1.95982e-008 378949 -19186.3
3.864 358832 599.025 306091 3522.18 66943.9 1.51763e-008 376557 -17725.9
3.87 404204 635.77 307859 3280.66 63291.9 1.21781e-008 374431 29772.9
3.877 332696 576.798 309598 3017.89 59232.7 9.41013e-009 371848 -39152.7
3.883 284514 533.398 310807 2808 55921.2 7.53719e-009 369537 -85022.9
3.89 292223 540.577 311887 2579.92 52247.4 5.81155e-009 366714 -74490.8
3.896 355511 596.248 312525 2397.98 49255.9 4.64629e-009 364178 -8667.22
3.903 413116 642.741 312931 2200.51 45943.1 3.57483e-009 361075 52040.8
3.909 281600 530.66 312989 2043.17 43250.6 2.85279e-009 358283 -76682.7
3.916 236466 486.278 312718 1872.63 40274.4 2.19021e-009 354865 -118399
3.922 296031 544.087 312196 1736.91 37859.8 1.74462e-009 351793 -55761.9
3.929 318942 564.749 311250 1589.99 35195.8 1.33655e-009 348036 -29094.3
3.936 278303 527.545 309946 1454.53 32689.7 1.02274e-009 344090 -65786.6
3.942 299548 547.309 308545 1346.94 30662.3 8.1236e-010 340555 -41007.1
3.949 380165 616.575 306587 1230.68 28431.5 6.20292e-010 336249 43915.9
3.956 470873 686.202 304286 1123.71 26339.3 4.73087e-010 331749 139124
3.962 287273 535.979 302047 1038.91 24651.3 3.74709e-010 327738 -40464.1
3.969 237299 487.133 299132 947.454 22799.2 2.85171e-010 322878 -85579.7
3.976 278905 528.115 295899 863.477 21067.3 2.16778e-010 317830 -38924.5
3.983 421023 648.863 292360 786.424 19449.4 1.64597e-010 312595 108428
3.99 257147 507.097 288526 715.776 17939.6 1.24832e-010 307181 -50034.2
3.996 253353 503.342 285015 659.947 16727.2 9.83984e-011 302402 -49049.1
4.003 247769 497.764 280669 599.926 15403 7.44662e-011 296672 -48902.9
4.01 253213 503.203 276067 545.004 14170.9 5.62896e-011 290783 -37569.7
4.017 285561 534.379 271224 494.783 13025.6 4.25005e-011 284744 817.196
4.024 461749 679.521 266155 448.895 11962.1 3.20522e-011 278566 183183
4.031 323253 568.554 260876 406.994 10975.5 2.41446e-011 272258 50995.1
4.038 289100 537.68 255404 368.761 10061.3 1.81668e-011 265834 23266.4
4.045 203228 450.808 249755 333.899 9214.92 1.36532e-011 259303 -56075.9
4.052 167592 409.38 243946 302.134 8432.16 1.02492e-011 252680 -85088
4.059 171167 413.723 237994 273.21 7708.95 7.68492e-012 245976 -74809.7
4.066 210097 458.363 231917 246.893 7041.43 5.75557e-012 239206 -29108.6
4.073 308419 555.355 225732 222.964 6425.93 4.30561e-012 232381 76038.5
4.081 243743 493.704 218552 198.282 5781.73 3.08573e-012 224532 19211
4.088 217728 466.613 212192 178.812 5266.18 2.30265e-012 217637 90.4668
4.095 169329 411.496 205777 161.147 4792.29 1.71631e-012 210730 -41401.1
4.102 137724 371.112 199323 145.131 4357.13 1.27779e-012 203825 -66101.1
4.109 183594 428.479 192846 130.621 3957.91 9.50214e-013 196935 -13340.6
4.117 256680 506.636 185437 115.712 3542.35 6.76381e-013 189095 67585.5
4.124 167187 408.885 178963 103.997 3211.59 5.01737e-013 182279 -15092.1
4.131 161062 401.325 172515 93.4055 2909.1 3.71757e-013 175517 -14455.1
4.139 176687 420.341 165193 82.5489 2595.26 2.63527e-013 167870 8816.24
4.146 155403 394.212 158842 74.0373 2346.29 1.94774e-013 161263 -5859.58
4.154 132190 363.579 151667 65.3263 2088.57 1.37678e-013 153821 -21630.6
4.161 131794 363.035 145472 58.5079 1884.57 1.01507e-013 147415 -15621.4
4.168 131121 362.107 139368 52.3666 1698.97 7.47517e-014 141120 -9998.53
4.176 118568 344.336 132516 46.096 1507.47 5.262e-014 134069 -15501.9
4.183 103644 321.938 126639 41.1993 1356.39 3.86546e-014 128036 -24392.1
4.191 107993 328.622 120068 36.2074 1200.85 2.71331e-014 121306 -13312.8
4.199 139908 374.043 113666 31.793 1061.9 1.9017e-014 114760 25148.9
4.206 115626 340.038 108209 28.3542 952.66 1.39169e-014 109190 6435.99
4.214 106633 326.547 102147 24.8571 840.576 9.72643e-015 103012 3620.7
4.222 86871.6 294.74 96277 21.7725 740.807 6.78749e-015 97039.5 -10168
4.229 75328.3 274.46 91304.2 19.3755 662.635 4.94831e-015 91986.2 -16657.9
4.237 69372.3 263.386 85812.1 16.9438 582.702 3.44336e-015 86411.8 -17039.4
4.245 62761 250.522 80527.6 14.8046 511.809 2.3925e-015 81054.2 -18293.2
4.253 73544.4 271.191 75453.4 12.9243 449.013 1.65983e-015 75915.4 -2370.97
4.26 85003.3 291.553 71187.5 11.4679 400.035 1.20389e-015 71599 13404.3
4.268 92374.7 303.932 66511.5 9.99519 350.181 8.32853e-016 66871.7 25502.9
4.276 90056.1 300.093 62048.1 8.70414 306.18 5.753e-016 62363 27693.1
4.284 51760.8 227.51 57796.1 7.57333 267.394 3.96793e-016 58071.1 -6310.32
4.292 44399.5 210.712 53753.5 6.58376 233.246 2.7326e-016 53993.3 -9593.85
4.3 47972.4 219.026 49917.5 5.71856 203.221 1.87903e-016 50126.5 -2154.08
4.308 52519.8 229.172 46284.7 4.96279 176.853 1.29013e-016 46466.6 6053.19
4.316 42808.1 206.901 42851 4.30319 153.725 8.84459e-017 43009 -200.944
4.324 38160.9 195.348 39611.5 3.72805 133.465 6.05432e-017 39748.7 -1587.88
4.332 27073.2 164.539 36561.3 3.227 115.739 4.13806e-017 36680.2 -9606.98
4.34 41219 203.025 33694.5 2.79089 100.25 2.82405e-017 33797.5 7421.46
4.348 53557.7 231.425 31005.2 2.41164 86.7311 1.92438e-017 31094.3 22463.3
4.357 50483.6 224.686 28184.1 2.04411 73.5857 1.24768e-017 28259.7 22223.9
4.365 35626 188.749 25850.8 1.76311 63.504 8.47475e-018 25916 9710.01
4.373 29355.4 171.334 23674.5 1.51943 54.7392 5.74771e-018 23730.8 5624.64
4.381 21472.3 146.534 21648.5 1.3083 47.1288 3.8923e-018 21696.9 -224.558
4.39 25777.3 160.553 19540 1.1045 39.7683 2.50595e-018 19580.9 6196.39
4.398 36931.7 192.176 17810 0.949287 34.1539 1.69157e-018 17845.1 19086.6
4.406 50553.6 224.841 16208.5 0.815184 29.2976 1.14012e-018 16238.6 34315
4.415 70321.4 265.182 14551.7 0.686119 24.6201 7.30143e-019 14577 55744.3
4.423 57060.3 238.873 13200.4 0.588116 21.0668 4.9054e-019 13222 43838.3
