1.772 31194 176.618 1535.98 16.5248 2.69937e-005 7.08231e-019 1552.5 29641.5
1.773 32275.9 179.655 1553.11 16.8161 2.78246e-005 7.45248e-019 1569.92 30706
1.775 33203.4 182.218 1587.84 17.4135 2.95621e-005 8.25129e-019 1605.26 31598.1
1.776 33883.7 184.075 1605.46 17.7198 3.04703e-005 8.68194e-019 1623.18 32260.5
1.777 34295.4 185.19 1623.23 18.0311 3.14058e-005 9.13485e-019 1641.26 32654.2
1.778 34469.1 185.659 1641.17 18.3477 3.23694e-005 9.61115e-019 1659.52 32809.6
1.78 34465.1 185.648 1677.55 18.9967 3.43841e-005 1.06388e-018 1696.55 32768.5
1.781 34362.7 185.372 1696 19.3294 3.5437e-005 1.11927e-018 1715.32 32647.4
1.782 34241.1 185.044 1714.61 19.6676 3.65215e-005 1.17752e-018 1734.27 32506.8
1.783 34145 184.784 1733.39 20.0114 3.76384e-005 1.23877e-018 1753.4 32391.6
1.785 34066.1 184.57 1771.47 20.7163 3.99735e-005 1.37089e-018 1792.18 32273.9
1.786 33970.6 184.311 1790.77 21.0776 4.11936e-005 1.4421e-018 1811.85 32158.7
1.787 32951.5 181.525 1810.24 21.4448 4.24501e-005 1.51696e-018 1831.69 31119.8
1.788 29331.1 171.263 1829.89 21.8181 4.37442e-005 1.59568e-018 1851.71 27479.4
1.789 24777.5 157.409 1849.72 22.1976 4.50768e-005 1.67844e-018 1871.92 22905.6
1.791 26174.9 161.787 1889.92 22.9756 4.78623e-005 1.85692e-018 1912.89 24262
1.792 28567.7 169.02 1910.28 23.3742 4.93175e-005 1.95309e-018 1933.66 26634
1.793 30435.5 174.458 1930.83 23.7794 5.0816e-005 2.05419e-018 1954.61 28480.8
1.794 33245.2 182.333 1951.57 24.1913 5.2359e-005 2.16047e-018 1975.76 31269.4
1.796 34815.8 186.59 1993.58 25.0354 5.55838e-005 2.38964e-018 2018.62 32797.1
1.797 34072.5 184.587 2014.87 25.468 5.72683e-005 2.51309e-018 2040.34 32032.1
1.798 28051.8 167.487 2036.35 25.9076 5.90028e-005 2.64287e-018 2062.26 25989.6
1.799 25339.5 159.184 2058.01 26.3544 6.07885e-005 2.77927e-018 2084.37 23255.1
1.801 26974.8 164.24 2101.91 27.2701 6.45201e-005 3.07335e-018 2129.18 24845.6
1.802 32062.2 179.059 2124.15 27.7393 6.64691e-005 3.23174e-018 2151.89 29910.4
1.803 31478.2 177.421 2146.58 28.216 6.84756e-005 3.39821e-018 2174.8 29303.4
1.805 27749.4 166.582 2192.03 29.1931 7.26679e-005 3.75706e-018 2221.23 25528.2
1.806 26357.3 162.349 2215.05 29.6936 7.48572e-005 3.95031e-018 2244.75 24112.6
1.807 25925.4 161.014 2238.27 30.2022 7.7111e-005 4.1534e-018 2268.47 23656.9
1.808 25990.3 161.215 2261.69 30.7191 7.94311e-005 4.36683e-018 2292.41 23697.9
1.81 25326.8 159.144 2309.12 31.7782 8.4278e-005 4.8268e-018 2340.9 22985.9
1.811 26486.7 162.747 2333.14 32.3207 8.68087e-005 5.07447e-018 2365.46 24121.2
1.812 25608.7 160.027 2357.37 32.8719 8.94138e-005 5.33472e-018 2390.24 23218.4
1.813 24943.3 157.934 2381.8 33.4321 9.20952e-005 5.60818e-018 2415.23 22528
1.815 25460.3 159.563 2431.28 34.5798 9.76961e-005 6.19743e-018 2465.86 22994.4
1.816 27604.7 166.146 2456.33 35.1675 0.00010062 6.51465e-018 2491.5 25113.2
1.817 26697.8 163.395 2481.6 35.7647 0.00010363 6.84794e-018 2517.36 24180.5
1.819 24059.2 155.11 2532.76 36.9882 0.000109915 7.566e-018 2569.75 21489.4
1.82 25019.8 158.177 2558.66 37.6147 0.000113196 7.9525e-018 2596.27 22423.5
1.821 27132.5 164.72 2584.77 38.2513 0.000116573 8.35855e-018 2623.02 24509.5
1.822 27724.3 166.506 2611.1 38.8981 0.000120048 8.78513e-018 2650 25074.3
1.824 25332 159.16 2664.41 40.2229 0.000127305 9.70399e-018 2704.63 22627.4
1.825 24680.2 157.099 2691.4 40.9012 0.000131092 1.01985e-017 2732.3 21947.9
1.826 29448.7 171.606 2718.6 41.5904 0.00013499 1.07179e-017 2760.19 26688.5
1.828 32758.9 180.994 2773.67 43.002 0.000143128 1.18367e-017 2816.68 29942.2
1.829 27726.7 166.513 2801.55 43.7247 0.000147375 1.24387e-017 2845.27 24881.4
1.83 23020.6 151.726 2829.64 44.4589 0.000151745 1.3071e-017 2874.1 20146.5
1.832 24787.3 157.44 2886.52 45.9625 0.000160869 1.44326e-017 2932.48 21854.8
1.833 22013.6 148.37 2915.29 46.7322 0.00016563 1.51652e-017 2962.03 19051.6
1.834 22885.7 151.28 2944.3 47.5141 0.000170528 1.59345e-017 2991.82 19893.9
1.835 24541.4 156.657 2973.54 48.3085 0.000175568 1.67425e-017 3021.85 21519.5
1.837 25169.8 158.65 3032.72 49.935 0.000186088 1.84822e-017 3082.65 22087.2
1.838 24359.3 156.075 3062.66 50.7676 0.000191576 1.9418e-017 3113.42 21245.9
1.839 27475.5 165.757 3092.83 51.6134 0.000197223 2.04007e-017 3144.44 24331
1.841 27207.9 164.948 3153.89 53.3451 0.000209009 2.25161e-017 3207.23 24000.7
1.842 24264.8 155.772 3184.77 54.2314 0.000215157 2.36539e-017 3239 21025.8
1.843 22800.5 150.998 3215.9 55.1316 0.000221482 2.48486e-017 3271.03 19529.5
1.845 24679.7 157.098 3278.87 56.9748 0.000234681 2.742e-017 3335.85 21343.8
1.846 31488.5 177.45 3310.73 57.918 0.000241565 2.88028e-017 3368.65 28119.8
1.847 33113.4 181.971 3342.82 58.8761 0.000248647 3.02547e-017 3401.7 29711.7
1.849 31625.2 177.835 3407.75 60.8374 0.000263425 3.33791e-017 3468.59 28156.6
1.85 33389.6 182.728 3440.59 61.841 0.000271132 3.50591e-017 3502.43 29887.2
1.851 35339 187.987 3473.68 62.8603 0.00027906 3.68228e-017 3536.54 31802.5
1.853 30738.6 175.324 3540.6 64.9468 0.000295599 4.06178e-017 3605.54 27133
1.854 33960.8 184.285 3574.43 66.0144 0.000304224 4.2658e-017 3640.45 30320.4
1.855 33055.3 181.811 3608.53 67.0987 0.000313095 4.47997e-017 3675.62 29379.7
1.857 32785.5 181.068 3677.47 69.3178 0.000331601 4.94073e-017 3746.79 29038.7
1.858 32349.5 179.86 3712.33 70.4532 0.000341251 5.18841e-017 3782.78 28566.7
1.859 29627.7 172.127 3747.44 71.6062 0.000351174 5.44837e-017 3819.05 25808.7
1.861 28350.2 168.375 3818.45 73.9659 0.000371874 6.00759e-017 3892.41 24457.8
1.862 27263.6 165.117 3854.34 75.1731 0.000382666 6.30814e-017 3929.51 23334.1
1.863 25313.8 159.103 3890.49 76.3989 0.000393763 6.62357e-017 3966.89 21346.9
1.865 24571.4 156.753 3963.59 78.9074 0.000416909 7.30201e-017 4042.5 20528.9
1.866 25881.8 160.878 4000.54 80.1906 0.000428975 7.66659e-017 4080.73 21801
1.868 25570.7 159.908 4075.23 82.8164 0.000454139 8.45065e-017 4158.04 21412.6
1.869 28740.8 169.531 4112.97 84.1595 0.000467255 8.87194e-017 4197.13 24543.6
1.87 26523.4 162.86 4150.99 85.5232 0.000480741 9.31401e-017 4236.51 22286.9
1.872 27790 166.703 4227.83 88.3134 0.000508863 1.02646e-016 4316.14 23473.8
1.873 30775.4 175.429 4266.65 89.7405 0.00052352 1.07753e-016 4356.39 26419.1
1.874 22376.7 149.589 4305.75 91.1894 0.000538589 1.13111e-016 4396.94 17979.8
1.876 20978.1 144.838 4384.77 94.1535 0.000570007 1.24631e-016 4478.93 16499.2
1.877 20593.1 143.503 4424.7 95.6695 0.00058638 1.30819e-016 4520.37 16072.7
1.879 21825.8 147.736 4505.37 98.7707 0.000620514 1.44122e-016 4604.14 17221.6
1.88 22309.4 149.363 4546.13 100.357 0.000638301 1.51268e-016 4646.49 17662.9
1.881 24602.6 156.852 4587.16 101.967 0.000656585 1.58763e-016 4689.13 19913.4
1.883 27467.9 165.735 4670.08 105.26 0.0006947 1.74874e-016 4775.34 22692.6
1.884 33579.3 183.247 4711.95 106.944 0.000714559 1.83526e-016 4818.9 28760.4
1.885 34235.9 185.029 4754.12 108.653 0.000734971 1.92602e-016 4862.77 29373.1
1.887 36875.8 192.031 4839.29 112.149 0.000777516 2.12106e-016 4951.44 31924.3
1.888 39652.6 199.13 4882.31 113.937 0.000799681 2.22579e-016 4996.25 34656.3
1.89 25783.9 160.574 4969.2 117.593 0.000845875 2.45084e-016 5086.79 20697.1
1.891 24483.3 156.472 5013.08 119.462 0.000869938 2.57167e-016 5132.54 19350.8
1.892 22721.1 150.735 5057.24 121.359 0.000894668 2.69839e-016 5178.6 17542.5
1.894 22539.7 150.132 5146.45 125.239 0.000946204 2.97066e-016 5271.69 17268
1.895 23854.8 154.45 5191.48 127.222 0.000973046 3.11681e-016 5318.71 18536.1
1.897 23938.3 154.72 5282.44 131.278 0.00102898 3.43081e-016 5413.72 18524.6
1.898 18731.1 136.861 5328.35 133.351 0.00105811 3.59934e-016 5461.71 13269.4
1.9 19972.5 141.324 5421.07 137.59 0.0011188 3.96138e-016 5558.66 14413.8
1.901 20579.6 143.456 5467.88 139.757 0.00115041 4.15568e-016 5607.63 14971.9
1.902 20022.4 141.501 5514.97 141.956 0.00118288 4.35941e-016 5656.93 14365.5
1.904 20412.1 142.871 5610.07 146.452 0.00125054 4.79698e-016 5756.52 14655.6
1.905 20466.3 143.06 5658.06 148.749 0.00128577 5.03178e-016 5806.81 14659.5
1.907 20723.2 143.956 5754.94 153.447 0.00135916 5.53604e-016 5908.39 14814.8
1.908 21628 147.065 5803.84 155.848 0.00139736 5.80661e-016 5959.69 15668.4
1.91 21471.9 146.533 5902.53 160.756 0.00147695 6.3876e-016 6063.29 15408.6
1.911 19848 140.883 5952.33 163.264 0.00151838 6.69931e-016 6115.6 13732.4
1.912 20230.8 142.235 6002.43 165.808 0.00156095 7.02606e-016 6168.24 14062.6
1.914 19362 139.147 6103.55 171.01 0.00164959 7.72758e-016 6274.56 13087.4
1.915 19509.2 139.675 6154.57 173.668 0.00169574 8.1039e-016 6328.24 13181
1.917 20110.8 141.813 6257.52 179.101 0.00179183 8.91176e-016 6436.62 13674.2
1.918 21112.9 145.303 6309.45 181.877 0.00184185 9.34508e-016 6491.33 14621.5
1.92 22447.2 149.824 6414.24 187.55 0.00194601 1.02752e-015 6601.8 15845.4
1.921 21507.3 146.654 6467.1 190.449 0.00200021 1.0774e-015 6657.55 14849.8
1.922 21073.4 145.167 6520.27 193.389 0.00205589 1.12968e-015 6713.66 14359.8
1.924 19533.2 139.761 6627.53 199.399 0.00217181 1.24188e-015 6826.93 12706.3
1.925 18217.6 134.973 6681.62 202.469 0.00223214 1.30205e-015 6884.09 11333.5
1.927 18691.5 136.717 6790.74 208.742 0.00235772 1.43116e-015 6999.49 11692
1.928 19983.2 141.362 6845.77 211.947 0.00242307 1.50039e-015 7057.72 12925.5
1.93 21482.8 146.57 6956.76 218.495 0.00255911 1.64893e-015 7175.26 14307.6
1.931 20185.6 142.076 7012.72 221.84 0.00262989 1.72857e-015 7234.56 12951.1
1.933 18649 136.561 7125.58 228.673 0.00277722 1.89944e-015 7354.26 11294.7
1.934 19086.8 138.155 7182.48 232.164 0.00285386 1.99103e-015 7414.65 11672.2
1.936 22113.4 148.706 7297.23 239.295 0.00301339 2.18752e-015 7536.52 14576.9
1.937 18341.3 135.43 7355.07 242.937 0.00309638 2.29284e-015 7598.01 10743.3
1.939 18657.8 136.594 7471.69 250.378 0.00326909 2.51876e-015 7722.08 10935.8
1.94 18370.2 135.537 7530.48 254.177 0.00335892 2.63984e-015 7784.66 10585.6
1.942 16523.3 128.543 7648.99 261.939 0.00354586 2.89953e-015 7910.94 8612.39
1.943 17122.9 130.855 7708.72 265.903 0.0036431 3.0387e-015 7974.63 9148.28
1.945 16360.1 127.906 7829.13 273.999 0.00384541 3.33714e-015 8103.13 8256.93
1.946 15231.7 123.417 7889.8 278.133 0.00395063 3.49706e-015 8167.94 7063.78
1.948 17019 130.457 8012.1 286.577 0.00416954 3.83998e-015 8298.68 8720.31
1.949 19561.5 139.863 8073.72 290.889 0.00428338 4.0237e-015 8364.61 11196.9
1.951 20090.5 141.741 8197.91 299.694 0.00452021 4.41762e-015 8497.6 11592.9
1.952 21205.2 145.62 8260.47 304.189 0.00464336 4.62865e-015 8564.67 12640.5
1.954 20957.1 144.766 8386.55 313.369 0.00489953 5.08107e-015 8699.93 12257.1
1.955 20285.1 142.426 8450.07 318.056 0.00503272 5.32341e-015 8768.13 11517
1.957 18369.6 135.535 8578.04 327.627 0.00530976 5.8429e-015 8905.67 9463.93
1.958 16602.5 128.851 8642.5 332.512 0.00545379 6.12114e-015 8975.02 7627.5
1.96 19830.4 140.82 8772.36 342.488 0.00575334 6.71751e-015 9114.85 10715.5
1.961 17560.9 132.518 8837.76 347.58 0.00590906 7.03689e-015 9185.35 8375.57
1.963 19078.3 138.124 8969.51 357.977 0.00623291 7.72137e-015 9327.49 9750.86
1.964 21041.4 145.057 9035.85 363.284 0.00640124 8.08789e-015 9399.15 11642.3
1.966 20969.8 144.809 9169.48 374.118 0.00675128 8.87333e-015 9543.61 11426.2
1.967 18765.5 136.987 9236.77 379.647 0.00693321 9.29387e-015 9616.42 9149.07
1.969 16138.1 127.036 9372.27 390.936 0.0073115 1.0195e-014 9763.22 6374.84
1.97 17979.9 134.089 9440.49 396.696 0.00750809 1.06774e-014 9837.2 8142.68
1.972 15890 126.056 9577.87 408.456 0.00791683 1.17109e-014 9986.33 5903.69
1.973 14839.2 121.816 9647.02 414.457 0.00812924 1.22642e-014 10061.5 4777.7
1.975 15930 126.214 9786.26 426.707 0.0085708 1.34494e-014 10213 5717.07
1.976 17435.2 132.042 9856.34 432.957 0.00880025 1.40838e-014 10289.3 7145.89
1.978 18584 136.323 9997.43 445.714 0.0092772 1.54426e-014 10443.2 8140.82
1.98 19715 140.41 10139.7 458.821 0.00977924 1.6931e-014 10598.6 9116.43
1.981 18423.8 135.734 10211.4 465.508 0.0100401 1.77275e-014 10676.9 7746.89
1.983 17381.7 131.84 10355.5 479.156 0.0105822 1.94332e-014 10834.7 6547.06
1.984 17941.2 133.945 10428.1 486.118 0.0108638 2.03459e-014 10914.2 7026.99
1.986 17570.9 132.555 10574 500.326 0.0114491 2.23004e-014 11074.4 6496.56
1.987 17242.8 131.312 10647.5 507.574 0.0117531 2.33462e-014 11155.1 6087.75
1.989 18204.6 134.924 10795.3 522.364 0.0123848 2.55852e-014 11317.6 6886.93
1.99 17276.6 131.441 10869.6 529.908 0.012713 2.67831e-014 11399.5 5877.11
1.992 15629.6 125.018 11019.2 545.302 0.0133948 2.93475e-014 11564.5 4065.07
1.994 18888.8 137.437 11170 561.11 0.014112 3.21544e-014 11731.1 7157.76
1.995 24839.4 157.605 11245.8 569.173 0.0144845 3.36558e-014 11815 13024.4
1.997 21431.9 146.397 11398.3 585.622 0.0152584 3.68694e-014 11984 9447.98
1.998 19919.5 141.136 11475 594.011 0.0156603 3.85882e-014 12069.1 7850.4
2 21755.5 147.497 11629.3 611.125 0.0164951 4.22668e-014 12240.5 9515.03
2.001 20068.3 141.663 11706.9 619.853 0.0169285 4.4234e-014 12326.8 7741.53
2.003 18769.4 137.001 11862.9 637.657 0.0178289 4.84438e-014 12500.6 6268.81
2.005 17721.9 133.124 12020.1 655.933 0.0187757 5.30492e-014 12676 5045.83
2.006 17543.2 132.451 12099.1 665.253 0.0192672 5.55116e-014 12764.4 4778.8
2.008 17989.7 134.126 12258 684.261 0.020288 6.07802e-014 12942.2 5047.48
2.009 17702.2 133.05 12337.8 693.953 0.020818 6.35969e-014 13031.8 4670.44
2.011 19603.4 140.012 12498.3 713.72 0.0219184 6.96228e-014 13212.1 6391.3
2.013 19769 140.602 12660 734.007 0.0230753 7.62125e-014 13394 6374.98
2.014 21518.7 146.692 12741.2 744.35 0.0236758 7.97348e-014 13485.6 8033.09
2.016 20800.8 144.225 12904.5 765.442 0.0249225 8.7269e-014 13670 7130.88
2.017 18102 134.544 12986.5 776.194 0.0255696 9.12957e-014 13762.7 4339.27
2.019 18374.6 135.553 13151.4 798.118 0.026913 9.9908e-014 13949.5 4425.04
2.021 17801.7 133.423 13317.3 820.615 0.0283248 1.09322e-013 14138 3663.73
2.022 17366.6 131.783 13400.7 832.082 0.0290574 1.14353e-013 14232.8 3133.84
2.024 17125.4 130.864 13568.2 855.461 0.0305781 1.2511e-013 14423.7 2701.69
2.026 16893 129.973 13736.7 879.447 0.032176 1.36866e-013 14616.2 2276.81
2.027 18524.7 136.106 13821.3 891.672 0.033005 1.43147e-013 14713 3811.67
2.029 18159.3 134.756 13991.4 916.593 0.0347257 1.56576e-013 14908 3251.31
2.03 17844.2 133.582 14076.7 929.294 0.0356184 1.6375e-013 15006.1 2838.08
2.032 17676.1 132.951 14248.2 955.184 0.037471 1.79086e-013 15203.5 2472.58
2.034 16849.9 129.807 14420.7 981.738 0.039417 1.95839e-013 15402.5 1447.44
2.035 14657.2 121.067 14507.3 995.27 0.0404264 2.04787e-013 15502.6 -845.404
2.037 14989.5 122.431 14681.2 1022.85 0.0425209 2.23912e-013 15704.1 -714.631
2.039 16349.4 127.865 14856 1051.13 0.0447205 2.448e-013 15907.2 442.232
2.04 18593.7 136.359 14943.8 1065.54 0.0458613 2.55955e-013 16009.4 2584.35
2.042 19250.8 138.747 15119.9 1094.91 0.0482282 2.79792e-013 16214.9 3035.92
2.044 18110.7 134.576 15297 1125.03 0.0507133 3.0582e-013 16422.1 1688.58
2.045 17683.8 132.981 15385.9 1140.37 0.052002 3.19716e-013 16526.3 1157.57
2.047 18241.7 135.062 15564.2 1171.63 0.0546753 3.49408e-013 16735.9 1505.85
2.049 20752.5 144.057 15743.4 1203.68 0.0574815 3.8182e-013 16947.1 3805.4
2.05 21813.4 147.694 15833.3 1220.01 0.0589366 3.99123e-013 17053.4 4760.02
2.052 22400.7 149.669 16013.7 1253.27 0.0619544 4.36084e-013 17267.1 5133.6
2.054 24513.6 156.568 16195 1287.37 0.0651218 4.76423e-013 17482.4 7031.22
2.055 24929 157.889 16285.9 1304.74 0.0667638 4.97953e-013 17590.7 7338.32
2.057 22911.8 151.366 16468.2 1340.12 0.070169 5.43937e-013 17808.4 5103.35
2.059 19927.9 141.166 16651.3 1376.38 0.0737422 5.9411e-013 18027.8 1900.13
2.06 18993.4 137.817 16743.2 1394.85 0.0755943 6.20884e-013 18138.1 855.346
2.062 20209.7 142.161 16927.4 1432.46 0.0794346 6.78058e-013 18359.9 1849.84
2.064 20385.5 142.778 17112.3 1471.01 0.0834637 7.40425e-013 18583.4 1802.16
2.066 19215.3 138.619 17297.8 1510.51 0.0876903 8.08452e-013 18808.4 406.867
2.067 19728.3 140.458 17390.8 1530.62 0.0898806 8.44744e-013 18921.6 806.785
2.069 19711.9 140.399 17577.4 1571.58 0.0944213 9.22222e-013 19149.1 562.824
2.071 19796.1 140.699 17764.5 1613.54 0.0991838 1.00671e-012 19378.2 417.943
2.072 20771 144.121 17858.3 1634.91 0.101651 1.05178e-012 19493.3 1277.67
2.074 21024.5 144.998 18046.3 1678.42 0.106766 1.14797e-012 19724.9 1299.63
2.076 19181.5 138.497 18234.9 1722.99 0.11213 1.25284e-012 19958 -776.568
2.077 19618.6 140.066 18329.4 1745.68 0.114909 1.30877e-012 20075.2 -456.594
2.079 20844.7 144.377 18518.8 1791.87 0.120667 1.42812e-012 20310.8 533.854
2.081 19761.4 140.575 18708.7 1839.19 0.126705 1.55821e-012 20548 -786.633
2.083 20970.3 144.811 18899 1887.64 0.133035 1.69999e-012 20786.8 183.499
2.084 23400.1 152.971 18994.4 1912.31 0.136313 1.77558e-012 20906.8 2493.28
2.086 23020.1 151.724 19185.4 1962.52 0.143106 1.93686e-012 21148.1 1872.07
2.088 20961.7 144.781 19376.8 2013.93 0.150226 2.11258e-012 21390.9 -429.245
2.09 21002.1 144.921 19568.7 2066.57 0.157688 2.30403e-012 21635.4 -633.281
2.091 20849.7 144.394 19664.7 2093.36 0.161552 2.40607e-012 21758.2 -908.559
2.093 23459.6 153.165 19857 2147.89 0.169558 2.62374e-012 22005.1 1454.47
2.095 26561.6 162.977 20049.7 2203.71 0.177946 2.86082e-012 22253.6 4307.99
2.097 28264.3 168.12 20242.7 2260.86 0.186735 3.11903e-012 22503.7 5760.56
2.098 28897 169.991 20339.3 2289.93 0.191285 3.25663e-012 22629.4 6267.58
2.1 31932.5 178.697 20532.6 2349.11 0.20071 3.55005e-012 22881.9 9050.63
2.102 33268.9 182.398 20726.2 2409.67 0.210582 3.86954e-012 23136 10132.8
2.104 38544 196.326 20919.9 2471.66 0.220924 4.21738e-012 23391.8 15152.2
2.105 36840.6 191.939 21016.9 2503.19 0.226277 4.40269e-012 23520.3 13320.4
2.107 31522.5 177.546 21210.9 2567.36 0.237361 4.79777e-012 23778.5 7744.06
2.109 29754.8 172.496 21405 2633.01 0.24897 5.2278e-012 24038.3 5716.55
2.111 28097.7 167.624 21599.2 2700.2 0.261126 5.69582e-012 24299.7 3798.06
2.113 32467 180.186 21793.5 2768.93 0.273855 6.20515e-012 24562.7 7904.27
2.114 31307.5 176.939 21890.7 2803.89 0.280442 6.47642e-012 24694.8 6612.64
2.116 25381.3 159.315 22085 2875.02 0.294079 7.05454e-012 24960.3 421.004
2.118 19669.5 140.248 22279.3 2947.78 0.308355 7.68353e-012 25227.4 -5557.85
2.12 18850.1 137.296 22473.6 3022.21 0.323299 8.36781e-012 25496.1 -6646.05
2.122 19259.8 138.78 22667.8 3098.34 0.338941 9.11215e-012 25766.4 -6506.67
2.123 23955.1 154.774 22764.8 3137.05 0.347034 9.50845e-012 25902.2 -1947.14
2.125 28178.9 167.866 22958.9 3215.79 0.363783 1.03528e-011 26175 2003.86
2.127 28186.9 167.889 23152.8 3296.32 0.381311 1.1271e-011 26449.5 1737.42
2.129 27066.6 164.519 23346.5 3378.67 0.399652 1.22695e-011 26725.5 341.113
2.131 25362.1 159.255 23540 3462.87 0.418844 1.33551e-011 27003.2 -1641.16
2.132 21584.9 146.918 23636.6 3505.68 0.42877 1.39329e-011 27142.7 -5557.85
2.134 21286.2 145.898 23829.7 3592.74 0.449309 1.51636e-011 27422.9 -6136.67
2.136 23357.5 152.831 24022.5 3681.75 0.470795 1.65014e-011 27704.8 -4347.3
2.138 25284.1 159.01 24215 3772.75 0.49327 1.79555e-011 27988.3 -2704.17
2.14 29951.9 173.066 24407.2 3865.77 0.516779 1.95358e-011 28273.4 1678.47
2.142 32304.4 179.734 24598.9 3960.85 0.541367 2.12532e-011 28560.3 3744.14
2.143 30752.9 175.365 24694.6 4009.18 0.55408 2.2167e-011 28704.3 2048.56
2.145 27725.6 166.51 24885.7 4107.44 0.580375 2.41122e-011 28993.7 -1268.15
2.147 25827.4 160.709 25076.3 4207.86 0.607872 2.62257e-011 29284.8 -3457.41
2.149 26573.6 163.014 25266.4 4310.49 0.636622 2.85217e-011 29577.5 -3003.95
2.151 29298 171.166 25456 4415.37 0.666681 3.10157e-011 29872 -574.055
2.153 32035.1 178.983 25645 4522.53 0.698106 3.37245e-011 30168.2 1866.89
2.154 30819.4 175.554 25739.2 4576.99 0.714349 3.51652e-011 30316.9 502.441
2.156 28680.5 169.353 25927.3 4687.67 0.747935 3.8231e-011 30615.7 -1935.25
2.158 28033.8 167.433 26114.7 4800.75 0.783039 4.15601e-011 30916.2 -2882.43
2.16 29376.5 171.396 26301.4 4916.27 0.819728 4.51747e-011 31218.5 -1841.97
2.162 30197.6 173.774 26487.4 5034.29 0.85807 4.90991e-011 31522.5 -1324.97
2.164 32411.2 180.031 26672.6 5154.84 0.898137 5.33592e-011 31828.3 582.827
2.166 33482.7 182.983 26857 5277.97 0.940002 5.79835e-011 32135.9 1346.81
2.168 31111.1 176.383 27040.6 5403.73 0.983744 6.30024e-011 32445.3 -1334.25
2.169 30244.6 173.91 27132.1 5467.61 1.00634 6.56702e-011 32600.7 -2356.06
2.171 30149.3 173.635 27314.4 5597.4 1.05305 7.13442e-011 32912.8 -2763.52
2.173 32632.7 180.645 27495.7 5729.94 1.10184 7.75011e-011 33226.7 -594.044
2.175 32654.7 180.706 27676.1 5865.28 1.1528 8.41813e-011 33542.5 -887.813
2.177 29805.9 172.644 27855.5 6003.47 1.20603 9.14285e-011 33860.2 -4054.35
2.179 30847.1 175.633 28033.9 6144.56 1.26162 9.92901e-011 34179.8 -3332.7
2.181 31896.9 178.597 28211.3 6288.6 1.31966 1.07817e-010 34501.2 -2604.3
2.183 34394.3 185.457 28387.5 6435.65 1.38028 1.17066e-010 34824.6 -430.233
2.185 34574.5 185.942 28562.7 6585.76 1.44356 1.27095e-010 35149.9 -575.355
2.187 33074.3 181.864 28736.6 6738.97 1.50963 1.37971e-010 35477.1 -2402.77
2.189 32798.4 181.103 28909.4 6895.36 1.57861 1.49763e-010 35806.3 -3007.9
2.19 31730.1 178.129 28995.3 6974.75 1.61422 1.56026e-010 35971.7 -4241.64
2.192 31354.8 177.073 29166.3 7135.99 1.68778 1.69337e-010 36303.9 -4949.14
2.194 32887.8 181.35 29335.9 7300.53 1.76456 1.83766e-010 36638.2 -3750.45
2.196 36413.5 190.823 29504.3 7468.43 1.84468 1.99405e-010 36974.5 -561.061
2.198 37182.3 192.827 29671.2 7639.75 1.9283 2.16354e-010 37312.9 -130.607
2.2 33753.1 183.72 29836.9 7814.56 2.01555 2.34721e-010 37653.4 -3900.34
2.202 34167.8 184.845 30001.1 7992.89 2.10659 2.54624e-010 37996.1 -3828.21
2.204 35322 187.942 30163.8 8174.83 2.20157 2.76188e-010 38340.8 -3018.8
2.206 35801.3 189.212 30325.1 8360.42 2.30065 2.99549e-010 38687.8 -2886.47
2.208 38557.4 196.36 30484.8 8549.74 2.40401 3.24855e-010 39037 -479.537
2.21 44243 210.34 30643.1 8742.83 2.51183 3.52265e-010 39388.4 4854.59
2.212 41283.4 203.183 30799.7 8939.77 2.62427 3.81951e-010 39742.1 1541.31
2.214 39210.8 198.017 30954.7 9140.62 2.74154 4.141e-010 40098.1 -887.245
2.216 38248.3 195.572 31108.1 9345.43 2.86383 4.48911e-010 40456.4 -2208.13
2.218 36470 190.971 31259.8 9554.29 2.99134 4.86602e-010 40817.1 -4347.05
2.22 37943.8 194.792 31409.8 9767.25 3.12429 5.27408e-010 41180.2 -3236.36
2.222 43157.4 207.744 31558.1 9984.37 3.2629 5.7158e-010 41545.7 1611.69
2.224 42093.7 205.167 31704.6 10205.7 3.4074 6.19393e-010 41913.7 179.996
2.226 41814.7 204.486 31849.3 10431.4 3.55803 6.71141e-010 42284.2 -469.489
2.228 40612.2 201.525 31992.1 10661.4 3.71502 7.27143e-010 42657.3 -2045.08
2.23 39152.4 197.87 32133.1 10895.9 3.87865 7.87743e-010 43032.9 -3880.53
2.232 42324.1 205.728 32272.2 11134.9 4.04917 8.53311e-010 43411.2 -1087.14
2.234 42432.3 205.991 32409.4 11378.5 4.22686 9.24248e-010 43792.1 -1359.87
2.236 40911.2 202.265 32544.6 11626.8 4.41202 1.00099e-009 44175.8 -3264.54
2.238 40778.7 201.937 32677.9 11879.7 4.60493 1.08399e-009 44562.2 -3783.48
2.24 40875.3 202.176 32809.1 12137.5 4.8059 1.17377e-009 44951.4 -4076.12
2.242 41941.4 204.796 32938.3 12400.1 5.01526 1.27086e-009 45343.5 -3402.06
2.244 44282.1 210.433 33065.4 12667.7 5.23334 1.37585e-009 45738.4 -1456.29
2.246 45428.1 213.139 33190.5 12940.4 5.46049 1.48937e-009 46136.3 -708.181
2.248 44059.2 209.903 33313.4 13218.1 5.69705 1.61211e-009 46537.2 -2477.97
2.25 43466.3 208.486 33434.1 13501 5.94341 1.74479e-009 46941.1 -3474.83
2.252 46571.2 215.804 33552.7 13789.2 6.19994 1.88821e-009 47348.1 -776.926
2.254 53605.3 231.528 33669.1 14082.7 6.46705 2.04322e-009 47758.2 5847.03
2.256 57955.6 240.74 33783.3 14381.6 6.74515 2.21075e-009 48171.6 9783.99
2.258 59514.3 243.955 33895.2 14686 7.03467 2.39179e-009 48588.2 10926.1
2.26 59976.1 244.9 34004.8 14996 7.33605 2.5874e-009 49008.1 10967.9
2.262 61207.7 247.402 34112.1 15311.6 7.64976 2.79874e-009 49431.4 11776.2
2.264 56934.3 238.609 34217.1 15633 7.97627 3.02706e-009 49858.1 7076.2
2.267 62245.3 249.49 34370.2 16126.1 8.49112 3.40431e-009 50504.7 11740.5
2.269 64537.5 254.042 34469.3 16462.2 8.85184 3.68115e-009 50940.3 13597.2
2.271 65675.3 256.272 34565.9 16804.3 9.22717 3.98012e-009 51379.5 14295.9
2.273 62448.3 249.897 34660.2 17152.6 9.61769 4.30295e-009 51822.3 10626
2.275 55898.9 236.429 34752 17507 10.024 4.65153e-009 52269 3629.89
2.277 54251.3 232.919 34841.3 17867.8 10.4466 5.02786e-009 52719.5 1531.83
2.279 49001.6 221.363 34928.1 18234.9 10.8862 5.43412e-009 53173.9 -4172.32
2.281 47949.5 218.974 35012.4 18608.5 11.3434 5.87265e-009 53632.3 -5682.71
2.283 53647.9 231.62 35094.2 18988.7 11.819 6.34595e-009 54094.7 -446.745
2.285 60639.6 246.251 35173.4 19375.5 12.3135 6.85675e-009 54561.2 6078.35
2.288 58485.2 241.837 35287.5 19968.3 13.0925 7.69968e-009 55268.9 3216.35
2.29 63907.1 252.799 35360.3 20372.1 13.6376 8.31745e-009 55746 8161.08
2.292 63217.5 251.431 35430.4 20782.9 14.2045 8.98392e-009 56227.6 6989.93
2.294 58809.5 242.507 35498 21200.8 14.7937 9.70287e-009 56713.5 2095.94
2.296 56718.9 238.157 35562.9 21625.7 15.4062 1.04784e-008 57204 -485.165
2.298 57237.5 239.244 35625.1 22058 16.0428 1.13147e-008 57699.1 -461.668
2.3 56129.2 236.916 35684.7 22497.5 16.7044 1.22167e-008 58199 -2069.77
2.302 55226.9 235.004 35741.6 22944.5 17.392 1.31893e-008 58703.5 -3476.66
2.305 55638.3 235.878 35821.9 23629.2 18.4741 1.47927e-008 59469.6 -3831.21
2.307 57473.2 239.736 35872 24095.2 19.2308 1.59665e-008 59986.4 -2513.23
2.309 55819.4 236.261 35919.4 24569 20.017 1.72319e-008 60508.4 -4688.97
2.311 60966.5 246.914 35964.1 25050.6 20.8338 1.85958e-008 61035.5 -68.9921
2.313 62328.2 249.656 36006 25540.2 21.6822 2.00656e-008 61567.9 760.296
2.315 61900.6 248.798 36045.1 26037.9 22.5634 2.16497e-008 62105.6 -204.986
2.318 59253.2 243.42 36098.7 26799.7 23.9493 2.42588e-008 62922.3 -3669.13
2.32 57607.1 240.015 36130.9 27318 24.9179 2.61676e-008 63473.8 -5866.72
2.322 57115.8 238.989 36160.3 27844.7 25.9237 2.82239e-008 64030.9 -6915.11
2.324 62099.3 249.197 36186.9 28379.9 26.9679 3.04388e-008 64593.7 -2494.43
2.326 65943.6 256.795 36210.7 28923.7 28.0521 3.28244e-008 65162.5 781.157
2.329 67877 260.532 36241.2 29755.7 29.7564 3.67513e-008 66026.7 1850.32
2.331 66161.2 257.218 36258 30321.5 30.9467 3.96221e-008 66610.5 -449.331
2.333 69171.5 263.005 36272 30896.3 32.1822 4.27131e-008 67200.5 1971.02
2.335 68891.6 262.472 36283.2 31480.1 33.4644 4.60409e-008 67796.8 1094.87
2.337 75087.5 274.021 36291.5 32073.1 34.7951 4.96231e-008 68399.4 6688.08
2.34 73495.5 271.101 36298.7 32980.1 36.8856 5.55159e-008 69315.7 4179.81
2.342 70397.2 265.325 36300 33596.5 38.3449 5.98211e-008 69934.8 462.373
2.344 72731.7 269.688 36298.4 34222.4 39.8589 6.44539e-008 70560.7 2170.95
2.346 76691 276.931 36294.1 34858 41.4295 6.94389e-008 71193.5 5497.51
2.349 82248.6 286.79 36282.2 35829.8 43.8959 7.76346e-008 72155.8 10092.7
2.351 79639.8 282.205 36270.7 36489.9 45.6168 8.3619e-008 72806.3 6833.47
2.353 74065.6 272.15 36256.5 37160.1 47.4016 9.00561e-008 73464 601.575
2.355 65367 255.67 36239.4 37840.4 49.2524 9.69794e-008 74129.1 -8762.1
2.358 70460.3 265.444 36208.5 38880.1 52.1574 1.08356e-007 75140.8 -4680.45
2.36 78884.1 280.863 36184.4 39586.2 54.1835 1.16658e-007 75824.8 3059.3
2.362 73785 271.634 36157.5 40302.8 56.2839 1.25584e-007 76516.5 -2731.47
2.364 70613.8 265.733 36127.8 41029.9 58.4613 1.35181e-007 77216.2 -6602.32
2.367 74189 272.377 36078 42140.8 61.8774 1.50941e-007 78280.7 -4091.69
2.369 74757.5 273.418 36041.3 42894.9 64.2589 1.62436e-007 79000.5 -4243.06
2.371 71626.6 267.631 36001.9 43660 66.7268 1.7479e-007 79728.7 -8102.1
2.373 79353.2 281.697 35959.7 44436.2 69.2842 1.88065e-007 80465.2 -1112.04
2.376 82063.2 286.467 35891.3 45621.5 73.2948 2.09855e-007 81586.1 477.138
2.378 82435.6 287.116 35842.3 46425.8 76.0893 2.25739e-007 82344.2 91.4386
2.38 84187.6 290.151 35790.5 47241.6 78.9844 2.42803e-007 83111.1 1076.5
2.383 79512.4 281.979 35707.8 48487 83.5227 2.70799e-007 84278.3 -4765.92
2.385 87399.6 295.634 35649.3 49331.9 86.6839 2.91199e-007 85067.9 2331.74
2.387 88773.4 297.949 35588.1 50188.6 89.9579 3.13106e-007 85866.7 2906.78
2.39 82497.7 287.224 35491.3 51496.1 95.0884 3.49032e-007 87082.5 -4584.81
2.392 79802.2 282.493 35423.5 52382.8 98.6608 3.752e-007 87904.9 -8102.71
2.394 86330.6 293.821 35353.1 53281.7 102.36 4.03291e-007 88737.1 -2406.54
2.397 84977.4 291.509 35242.6 54653.1 108.154 4.4934e-007 90003.8 -5026.39
2.399 89250.1 298.748 35165.6 55582.9 112.187 4.82867e-007 90860.7 -1610.65
2.401 96105.4 310.009 35086.1 56525.3 116.361 5.18845e-007 91727.8 4377.61
2.404 103515 321.738 34962.1 57962.6 122.899 5.77797e-007 93047.6 10467.5
2.406 99962.1 316.168 34876.3 58936.8 127.447 6.207e-007 93940.6 6021.53
2.408 99980.1 316.196 34788 59923.9 132.154 6.66725e-007 94844.1 5136.05
2.411 93497.9 305.774 34650.9 61429 139.523 7.42107e-007 96219.4 -2721.54
2.413 97428.6 312.135 34556.4 62448.9 144.648 7.96944e-007 97149.9 278.681
2.416 106582 326.47 34410.1 64003.5 152.668 8.8673e-007 98566.3 8016.22
2.418 109228 330.497 34309.6 65056.7 158.246 9.52026e-007 99524.5 9703.69
2.42 111574 334.028 34206.7 66123.3 164.015 1.02203e-006 100494 11080.4
2.423 104500 323.264 34048 67748.9 173.04 1.13661e-006 101970 2529.88
2.425 100507 317.029 33939.3 68849.7 179.313 1.21989e-006 102968 -2461.24
2.427 101670 318.857 33828.3 69964.5 185.8 1.30916e-006 103979 -2308.97
2.43 101909 319.232 33657.6 71662.7 195.945 1.45519e-006 105516 -3607.1
2.432 115257 339.495 33541 72812.4 202.994 1.5613e-006 106556 8700.46
2.435 114099 337.785 33361.9 74563.6 214.016 1.73483e-006 108140 5959
2.437 111798 334.362 33239.9 75748.9 221.673 1.86088e-006 109210 2587.6
2.44 114165 337.883 33052.8 77553.9 233.642 2.06697e-006 110840 3324.4
2.442 123021 350.744 32925.5 78775.3 241.955 2.21663e-006 111943 11078.5
2.444 123942 352.054 32796.1 80011.4 250.544 2.37689e-006 113058 10884.1
2.447 122747 350.353 32598.2 81893.1 263.965 2.6388e-006 114755 7991.88
2.449 112755 335.791 32463.7 83166.1 273.283 2.82891e-006 115903 -3147.79
2.452 113032 336.203 32258.4 85103.5 287.84 3.1395e-006 117650 -4617.28
2.454 110979 333.135 32119.1 86413.9 297.943 3.36488e-006 118831 -7852.09
2.457 108274 329.05 31906.6 88407.8 313.723 3.73298e-006 120628 -12354.1
2.459 121066 347.945 31762.7 89756.1 324.673 4.00001e-006 121843 -777.715
2.462 124254 352.497 31543.3 91807.3 341.769 4.43599e-006 123692 561.99
2.464 117377 342.604 31394.9 93193.9 353.63 4.75216e-006 124942 -7565
2.467 119273 345.359 31169 95303 372.144 5.26824e-006 126844 -7571.41
2.469 129805 360.285 31016.3 96728.4 384.985 5.64238e-006 128130 1675.64
2.472 139326 373.264 30784.1 98896 405.024 6.25288e-006 130085 9240.75
2.474 136088 368.901 30627.3 100361 418.92 6.69535e-006 131407 4680.96
2.477 129025 359.2 30389.2 102587 440.598 7.41713e-006 133417 -4392.51
2.479 123389 351.268 30228.5 104092 455.627 7.94008e-006 134776 -11386.7
2.482 125700 354.542 29984.7 106378 479.067 8.79288e-006 136842 -11142.4
2.484 128425 358.364 29820.4 107923 495.312 9.41059e-006 138238 -9813.59
2.487 128552 358.541 29571.2 110269 520.644 1.04176e-005 140361 -11809.7
2.489 148521 385.384 29403.4 111854 538.195 1.11468e-005 141796 6725.26
2.492 146288 382.477 29149.2 114261 565.557 1.23351e-005 143976 2312.21
2.494 134966 367.377 28978.2 115887 584.511 1.31953e-005 145449 -10483.4
2.497 135781 368.485 28719.3 118355 614.051 1.45968e-005 147689 -11907.4
2.499 152521 390.539 28545.2 120021 634.508 1.56111e-005 149201 3319.72
2.502 155283 394.06 28281.9 122551 666.382 1.7263e-005 151500 3783.26
2.505 165568 406.9 28016.1 125118 699.737 1.90855e-005 153834 11733.5
2.507 175775 419.255 27837.6 126850 722.827 2.04038e-005 155411 20363.8
2.51 157332 396.651 27568 129480 758.788 2.25499e-005 157806 -474.1
2.512 138937 372.743 27387 131253 783.676 2.41018e-005 159424 -20486.4
2.515 157609 397 27113.8 133944 822.428 2.66272e-005 161880 -4271.41
2.518 176031 419.561 26838.6 136673 862.947 2.9411e-005 164374 11656.7
2.52 171675 414.337 26654.1 138513 890.977 3.1423e-005 166058 5617.27
2.523 165503 406.821 26375.9 141304 934.604 3.46957e-005 168614 -3111.22
2.525 152340 390.308 26189.5 143185 964.776 3.70603e-005 170340 -17999.4
2.528 134516 366.764 25908.5 146039 1011.73 4.09054e-005 172959 -38443.5
2.531 113063 336.249 25626.1 148930 1060.78 4.51398e-005 175617 -62553.7
2.533 122364 349.806 25437 150878 1094.69 4.81977e-005 177410 -55046
2.536 136861 369.948 25152.4 153832 1147.43 5.31678e-005 180132 -43270.5
2.539 131075 362.042 24866.6 156823 1202.5 5.86379e-005 182892 -51817.4
2.541 178395 422.368 24675.5 158838 1240.56 6.25863e-005 184754 -6358.57
2.544 262582 512.427 24388 161891 1299.73 6.90005e-005 187578 75003.4
2.546 292637 540.96 24195.8 163947 1340.61 7.36291e-005 189483 103154
2.549 269289 518.931 23906.9 167062 1404.15 8.11459e-005 192373 76916.3
2.552 230021 479.605 23617.3 170214 1470.45 8.94109e-005 195302 34718.5
2.555 204757 452.501 23327.1 173403 1539.61 9.84965e-005 198270 6486.95
2.557 203086 450.65 23133.4 175550 1587.36 0.000105048 200271 2814.95
2.56 213460 462.017 22842.5 178800 1661.54 0.000115681 203304 10155.6
2.563 223199 472.439 22551.3 182087 1738.89 0.000127363 206377 16821.4
2.565 207201 455.194 22357 184299 1792.27 0.000135783 208448 -1246.36
2.568 185452 430.641 22065.6 187646 1875.16 0.000149442 211586 -26134.4
2.571 220938 470.041 21774.1 191029 1961.55 0.000164438 214765 6173.95
2.573 268585 518.252 21579.8 193304 2021.15 0.000175242 216905 51679.7
2.576 209539 457.754 21288.5 196747 2113.65 0.000192759 220149 -10610.1
2.579 208955 457.116 20997.5 200224 2210.01 0.000211981 223432 -14476.6
2.582 233012 482.713 20706.8 203737 2310.35 0.00023307 226754 6257.79
2.584 219838 468.869 20513.3 206098 2379.54 0.000248252 228991 -9153.26
2.587 193767 440.19 20223.4 209669 2486.87 0.000272851 232379 -38611.7
2.59 191275 437.349 19934.1 213273 2598.6 0.000299823 235806 -44531.2
2.593 186400 431.741 19645.5 216911 2714.87 0.00032939 239272 -52871.6
2.595 206595 454.527 19453.5 219355 2794.99 0.000350662 241604 -35008.9
2.598 232332 482.008 19166.3 223049 2919.21 0.000385105 245134 -12802.3
2.601 279620 528.791 18880 226775 3048.42 0.000422839 248704 30916.2
2.604 327270 572.075 18594.7 230534 3182.81 0.000464171 252311 74959.2
2.607 277911 527.172 18310.5 234324 3322.54 0.000509433 255957 21953.8
2.609 250014 500.014 18121.7 236868 3418.75 0.000541969 258409 -8394.35
2.612 269404 519.041 17839.5 240711 3567.82 0.000594604 262118 7286.02
2.615 276690 526.013 17558.7 244583 3722.74 0.000652211 265865 10825.1
2.618 313673 560.065 17279.2 248486 3883.71 0.000715244 269649 44023.8
2.621 316214 562.329 17001.2 252418 4050.95 0.0007842 273471 42743
2.623 296648 544.654 16816.8 255056 4166.02 0.000833726 276039 20609
2.626 311747 558.343 16541.4 259036 4344.16 0.000913778 279922 31825.3
2.629 304673 551.972 16267.7 263044 4529.13 0.0010013 283841 20832.2
2.632 233337 483.05 15995.7 267079 4721.17 0.00109697 287796 -54458.9
2.635 266590 516.323 15725.4 271141 4920.49 0.00120152 291787 -25197.3
2.638 289065 537.648 15457.1 275229 5127.35 0.00131575 295813 -6748
2.641 268664 518.328 15190.7 279342 5341.98 0.00144053 299874 -31210.5
2.644 238460 488.323 14926.2 283479 5564.63 0.00157681 303970 -65510.7
2.646 346429 588.582 14751 286251 5717.65 0.00167454 306720 39709
2.649 292364 540.707 14490 290428 5954.24 0.0018323 310872 -18508.1
2.652 277103 526.406 14231.1 294628 6199.55 0.00200449 315058 -37955.1
2.655 300384 548.073 13974.3 298849 6453.86 0.00219238 319278 -18893.1
2.658 336662 580.225 13719.8 303092 6717.43 0.00239737 323529 13132.4
2.661 392136 626.208 13467.6 307355 6990.56 0.00262096 327813 64323.6
2.664 381763 617.87 13217.6 311637 7273.54 0.00286479 332128 49634.6
2.667 371908 609.843 12970.1 315938 7566.67 0.00313063 336475 35433.4
2.67 344718 587.127 12724.9 320256 7870.25 0.0034204 340851 3867.07
2.673 368081 606.697 12482.2 324591 8184.6 0.00373619 345258 22822.8
2.676 394635 628.2 12242 328943 8510.03 0.00408025 349695 44940.2
2.679 382815 618.72 12004.3 333309 8846.87 0.00445504 354160 28654.8
2.682 335674 579.374 11769.2 337689 9195.45 0.00486321 358654 -22979.5
2.685 289166 537.741 11536.6 342082 9556.12 0.00530763 363175 -74009.1
2.688 347912 589.841 11306.7 346487 9929.22 0.00579141 367723 -19811
2.691 432181 657.405 11079.4 350904 10315.1 0.00631793 372298 59882.5
2.694 421560 649.276 10854.7 355330 10714.1 0.00689084 376899 44660.8
2.697 299547 547.309 10632.8 359766 11126.7 0.00751407 381525 -81977.8
2.7 321003 566.571 10413.5 364209 11553.1 0.00819191 386176 -65173.2
2.703 316519 562.6 10197 368660 11993.8 0.00892898 390850 -74331.5
2.706 353419 594.491 9983.26 373116 12449.1 0.00973027 395548 -42129
2.709 397695 630.63 9772.28 377577 12919.6 0.0106012 400269 -2573.93
2.712 352837 594.001 9564.07 382041 13405.4 0.0115476 405011 -52174
2.715 449127 670.169 9358.67 386509 13907.2 0.0125757 409774 39352.6
2.718 486023 697.153 9156.06 390977 14425.2 0.0136924 414558 71464.3
2.721 427467 653.81 8956.28 395446 14959.9 0.0149052 419362 8104.86
2.724 397547 630.513 8759.32 399914 15511.8 0.0162218 424185 -26637.7
2.727 402135 634.141 8565.19 404379 16081.3 0.0176509 429026 -26891.1
2.73 353947 594.934 8373.89 408842 16668.7 0.0192018 433884 -79937.6
2.733 355331 596.097 8185.43 413299 17274.7 0.0208844 438760 -83428.1
2.736 418692 647.064 7999.81 417751 17899.6 0.0227096 443651 -24959.1
2.739 456946 675.978 7817.03 422197 18543.9 0.024689 448557 8389
2.743 456906 675.948 7577.73 428110 19433.9 0.0275899 455122 1784.11
2.746 513144 716.341 7401.57 432534 20125.3 0.0299797 460061 53082.6
2.749 431399 656.81 7228.23 436947 20837.8 0.0325693 465013 -33613.8
2.752 489412 699.58 7057.72 441348 21571.6 0.0353751 469977 19435.3
2.755 453352 673.314 6890.02 445735 22327.5 0.0384143 474952 -21599.9
2.758 432924 657.969 6725.12 450106 23105.9 0.0417057 479937 -47013.6
2.761 423892 651.07 6563.02 454462 23907.3 0.0452693 484932 -61040.4
2.765 436490 660.674 6351.22 460242 25012.5 0.0504819 491606 -55115.7
2.768 398486 631.257 6195.6 464555 25869.5 0.0547678 496620 -98134
2.771 382510 618.474 6042.74 468847 26751.3 0.0594049 501641 -119131
2.774 445133 667.183 5892.61 473117 27658.4 0.0644207 506668 -61535.3
2.777 569329 754.539 5745.2 477364 28591.3 0.0698449 511701 57627.9
2.78 547343 739.826 5600.5 481587 29550.6 0.0757095 516738 30605.2
2.784 467974 684.086 5411.75 487176 30871.6 0.0842739 523459 -55485.8
2.787 509135 713.537 5273.29 491336 31894.5 0.0913042 528504 -19368.6
2.79 557288 746.518 5137.47 495467 32945.6 0.0988997 533551 23737.9
2.793 560626 748.75 5004.28 499568 34025.5 0.107104 538598 22028
2.797 492603 701.857 4830.72 504987 35511 0.119071 545329 -52726
2.8 632156 795.083 4703.56 509012 36660.2 0.128884 550376 81780.4
2.803 660185 812.518 4578.93 513003 37840 0.139476 555422 104763
2.806 559415 747.94 4456.83 516957 39051 0.150905 560465 -1050.36
2.81 532238 729.547 4297.91 522172 40715.3 0.167558 567185 -34946.8
2.813 654987 809.313 4181.59 526037 42001.5 0.181198 572221 82766.7
2.816 653034 808.105 4067.71 529863 43320.7 0.195906 577251 75783
2.82 575307 758.49 3919.61 534898 45132.3 0.217317 583950 -8642.89
2.823 538034 733.508 3811.3 538624 46531.1 0.234838 588967 -50933
2.826 590255 768.28 3705.34 542306 47965 0.253717 593976 -3721.52
2.83 746121 863.783 3567.65 547143 49932.5 0.281178 600643 145477
2.833 593683 770.508 3467.04 550716 51450.4 0.30363 605633 -11950.2
2.836 522999 723.186 3368.68 554240 53005.4 0.327804 610614 -87615.4
2.84 541906 736.143 3240.97 558860 55137.2 0.362935 617239 -75332.7
2.843 561084 749.055 3147.74 562265 56780.7 0.391635 622194 -61110.4
2.846 569461 754.626 3056.65 565618 58463 0.422513 627138 -57677.2
2.85 609406 780.645 2938.48 570004 60767.6 0.467346 633710 -24304.3
2.853 709106 842.084 2852.28 573228 62542.9 0.50394 638624 70481.7
2.856 624225 790.079 2768.13 576396 64358.9 0.543282 643524 -19298.7
2.86 490462 700.33 2659.04 580530 66844.6 0.600356 650034 -159572
2.863 548785 740.8 2579.53 583561 68757.8 0.6469 654899 -106114
2.867 825009 908.3 2476.53 587508 71374.9 0.714381 661360 163650
2.87 930221 964.48 2401.49 590396 73388.2 0.769378 666186 264035
2.874 832983 912.679 2304.34 594149 76140.7 0.849066 672595 160388
2.877 861736 928.297 2233.61 596889 78256.8 0.913973 677380 184356
2.88 756134 869.56 2164.67 599563 80417.8 0.98363 682146 73987.7
2.884 658627 811.558 2075.48 603025 83369.9 1.08447 688472 -29845.2
2.887 756278 869.642 2010.6 605543 85637.6 1.16653 693193 63085.3
2.891 723477 850.575 1926.71 608794 88733.6 1.28526 699455 24021.8
2.894 547549 739.966 1865.71 611150 91110.4 1.38183 704128 -156579
2.898 597163 772.763 1786.89 614182 94353.5 1.52145 710324 -113161
2.901 709285 842.191 1729.62 616373 96841.8 1.63494 714946 -5660.56
2.905 560682 748.787 1655.64 619180 100235 1.79893 721073 -160391
2.908 569005 754.324 1601.92 621200 102837 1.93215 725640 -156636
2.912 672197 819.876 1532.57 623776 106383 2.12453 731694 -59497.4
2.916 704000 839.047 1465.77 626219 110018 2.33517 737705 -33704.8
2.919 750482 866.303 1417.3 627962 112802 2.50611 742184 8298
2.923 726660 852.443 1354.78 630166 116593 2.75274 748116 -21456.6
2.926 648826 805.497 1309.44 631728 119496 2.95277 752536 -103710
2.93 763519 873.796 1251 633689 123445 3.24118 758388 5130.83
2.933 686487 828.545 1208.64 635067 126468 3.47496 762746 -76259.5
2.937 802466 895.805 1154.06 636780 130577 3.81182 768515 33951
2.941 854937 924.628 1101.61 638350 134780 4.17973 774236 80701.3
2.944 724455 851.149 1063.63 639433 137992 4.47767 778493 -54038.5
2.948 777683 881.863 1014.73 640751 142356 4.90656 784126 -6443.29
2.951 688534 829.78 979.342 641643 145690 5.25366 788318 -99783.5
2.955 587681 766.604 933.812 642705 150217 5.75303 793861 -206180
2.959 685834 828.151 890.122 643620 154837 6.29745 799353 -113519
2.962 862898 928.923 858.525 644209 158363 6.73763 803437 59460.7
2.966 772814 879.098 817.911 644865 163145 7.37029 808835 -36021.9
2.97 678470 823.693 778.976 645372 168021 8.05926 814180 -135710
2.973 597494 772.977 750.842 645655 171738 8.61578 818152 -220659
2.977 630933 794.313 714.709 645901 176775 9.41487 823401 -192468
2.981 745350 863.337 680.103 645998 181904 10.2841 828593 -83243
2.985 801586 895.313 646.972 645946 187125 11.2294 833729 -32143.1
2.988 723271 850.453 623.059 645809 191099 11.9919 837543 -114273
2.992 741819 861.289 592.383 645495 196478 13.0853 842579 -100760
2.996 883306 939.844 563.042 645033 201946 14.273 847556 35750.1
3 1.02655e+006 1013.19 534.987 644421 207502 15.5625 852474 174072
3.003 1.04385e+006 1021.69 514.762 643866 211727 16.6013 856124 187721
3.007 849108 921.471 488.847 642995 217436 18.089 860938 -11829.6
3.011 814951 902.747 464.091 641977 223229 19.7025 865691 -50739.1
3.015 811457 900.809 440.452 640813 229107 21.4517 870382 -58924.9
3.019 824661 908.108 417.887 639503 235068 23.3473 875012 -50351.1
3.022 820039 905.56 401.643 638425 239591 24.8718 878443 -58403.5
3.026 827987 909.938 380.858 636862 245692 27.0515 882962 -54975.5
3.03 820218 905.659 361.036 635156 251871 29.4109 887417 -67199
3.034 842050 917.633 342.14 633308 258126 31.9638 891808 -49757.9
3.038 933912 966.391 324.131 631319 264455 34.7251 896133 37778.2
3.042 925351 961.952 306.975 629191 270856 37.7104 900392 24959.1
3.046 986028 992.99 290.636 626925 277327 40.9368 904584 81444
3.049 1.09454e+006 1046.2 278.898 625137 282225 43.5255 907684 186856
3.053 1.04904e+006 1024.23 263.909 622633 288812 47.2177 911756 137284
3.057 1.04887e+006 1024.14 249.649 619997 295462 51.2034 915760 133109
3.061 878866 937.479 236.085 617229 302172 55.5044 919692 -40826.4
3.065 871336 933.454 223.189 614331 308940 60.1436 923554 -52217.7
3.069 955960 977.732 210.931 611305 315762 65.1457 927344 28616.6
3.073 788942 888.224 199.284 608154 322636 70.5367 931060 -142118
3.077 724397 851.115 188.222 604879 329559 76.3446 934702 -210305
3.081 809119 899.51 177.719 601482 336526 82.5992 938268 -129150
3.085 808785 899.325 167.749 597966 343535 89.3319 941758 -132973
3.089 788934 888.22 158.29 594334 350583 96.5764 945171 -156237
3.093 807343 898.523 149.317 590586 357665 104.368 948505 -141162
3.097 857018 925.753 140.809 586727 364778 112.746 951758 -94740.5
3.101 1.05147e+006 1025.41 132.744 582758 371918 121.749 954931 96538.4
3.105 1.13037e+006 1063.19 125.103 578682 379082 131.422 958020 172346
3.109 1.04765e+006 1023.55 117.864 574502 386264 141.808 961026 86621.7
3.113 956523 978.02 111.01 570220 393462 152.956 963947 -7423.99
3.117 1.08333e+006 1040.83 104.521 565839 400672 164.918 966780 116547
3.121 1.14766e+006 1071.29 98.3817 561362 407887 177.747 969526 178131
3.126 1.07535e+006 1036.99 91.1718 555635 416910 195.09 972831 102516
3.13 1.05485e+006 1027.06 85.7561 550952 424125 210.086 975373 79476
3.134 975249 987.547 80.637 546182 431332 226.147 977821 -2572.46
3.138 992422 996.204 75.7999 541328 438527 243.343 980175 12246.9
3.142 1.08195e+006 1040.17 71.2307 536394 445706 261.746 982432 99518.7
3.146 890592 943.712 66.9161 531381 452862 281.433 984592 -93999.9
3.15 1.00292e+006 1001.46 62.8432 526294 459992 302.485 986651 16270.1
3.155 1.20787e+006 1099.03 58.0735 519834 468860 330.85 989083 218792
3.159 1.15507e+006 1074.74 54.5007 514589 475913 355.292 990912 164159
3.163 1.01938e+006 1009.64 51.1317 509279 482924 381.395 992635 26746.3
3.167 929773 964.248 47.956 503908 489887 409.258 994252 -64478.5
3.171 824567 908.057 44.9635 498478 496798 438.988 995760 -171193
3.176 934077 966.477 41.466 491612 505356 478.949 997489 -63411.4
3.18 1.0042e+006 1002.1 38.8512 486062 512131 513.3 998745 5456.89
3.184 999059 999.53 36.39 480463 518838 549.904 999887 -827.549
3.188 1.01659e+006 1008.26 34.0741 474819 525471 588.893 1.00091e+006 15679.3
3.193 977199 988.534 31.3717 467704 533651 641.194 1.00203e+006 -24828.7
3.197 1.00002e+006 1000.01 29.3546 461969 540099 686.064 1.00278e+006 -2760.37
3.201 990988 995.484 27.4586 456199 546458 733.793 1.00342e+006 -12430.8
3.206 941150 970.129 25.2488 448942 554273 797.721 1.00404e+006 -62887.7
3.21 934137 966.508 23.6015 443104 560411 852.484 1.00439e+006 -70254
3.214 1.0544e+006 1026.84 22.0547 437241 566443 910.657 1.00462e+006 49779.5
3.219 1.13145e+006 1063.7 20.2542 429881 573827 988.455 1.00472e+006 126732
3.223 914041 956.055 18.9136 423972 579603 1055 1.00465e+006 -90608.2
3.228 792566 890.261 17.3542 416565 586651 1143.89 1.00438e+006 -211812
3.232 880985 938.608 16.1942 410625 592147 1219.85 1.00401e+006 -123023
3.236 972500 986.154 15.107 404677 597510 1300.35 1.0035e+006 -31002
3.241 971668 985.732 13.844 397233 604021 1407.73 1.00268e+006 -31008.4
3.245 1.09226e+006 1045.11 12.9055 391275 609071 1499.34 1.00186e+006 90403.9
3.25 983595 991.764 11.8162 383828 615177 1621.4 1.00064e+006 -17043.3
3.254 1.02221e+006 1011.04 11.0074 377874 619891 1725.43 999502 22708.2
3.259 1.72452e+006 1313.21 10.0695 370442 625565 1863.89 997880 726635
3.263 1.2941e+006 1137.58 9.37374 364506 629923 1981.77 996420 297676
3.268 992222 996.103 8.56749 357103 635140 2138.5 994390 -2168.57
3.272 833012 912.695 7.96992 351199 639123 2271.78 992601 -159589
3.277 816405 903.551 7.27804 343843 643859 2448.81 990158 -173753
3.281 808649 899.249 6.76567 337981 647449 2599.19 988036 -179388
3.286 820067 905.575 6.17291 330687 651683 2798.72 985176 -165109
3.29 870833 933.184 5.73432 324881 654864 2968.04 982719 -111886
3.295 876883 936.42 5.22734 317663 658578 3192.44 979438 -102556
3.299 1.01114e+006 1005.55 4.85253 311923 661335 3382.66 976646 34493.2
3.304 1.13267e+006 1064.27 4.41963 304795 664511 3634.49 972944 159729
3.309 1.07884e+006 1038.67 4.0234 297722 667382 3902.74 969010 109826
3.313 992167 996.076 3.73084 292105 669456 4129.74 965694 26473.1
3.318 1.10333e+006 1050.39 3.39338 285141 671767 4429.77 961341 141988
3.323 1.0568e+006 1028.01 3.08495 278243 673763 4748.75 956757 100043
3.327 1.04359e+006 1021.56 2.85751 272773 675130 5018.23 952924 90665.7
3.332 1.1929e+006 1092.2 2.59551 266000 676551 5373.8 947928 244972
3.337 1.12949e+006 1062.77 2.35638 259302 677650 5751.12 942705 186781
3.341 840286 916.671 2.18027 253999 678295 6069.35 938366 -98080.3
3.346 847560 920.63 1.97767 247443 678810 6488.52 932743 -85183
3.351 925225 961.886 1.79302 240968 678999 6932.49 926901 -1676.46
3.356 863856 929.439 1.62481 234578 678862 7402.4 920844 -56987.8
3.36 768745 876.781 1.50116 229528 678518 7797.81 915846 -147101
3.365 767545 876.096 1.35914 223296 677795 8317.42 909410 -141866
3.37 918184 958.219 1.22997 217155 676749 8866.35 902771 15412.7
3.375 954268 976.866 1.11252 211106 675379 9445.86 895932 58335.7
3.38 842786 918.034 1.0058 205152 673689 10057.2 888899 -46112.9
3.385 840544 916.812 0.90888 199294 671680 10701.8 881677 -41132.7
3.389 838629 915.767 0.837816 194677 669846 11242.2 875766 -37137.4
3.394 812702 901.5 0.756416 188995 667273 11949.8 868218 -55515.7
3.399 893284 945.137 0.682593 183412 664390 12694.3 860497 32787
3.404 860032 927.379 0.615675 177930 661202 13477.1 852610 7422.08
3.409 909032 953.431 0.555046 172549 657713 14299.7 844563 64468.5
3.414 998070 999.035 0.500145 167271 653929 15163.5 836364 161706
3.419 928925 963.808 0.450455 162096 649855 16069.7 828021 100904
3.424 827194 909.502 0.405504 157024 645496 17020 819540 7653.8
3.429 766743 875.638 0.364861 152055 640859 18015.6 810930 -44187.8
3.434 846830 920.234 0.328131 147191 635950 19058.1 802199 44630.6
3.439 876797 936.375 0.294956 142431 630775 20148.9 793355 83441.9
3.444 724812 851.359 0.265005 137775 625343 21289.4 784407 -59595.7
3.449 705896 840.176 0.23798 133223 619659 22481 775363 -69467.6
3.454 611090 781.722 0.213607 128775 613733 23725 766233 -155143
3.459 789573 888.579 0.191637 124430 607571 25022.9 757025 32548.1
3.464 900870 949.142 0.171843 120189 601183 26376.1 747748 153122
3.469 864048 929.542 0.154018 116050 594577 27785.8 738413 125635
3.474 752183 867.285 0.137975 112013 587761 29253.3 729027 23156.1
3.48 641286 800.804 0.120836 107303 579317 31092.5 717713 -76426.2
3.485 730595 854.749 0.108134 103488 572071 32691.6 708251 22344
3.49 709663 842.415 0.0967195 99773 564645 34352.5 698771 10892.8
3.495 683477 826.727 0.0864679 96156.4 557048 36076.1 689281 -5803.73
3.5 768715 876.764 0.0772653 92637.4 549289 37863.5 679790 88924.8
3.505 686437 828.515 0.0690085 89215 541379 39715.8 670309 16127.9
3.511 665045 815.503 0.0602179 85233.9 531699 42025.3 658958 6087.12
3.516 737091 858.54 0.0537253 82019.7 523489 44023.1 649532 87559.1
3.521 766580 875.546 0.0479093 78898.3 515158 46088.4 640144 126436
3.526 698988 836.055 0.0427022 75868.2 506716 48221.7 630806 68182.2
3.532 556780 746.177 0.0371712 72350.8 496454 50872.1 619677 -62896.5
3.537 519858 721.012 0.0330957 69516.9 487803 53156.9 610477 -90618.9
3.542 554687 744.773 0.0294527 66769.9 479073 55510.9 601354 -46667.3
3.548 597720 773.124 0.02559 63586 468507 58427.7 590520 7199.79
3.553 525926 725.207 0.0227488 61024.8 459636 60935 581596 -55670.4
3.558 559896 748.262 0.0202132 58545.6 450718 63511.9 572775 -12879.3
3.564 672053 819.788 0.0175295 55676.6 439965 66695.7 562337 109716
3.569 604811 777.696 0.0155589 53372.2 430972 69424.7 553769 51041.7
3.575 543242 737.05 0.0134758 50708.3 420157 72789.9 543656 -413.527
3.58 520855 721.703 0.0119482 48571 411136 75668.7 535375 -14520.1
3.586 580148 761.675 0.0103352 46102.7 400311 79211.3 525625 54523.3
3.591 614654 783.999 0.00915376 44124.4 391302 82235.7 517662 96992
3.597 496203 704.417 0.00790784 41842.2 380517 85950 508309 -12106.2
3.602 529135 727.417 0.00699639 40014.9 371560 89114.4 500690 28445.2
3.608 536109 732.194 0.00603634 37909 360862 92992.3 491763 44345.5
3.613 447002 668.582 0.00533488 36224.7 351996 96289.2 484510 -37508.4
3.619 379248 615.832 0.00459692 34285.6 341428 100321 476035 -96786.1
3.624 438476 662.175 0.00405838 32736.2 332689 103741 469166 -30689.5
3.63 476956 690.62 0.0034925 30954.3 322291 107914 461160 15796.1
3.636 542082 736.262 0.00300341 29254.1 312004 112158 453416 88666.5
3.641 584925 764.804 0.00264717 27897.8 303521 115746 447165 137760
3.647 493948 702.814 0.00227354 26340.4 293460 120109 439909 54038.5
3.653 388505 623.302 0.00195128 24857 283537 124528 432922 -44417
3.658 354639 595.516 0.00171699 23675.5 275379 128251 427305 -72665.9
3.664 389906 624.425 0.00147172 22320.8 265730 132760 420811 -30904.8
3.67 380376 616.746 0.00126061 21032.8 256242 137310 414584 -34208.6
3.676 362394 601.992 0.00107902 19808.7 246922 141893 408623 -46229.2
3.681 380113 616.533 0.000947335 18835.8 239288 145733 403857 -23744.3
3.687 396479 629.666 0.000809831 17722.7 230293 150360 398375 -1895.75
3.693 463798 681.027 0.000691801 16666.7 221482 155000 393149 70648.6
3.699 458883 677.409 0.000590559 15665.5 212862 159645 388173 70710.3
3.705 421230 649.022 0.00050378 14716.8 204435 164289 383441 37788.7
3.711 352957 594.102 0.000429451 13818.3 196207 168922 378947 -25990
3.716 387007 622.099 0.000375759 13106.4 189503 172768 375378 11628.8
3.722 413113 642.739 0.000319907 12294.5 181646 177360 371300 41813.1
3.728 431269 656.711 0.000272166 11526.9 173993 181917 367437 63832.4
3.734 432061 657.314 0.000231388 10801.6 166548 186430 363780 68281.5
3.74 381795 617.896 0.000196581 10116.7 159312 190891 360319 21475.9
3.746 408381 639.047 0.000166893 9470.26 152284 195290 357044 51336.9
3.752 392786 626.726 0.000141589 8860.53 145466 199618 353945 38840.5
3.758 359346 599.454 0.000120038 8285.74 138857 203867 351010 8335.35
3.764 340594 583.604 0.000101696 7744.21 132457 208027 348228 -7634.72
3.77 332734 576.831 8.60956e-005 7234.31 126264 212089 345588 -12854.3
3.776 343807 586.35 7.28376e-005 6754.47 120278 216045 343077 729.248
3.783 415870 644.88 5.98743e-005 6230.63 113553 220512 340296 75574
3.789 475948 689.89 5.05773e-005 5810.8 108008 224206 338024 137925
3.795 319245 565.018 4.26939e-005 5416.45 102662 227765 335843 -16598.1
3.801 262372 512.223 3.6014e-005 5046.23 97513.5 231181 333741 -71368.1
3.807 278448 527.681 3.0358e-005 4698.87 92559.3 234446 331705 -53257
3.813 265282 515.055 2.55723e-005 4373.14 87796 237553 329722 -64440.7
3.82 282366 531.381 2.09153e-005 4018.91 82475.7 240968 327462 -45096.4
3.826 299110 546.909 1.75914e-005 3736.11 78114.3 243706 325556 -26446.5
3.832 448702 669.852 1.47854e-005 3471.4 73932.4 246263 323666 125035
3.838 406641 637.684 1.24183e-005 3223.76 69926.1 248632 321782 84858.6
3.845 313093 559.547 1.01222e-005 2955.15 65468.3 251152 319575 -6482.25
3.851 288262 536.901 8.48878e-006 2741.25 61827.9 253096 317665 -29402.5
3.857 300801 548.453 7.11392e-006 2541.51 58349.6 254835 315726 -14925.4
3.864 298859 546.68 5.7836e-006 2325.27 54490.5 256599 313415 -14556.7
3.87 335754 579.443 4.83952e-006 2153.41 51348.1 257881 311382 24371.5
3.877 275915 525.276 3.92756e-006 1967.6 47868.3 259102 308938 -33022.7
3.883 235703 485.492 3.28146e-006 1820.13 45040.3 259910 306771 -71068.2
3.89 241803 491.734 2.65838e-006 1660.89 41914.7 260573 304148 -62345.8
3.896 293669 541.912 2.2177e-006 1534.67 39379.3 260899 301813 -8143.49
3.903 340405 583.442 1.79342e-006 1398.57 36582.6 260995 298976 41428.9
3.909 231187 480.819 1.49385e-006 1290.83 34318.4 260834 296443 -65255.5
3.916 193078 439.406 1.20592e-006 1174.8 31825.4 260362 293362 -100285
3.922 239891 489.786 1.00296e-006 1083.08 29810.9 259716 290610 -50719.8
3.929 256142 506.105 8.08212e-007 984.431 27597.2 258683 287265 -31122.8
3.936 221627 470.773 6.50657e-007 894.135 25523.8 257352 283770 -62142.7
3.942 237302 487.136 5.39886e-007 822.896 23853.1 255978 280654 -43351.8
3.949 301165 548.785 4.3387e-007 746.435 22022.5 254107 276875 24289.8
3.956 375039 612.404 3.48339e-007 676.598 20313.2 251954 272943 102096
3.962 230858 480.477 2.88362e-007 621.612 18940 249889 269451 -38593
3.969 192501 438.749 2.31106e-007 562.714 17439.5 247233 265235 -72734.4
3.976 227831 477.316 1.85042e-007 509.035 16042.7 244319 260871 -33039.6
3.983 344875 587.261 1.48018e-007 460.151 14744 241156 256360 88515.3
3.99 210316 458.603 1.18289e-007 415.667 13537.7 237755 251708 -41391.4
3.996 206239 454.136 9.75333e-008 380.762 12573.1 234659 247612 -41373.2
4.003 200433 447.697 7.7806e-008 343.501 11524.2 230846 242714 -42280.8
4.01 203573 451.191 6.20096e-008 309.667 10552.9 226829 237692 -34118.3
4.017 228492 478.008 4.9373e-008 278.967 9654.38 222621 232554 -4062.31
4.024 368557 607.089 3.92741e-008 251.133 8824.05 218235 227310 141247
4.031 257999 507.936 3.12111e-008 225.917 8057.55 213685 221968 36030.3
4.038 231121 480.75 2.47797e-008 203.088 7350.71 208984 216538 14582.6
4.045 162778 403.458 1.96549e-008 182.437 6699.57 204147 211030 -48251.2
4.052 134294 366.462 1.5575e-008 163.77 6100.37 199189 205453 -71159
4.059 136861 369.948 1.23303e-008 146.908 5549.53 194123 199820 -62958.5
4.066 167198 408.899 9.75222e-009 131.69 5043.69 188965 194140 -26942
4.073 243971 493.934 7.70582e-009 117.964 4579.64 183728 188425 55545.4
4.081 191728 437.868 5.88051e-009 103.931 4096.63 177665 181865 9863.04
4.088 170601 413.039 4.63706e-009 92.9571 3712.22 172307 176113 -5511.85
4.095 132491 363.993 3.65305e-009 83.0834 3360.73 166916 170360 -37869.1
4.102 107909 328.495 2.87511e-009 74.2058 3039.65 161504 164617 -56708.6
4.109 144468 380.089 2.26068e-009 66.23 2746.66 156084 158896 -14428.5
4.117 203457 451.062 1.71553e-009 58.1085 2443.42 149896 152398 51059.4
4.124 133870 365.883 1.34615e-009 51.7841 2203.46 144502 146758 -12887.4
4.131 130532 361.292 1.0553e-009 46.1154 1985.19 139139 141171 -10638.9
4.139 144902 380.66 7.98083e-010 40.3577 1760.06 133062 134863 10039.3
4.146 128541 358.526 6.24369e-010 35.8853 1582.52 127802 129421 -879.649
4.154 109610 331.074 4.71084e-010 31.3505 1399.83 121870 123301 -13691
4.161 108755 329.78 3.67793e-010 27.834 1256.09 116759 118043 -9287.66
4.168 106975 327.071 2.86876e-010 24.6945 1126.06 111731 112881 -5906.03
4.176 95258.3 308.639 2.15706e-010 21.519 992.698 106097 107111 -11852.5
4.183 81988 286.335 1.67906e-010 19.0628 888.136 101273 102180 -20192.2
4.191 84439.7 290.585 1.25956e-010 16.5827 781.153 95890.5 96688.2 -12248.5
4.199 108835 329.901 9.43692e-011 14.4119 686.214 90655.1 91355.8 17478.8
4.206 90113.3 300.189 7.32271e-011 12.7373 612.039 86200.9 86825.6 3287.69
4.214 83712.7 289.331 5.47354e-011 11.0507 536.416 81260.9 81808.3 1904.37
4.222 68843 262.38 4.08624e-011 9.57862 469.559 76486.7 76965.9 -8122.84
4.229 60130.4 245.215 3.16085e-011 8.44591 417.511 72449 72874.9 -12744.5
4.237 55476.8 235.535 2.3542e-011 7.30812 364.633 67997.1 68369 -12892.2
4.245 49988.5 223.581 1.75123e-011 6.31775 318.061 63721 64045.4 -14056.9
4.253 58177.1 241.199 1.30107e-011 5.45655 277.096 59622.5 59905.1 -1727.94
4.26 66913.5 258.676 1.00218e-011 4.79623 245.357 56182.6 56432.7 10480.8
4.268 72795.1 269.806 7.42827e-012 4.13525 213.264 52418.2 52635.6 20159.5
4.276 71561.3 267.51 5.49907e-012 3.56207 185.142 48831.2 49019.9 22541.4
4.284 41699 204.203 4.06583e-012 3.0655 160.53 45420.1 45583.7 -3884.68
4.292 36319.5 190.577 3.0024e-012 2.63571 139.02 42182.6 42324.3 -6004.74
4.3 39742.4 199.355 2.21435e-012 2.26409 120.243 39116 39238.5 503.959
4.308 43815.4 209.321 1.63111e-012 1.94306 103.875 36216.7 36322.5 7492.8
4.316 35723.3 189.006 1.19999e-012 1.66601 89.6253 33481.1 33572.4 2150.95
4.324 31671.3 177.964 8.81721e-013 1.42715 77.2351 30904.7 30983.4 687.916
4.332 22269.7 149.23 6.47059e-013 1.2214 66.476 28482.9 28550.6 -6280.96
4.34 33586.1 183.265 4.74258e-013 1.04434 57.1455 26210.8 26269 7317.16
4.348 43328.1 208.154 3.47172e-013 0.892131 49.0642 24082.9 24132.9 19195.2
4.357 40728.5 201.813 2.44058e-013 0.746417 41.2699 21854.9 21896.9 18831.6
4.365 28817.3 169.756 1.78186e-013 0.636375 35.3413 20015.4 20051.4 8765.84
4.373 23941.7 154.731 1.29931e-013 0.542054 30.2272 18302.8 18333.5 5608.2
4.381 17765.4 133.287 9.46255e-014 0.461286 25.8214 16711 16737.3 1028.05
4.39 21796.6 147.637 6.61371e-014 0.38429 21.5959 15057.6 15079.6 6717.07
4.398 32230.3 179.528 4.80387e-014 0.326387 18.4 13703.4 13722.1 18508.2
4.406 46119 214.753 3.48495e-014 0.276952 15.6579 12451.9 12467.9 33651.1
4.415 68107 260.973 2.42511e-014 0.229975 13.0391 11159.7 11172.9 56934
4.423 59661.1 244.256 1.75463e-014 0.19476 11.0669 10107.5 10118.8 49542.3
