1.772 147650 384.253 1.37927e-023 8.57235e-013 0.26916 334.673 334.942 147315
1.773 151639 389.409 1.47088e-023 8.99888e-013 0.275489 339.323 339.599 151300
1.775 155306 394.089 1.6726e-023 9.91584e-013 0.288583 348.799 349.087 154957
1.776 158396 397.99 1.78352e-023 1.04083e-012 0.295353 353.625 353.92 158042
1.777 160781 400.975 1.90175e-023 1.0925e-012 0.302276 358.511 358.813 160422
1.778 162443 403.042 2.02775e-023 1.1467e-012 0.309355 363.458 363.767 162079
1.78 163422 404.255 2.30514e-023 1.26319e-012 0.323997 373.535 373.859 163048
1.781 163798 404.72 2.45765e-023 1.32575e-012 0.331566 378.668 378.999 163419
1.782 163721 404.625 2.62016e-023 1.39136e-012 0.339306 383.863 384.202 163337
1.783 163473 404.318 2.79334e-023 1.46018e-012 0.347219 389.122 389.469 163084
1.785 163459 404.301 3.17451e-023 1.60807e-012 0.363584 399.835 400.198 163059
1.786 164106 405.1 3.38402e-023 1.68747e-012 0.372043 405.289 405.661 163701
1.787 161274 401.59 3.60726e-023 1.77074e-012 0.380692 410.81 411.191 160863
1.788 146126 382.265 3.8451e-023 1.85807e-012 0.389534 416.399 416.788 145709
1.789 125769 354.64 4.0985e-023 1.94965e-012 0.398574 422.055 422.454 125347
1.791 135069 367.517 4.65608e-023 2.14639e-012 0.417264 433.574 433.992 134635
1.792 149433 386.565 4.96248e-023 2.25199e-012 0.426924 439.439 439.865 148993
1.793 161190 401.485 5.28888e-023 2.36272e-012 0.436798 445.374 445.81 160745
1.794 178529 422.528 5.63658e-023 2.47883e-012 0.446893 451.38 451.827 178078
1.796 190214 436.135 6.40148e-023 2.72821e-012 0.467761 463.611 464.078 189750
1.797 190032 435.926 6.8217e-023 2.86203e-012 0.478543 469.836 470.315 189561
1.798 159873 399.842 7.2693e-023 3.00234e-012 0.489566 476.136 476.626 159397
1.799 147133 383.579 7.74603e-023 3.14944e-012 0.500832 482.511 483.012 146650
1.801 158598 398.244 8.79453e-023 3.46531e-012 0.52412 495.49 496.014 158102
1.802 189763 435.618 9.37044e-023 3.63479e-012 0.536151 502.095 502.632 189260
1.803 187185 432.648 9.98376e-023 3.81245e-012 0.548448 508.779 509.327 186675
1.805 166331 407.837 1.13324e-022 4.19388e-012 0.573862 522.384 522.958 165808
1.806 160312 400.39 1.20731e-022 4.3985e-012 0.586991 529.307 529.894 159782
1.807 161083 401.352 1.28618e-022 4.61297e-012 0.600409 536.312 536.912 160546
1.808 165661 407.015 1.37015e-022 4.83776e-012 0.614122 543.399 544.013 165117
1.81 165781 407.162 1.55477e-022 5.32029e-012 0.642458 557.823 558.465 165222
1.811 177812 421.677 1.65614e-022 5.57908e-012 0.657094 565.161 565.819 177246
1.812 175814 419.302 1.76406e-022 5.85029e-012 0.67205 572.586 573.258 175241
1.813 174352 417.555 1.87896e-022 6.13452e-012 0.687334 580.096 580.783 173771
1.815 180045 424.318 2.13149e-022 6.74451e-012 0.718912 595.38 596.099 179449
1.816 195945 442.657 2.27012e-022 7.07159e-012 0.73522 603.155 603.89 195342
1.817 188859 434.579 2.41768e-022 7.41433e-012 0.751884 611.019 611.771 188247
1.819 169009 411.107 2.74196e-022 8.14975e-012 0.786308 627.021 627.807 168381
1.82 174815 418.108 2.91994e-022 8.54403e-012 0.804084 635.16 635.964 174179
1.821 189611 435.443 3.10937e-022 8.95712e-012 0.822246 643.393 644.215 188967
1.822 195119 441.722 3.31099e-022 9.38993e-012 0.840803 651.72 652.56 194466
1.824 180611 424.984 3.75396e-022 1.03184e-011 0.879132 668.659 669.538 179941
1.825 178950 423.024 3.99701e-022 1.08161e-011 0.898921 677.274 678.173 178271
1.826 217499 466.368 4.25568e-022 1.13375e-011 0.919138 685.986 686.905 216812
1.828 246367 496.354 4.82388e-022 1.24558e-011 0.960893 703.708 704.669 245662
1.829 211927 460.355 5.13559e-022 1.30551e-011 0.982448 712.72 713.702 211213
1.83 178326 422.287 5.46728e-022 1.36828e-011 1.00447 721.833 722.837 177603
1.832 194081 440.546 6.19574e-022 1.50291e-011 1.04994 740.367 741.417 193339
1.833 173936 417.057 6.59531e-022 1.57505e-011 1.07341 749.791 750.864 173186
1.834 182242 426.898 7.02043e-022 1.6506e-011 1.09739 759.319 760.417 181481
1.835 196386 443.155 7.47273e-022 1.72973e-011 1.12188 768.954 770.076 195616
1.837 201379 448.753 8.46585e-022 1.89939e-011 1.17244 788.547 789.72 200590
1.838 193969 440.419 9.01046e-022 1.99027e-011 1.19854 798.507 799.706 193169
1.839 217692 466.574 9.58981e-022 2.08545e-011 1.22519 808.577 809.802 216882
1.841 215562 464.286 1.08617e-021 2.28949e-011 1.28022 829.052 830.333 214731
1.842 193436 439.813 1.1559e-021 2.39878e-011 1.30862 839.459 840.768 192595
1.843 183076 427.874 1.23007e-021 2.51321e-011 1.33762 849.981 851.318 182225
1.845 197824 444.774 1.39288e-021 2.75848e-011 1.39748 871.37 872.768 196951
1.846 247467 497.461 1.48213e-021 2.88983e-011 1.42837 882.241 883.669 246584
1.847 250074 500.074 1.57704e-021 3.02735e-011 1.45992 893.23 894.69 249179
1.849 226500 475.921 1.78534e-021 3.32206e-011 1.52502 915.567 917.092 225583
1.85 226573 475.996 1.89951e-021 3.47985e-011 1.55861 926.918 928.477 225644
1.851 229671 479.24 2.02091e-021 3.64505e-011 1.59291 938.391 939.984 228731
1.853 194911 441.487 2.28728e-021 3.99899e-011 1.6637 961.71 963.374 193948
1.854 214795 463.46 2.43325e-021 4.18847e-011 1.70022 973.558 975.259 213820
1.855 213368 461.918 2.58845e-021 4.38681e-011 1.7375 985.533 987.271 212381
1.857 220706 469.793 2.92893e-021 4.8117e-011 1.81444 1009.87 1011.68 219694
1.858 231133 480.763 3.11546e-021 5.03913e-011 1.85412 1022.23 1024.09 230109
1.859 226859 476.297 3.31378e-021 5.27716e-011 1.89464 1034.73 1036.62 225823
1.861 232313 481.988 3.74876e-021 5.787e-011 1.97824 1060.11 1062.09 231250
1.862 236048 485.847 3.98703e-021 6.05984e-011 2.02135 1073.01 1075.03 234973
1.863 226880 476.319 4.24032e-021 6.34538e-011 2.06537 1086.04 1088.11 225792
1.865 223114 472.349 4.79577e-021 6.95686e-011 2.15617 1112.52 1114.67 221999
1.866 234090 483.828 5.09997e-021 7.28405e-011 2.20299 1125.96 1128.16 232962
1.868 228137 477.637 5.76697e-021 7.98465e-011 2.29958 1153.28 1155.58 226981
1.869 252388 502.382 6.13223e-021 8.35948e-011 2.34939 1167.15 1169.5 251219
1.87 230397 479.996 6.52043e-021 8.75166e-011 2.40023 1181.16 1183.57 229213
1.872 241385 491.31 7.37143e-021 9.59127e-011 2.50509 1209.63 1212.14 240173
1.873 270865 520.447 7.83736e-021 1.00404e-010 2.55915 1224.09 1226.65 269638
1.874 201579 448.975 8.3325e-021 1.05103e-010 2.61433 1238.69 1241.31 200337
1.876 193570 439.966 9.41773e-021 1.1516e-010 2.72813 1268.36 1271.08 192299
1.877 192206 438.413 1.00118e-020 1.20539e-010 2.7868 1283.41 1286.2 190920
1.879 201150 448.498 1.13137e-020 1.32052e-010 2.90778 1313.99 1316.9 199833
1.88 197678 444.61 1.20263e-020 1.38208e-010 2.97014 1329.52 1332.49 196346
1.881 205916 453.779 1.27833e-020 1.44648e-010 3.03377 1345.2 1348.23 204567
1.883 216642 465.448 1.44422e-020 1.58427e-010 3.16499 1377.04 1380.21 215261
1.884 252525 502.519 1.53499e-020 1.65795e-010 3.23263 1393.2 1396.44 251129
1.885 250717 500.716 1.63143e-020 1.73501e-010 3.30164 1409.53 1412.83 249304
1.887 269800 519.423 1.84268e-020 1.89986e-010 3.44392 1442.67 1446.11 268354
1.888 297595 545.523 1.95827e-020 1.98799e-010 3.51725 1459.49 1463.01 296132
1.89 203264 450.848 2.21145e-020 2.17653e-010 3.66841 1493.63 1497.3 201767
1.891 206408 454.322 2.34996e-020 2.2773e-010 3.7463 1510.96 1514.71 204894
1.892 206772 454.722 2.49706e-020 2.38267e-010 3.82577 1528.46 1532.29 205240
1.894 221130 470.245 2.81922e-020 2.60805e-010 3.98959 1563.98 1567.97 219562
1.895 249147 499.146 2.99544e-020 2.7285e-010 4.07399 1582 1586.07 247561
1.897 260412 510.306 3.38128e-020 2.98609e-010 4.24795 1618.58 1622.82 258789
1.898 206747 454.695 3.5923e-020 3.12373e-010 4.33757 1637.13 1641.47 205106
1.9 218513 467.453 4.05429e-020 3.41806e-010 4.52227 1674.79 1679.31 216833
1.901 220154 469.206 4.30692e-020 3.57532e-010 4.61742 1693.89 1698.51 218456
1.902 209250 457.439 4.57516e-020 3.7397e-010 4.71448 1713.18 1717.9 207532
1.904 210409 458.704 5.16231e-020 4.09116e-010 4.91449 1752.32 1757.23 208652
1.905 211058 459.411 5.48332e-020 4.2789e-010 5.01751 1772.17 1777.19 209281
1.907 216320 465.102 6.18591e-020 4.68025e-010 5.22977 1812.45 1817.68 214503
1.908 229422 478.98 6.56997e-020 4.89461e-010 5.3391 1832.87 1838.21 227583
1.91 230422 480.023 7.41045e-020 5.35281e-010 5.56434 1874.31 1879.88 228542
1.911 213766 462.348 7.86984e-020 5.59751e-010 5.68034 1895.33 1901.01 211865
1.912 217588 466.463 8.35745e-020 5.85324e-010 5.79864 1916.54 1922.34 215666
1.914 208243 456.337 9.42432e-020 6.39974e-010 6.04236 1959.57 1965.62 206278
1.915 211167 459.529 1.00073e-019 6.69156e-010 6.16785 1981.39 1987.56 209180
1.917 220562 469.64 1.12828e-019 7.31511e-010 6.42635 2025.65 2032.07 218530
1.918 235128 484.9 1.19797e-019 7.64802e-010 6.55945 2048.08 2054.64 233073
1.92 252486 502.48 1.35041e-019 8.35929e-010 6.83358 2093.59 2100.42 250385
1.921 241473 491.399 1.43369e-019 8.739e-010 6.97472 2116.65 2123.63 239350
1.922 233137 482.843 1.52206e-019 9.13569e-010 7.11864 2139.93 2147.05 230990
1.924 211315 459.69 1.71533e-019 9.98309e-010 7.41502 2187.14 2194.55 209121
1.925 193068 439.395 1.8209e-019 1.04354e-009 7.56759 2211.07 2218.64 190849
1.927 196170 442.911 2.05174e-019 1.14014e-009 7.88177 2259.58 2267.46 193903
1.928 210835 459.168 2.17781e-019 1.1917e-009 8.04349 2284.17 2292.22 208543
1.93 230555 480.161 2.45345e-019 1.3018e-009 8.37647 2334.02 2342.4 228212
1.931 220903 470.004 2.60398e-019 1.36055e-009 8.54785 2359.29 2367.83 218536
1.933 206500 454.423 2.93303e-019 1.486e-009 8.90071 2410.5 2419.4 204081
1.934 211144 459.504 3.11269e-019 1.55294e-009 9.0823 2436.45 2445.53 208698
1.936 242054 491.99 3.5054e-019 1.69584e-009 9.45614 2489.05 2498.51 239556
1.937 198407 445.43 3.71978e-019 1.77208e-009 9.64852 2515.7 2525.35 195882
1.939 200697 447.993 4.18832e-019 1.93483e-009 10.0445 2569.72 2579.76 198118
1.94 198094 445.078 4.44408e-019 2.02164e-009 10.2483 2597.08 2607.33 195487
1.942 179394 423.55 5.00294e-019 2.20694e-009 10.6677 2652.54 2663.21 176731
1.943 186769 432.168 5.30796e-019 2.30576e-009 10.8835 2680.63 2691.51 184078
1.945 177937 421.826 5.97438e-019 2.51668e-009 11.3276 2737.56 2748.88 175188
1.946 163754 404.665 6.33805e-019 2.62916e-009 11.5561 2766.39 2777.95 160976
1.948 179999 424.263 7.13251e-019 2.86918e-009 12.0263 2824.81 2836.84 177162
1.949 204015 451.681 7.566e-019 2.99716e-009 12.2682 2854.4 2866.67 201149
1.951 208283 456.38 8.51284e-019 3.27023e-009 12.7659 2914.35 2927.11 205355
1.952 220418 469.487 9.0294e-019 3.41581e-009 13.0219 2944.7 2957.72 217460
1.954 219446 468.451 1.01575e-018 3.72639e-009 13.5487 3006.2 3019.75 216426
1.955 213906 462.5 1.07729e-018 3.89195e-009 13.8196 3037.34 3051.16 210855
1.957 194316 440.812 1.21167e-018 4.24512e-009 14.377 3100.41 3114.78 191201
1.958 175242 418.619 1.28496e-018 4.43336e-009 14.6636 3132.34 3147 172095
1.96 207829 455.883 1.44499e-018 4.83484e-009 15.2534 3197.02 3212.27 204617
1.961 182175 426.82 1.53225e-018 5.0488e-009 15.5566 3229.76 3245.32 178930
1.963 195890 442.594 1.72276e-018 5.5051e-009 16.1804 3296.07 3312.25 192577
1.964 214502 463.144 1.82663e-018 5.74824e-009 16.5011 3329.63 3346.14 211156
1.966 213309 461.854 2.05337e-018 6.2667e-009 17.1608 3397.6 3414.76 209895
1.967 191342 437.427 2.17699e-018 6.54293e-009 17.5 3432 3449.5 187893
1.969 165312 406.586 2.44677e-018 7.13186e-009 18.1976 3501.66 3519.85 161792
1.97 184940 430.046 2.59383e-018 7.44561e-009 18.5562 3536.91 3555.46 181384
1.972 163717 404.619 2.91474e-018 8.11443e-009 19.2937 3608.27 3627.57 160089
1.973 152553 390.58 3.08965e-018 8.47069e-009 19.6728 3644.39 3664.06 148889
1.975 162494 403.105 3.47128e-018 9.23005e-009 20.4523 3717.5 3737.95 158756
1.976 175179 418.544 3.67926e-018 9.63448e-009 20.853 3754.49 3775.34 171404
1.978 182598 427.315 4.13297e-018 1.04964e-008 21.6768 3829.36 3851.04 178747
1.98 188622 434.307 4.64206e-018 1.14342e-008 22.5315 3905.43 3927.96 184694
1.981 171693 414.359 4.91945e-018 1.19335e-008 22.9708 3943.91 3966.88 167726
1.983 158504 398.126 5.52442e-018 1.29975e-008 23.8737 4021.79 4045.67 154459
1.984 161237 401.544 5.854e-018 1.3564e-008 24.3378 4061.19 4085.53 157152
1.986 156759 395.928 6.57272e-018 1.47708e-008 25.2916 4140.91 4166.2 152592
1.987 153474 391.758 6.9642e-018 1.54133e-008 25.7817 4181.23 4207.01 149267
1.989 161857 402.314 7.81781e-018 1.67819e-008 26.7891 4262.81 4289.6 157567
1.99 153050 391.216 8.28271e-018 1.75104e-008 27.3067 4304.08 4331.38 148719
1.992 137215 370.426 9.29624e-018 1.90619e-008 28.3705 4387.55 4415.92 132799
1.994 163153 403.922 1.04325e-017 2.07487e-008 29.4735 4472.3 4501.77 158651
1.995 209558 457.775 1.10513e-017 2.16464e-008 30.0401 4515.16 4545.2 205013
1.997 175849 419.343 1.23998e-017 2.35579e-008 31.2044 4601.84 4633.04 171216
1.998 159143 398.927 1.31341e-017 2.4575e-008 31.8025 4645.67 4677.47 154465
2 170347 412.731 1.47341e-017 2.67406e-008 33.0314 4734.31 4767.35 165580
2.001 155399 394.207 1.56052e-017 2.78928e-008 33.6626 4779.13 4812.79 150586
2.003 144846 380.587 1.75031e-017 3.03457e-008 34.9594 4869.76 4904.72 139942
2.005 136746 369.792 1.96296e-017 3.30107e-008 36.3034 4961.73 4998.03 131748
2.006 135035 367.471 2.07868e-017 3.44282e-008 36.9936 5008.22 5045.21 129990
2.008 137221 370.433 2.3308e-017 3.74454e-008 38.4114 5102.21 5140.62 132080
2.009 132827 364.454 2.46799e-017 3.90501e-008 39.1395 5149.72 5188.86 127638
2.011 144105 379.612 2.76682e-017 4.24652e-008 40.635 5245.77 5286.4 138819
2.013 142575 377.591 3.10146e-017 4.61738e-008 42.1844 5343.19 5385.38 137190
2.014 153237 391.455 3.28352e-017 4.81458e-008 42.9799 5392.43 5435.41 147802
2.016 147513 384.074 3.67999e-017 5.23418e-008 44.6137 5491.94 5536.56 141976
2.017 128744 358.809 3.89566e-017 5.45727e-008 45.4524 5542.23 5587.68 123156
2.019 131423 362.523 4.36525e-017 5.93187e-008 47.1748 5643.86 5691.04 125732
2.021 127776 357.457 4.89087e-017 6.44704e-008 48.9587 5746.92 5795.88 121980
2.022 124399 352.703 5.17672e-017 6.72088e-008 49.8744 5798.98 5848.85 118550
2.024 121602 348.715 5.79899e-017 7.30334e-008 51.7546 5904.19 5955.94 115646
2.026 118185 343.781 6.49527e-017 7.9354e-008 53.7016 6010.84 6064.54 112121
2.027 127091 356.498 6.87386e-017 8.2713e-008 54.7008 6064.71 6119.41 120971
2.029 121793 348.988 7.69781e-017 8.98562e-008 56.7522 6173.56 6230.31 115562
2.03 116899 341.906 8.14575e-017 9.36519e-008 57.8049 6228.53 6286.33 110613
2.032 113345 336.668 9.12052e-017 1.01723e-007 59.9659 6339.58 6399.55 106946
2.034 106239 325.944 1.02107e-016 1.10477e-007 62.2029 6452.12 6514.32 99724.9
2.035 91304.1 302.166 1.08032e-016 1.15127e-007 63.3507 6508.94 6572.29 84731.8
2.037 92481.9 304.108 1.20924e-016 1.25014e-007 65.7066 6623.72 6689.43 85792.5
2.039 99804.5 315.919 1.35337e-016 1.35734e-007 68.1448 6740.01 6808.15 92996.4
2.04 111865 334.463 1.43169e-016 1.41429e-007 69.3957 6798.72 6868.11 104997
2.042 113589 337.029 1.60205e-016 1.53531e-007 71.9628 6917.28 6989.24 106600
2.044 104389 323.093 1.79246e-016 1.6665e-007 74.6191 7037.37 7111.99 97277.4
2.045 99351.8 315.201 1.89591e-016 1.73617e-007 75.9816 7097.99 7173.97 92177.9
2.047 99793.2 315.901 2.12087e-016 1.88421e-007 78.7773 7220.38 7299.16 92494
2.049 110452 332.343 2.37223e-016 2.04465e-007 81.6697 7344.32 7425.99 103026
2.05 112834 335.908 2.50876e-016 2.12983e-007 83.1532 7406.87 7490.03 105344
2.052 112545 335.477 2.80559e-016 2.31079e-007 86.1964 7533.15 7619.34 104926
2.054 119737 346.03 3.13716e-016 2.50684e-007 89.3443 7660.98 7750.33 111987
2.055 118756 344.609 3.31722e-016 2.61091e-007 90.9585 7725.49 7816.45 110939
2.057 106961 327.048 3.70858e-016 2.83195e-007 94.2696 7855.69 7949.96 99010.6
2.059 91585.4 302.631 4.14562e-016 3.07137e-007 97.6938 7987.46 8085.16 83500.2
2.06 86120.9 293.464 4.38289e-016 3.19843e-007 99.4495 8053.95 8153.4 77967.5
2.062 90300.1 300.5 4.89851e-016 3.46824e-007 103.05 8188.11 8291.16 82008.9
2.064 89442.3 299.069 5.47413e-016 3.7604e-007 106.773 8323.86 8430.64 81011.7
2.066 82491.8 287.214 6.11665e-016 4.07671e-007 110.622 8461.22 8571.84 73920
2.067 82730.7 287.63 6.46537e-016 4.24453e-007 112.595 8530.5 8643.09 74087.6
2.069 80815.9 284.281 7.22293e-016 4.60079e-007 116.641 8670.26 8786.91 72029
2.071 79558 282.06 8.06828e-016 4.98639e-007 120.823 8811.64 8932.47 70625.5
2.072 82031.6 286.412 8.52698e-016 5.19093e-007 122.966 8882.94 9005.91 73025.7
2.074 81640.5 285.728 9.52323e-016 5.62506e-007 127.36 9026.75 9154.11 72486.4
2.076 73095.4 270.362 1.06346e-015 6.09481e-007 131.902 9172.18 9304.08 63791.3
2.077 73124.9 270.416 1.12375e-015 6.34393e-007 134.229 9245.51 9379.74 63745.1
2.079 75772.3 275.268 1.25467e-015 6.87256e-007 138.999 9393.38 9532.38 66239.9
2.081 69987.6 264.552 1.40067e-015 7.4444e-007 143.928 9542.89 9686.81 60300.8
2.083 72455.2 269.175 1.56346e-015 8.06293e-007 149.021 9694.03 9843.05 62612.1
2.084 79078 281.208 1.65175e-015 8.39086e-007 151.63 9770.21 9921.84 69156.2
2.086 76245.7 276.126 1.8434e-015 9.0865e-007 156.977 9923.81 10080.8 66164.9
2.088 68047.5 260.859 2.05704e-015 9.83871e-007 162.501 10079 10241.5 57805.9
2.09 66589.1 258.049 2.29516e-015 1.0652e-006 168.206 10235.9 10404.1 56185
2.091 63985.8 252.954 2.42426e-015 1.10831e-006 171.128 10315 10486.1 53499.7
2.093 68603.9 261.924 2.7044e-015 1.19972e-006 177.116 10474.3 10651.4 57952.5
2.095 72586.3 269.418 3.01655e-015 1.29853e-006 183.299 10635.3 10818.6 61767.7
2.097 71042.4 266.538 3.36433e-015 1.40532e-006 189.684 10798 10987.6 60054.8
2.098 66482.4 257.842 3.55281e-015 1.4619e-006 192.954 10879.9 11072.8 55409.5
2.1 67789.3 260.364 3.96169e-015 1.58186e-006 199.653 11045 11244.7 56544.7
2.102 66315.9 257.519 4.4171e-015 1.71147e-006 206.568 11211.7 11418.3 54897.6
2.104 73726.6 271.526 4.92426e-015 1.8515e-006 213.707 11380.1 11593.8 62132.7
2.105 69126.1 262.918 5.19905e-015 1.92567e-006 217.362 11464.9 11682.3 57443.7
2.107 59191.6 243.293 5.79494e-015 2.08287e-006 224.849 11635.8 11860.7 47330.9
2.109 56857.6 238.448 6.45836e-015 2.25265e-006 232.575 11808.3 12040.9 44816.8
2.111 55329.5 235.222 7.19686e-015 2.436e-006 240.549 11982.4 12223 43106.5
2.113 66349 257.583 8.01885e-015 2.63397e-006 248.778 12158.2 12407 53942.1
2.114 66366.5 257.617 8.46402e-015 2.7388e-006 252.99 12246.7 12499.7 53866.8
2.116 55299.1 235.158 9.42902e-015 2.96089e-006 261.614 12424.9 12686.5 42612.6
2.118 43328.8 208.156 1.05028e-014 3.20063e-006 270.512 12604.7 12875.2 30453.5
2.12 41202.6 202.984 1.16974e-014 3.45939e-006 279.691 12786.2 13065.9 28136.7
2.122 41115.8 202.77 1.30263e-014 3.73866e-006 289.16 12969.2 13258.4 27857.4
2.123 49435.1 222.34 1.37458e-014 3.88648e-006 294.006 13061.4 13355.4 36079.7
2.125 55936.3 236.509 1.53047e-014 4.19952e-006 303.924 13246.9 13550.8 42385.5
2.127 53757 231.856 1.70383e-014 4.53726e-006 314.154 13434 13748.1 40008.9
2.129 49644.2 222.81 1.8966e-014 4.90163e-006 324.704 13622.6 13947.3 35696.9
2.131 44835.3 211.743 2.11093e-014 5.29466e-006 335.582 13812.9 14148.5 30686.8
2.132 36895.6 192.082 2.22691e-014 5.50261e-006 341.147 13908.6 14249.8 22645.8
2.134 35334.3 187.974 2.47811e-014 5.94283e-006 352.536 14101.3 14453.8 20880.5
2.136 37843.7 194.535 2.75733e-014 6.41755e-006 364.278 14295.5 14659.8 23184
2.138 40157.6 200.394 3.06763e-014 6.92942e-006 376.383 14491.3 14867.7 25289.9
2.14 46714.7 216.136 3.41243e-014 7.48129e-006 388.86 14688.6 15077.5 31637.3
2.142 49393.5 222.247 3.79554e-014 8.0762e-006 401.72 14887.5 15289.2 34104.4
2.143 45910.8 214.268 4.00275e-014 8.39081e-006 408.297 14987.5 15395.8 30515
2.145 40250.1 200.624 4.45133e-014 9.05653e-006 421.753 15188.6 15610.4 24639.7
2.147 36385 190.749 4.94958e-014 9.77397e-006 435.618 15391.3 15827 20558.1
2.149 36347.3 190.65 5.50294e-014 1.05471e-005 449.906 15595.5 16045.4 20301.9
2.151 39007.9 197.504 6.11743e-014 1.138e-005 464.627 15801.2 16265.8 22742
2.153 41666.6 204.124 6.79972e-014 1.22774e-005 479.793 16008.4 16488.2 25178.4
2.154 39292.3 198.223 7.16856e-014 1.27518e-005 487.547 16112.5 16600.1 22692.3
2.156 35919 189.523 7.96664e-014 1.3755e-005 503.404 16321.9 16825.3 19093.7
2.158 34503.6 185.751 8.85251e-014 1.48355e-005 519.737 16532.7 17052.5 17451.2
2.16 35506.8 188.433 9.83569e-014 1.59991e-005 536.56 16745 17281.5 18225.3
2.162 35825.6 189.276 1.09267e-013 1.72521e-005 553.886 16958.7 17512.5 18313
2.164 37785.2 194.384 1.21374e-013 1.86011e-005 571.727 17173.7 17745.5 20039.7
2.166 38483 196.171 1.34805e-013 2.00533e-005 590.099 17390.2 17980.3 20502.6
2.168 35401.7 188.153 1.49705e-013 2.16165e-005 609.015 17608.1 18217.1 17184.6
2.169 34171.2 184.855 1.57754e-013 2.24423e-005 618.681 17717.5 18336.2 15835
2.171 33804.7 183.861 1.75158e-013 2.41876e-005 638.441 17937.4 18575.9 15228.8
2.173 36174.5 190.196 1.9446e-013 2.60658e-005 658.782 18158.6 18817.4 17357.1
2.175 35611.4 188.71 2.15861e-013 2.80867e-005 679.719 18381.2 19060.9 16550.5
2.177 31855.8 178.482 2.3959e-013 3.02609e-005 701.269 18605 19306.3 12549.5
2.179 32262.5 179.618 2.65895e-013 3.25997e-005 723.447 18830.2 19553.6 12708.9
2.181 32668 180.743 2.95052e-013 3.51154e-005 746.269 19056.5 19802.8 12865.2
2.183 34563.9 185.914 3.27368e-013 3.78209e-005 769.754 19284.2 20053.9 14510
2.185 34169.5 184.85 3.63178e-013 4.07304e-005 793.918 19513 20306.9 13862.6
2.187 32193.3 179.425 4.02858e-013 4.38588e-005 818.778 19743 20561.8 11631.4
2.189 31447 177.333 4.46819e-013 4.72222e-005 844.352 19974.3 20818.6 10628.4
2.19 29943.8 173.043 4.70545e-013 4.89974e-005 857.413 20090.3 20947.7 8996.04
2.192 29111.1 170.62 5.21798e-013 5.2746e-005 884.094 20323.2 21207.3 7903.73
2.194 30070.7 173.409 5.78564e-013 5.6775e-005 911.536 20557.3 21468.9 8601.83
2.196 32864.5 181.286 6.41428e-013 6.1105e-005 939.759 20792.5 21732.2 11132.2
2.198 33202.4 182.215 7.11036e-013 6.57579e-005 968.782 21028.7 21997.5 11204.9
2.2 29849.3 172.77 7.88104e-013 7.07571e-005 998.626 21266 22264.6 7584.7
2.202 29899.8 172.916 8.73419e-013 7.61279e-005 1029.31 21504.3 22533.6 7366.13
2.204 30538.5 174.753 9.67854e-013 8.18973e-005 1060.86 21743.6 22804.5 7734.02
2.206 30563.4 174.824 1.07237e-012 8.8094e-005 1093.29 21983.9 23077.2 7486.16
2.208 32540.8 180.391 1.18803e-012 9.47489e-005 1126.63 22225.2 23351.8 9188.95
2.21 37000.2 192.354 1.316e-012 0.000101895 1160.9 22467.3 23628.2 13371.9
2.212 34296.2 185.192 1.45759e-012 0.000109568 1196.12 22710.4 23906.5 10389.7
2.214 32420 180.055 1.61421e-012 0.000117806 1232.31 22954.3 24186.6 8233.33
2.216 31505.8 177.499 1.78744e-012 0.000126649 1269.5 23199.1 24468.6 7037.23
2.218 29931.2 173.006 1.97903e-012 0.00013614 1307.72 23444.7 24752.4 5178.82
2.22 31012.3 176.103 2.19089e-012 0.000146327 1346.98 23691 25038 5974.27
2.222 35113.4 187.386 2.42514e-012 0.000157258 1387.32 23938.1 25325.4 9787.93
2.224 34093.8 184.645 2.68411e-012 0.000168986 1428.76 24185.9 25614.7 8479.11
2.226 33731.4 183.661 2.97038e-012 0.000181569 1471.32 24434.4 25905.8 7825.66
2.228 32648.8 180.69 3.28678e-012 0.000195068 1515.04 24683.6 26198.6 6450.11
2.23 31369.7 177.115 3.63645e-012 0.000209546 1559.94 24933.4 26493.3 4876.35
2.232 33753.8 183.722 4.02283e-012 0.000225074 1606.05 25183.8 26789.8 6963.97
2.234 33576.3 183.238 4.44973e-012 0.000241725 1653.39 25434.7 27088.1 6488.19
2.236 31970.8 178.804 4.92134e-012 0.000259579 1702.01 25686.2 27388.2 4582.58
2.238 31321.5 176.979 5.44228e-012 0.000278721 1751.91 25938.2 27690.1 3631.43
2.24 30765.2 175.4 6.01763e-012 0.000299241 1803.15 26190.6 27993.8 2771.49
2.242 30953 175.935 6.65301e-012 0.000321235 1855.74 26443.5 28299.2 2653.84
2.244 32229.4 179.525 7.35458e-012 0.000344808 1909.73 26696.7 28606.4 3622.95
2.246 32975.5 181.592 8.12916e-012 0.000370069 1965.13 26950.3 28915.4 4060.1
2.248 32356.8 179.88 8.98424e-012 0.000397137 2021.99 27204.2 29226.2 3130.61
2.25 32683.3 180.785 9.92806e-012 0.000426136 2080.34 27458.4 29538.8 3144.56
2.252 36005.5 189.751 1.09697e-011 0.000457202 2140.21 27712.9 29853.1 6152.43
2.254 42420.1 205.961 1.21192e-011 0.000490478 2201.63 27967.5 30169.2 12250.9
2.256 46476 215.583 1.33875e-011 0.000526117 2264.64 28222.4 30487 15989
2.258 47815.7 218.668 1.47868e-011 0.000564283 2329.29 28477.3 30806.6 17009
2.26 47778.2 218.582 1.63303e-011 0.000605149 2395.59 28732.4 31128 16650.2
2.262 47934.2 218.939 1.80328e-011 0.000648902 2463.6 28987.5 31451.1 16483
2.264 43545.3 208.675 1.99104e-011 0.000695741 2533.35 29242.7 31776 11769.3
2.267 46281.7 215.132 2.30945e-011 0.000772253 2641.31 29625.3 32266.6 14015
2.269 46544.3 215.741 2.54914e-011 0.000827764 2715.57 29880.4 32595.9 13948.4
2.271 45989.4 214.451 2.81337e-011 0.000887167 2791.71 30135.2 32927 13062.5
2.273 42701.6 206.644 3.10462e-011 0.000950726 2869.77 30390 33259.8 9441.87
2.275 37723.3 194.225 3.42561e-011 0.00101872 2949.79 30644.5 33594.3 4128.99
2.277 36617.3 191.356 3.77932e-011 0.00109146 3031.81 30898.8 33930.6 2686.63
2.279 33471.9 182.953 4.16906e-011 0.00116927 3115.87 31152.8 34268.7 -796.849
2.281 33362.9 182.655 4.59844e-011 0.00125248 3202.02 31406.5 34608.5 -1245.65
2.283 38003 194.944 5.07142e-011 0.00134146 3290.3 31659.9 34950.2 3052.85
2.285 43434.6 208.41 5.59238e-011 0.0014366 3380.76 31912.8 35293.5 8141.1
2.288 41914.6 204.73 6.4744e-011 0.00159178 3520.64 32291.3 35811.9 6102.62
2.29 45344.1 212.941 7.13733e-011 0.0017042 3616.75 32543 36159.8 9184.33
2.292 44084.2 209.962 7.86719e-011 0.00182435 3715.2 32794.2 36509.4 7574.86
2.294 40207.1 200.517 8.67065e-011 0.00195276 3816.04 33044.7 36860.8 3346.36
2.296 38103 195.2 9.555e-011 0.00208997 3919.33 33294.6 37214 889.002
2.298 37991.6 194.914 1.05283e-010 0.00223658 4025.1 33543.8 37569 422.681
2.3 37072.2 192.541 1.15993e-010 0.00239319 4133.42 33792.3 37925.8 -853.547
2.302 36549.5 191.179 1.27778e-010 0.00256049 4244.32 34040.1 38284.4 -1734.89
2.305 37088.8 192.585 1.47703e-010 0.00283303 4415.67 34410.1 38825.8 -1736.95
2.307 38672.6 196.654 1.6266e-010 0.00303023 4533.29 34655.7 39189 -516.352
2.309 37860.8 194.579 1.7911e-010 0.0032408 4653.69 34900.4 39554.1 -1693.27
2.311 41512.2 203.745 1.972e-010 0.00346561 4776.93 35144.1 39921 1591.21
2.313 42381.6 205.868 2.17091e-010 0.0037056 4903.07 35386.7 40289.8 2091.8
2.315 41825.7 204.513 2.38959e-010 0.00396177 5032.15 35628.4 40660.5 1165.2
2.318 39624.7 199.06 2.75898e-010 0.00437868 5231.43 35988.7 41220.1 -1595.46
2.32 38022.3 194.993 3.03599e-010 0.00468007 5368.14 36227.5 41595.6 -3573.32
2.322 37175.7 192.81 3.3404e-010 0.00500164 5508.01 36465 41973.1 -4797.32
2.324 39931.9 199.83 3.6749e-010 0.00534471 5651.09 36701.3 42352.4 -2420.57
2.326 42083.1 205.142 4.0424e-010 0.00571068 5797.45 36936.3 42733.8 -650.697
2.329 43249.3 207.965 4.66265e-010 0.00630582 6023.27 37286.3 43309.5 -60.2009
2.331 42312.5 205.7 5.12738e-010 0.00673571 6178.1 37517.8 43695.9 -1383.4
2.333 44506 210.964 5.63776e-010 0.0071941 6336.43 37747.9 44084.3 421.696
2.335 44530.2 211.022 6.1982e-010 0.00768283 6498.33 37976.4 44474.8 55.4782
2.337 48554.4 220.351 6.81352e-010 0.00820384 6663.85 38203.4 44867.3 3687.07
2.34 47329.8 217.554 7.85115e-010 0.00905046 6919.1 38541 45460.1 1869.68
2.342 45034.2 212.213 8.62797e-010 0.00966152 7094 38763.9 45857.9 -823.721
2.344 46224.9 215 9.48051e-010 0.0103127 7272.78 38985.1 46257.9 -33.0715
2.346 48510.4 220.251 1.0416e-009 0.0110065 7455.49 39204.6 46660.1 1850.25
2.349 51876.3 227.764 1.19925e-009 0.0121332 7737.1 39530.5 47267.6 4608.68
2.351 50131.5 223.901 1.3172e-009 0.0129459 7929.98 39745.4 47675.4 2456.09
2.353 46525.5 215.698 1.44656e-009 0.0138114 8127.05 39958.5 48085.5 -1559.97
2.355 40962.6 202.392 1.58845e-009 0.0147332 8328.38 40169.5 48497.9 -7535.38
2.358 44061.7 209.909 1.82738e-009 0.0162291 8638.55 40482.4 49121 -5059.34
2.36 49282.7 221.997 2.00601e-009 0.0173075 8850.88 40688.5 49539.4 -256.629
2.362 46120 214.756 2.20183e-009 0.0184554 9067.75 40892.4 49960.2 -3840.15
2.364 44200 210.238 2.41648e-009 0.0196772 9289.22 41094.2 50383.5 -6183.44
2.367 46504.7 215.65 2.7777e-009 0.0216587 9630.25 41392.9 51023.1 -4518.42
2.369 46906.7 216.58 3.04757e-009 0.0230862 9863.6 41589.2 51452.8 -4546.08
2.371 44976.9 212.078 3.34326e-009 0.024605 10101.8 41783.2 51885 -6908.12
2.373 49897 223.376 3.6672e-009 0.0262207 10345 41974.9 52319.9 -2422.95
2.376 51740.1 227.465 4.21195e-009 0.0288395 10719.3 42258 52977.4 -1237.25
2.378 52191.8 228.455 4.61866e-009 0.0307247 10975.3 42443.7 53419.1 -1227.25
2.38 53580.3 231.474 5.06404e-009 0.0327295 11236.6 42627 53863.6 -283.36
2.383 50896 225.601 5.8126e-009 0.0359772 11638.5 42897.2 54535.8 -3639.75
2.385 56274.3 237.222 6.37119e-009 0.038314 11913.3 43074.2 54987.5 1286.81
2.387 57477.7 239.745 6.98262e-009 0.0407981 12193.7 43248.5 55442.2 2035.46
2.39 53640.2 231.604 8.00971e-009 0.0448201 12624.8 43505.1 56130 -2489.78
2.392 51951.1 227.928 8.77574e-009 0.0477126 12919.5 43672.9 56592.4 -4641.24
2.394 56011.6 236.668 9.61387e-009 0.0507862 13220 43837.9 57057.9 -1046.32
2.397 54657.2 233.789 1.1021e-008 0.05576 13682 44080.2 57762.2 -3105.02
2.399 56639.2 237.99 1.207e-008 0.0593354 13997.6 44238.2 58235.9 -1596.7
2.401 59985.8 244.92 1.32171e-008 0.063133 14319.4 44393.4 58712.9 1272.91
2.404 63490.5 251.973 1.51421e-008 0.0692753 14814 44620.8 59434.9 4055.63
2.406 60346 245.654 1.65763e-008 0.0736885 15151.7 44768.8 59920.5 425.471
2.408 59641.7 244.216 1.81441e-008 0.078374 15495.9 44913.8 60409.8 -768.101
2.411 55425.6 235.426 2.07735e-008 0.0859487 16024.7 45125.6 61150.4 -5724.8
2.413 57760 240.333 2.27314e-008 0.0913882 16385.7 45263.1 61648.9 -3888.82
2.416 63563.1 252.117 2.60138e-008 0.100179 16940 45463.5 62403.6 1159.51
2.418 65798.9 256.513 2.84571e-008 0.106489 17318.3 45593.2 62911.7 2887.19
2.42 67987.5 260.744 3.11261e-008 0.113184 17703.7 45719.8 63423.7 4563.85
2.423 64318.1 253.61 3.55982e-008 0.123999 18295.4 45903.8 64199.3 118.863
2.425 62258.4 249.516 3.89252e-008 0.131758 18699 46022.4 64721.5 -2463.12
2.427 63090.3 251.178 4.25581e-008 0.139987 19110.1 46137.8 65248 -2157.61
2.43 63060.3 251.118 4.86419e-008 0.153272 19740.9 46304.7 66045.7 -2985.4
2.432 70843.9 266.165 5.31656e-008 0.162799 20171 46411.9 66583.1 4260.89
2.435 69486.4 263.603 6.07383e-008 0.178175 20830.9 46566.4 67397.5 2088.91
2.437 67411 259.636 6.63669e-008 0.189197 21280.8 46665.2 67946.2 -535.211
2.44 68247.2 261.242 7.57857e-008 0.206979 21970.8 46807.1 68778.1 -530.89
2.442 73119.8 270.407 8.27839e-008 0.219722 22441.1 46897.4 69338.7 3781.14
2.444 73481.3 271.074 9.04173e-008 0.233223 22919.6 46984.3 69904.1 3577.15
2.447 72759.6 269.74 1.03184e-007 0.254992 23653.3 47108.1 70761.7 1997.87
2.449 66889.5 258.63 1.12665e-007 0.270585 24153.2 47186.3 71339.8 -4450.31
2.452 67110 259.056 1.28515e-007 0.295719 24919.3 47297.1 72216.7 -5106.73
2.454 65940.5 256.789 1.4028e-007 0.313714 25441.1 47366.5 72808 -6867.41
2.457 64398.4 253.768 1.59943e-007 0.34271 26240.6 47464 73705 -9306.58
2.459 72122.6 268.557 1.74533e-007 0.363463 26785 47524.6 74310 -2187.35
2.462 74201.6 272.4 1.98907e-007 0.396891 27619 47608.7 75228 -1026.44
2.464 70331.1 265.2 2.16987e-007 0.420808 28186.6 47660.3 75847.3 -5516.19
2.467 71772 267.903 2.47178e-007 0.459316 29055.9 47730.9 76787.2 -5015.29
2.469 78468.8 280.123 2.69563e-007 0.486859 29647.5 47773.4 77421.4 1047.44
2.472 84531.4 290.743 3.06931e-007 0.531189 30553.1 47830.4 78384.1 6147.36
2.474 82666.4 287.518 3.34627e-007 0.562884 31169.3 47863.9 79033.7 3632.64
2.477 78207.2 279.655 3.80842e-007 0.613879 32112.3 47907.2 80020.1 -1812.95
2.479 74394.8 272.754 4.15083e-007 0.650326 32753.7 47931.5 80685.8 -6291.02
2.482 75245.3 274.309 4.72195e-007 0.708946 33735.1 47961 81696.8 -6451.52
2.484 76327.3 276.274 5.14495e-007 0.750828 34402.4 47976.1 82379.3 -6052.01
2.487 75990.9 275.664 5.85021e-007 0.818163 35423.1 47991.9 83415.8 -7424.97
2.489 87565.9 295.915 6.37235e-007 0.866255 36117 47997.8 84115.6 3450.31
2.492 86266.8 293.712 7.2426e-007 0.943547 37178 47999.7 85178.7 1088.13
2.494 79759.9 282.418 7.88664e-007 0.998729 37899.1 47996.4 85896.5 -6136.6
2.497 80457.9 283.651 8.95963e-007 1.08738 39001.4 47984.5 86987 -6529.05
2.499 90553.7 300.921 9.75341e-007 1.15066 39750.3 47972 87723.4 2830.27
2.502 92232 303.697 1.10754e-006 1.25227 40894.8 47946.3 88842.4 3389.63
2.505 98220 313.401 1.25731e-006 1.36252 42065.2 47912.3 89978.8 8241.18
2.507 104016 322.515 1.36804e-006 1.44116 42859.9 47885.1 90746.4 13269.5
2.51 92790.9 304.616 1.55234e-006 1.56738 44073.9 47837.4 91912.9 877.979
2.512 81613.8 285.681 1.68855e-006 1.65738 44898.1 47801 92700.8 -11087.1
2.515 92195 303.636 1.91516e-006 1.80178 46156.8 47739.7 93898.3 -1703.31
2.518 102655 320.399 2.1716e-006 1.95827 47442.7 47670.2 95114.8 7540.67
2.52 100092 316.373 2.361e-006 2.06979 48315.2 47619.3 95936.6 4155
2.523 96843.1 311.196 2.67592e-006 2.24861 49647.1 47536.3 97185.6 -342.487
2.525 89762.4 299.604 2.90844e-006 2.376 50550.6 47476.4 98029.4 -8266.98
2.528 79917.8 282.697 3.29489e-006 2.5802 51929.4 47380 99312 -19394.2
2.531 67643.6 260.084 3.73168e-006 2.80124 53336.7 47275.6 100615 -32971.5
2.533 73475.5 271.064 4.05398e-006 2.95861 54290.9 47201.6 101495 -28019.9
2.536 82139.1 286.599 4.58932e-006 3.21072 55746.4 47084 102834 -20694.5
2.539 78339.6 279.892 5.19395e-006 3.48344 57231.1 46958.6 104193 -25853.6
2.541 105931 325.471 5.63982e-006 3.67749 58237.4 46870.6 105112 819.539
2.544 154771 393.409 6.37997e-006 3.98819 59771.5 46732.3 106508 48262.9
2.546 171222 413.789 6.92556e-006 4.20918 60810.9 46635.9 107451 63770.7
2.549 156462 395.552 7.8309e-006 4.56288 62395 46484.9 108884 47577.1
2.552 132751 364.35 8.85219e-006 4.94506 64009.6 46326.4 110341 22410
2.555 117433 342.685 1.0004e-005 5.35791 65654.7 46160.4 111821 5612.5
2.557 115900 340.442 1.08523e-005 5.65132 66768.6 46045.7 112820 3080.55
2.56 121535 348.619 1.22587e-005 6.12056 68465.2 45867.6 114339 7196.23
2.563 127217 356.674 1.38437e-005 6.62709 70192.9 45682.2 115882 11334.9
2.565 118611 344.4 1.50104e-005 6.98689 71362.2 45554.7 116924 1687.4
2.568 106852 326.883 1.69435e-005 7.56194 73142.2 45357.5 118507 -11654.9
2.571 128212 358.067 1.91204e-005 8.18227 74953.9 45153.4 120116 8096.62
2.573 156872 396.071 2.07218e-005 8.62264 76179.4 45013.5 121202 35670.9
2.576 122995 350.706 2.33735e-005 9.32607 78044.2 44798 122852 143.244
2.579 123044 350.776 2.63574e-005 10.0844 79941 44575.9 124527 -1483.24
2.582 137392 370.664 2.97142e-005 10.9015 81869.9 44347.2 126228 11163.8
2.584 129535 359.91 3.21815e-005 11.4812 83173.8 44191.1 127376 2158.46
2.587 113839 337.4 3.62636e-005 12.4064 85156.6 43951.7 129121 -15281.8
2.59 111780 334.336 4.08525e-005 13.4027 87171.8 43706.1 130891 -19110.9
2.593 108132 328.835 4.60096e-005 14.4755 89219.4 43454.3 132688 -24555.8
2.595 118854 344.752 4.97969e-005 15.2358 90602.6 43283.1 133901 -15046.9
2.598 132688 364.263 5.60577e-005 16.4484 92704.5 43021.3 135742 -3054.74
2.601 159050 398.811 6.30886e-005 17.753 94839.1 42753.8 137611 21439.7
2.604 186277 431.598 7.09821e-005 19.1562 97006.2 42480.6 139506 46771
2.607 158979 398.722 7.98415e-005 20.6652 99206 42201.8 141428 17550.8
2.609 144055 379.546 8.63409e-005 21.7336 100691 42012.9 142725 1329.62
2.612 156225 395.253 9.70734e-005 23.4357 102945 41725.2 144693 11531.8
2.615 161018 401.27 0.00010911 25.2648 105231 41432.3 146689 14328.7
2.618 182594 427.31 0.000122607 27.2299 107550 41134.3 148712 33882
2.621 183693 428.594 0.000137735 29.3403 109902 40831.5 150763 32929.9
2.623 171752 414.43 0.000148822 30.8331 111487 40626.9 152145 19607.1
2.626 179820 424.052 0.000167109 33.209 113893 40316.1 154242 25578.1
2.629 175120 418.473 0.000187593 35.7588 116330 40000.8 156366 18753.5
2.632 133708 365.662 0.000210531 38.4948 118799 39681.1 158519 -24810.2
2.635 152332 390.297 0.000236209 41.4297 121300 39357.2 160698 -8366.47
2.638 164638 405.756 0.000264947 44.5772 123832 39029.2 162906 1731.62
2.641 152366 390.34 0.000297101 47.9517 126396 38697.2 165141 -12775.5
2.644 134522 366.772 0.000333067 51.5687 128991 38361.4 167404 -32881.9
2.646 194323 440.821 0.000359378 54.1228 130738 38135.5 168928 25395.9
2.649 163148 403.916 0.000402701 58.1808 133384 37793.7 171236 -8087.8
2.652 154020 392.454 0.000451124 62.5274 136061 37448.5 173572 -19551.8
2.655 166581 408.144 0.000505233 67.1819 138767 37100 175934 -9352.97
2.658 186627 432.003 0.000565678 72.1646 141503 36748.4 178324 8302.87
2.661 217641 466.52 0.000633183 77.4974 144269 36393.9 180740 36900.6
2.664 212300 460.76 0.000708552 83.2033 147064 36036.6 183183 29116.6
2.667 207159 455.148 0.000792677 89.3069 149887 35676.6 185653 21506.4
2.67 192098 438.29 0.00088655 95.8342 152738 35314.1 188148 3950.18
2.673 204897 452.655 0.000991271 102.813 155617 34949.2 190669 14227.2
2.676 219201 468.189 0.00110806 110.271 158524 34582.1 193216 25985
2.679 212161 460.61 0.00123828 118.242 161457 34213 195788 16372.9
2.682 185821 431.069 0.00138342 126.756 164416 33842 198385 -12564.5
2.685 160172 400.215 0.00154515 135.849 167402 33469.2 201007 -40834.9
2.688 193173 439.514 0.00172533 145.558 170412 33094.7 203652 -10479.6
2.691 240864 490.778 0.00192599 155.922 173447 32718.9 206322 34541.9
2.694 235999 485.798 0.0021494 166.981 176506 32341.7 209014 26985
2.697 168437 410.411 0.00239809 178.78 179588 31963.3 211730 -43293
2.7 181136 425.601 0.00267482 191.365 182693 31583.9 214468 -33331.8
2.703 178944 423.018 0.00298267 204.784 185820 31203.6 217228 -38283.5
2.706 199801 446.991 0.00332506 219.089 188968 30822.6 220009 -20208.4
2.709 224474 473.787 0.00370574 234.334 192137 30440.9 222812 1662.49
2.712 198746 445.809 0.00412889 250.577 195325 30058.8 225635 -26889
2.715 252739 502.732 0.00459911 267.878 198533 29676.3 228477 24262
2.718 273885 523.34 0.00512149 286.302 201759 29293.7 231339 42546.2
2.721 241837 491.769 0.00570165 305.916 205003 28911 234220 7617.58
2.724 226079 475.478 0.00634582 326.791 208263 28528.3 237118 -11038.7
2.727 229671 479.24 0.00706085 349.003 211539 28145.9 240034 -10362.8
2.73 202464 449.96 0.00785432 372.631 214830 27763.8 242966 -40502.3
2.733 202895 450.438 0.00873458 397.759 218135 27382.1 245915 -43020.1
2.736 238023 487.876 0.00971087 424.475 221453 27001.1 248878 -10855.6
2.739 258331 508.262 0.0107933 452.871 224783 26620.7 251857 6474.07
2.743 256992 506.944 0.0124214 493.515 229241 26114.8 255849 1143.11
2.746 287644 536.324 0.0137973 526.221 232595 25736.6 258858 28785.7
2.749 241553 491.481 0.0153214 560.952 235959 25359.4 261879 -20326.2
2.752 274309 523.745 0.0170093 597.826 239331 24983.4 264912 9397.22
2.755 254697 504.675 0.0188781 636.963 242709 24608.8 267955 -13258.2
2.758 243900 493.862 0.0209464 678.492 246093 24235.6 271007 -27107.5
2.761 239416 489.302 0.0232351 722.546 249482 23863.9 274069 -34652.1
2.765 247020 497.011 0.026669 785.46 254006 23370.9 278162 -31142.3
2.768 225841 475.227 0.0295642 835.969 257401 23003.2 281241 -55399.9
2.771 217005 465.838 0.0327649 889.502 260798 22637.4 284325 -67319.2
2.774 252680 502.673 0.0363022 946.225 264194 22273.5 287414 -34733.7
2.777 323271 568.569 0.0402105 1006.31 267589 21911.8 290507 32764.4
2.78 310907 557.59 0.0445275 1069.95 270981 21552.1 293603 17303.6
2.784 266076 515.825 0.0509913 1160.64 275498 21076.1 297735 -31659
2.787 289966 538.485 0.05643 1233.31 278880 20721.8 300835 -10869
2.79 318056 563.964 0.0624319 1310.2 282255 20370 303935 14120.8
2.793 320545 566.167 0.0690533 1391.53 285622 20020.6 307034 13511.2
2.797 281856 530.901 0.0789537 1507.29 290097 19558.9 311163 -29307.3
2.8 361316 601.096 0.0872722 1599.92 293441 19215.7 314257 47059.6
2.803 376165 613.323 0.096441 1697.81 296773 18875.3 317346 58818.5
2.806 317265 563.263 0.106544 1801.24 300092 18537.7 320431 -3166
2.81 300325 548.019 0.121629 1948.25 304494 18092.1 324535 -24210.1
2.813 368070 606.688 0.134286 2065.72 307777 17761.4 327604 40466.2
2.816 366174 605.123 0.14822 2189.72 311042 17433.7 330665 35508.4
2.82 322537 567.923 0.169001 2365.79 315366 17001.6 334733 -12196.3
2.823 301936 549.487 0.186419 2506.34 318585 16681.1 337772 -35835.8
2.826 331523 575.78 0.205577 2654.57 321782 16363.9 340800 -9277.33
2.83 419022 647.319 0.234118 2864.81 326008 15946.1 344819 74203.4
2.833 333141 577.184 0.258013 3032.46 329148 15636.5 347818 -14676.5
2.836 293346 541.614 0.284271 3209.11 332262 15330.4 350802 -57456.1
2.84 304241 551.58 0.323348 3459.4 336371 14927.4 354759 -50517.8
2.843 315800 561.961 0.356029 3658.77 339419 14629.2 357707 -41907.5
2.846 321554 567.057 0.391907 3868.66 342436 14334.5 360639 -39085.4
2.85 345028 587.391 0.445243 4165.74 346408 13947 364521 -19493.4
2.853 401907 633.962 0.489801 4402.12 349348 13660.6 367411 34496
2.856 353542 594.594 0.538673 4650.76 352253 13377.7 370282 -16740.3
2.86 277265 526.559 0.611245 5002.29 356069 13006.1 374078 -96813.9
2.863 309668 556.478 0.671809 5281.72 358888 12731.6 376902 -67233.6
2.867 465214 682.066 0.761676 5676.5 362584 12371.3 380632 84582
2.87 525047 724.601 0.836615 5990.07 365308 12105.3 383404 141642
2.874 471280 686.498 0.947727 6432.76 368875 11756.4 387065 84215.4
2.877 489039 699.313 1.04031 6784.12 371499 11499 389783 99256
2.88 430402 656.05 1.14163 7152.88 374078 11245.3 392477 37925.3
2.884 375901 613.107 1.2917 7672.92 377444 10912.8 396031 -20130.1
2.887 432707 657.805 1.41661 8085.24 379913 10667.7 398667 34040.1
2.891 415002 644.206 1.60146 8666.29 383129 10346.7 402143 12858.8
2.894 314902 561.161 1.75522 9126.63 385482 10110.3 404720 -89818.2
2.898 344177 586.666 1.98259 9774.86 388538 9800.8 408116 -63939.1
2.901 409225 639.707 2.17156 10288 390769 9572.98 410632 -1407.73
2.905 323314 568.607 2.45079 11010.1 393659 9274.95 413947 -90632.7
2.908 327444 572.228 2.68269 11581.4 395762 9055.71 416402 -88957.2
2.912 385691 621.04 3.02509 12384.6 398477 8769.06 419634 -33942.9
2.916 402737 634.615 3.40956 13237.5 401090 8488.88 422820 -20083.3
2.919 428404 654.526 3.72846 13911.5 402981 8282.97 425179 3225.16
2.923 414550 643.855 4.19878 14858 405408 8014.01 428284 -13734.7
2.926 370653 608.813 4.5886 15605.3 407157 7816.46 430584 -59930.4
2.93 437678 661.572 5.16305 16654 409393 7558.59 433610 4067.53
2.933 395553 628.93 5.63883 17481.3 410996 7369.29 435852 -40298.8
2.937 465202 682.057 6.33942 18641.5 413033 7122.34 438803 26398.7
2.941 498607 706.121 7.12361 19869.8 414955 6881.55 441713 56894
2.944 424611 651.622 7.77232 20837.7 416319 6704.96 443870 -19259
2.948 457294 676.235 8.7264 22193.3 418035 6474.8 446712 10582.8
2.951 405451 636.75 9.51505 23260.7 419243 6306.11 448819 -43368.3
2.955 346084 588.289 10.674 24754.6 420747 6086.36 451599 -105515
2.959 403712 635.383 11.9684 26332.6 422129 5872.47 454346 -50633.8
2.962 507954 712.709 13.0371 27573.6 423084 5715.85 456387 51567.3
2.966 455446 674.867 14.6057 29308.4 424249 5512.02 459084 -3637.89
2.97 400797 633.086 16.3552 31138.4 425288 5313.82 461756 -60959
2.973 354083 595.049 17.7979 32575.9 425984 5168.82 463747 -109663
2.977 375109 612.462 19.9129 34582.8 426801 4980.28 466384 -91274.7
2.981 444275 666.539 22.2686 36696.9 427490 4797.15 469006 -24731.5
2.985 478510 691.744 24.8909 38922.9 428050 4619.33 471618 6892.36
2.988 431943 657.223 27.0498 40668.6 428386 4489.4 473571 -41628.6
2.992 442894 665.503 30.2096 43101.7 428720 4320.67 476173 -33278.9
2.996 527138 726.043 33.7223 45660 428925 4157 478776 48362.1
3 612638 782.712 37.6253 48348.5 429000 3998.3 481384 131254
3.003 623642 789.71 40.8333 50453.4 428970 3882.48 483347 140294
3.007 508601 713.163 45.5208 53382.4 428818 3732.26 485978 22622.9
3.011 490119 700.085 50.7221 56456.1 428535 3586.74 488629 1490.51
3.015 490469 700.335 56.4904 59680.1 428123 3445.84 491306 -836.692
3.019 501049 707.848 62.8844 63060 427582 3309.46 494015 7034.09
3.022 500623 707.547 68.1289 65700.7 427092 3210.08 496071 4552.5
3.026 507580 712.447 75.7763 69367.2 426326 3081.37 498851 8729.59
3.03 504753 710.459 84.2414 73205.7 425433 2956.92 501680 3073.03
3.034 520356 721.357 93.607 77222 424413 2836.62 504565 15791.5
3.038 580123 761.658 103.964 81422.2 423267 2720.38 507513 72609.8
3.042 578517 760.603 115.411 85812.4 421996 2608.1 510532 67984.4
3.046 620950 788.004 128.056 90399 420602 2499.68 513629 107321
3.049 694297 833.245 138.398 93971.5 419476 2420.85 516007 178290
3.053 669706 818.355 153.433 98916.7 417869 2318.97 519258 150448
3.057 673049 820.396 170.019 104076 416141 2220.7 522607 150442
3.061 566195 752.46 188.307 109455 414295 2125.94 526064 40131.1
3.065 563099 750.399 208.463 115060 412333 2034.6 529636 33462.7
3.069 619479 787.07 230.664 120899 410255 1946.58 533331 86148.2
3.073 512682 716.018 255.106 126977 408065 1861.8 537158 -24476.5
3.077 472266 687.216 282.003 133300 405763 1780.16 541126 -68859.1
3.081 529587 727.727 311.585 139877 403352 1701.59 545242 -15655.1
3.085 531904 729.317 344.104 146712 400834 1625.98 549516 -17612
3.089 521768 722.335 379.834 153812 398211 1553.25 553956 -32187.5
3.093 537338 733.033 419.072 161184 395485 1483.32 558571 -21233
3.097 574294 757.822 462.141 168834 392659 1416.1 563370 10924
3.101 709441 842.283 509.39 176767 389735 1351.52 568363 141078
3.105 767551 876.1 561.199 184991 386715 1289.48 573557 193994
3.109 715237 845.717 617.98 193510 383603 1229.91 578961 136276
3.113 655769 809.796 680.178 202332 380401 1172.74 584586 71183.9
3.117 745148 863.22 748.275 211461 377111 1117.88 590438 154710
3.121 791991 889.939 822.793 220903 373736 1065.25 596527 195463
3.126 745364 863.344 925.833 233154 369403 1002.51 604485 140878
3.13 735750 857.759 1016.93 243320 365848 954.662 611139 124611
3.134 685793 828.126 1116.45 253815 362217 908.815 618058 67734.8
3.138 704539 839.368 1225.12 264645 358514 864.905 625249 79289.6
3.142 776060 880.942 1343.72 275813 354741 822.863 632721 143338
3.146 645761 803.593 1473.09 287325 350902 782.624 640482 5278.92
3.15 735508 857.618 1614.14 299183 346999 744.124 648540 86968.2
3.155 896370 946.768 1808.37 314498 342035 698.35 659040 237330
3.159 867633 931.468 1979.37 327148 338000 663.537 667791 199842
3.163 774893 880.28 2165.5 340154 333912 630.266 676862 98031.3
3.167 714789 845.452 2367.99 353520 329773 598.479 686260 28528.9
3.171 640572 800.357 2588.16 367246 325587 568.121 695990 -55417.7
3.176 732860 856.072 2890.43 384914 320292 532.099 708629 24230.3
3.18 795678 892.008 3155.76 399458 316011 504.759 719129 76549.2
3.184 799824 894.329 3443.78 414365 311693 478.677 729980 69844.1
3.188 822858 907.115 3756.28 429636 307340 453.803 741187 81670.9
3.193 799994 894.424 4184.24 449237 301856 424.337 755702 44291.7
3.197 827812 909.842 4558.98 465326 297438 402.009 767725 60087.2
3.201 828979 910.483 4964.89 481774 292996 380.738 780116 48862.4
3.206 795273 891.781 5519.73 502839 287414 355.572 796129 -856.246
3.21 797582 893.074 6004.67 520091 282929 336.526 809361 -11779.2
3.214 910657 954.283 6529.06 537694 278429 318.402 822970 87686.5
3.219 990255 995.115 7244.49 560185 272789 296.986 840515 149740
3.223 812393 901.329 7868.62 578562 268267 280.797 854979 -42585.7
3.228 716767 846.621 8719.01 602005 262609 261.684 873595 -156828
3.232 811693 900.94 9459.9 621129 258081 247.249 888917 -77223.8
3.236 913015 955.518 10258.8 640574 253553 233.538 904619 8395.14
3.241 928816 963.751 11345.3 665320 247900 217.37 924782 4033.7
3.245 1.06163e+006 1030.35 12290.1 685458 243385 205.174 941338 120291
3.25 970773 985.278 13573.2 711042 237756 190.805 962563 8209.92
3.254 1.02373e+006 1011.8 14687.6 731828 233267 179.975 979963 43772.2
3.259 1.75295e+006 1323.99 16199.1 758189 227678 167.226 1.00223e+006 750720
3.263 1.33663e+006 1156.13 17510.1 779568 223227 157.626 1.02046e+006 316171
3.268 1.04287e+006 1021.21 19285.9 806633 217693 146.334 1.04376e+006 -888.985
3.272 891967 944.44 20824.1 828544 213292 137.837 1.0628e+006 -170830
3.277 891050 943.954 22904.9 856232 207827 127.852 1.08709e+006 -196042
3.281 899615 948.48 24704.9 878605 203487 120.346 1.10692e+006 -207302
3.286 929795 964.259 27136.7 906825 198104 111.531 1.13218e+006 -202382
3.29 1.00628e+006 1003.14 29237.5 929584 193835 104.911 1.15276e+006 -146477
3.295 1.03302e+006 1016.38 32072 958235 188547 97.1426 1.17895e+006 -145926
3.299 1.21516e+006 1102.34 34517.4 981297 184358 91.3129 1.20026e+006 14900.6
3.304 1.38967e+006 1178.84 37812.4 1.01027e+006 179176 84.4787 1.22734e+006 162331
3.309 1.35213e+006 1162.81 41390.8 1.03937e+006 174057 78.1185 1.2549e+006 97230.6
3.313 1.27085e+006 1127.32 44471.7 1.06272e+006 170009 73.3516 1.27728e+006 -6428.74
3.318 1.44518e+006 1202.16 48614.3 1.09196e+006 165011 67.7705 1.30565e+006 139530
3.323 1.41735e+006 1190.52 53102.7 1.12122e+006 160085 62.5841 1.33447e+006 82877.2
3.327 1.43624e+006 1198.43 56959.2 1.14462e+006 156197 58.7019 1.35783e+006 78411.5
3.332 1.6894e+006 1299.77 62133.8 1.17381e+006 151404 54.1627 1.3874e+006 302000
3.337 1.65046e+006 1284.7 67727.5 1.20291e+006 146689 49.9505 1.41737e+006 233086
3.341 1.26902e+006 1126.51 72523.6 1.22608e+006 142975 46.8016 1.44163e+006 -172614
3.346 1.32294e+006 1150.19 78945.6 1.2549e+006 138405 43.1246 1.47229e+006 -149351
3.351 1.49015e+006 1220.72 85871.5 1.28349e+006 133917 39.7174 1.50332e+006 -13169.9
3.356 1.43153e+006 1196.47 93334.7 1.31182e+006 129514 36.5618 1.5347e+006 -103170
3.36 1.30642e+006 1142.99 99715.5 1.33426e+006 126052 34.2071 1.56006e+006 -253640
3.365 1.33354e+006 1154.79 108235 1.36199e+006 121804 31.4621 1.59206e+006 -258524
3.37 1.62705e+006 1275.56 117394 1.38933e+006 117643 28.9235 1.6244e+006 2656.25
3.375 1.72225e+006 1312.34 127232 1.41623e+006 113570 26.577 1.65706e+006 65190.6
3.38 1.54851e+006 1244.39 137791 1.44264e+006 109586 24.4092 1.69004e+006 -141533
3.385 1.57313e+006 1254.24 149114 1.46851e+006 105693 22.4074 1.72334e+006 -150215
3.389 1.6011e+006 1265.35 158752 1.4888e+006 102642 20.9176 1.75021e+006 -149114
3.394 1.58639e+006 1259.52 171564 1.5136e+006 98910.8 19.1855 1.78409e+006 -197701
3.399 1.78767e+006 1337.04 185271 1.53773e+006 95269.9 17.5885 1.81829e+006 -30627.4
3.404 1.76932e+006 1330.16 199922 1.56117e+006 91719.6 16.1166 1.85282e+006 -83503
3.409 1.92681e+006 1388.1 215570 1.58385e+006 88259.8 14.7609 1.88769e+006 39118.3
3.414 2.183e+006 1477.5 232267 1.60573e+006 84890.3 13.5126 1.9229e+006 260097
3.419 2.09823e+006 1448.53 250069 1.62679e+006 81610.9 12.3641 1.95848e+006 139755
3.424 1.92984e+006 1389.19 269032 1.64696e+006 78421 11.3077 1.99443e+006 -64586.8
3.429 1.84688e+006 1359 289216 1.66623e+006 75320.1 10.3366 2.03077e+006 -183893
3.434 2.10452e+006 1450.7 310680 1.68454e+006 72307.6 9.44434 2.06753e+006 36991.8
3.439 2.24641e+006 1498.8 333485 1.70186e+006 69382.7 8.62498 2.10474e+006 141673
3.444 1.91332e+006 1383.23 357695 1.71816e+006 66544.7 7.87293 2.14241e+006 -229089
3.449 1.91956e+006 1385.48 383374 1.7334e+006 63792.5 7.183 2.18057e+006 -261013
3.454 1.71264e+006 1308.68 410587 1.74756e+006 61125.3 6.55039 2.21928e+006 -506641
3.459 2.28306e+006 1510.98 439400 1.7606e+006 58541.8 5.97062 2.25855e+006 24517.2
3.464 2.6913e+006 1640.52 469881 1.7725e+006 56041 5.43956 2.29843e+006 392869
3.469 2.6703e+006 1634.1 502098 1.78323e+006 53621.6 4.95336 2.33896e+006 331337
3.474 2.40649e+006 1551.29 536121 1.79278e+006 51282.5 4.50845 2.38019e+006 26298.2
3.48 2.12401e+006 1457.4 579428 1.80264e+006 48579.4 4.02443 2.43065e+006 -306644
3.485 2.5037e+006 1582.31 617665 1.80951e+006 46411.8 3.65909 2.47359e+006 30111.3
3.49 2.51448e+006 1585.71 657931 1.81513e+006 44319.9 3.32532 2.51738e+006 -2906.7
3.495 2.50287e+006 1582.05 700293 1.8195e+006 42302.4 3.02054 2.5621e+006 -59227.7
3.5 2.90997e+006 1705.86 744822 1.8226e+006 40357.5 2.74238 2.60778e+006 302188
3.505 2.68827e+006 1639.59 791586 1.82444e+006 38483.9 2.48865 2.65451e+006 33759.9
3.511 2.6975e+006 1642.41 850748 1.82496e+006 36327.2 2.21355 2.71203e+006 -14531
3.516 3.10023e+006 1760.75 902665 1.82399e+006 34604.6 2.00662 2.76126e+006 338966
3.521 3.34669e+006 1829.4 957029 1.82175e+006 32948.1 1.81817 2.81173e+006 534966
3.526 3.16882e+006 1780.12 1.0139e+006 1.81824e+006 31356.1 1.64662 2.8635e+006 305327
3.532 2.62029e+006 1618.73 1.08555e+006 1.81236e+006 29528.4 1.46106 2.92744e+006 -307149
3.537 2.53748e+006 1592.95 1.14816e+006 1.80609e+006 28072.3 1.32181 2.98232e+006 -444844
3.542 2.80521e+006 1674.88 1.21346e+006 1.79858e+006 26675.4 1.19526 3.03872e+006 -233511
3.548 3.12983e+006 1769.13 1.29546e+006 1.78797e+006 25074.9 1.05861 3.10851e+006 21329.8
3.553 2.85146e+006 1688.63 1.36688e+006 1.7778e+006 23802.4 0.956247 3.16848e+006 -317020
3.558 3.14551e+006 1773.56 1.44115e+006 1.76646e+006 22583.8 0.863366 3.23019e+006 -84673.9
3.564 3.91652e+006 1979.02 1.53409e+006 1.75132e+006 21190.2 0.763255 3.3066e+006 609916
3.569 3.65961e+006 1913.01 1.61476e+006 1.73748e+006 20084.4 0.688392 3.37232e+006 287294
3.575 3.41461e+006 1847.87 1.71548e+006 1.71942e+006 18821.5 0.6078 3.45372e+006 -39104
3.58 3.4011e+006 1844.21 1.8027e+006 1.7032e+006 17820.7 0.547606 3.52372e+006 -122629
3.586 3.93435e+006 1983.52 1.91134e+006 1.68239e+006 16679.4 0.482883 3.61041e+006 323936
3.591 4.32653e+006 2080.03 2.0052e+006 1.66396e+006 15776.1 0.434602 3.68494e+006 641591
3.597 3.622e+006 1903.16 2.12182e+006 1.6406e+006 14747.2 0.38275 3.77717e+006 -155165
3.602 4.00115e+006 2000.29 2.22232e+006 1.62014e+006 13934 0.344117 3.8564e+006 144754
3.608 4.19621e+006 2048.47 2.3469e+006 1.59445e+006 13009 0.302677 3.95436e+006 241852
3.613 3.62098e+006 1902.89 2.45399e+006 1.57215e+006 12278.9 0.271838 4.03842e+006 -417439
3.619 3.18147e+006 1783.67 2.58641e+006 1.54437e+006 11449.4 0.2388 4.14223e+006 -960757
3.624 3.81425e+006 1953.01 2.69996e+006 1.52042e+006 10795.6 0.214243 4.23118e+006 -416922
3.63 4.30925e+006 2075.87 2.83999e+006 1.49081e+006 10053.8 0.187966 4.34085e+006 -31601.2
3.636 5.09376e+006 2256.94 2.98404e+006 1.46029e+006 9356.58 0.164798 4.4537e+006 640066
3.641 5.72008e+006 2391.67 3.10708e+006 1.43424e+006 8808.06 0.14761 4.55013e+006 1.16995e+006
3.647 5.02528e+006 2241.71 3.2582e+006 1.4023e+006 8187 0.129252 4.66869e+006 356592
3.653 4.10629e+006 2026.4 3.41297e+006 1.36969e+006 7604.54 0.113099 4.79026e+006 -683970
3.658 3.88552e+006 1971.17 3.5446e+006 1.34206e+006 7147.23 0.101138 4.89381e+006 -1.00829e+006
3.664 4.41705e+006 2101.68 3.70559e+006 1.30843e+006 6630.45 0.0883868 5.02066e+006 -603607
3.67 4.44604e+006 2108.56 3.8697e+006 1.27437e+006 6146.86 0.0771896 5.15021e+006 -704169
3.676 4.36597e+006 2089.49 4.03669e+006 1.23994e+006 5694.65 0.0673643 5.28232e+006 -916356
3.681 4.72202e+006 2173.02 4.17788e+006 1.21103e+006 5340.55 0.0601072 5.39425e+006 -672230
3.687 5.08764e+006 2255.58 4.34951e+006 1.17614e+006 4941.48 0.0523899 5.53059e+006 -442953
3.693 6.16319e+006 2482.58 4.52328e+006 1.14111e+006 4569.12 0.0456318 5.66896e+006 494229
3.699 6.32928e+006 2515.81 4.6989e+006 1.10601e+006 4221.93 0.0397181 5.80913e+006 520153
3.705 6.03534e+006 2456.69 4.87604e+006 1.0709e+006 3898.47 0.0345468 5.95085e+006 84496.3
3.711 5.24585e+006 2290.38 5.05438e+006 1.03587e+006 3597.34 0.0300281 6.09385e+006 -848007
3.716 5.94652e+006 2438.55 5.20365e+006 1.00679e+006 3362.5 0.0267033 6.2138e+006 -267284
3.722 6.53635e+006 2556.63 5.38326e+006 972058 3098.89 0.0231812 6.35842e+006 177934
3.728 7.00477e+006 2646.65 5.56302e+006 937585 2854.01 0.0201097 6.50346e+006 501308
3.734 7.1942e+006 2682.2 5.74256e+006 903424 2626.68 0.0174331 6.64861e+006 545587
3.74 6.51944e+006 2553.32 5.92146e+006 869633 2415.82 0.0151023 6.79351e+006 -274072
3.746 7.16146e+006 2676.09 6.09932e+006 836264 2220.37 0.0130741 6.9378e+006 223662
3.752 7.08566e+006 2661.89 6.27571e+006 803366 2039.34 0.0113105 7.08111e+006 4548.7
3.758 6.67739e+006 2584.06 6.4502e+006 770986 1871.79 0.00977797 7.22305e+006 -545665
3.764 6.52355e+006 2554.13 6.62235e+006 739167 1716.84 0.00844728 7.36323e+006 -839680
3.77 6.56863e+006 2562.93 6.79173e+006 707949 1573.64 0.00729264 7.50125e+006 -932621
3.776 6.99153e+006 2644.15 6.95789e+006 677367 1441.41 0.00629148 7.6367e+006 -645163
3.783 8.70363e+006 2950.19 7.14708e+006 642536 1299.99 0.00529118 7.79091e+006 912714
3.789 1.02397e+007 3199.95 7.30474e+006 613440 1188.99 0.00455795 7.91937e+006 2.32028e+006
3.795 7.05104e+006 2655.38 7.45779e+006 585074 1086.73 0.00392362 8.04395e+006 -992909
3.801 5.94068e+006 2437.35 7.60579e+006 557458 992.591 0.00337524 8.16424e+006 -2.22356e+006
3.807 6.45346e+006 2540.37 7.74832e+006 530611 905.986 0.00290149 8.27984e+006 -1.82638e+006
3.813 6.28282e+006 2506.56 7.88497e+006 504549 826.374 0.00249251 8.39034e+006 -2.10752e+006
3.82 6.82169e+006 2611.84 8.03641e+006 475152 741.652 0.00208582 8.5123e+006 -1.69061e+006
3.826 7.36101e+006 2713.12 8.15893e+006 450830 675.483 0.00178914 8.61044e+006 -1.24943e+006
3.832 1.12423e+007 3352.96 8.27435e+006 427323 614.798 0.00153359 8.70229e+006 2.54003e+006
3.838 1.03769e+007 3221.32 8.3823e+006 404634 559.183 0.00131364 8.78749e+006 1.58942e+006
3.845 8.14478e+006 2853.91 8.49836e+006 379199 500.195 0.00109561 8.87806e+006 -733285
3.851 7.65049e+006 2765.95 8.58903e+006 358283 454.276 0.000937069 8.94776e+006 -1.29727e+006
3.857 8.1473e+006 2854.35 8.67125e+006 338180 412.291 0.000800915 9.00984e+006 -862543
3.864 8.25921e+006 2873.88 8.75615e+006 315747 367.871 0.000666282 9.07227e+006 -813059
3.87 9.46231e+006 3076.09 8.81922e+006 297382 333.38 0.000568621 9.11694e+006 345369
3.877 7.92587e+006 2815.29 8.88119e+006 276949 296.949 0.000472211 9.15844e+006 -1.23257e+006
3.883 6.90042e+006 2626.87 8.92416e+006 260273 268.71 0.000402393 9.18471e+006 -2.28428e+006
3.89 7.21528e+006 2686.13 8.96227e+006 241774 238.934 0.000333583 9.20428e+006 -1.989e+006
3.896 8.92958e+006 2988.24 8.98449e+006 226721 215.893 0.000283836 9.21143e+006 -281845
3.903 1.05368e+007 3246.04 8.99814e+006 210072 191.64 0.000234889 9.20841e+006 1.32835e+006
3.909 7.27216e+006 2696.69 8.99928e+006 196563 172.904 0.000199561 9.19602e+006 -1.92386e+006
3.916 6.16068e+006 2482.07 8.98828e+006 181666 153.216 0.000164859 9.1701e+006 -3.00942e+006
3.922 7.75396e+006 2784.59 8.96832e+006 169614 138.033 0.000139854 9.13807e+006 -1.38411e+006
3.929 8.37958e+006 2894.75 8.93283e+006 156361 122.105 0.000115333 9.08931e+006 -709728
3.936 7.33136e+006 2707.65 8.88435e+006 143946 107.914 9.50215e-005 9.0284e+006 -1.69705e+006
3.942 7.9257e+006 2815.26 8.83262e+006 133947 96.9998 8.04238e-005 8.96667e+006 -1.04097e+006
3.949 1.01364e+007 3183.77 8.76064e+006 122998 85.5795 6.61446e-005 8.88372e+006 1.25269e+006
3.956 1.26985e+007 3563.49 8.67642e+006 112790 75.4338 5.43495e-005 8.78929e+006 3.90918e+006
3.962 7.85578e+006 2802.82 8.59477e+006 104603 67.6505 4.58942e-005 8.69944e+006 -843668
3.969 6.58167e+006 2565.48 8.48884e+006 95678.4 59.5277 3.76444e-005 8.58458e+006 -2.00291e+006
3.976 7.82691e+006 2797.66 8.37185e+006 87395.1 52.3316 3.08485e-005 8.4593e+006 -632384
3.983 1.19042e+007 3450.25 8.24429e+006 79719.6 45.9628 2.52557e-005 8.32405e+006 3.58014e+006
3.99 7.29337e+006 2700.62 8.10669e+006 72618.7 40.3316 2.06574e-005 8.17935e+006 -885977
3.996 7.18553e+006 2680.58 7.9812e+006 66964.8 36.0307 1.73755e-005 8.0482e+006 -862667
4.003 7.01692e+006 2648.95 7.8265e+006 60845 31.562 1.41871e-005 7.88738e+006 -870463
4.01 7.16003e+006 2675.82 7.66349e+006 55208.9 27.6218 1.15729e-005 7.71872e+006 -558689
4.017 8.06686e+006 2840.22 7.49279e+006 50026.3 24.1511 9.43159e-006 7.54284e+006 524016
4.024 1.30405e+007 3611.16 7.3151e+006 45268.1 21.097 7.67922e-006 7.36038e+006 5.68012e+006
4.031 9.13198e+006 3021.92 7.13108e+006 40906.4 18.412 6.24655e-006 7.172e+006 1.95998e+006
4.038 8.17199e+006 2858.67 6.94143e+006 36914.4 16.0538 5.07639e-006 6.97836e+006 1.19363e+006
4.045 5.74746e+006 2397.39 6.74686e+006 33266.4 13.9846 4.12156e-006 6.78014e+006 -1.03267e+006
4.052 4.73964e+006 2177.07 6.54807e+006 29937.8 12.1709 3.34318e-006 6.57802e+006 -1.83838e+006
4.059 4.83721e+006 2199.37 6.34576e+006 26905.5 10.5825 2.70925e-006 6.37267e+006 -1.53546e+006
4.066 5.92964e+006 2435.09 6.14062e+006 24147.1 9.19294 2.19346e-006 6.16478e+006 -235135
4.073 8.69263e+006 2948.33 5.93336e+006 21641.9 7.97842 1.77419e-006 5.95501e+006 2.73763e+006
4.081 6.86263e+006 2619.66 5.69473e+006 19063.5 6.7779 1.39063e-006 5.7138e+006 1.14883e+006
4.088 6.12486e+006 2474.85 5.48513e+006 17035.6 5.87075 1.12256e-006 5.50217e+006 622688
4.095 4.75648e+006 2180.94 5.27545e+006 15202.6 5.08031 9.05306e-007 5.29066e+006 -534178
4.102 3.85787e+006 1964.15 5.0663e+006 13548.3 4.39221 7.29415e-007 5.07986e+006 -1.22199e+006
4.109 5.12138e+006 2263.05 4.85827e+006 12057.5 3.79379 5.87145e-007 4.87033e+006 251046
4.117 7.12766e+006 2669.77 4.62259e+006 10535.8 3.20541 4.57672e-007 4.63313e+006 2.49453e+006
4.124 4.6257e+006 2150.74 4.41878e+006 9348.94 2.76319 3.67662e-007 4.42813e+006 197572
4.131 4.44593e+006 2108.54 4.21772e+006 8284.46 2.37977 2.95077e-007 4.226e+006 219928
4.139 4.86735e+006 2206.21 3.99189e+006 7203.4 2.004 2.29233e-007 3.99909e+006 868260
4.146 4.26508e+006 2065.21 3.79822e+006 6364.51 1.7225 1.83606e-007 3.80458e+006 460499
4.154 3.601e+006 1897.63 3.58187e+006 5515.46 1.44722 1.42308e-007 3.58739e+006 13609.8
4.161 3.54503e+006 1882.82 3.39733e+006 4858.86 1.24146 1.13753e-007 3.40219e+006 142837
4.168 3.46208e+006 1860.67 3.21754e+006 4274.56 1.06396 9.08426e-008 3.22182e+006 240262
4.176 3.05644e+006 1748.27 3.01822e+006 3686.14 0.890954 7.01718e-008 3.02191e+006 34529.3
4.183 2.59949e+006 1612.29 2.84947e+006 3233.37 0.762056 5.5926e-008 2.8527e+006 -253212
4.191 2.63441e+006 1623.09 2.66331e+006 2778.94 0.636692 4.31009e-008 2.66609e+006 -31674.2
4.199 3.32879e+006 1824.5 2.48451e+006 2384.1 0.531307 3.3176e-008 2.4869e+006 841895
4.206 2.69641e+006 1642.07 2.33425e+006 2081.87 0.453057 2.63592e-008 2.33633e+006 360081
4.214 2.45052e+006 1565.41 2.16968e+006 1780.1 0.377209 2.02428e-008 2.17146e+006 279059
4.222 1.97527e+006 1405.44 2.01284e+006 1519.34 0.313679 1.55266e-008 2.01436e+006 -39088.6
4.229 1.69661e+006 1302.54 1.88195e+006 1320.78 0.266667 1.22982e-008 1.88327e+006 -186657
4.237 1.54467e+006 1242.85 1.7396e+006 1123.54 0.221251 9.41119e-009 1.74072e+006 -196059
4.245 1.37618e+006 1173.11 1.60492e+006 954.039 0.183348 7.19308e-009 1.60588e+006 -229693
4.253 1.58185e+006 1257.72 1.47782e+006 808.664 0.151754 5.49099e-009 1.47863e+006 103225
4.26 1.78907e+006 1337.56 1.37271e+006 698.728 0.128481 4.33119e-009 1.37341e+006 415657
4.268 1.902e+006 1379.13 1.25944e+006 590.274 0.106101 3.2987e-009 1.26003e+006 641973
4.276 1.81663e+006 1347.82 1.15328e+006 497.763 0.0875124 2.50925e-009 1.15378e+006 662845
4.284 1.0244e+006 1012.12 1.05404e+006 419 0.0720932 1.90639e-009 1.05446e+006 -30065.7
4.292 861471 928.154 961486 352.07 0.059319 1.4466e-009 961838 -100368
4.3 908987 953.408 875367 295.302 0.0487491 1.09635e-009 875662 33325.1
4.308 966062 982.885 795425 247.245 0.0400141 8.2988e-010 795673 170389
4.316 760055 871.811 721392 206.639 0.0328045 6.27406e-010 721599 38455.8
4.324 651550 807.186 652989 172.393 0.0268613 4.73749e-010 653162 -1612.2
4.332 443774 666.164 589934 143.565 0.0219682 3.57285e-010 590077 -146303
4.34 648384 805.223 531940 119.345 0.0179447 2.69121e-010 532060 116324
4.348 808567 899.204 478724 99.0329 0.0146404 2.02463e-010 478823 329744
4.357 731766 855.433 424213 80.1123 0.0116276 1.46776e-010 424293 307473
4.365 496159 704.385 380213 66.2254 0.0094621 1.10134e-010 380279 115879
4.373 393356 627.181 340120 54.6478 0.00769057 8.25376e-011 340175 53181.4
4.381 277714 526.986 303668 45.0137 0.00624314 6.17802e-011 303713 -25999.4
4.39 323781 569.017 266693 36.1126 0.0049306 4.45331e-011 266730 57051.3
4.398 454814 674.399 237138 29.6333 0.00399233 3.32465e-011 237167 217647
4.406 617552 785.845 210451 24.273 0.00322869 2.479e-011 210475 407077
4.415 862100 928.493 183578 19.3511 0.00253906 1.77924e-011 183597 678503
4.423 708690 841.837 162252 15.7906 0.00204812 1.32321e-011 162268 546422
