1.772 32597.6 180.548 5.82819e-014 4.2676e-006 20.677 1939.54 1960.22 30637.4
1.773 32785.8 181.068 6.0653e-014 4.40532e-006 21.0278 1959.36 1980.39 30805.4
1.775 32943 181.502 6.56846e-014 4.69395e-006 21.7466 1999.51 2021.25 30921.7
1.776 33010.6 181.688 6.83529e-014 4.84514e-006 22.1147 2019.84 2041.95 30968.7
1.777 32916.7 181.43 7.11283e-014 5.0011e-006 22.4887 2040.33 2062.82 30853.9
1.778 32646.6 180.684 7.40149e-014 5.16198e-006 22.8687 2061 2083.87 30562.7
1.78 32280.4 179.667 8.014e-014 5.4991e-006 23.6471 2102.86 2126.51 30153.9
1.781 31954.6 178.759 8.33877e-014 5.67567e-006 24.0457 2124.05 2148.1 29806.5
1.782 31777 178.261 8.67654e-014 5.85779e-006 24.4507 2145.42 2169.87 29607.2
1.783 31759.1 178.211 9.02781e-014 6.04563e-006 24.8621 2166.97 2191.83 29567.2
1.785 31807.4 178.346 9.77306e-014 6.43921e-006 25.7048 2210.59 2236.29 29571.1
1.786 31769.7 178.241 1.01682e-013 6.64531e-006 26.1363 2232.67 2258.81 29510.9
1.787 30667.9 175.123 1.0579e-013 6.85787e-006 26.5746 2254.93 2281.51 28386.4
1.788 26904.2 164.025 1.10063e-013 7.07709e-006 27.0199 2277.37 2304.39 24599.8
1.789 22184.6 148.945 1.14506e-013 7.30317e-006 27.4723 2300 2327.47 19857.1
1.791 22773.3 150.908 1.23931e-013 7.77678e-006 28.3988 2345.81 2374.2 20399.1
1.792 24279.8 155.82 1.28926e-013 8.02475e-006 28.873 2368.99 2397.86 21882
1.793 25688.8 160.277 1.34121e-013 8.28046e-006 29.3548 2392.35 2421.71 23267.1
1.794 28539.7 168.937 1.39522e-013 8.54415e-006 29.8443 2415.91 2445.75 26093.9
1.796 31093 176.332 1.50977e-013 9.09645e-006 30.8464 2463.59 2494.44 28598.6
1.797 32051.7 179.03 1.57048e-013 9.38557e-006 31.3594 2487.72 2519.08 29532.7
1.798 27741.9 166.559 1.63361e-013 9.68369e-006 31.8805 2512.04 2543.92 25198
1.799 25973 161.162 1.69923e-013 9.99109e-006 32.4098 2536.55 2568.96 23404.1
1.801 28089.8 167.6 1.8384e-013 1.06348e-005 33.4935 2586.15 2619.65 25470.1
1.802 33316 182.527 1.91214e-013 1.09718e-005 34.0481 2611.25 2645.3 30670.7
1.803 32302 179.727 1.98881e-013 1.13192e-005 34.6115 2636.54 2671.15 29630.8
1.805 28071.1 167.544 2.15137e-013 1.20466e-005 35.7648 2687.73 2723.49 25347.6
1.806 26385.4 162.436 2.2375e-013 1.24273e-005 36.355 2713.62 2749.97 23635.4
1.807 25813.6 160.666 2.32704e-013 1.28198e-005 36.9545 2739.71 2776.66 23036.9
1.808 25829.7 160.716 2.42011e-013 1.32244e-005 37.5634 2766.01 2803.57 23026.1
1.81 25171.7 158.656 2.61743e-013 1.40715e-005 38.8097 2819.21 2858.02 22313.7
1.811 26378.3 162.414 2.72197e-013 1.45147e-005 39.4474 2846.11 2885.56 23492.8
1.812 25632.8 160.102 2.83063e-013 1.49717e-005 40.0951 2873.23 2913.32 22719.4
1.813 25170.1 158.651 2.94357e-013 1.54427e-005 40.7529 2900.55 2941.3 22228.8
1.815 25925.9 161.015 3.18297e-013 1.64287e-005 42.0992 2955.82 2997.92 22928
1.816 28287.2 168.188 3.30978e-013 1.69445e-005 42.7881 2983.77 3026.55 25260.6
1.817 27372.1 165.445 3.44158e-013 1.74762e-005 43.4876 3011.93 3055.41 24316.7
1.819 24524.5 156.603 3.72092e-013 1.85891e-005 44.9193 3068.88 3113.8 21410.7
1.82 25230.4 158.841 3.86887e-013 1.91713e-005 45.6517 3097.68 3143.34 22087.1
1.821 26974.9 164.24 4.02263e-013 1.97713e-005 46.3955 3126.7 3173.09 23801.8
1.822 27127.2 164.703 4.18242e-013 2.03897e-005 47.1507 3155.93 3203.08 23924.2
1.824 24421 156.272 4.52105e-013 2.16839e-005 48.6963 3215.05 3263.74 21157.2
1.825 23555.7 153.479 4.70037e-013 2.23608e-005 49.4869 3244.93 3294.42 20261.3
1.826 28043.6 167.462 4.88672e-013 2.30584e-005 50.2897 3275.04 3325.33 24718.2
1.828 31384.4 177.156 5.28157e-013 2.45181e-005 51.9323 3335.92 3387.85 27996.5
1.829 26900.6 164.014 5.49065e-013 2.52815e-005 52.7726 3366.69 3419.46 23481.1
1.83 22702.2 150.673 5.7079e-013 2.60682e-005 53.6257 3397.69 3451.31 19250.9
1.832 24858.8 157.667 6.16817e-013 2.77141e-005 55.3711 3460.36 3515.73 21343.1
1.833 22393.2 149.644 6.41186e-013 2.85748e-005 56.2639 3492.03 3548.3 18845
1.834 23471 153.202 6.66506e-013 2.94616e-005 57.1703 3523.94 3581.11 19889.9
1.835 25110.8 158.464 6.92812e-013 3.03753e-005 58.0904 3556.07 3614.16 21496.6
1.837 25339.7 159.184 7.48539e-013 3.22868e-005 59.9729 3621.02 3680.99 21658.7
1.838 23836.6 154.391 7.78039e-013 3.32863e-005 60.9357 3653.85 3714.78 20121.8
1.839 26042.2 161.376 8.08687e-013 3.43159e-005 61.913 3686.9 3748.82 22293.4
1.841 25203.1 158.755 8.73602e-013 3.64697e-005 63.9123 3753.72 3817.63 21385.5
1.842 22375.5 149.585 9.07963e-013 3.75956e-005 64.9347 3787.48 3852.41 18523.1
1.843 21359.3 146.148 9.43657e-013 3.87556e-005 65.9725 3821.48 3887.45 17471.9
1.845 23819.2 154.335 1.01925e-012 4.11815e-005 68.0953 3890.18 3958.28 19860.9
1.846 31430.6 177.287 1.05926e-012 4.24496e-005 69.1808 3924.89 3994.08 27436.5
1.847 34033.5 184.482 1.10082e-012 4.37559e-005 70.2826 3959.85 4030.13 30003.3
1.849 33220.8 182.266 1.18883e-012 4.64875e-005 72.536 4030.47 4103.01 29117.8
1.85 35604.9 188.693 1.23541e-012 4.79152e-005 73.6882 4066.15 4139.84 31465.1
1.851 38024.1 194.998 1.28378e-012 4.93858e-005 74.8576 4102.07 4176.93 33847.2
1.853 33143.1 182.053 1.38621e-012 5.24606e-005 77.2492 4174.65 4251.9 28891.2
1.854 36369.8 190.709 1.4404e-012 5.40676e-005 78.4719 4211.31 4289.78 32080
1.855 34806 186.564 1.49669e-012 5.57226e-005 79.7128 4248.21 4327.92 30478
1.857 33636.8 183.403 1.61586e-012 5.91827e-005 82.2504 4322.76 4405.01 29231.8
1.858 32172.6 179.367 1.67891e-012 6.09907e-005 83.5476 4360.42 4443.96 27728.6
1.859 28573.6 169.037 1.74439e-012 6.28527e-005 84.8641 4398.32 4483.18 24090.4
1.861 26658.4 163.274 1.883e-012 6.67451e-005 87.556 4474.87 4562.43 22096
1.862 25207.8 158.77 1.95633e-012 6.87788e-005 88.932 4513.53 4602.46 20605.4
1.863 23211.2 152.352 2.03247e-012 7.0873e-005 90.3283 4552.44 4642.77 18568.4
1.865 22475.4 149.918 2.19364e-012 7.52503e-005 93.1831 4631.03 4724.22 17751.2
1.866 23651 153.789 2.27889e-012 7.7537e-005 94.6423 4670.71 4765.35 18885.6
1.868 23285.2 152.595 2.45933e-012 8.23161e-005 97.6254 4750.84 4848.47 18436.7
1.869 25977.7 161.176 2.55476e-012 8.48126e-005 99.15 4791.29 4890.44 21087.3
1.87 23748.1 154.104 2.65385e-012 8.7383e-005 100.697 4832 4932.7 18815.4
1.872 24702.3 157.17 2.86354e-012 9.27545e-005 103.859 4914.21 5018.07 19684.2
1.873 27324.7 165.302 2.97443e-012 9.556e-005 105.475 4955.7 5061.18 22263.5
1.874 20004.6 141.438 3.08956e-012 9.84484e-005 107.115 4997.46 5104.57 14900
1.876 19033.8 137.963 3.33318e-012 0.000104484 110.467 5081.76 5192.23 13841.6
1.877 19086.8 138.155 3.462e-012 0.000107635 112.18 5124.31 5236.49 13850.3
1.879 20738.9 144.01 3.73456e-012 0.00011422 115.68 5210.21 5325.89 15413
1.88 21724 147.391 3.87868e-012 0.000117659 117.469 5253.55 5371.02 16353
1.881 24464.8 156.412 4.02828e-012 0.000121199 119.283 5297.17 5416.45 19048.4
1.883 27755.9 166.601 4.34477e-012 0.000128593 122.992 5385.2 5508.19 22247.7
1.884 34293.2 185.184 4.51209e-012 0.000132454 124.887 5429.62 5554.51 28738.6
1.885 35135 187.443 4.68577e-012 0.000136429 126.809 5474.31 5601.12 29533.9
1.887 37814.8 194.46 5.05316e-012 0.00014473 130.737 5564.5 5695.24 32119.6
1.888 40418 201.042 5.24737e-012 0.000149063 132.744 5610.01 5742.75 34675.2
1.89 26000.4 161.246 5.65815e-012 0.000158115 136.845 5701.83 5838.68 20161.7
1.891 24333.5 155.992 5.87529e-012 0.000162839 138.939 5748.16 5887.1 18446.4
1.892 22229.5 149.095 6.10064e-012 0.000167702 141.064 5794.76 5935.82 16293.6
1.894 21770.5 147.548 6.57722e-012 0.000177857 145.405 5888.78 6034.19 15736.3
1.895 22888.6 151.29 6.82911e-012 0.000183158 147.623 5936.2 6083.83 16804.7
1.897 22935.1 151.443 7.36178e-012 0.000194226 152.154 6031.89 6184.04 16751.1
1.898 17907.6 133.819 7.64328e-012 0.000200003 154.468 6080.14 6234.61 11673
1.9 18928.7 137.582 8.23852e-012 0.000212064 159.195 6177.49 6336.69 12592
1.901 19194.8 138.545 8.55307e-012 0.000218358 161.61 6226.58 6388.19 12806.6
1.902 18333.5 135.401 8.87945e-012 0.000224834 164.058 6275.96 6440.02 11893.5
1.904 18425.7 135.741 9.56952e-012 0.000238355 169.061 6375.54 6544.6 11881.1
1.905 18385.1 135.592 9.93414e-012 0.000245411 171.615 6425.76 6597.37 11787.7
1.907 18733.1 136.869 1.0705e-011 0.000260139 176.833 6527.03 6703.87 12029.3
1.908 19834.3 140.834 1.11122e-011 0.000267823 179.498 6578.09 6757.59 13076.7
1.91 19999.9 141.421 1.19731e-011 0.000283863 184.94 6681.06 6866 13133.9
1.911 18665.6 136.622 1.24279e-011 0.00029223 187.719 6732.97 6920.69 11745
1.912 19026.4 137.936 1.28997e-011 0.000300839 190.537 6785.17 6975.7 12050.7
1.914 18054.4 134.367 1.3897e-011 0.000318806 196.292 6890.41 7086.7 10967.7
1.915 17957.9 134.007 1.44238e-011 0.000328178 199.231 6943.46 7142.69 10815.3
1.917 18281.7 135.21 1.55371e-011 0.000347737 205.232 7050.41 7255.64 11026
1.918 19013.7 137.89 1.61252e-011 0.000357938 208.295 7104.31 7312.61 11701.1
1.92 20073.7 141.682 1.73679e-011 0.000379226 214.551 7212.98 7427.53 12646.2
1.921 19091.7 138.173 1.80242e-011 0.000390328 217.745 7267.74 7485.49 11606.2
1.922 18546.9 136.187 1.8705e-011 0.000401748 220.983 7322.8 7543.78 11003.1
1.924 17078.8 130.686 2.01435e-011 0.000425574 227.595 7433.76 7661.36 9417.48
1.925 15949.9 126.293 2.09032e-011 0.000437999 230.97 7489.67 7720.64 8229.3
1.927 16594.7 128.82 2.25082e-011 0.000463921 237.86 7602.36 7840.22 8754.44
1.928 18207.1 134.934 2.33557e-011 0.000477437 241.378 7659.14 7900.52 10306.6
1.93 20170.9 142.024 2.51462e-011 0.000505633 248.558 7773.56 8022.12 12148.8
1.931 19366.9 139.165 2.60915e-011 0.000520334 252.223 7831.2 8083.43 11283.5
1.933 17922 133.873 2.80886e-011 0.000550999 259.705 7947.35 8207.06 9714.97
1.934 17937.9 133.932 2.91429e-011 0.000566986 263.523 8005.86 8269.39 9668.52
1.936 19966 141.301 3.137e-011 0.000600329 271.318 8123.74 8395.06 11570.9
1.937 15844.2 125.874 3.25456e-011 0.00061771 275.295 8183.12 8458.42 7385.79
1.939 15583.6 124.834 3.50288e-011 0.00065396 283.414 8302.74 8586.15 6997.41
1.94 15134.9 123.024 3.63395e-011 0.000672854 287.557 8362.98 8650.54 6484.35
1.942 13722.1 117.141 3.91077e-011 0.000712256 296.013 8484.33 8780.34 4941.76
1.943 14567.5 120.696 4.05688e-011 0.000732792 300.328 8545.44 8845.77 5721.72
1.945 14357 119.821 4.36543e-011 0.000775612 309.134 8668.52 8977.66 5379.34
1.946 13761.2 117.308 4.52826e-011 0.000797927 313.626 8730.5 9044.12 4717.12
1.948 15723.7 125.394 4.87211e-011 0.000844454 322.795 8855.31 9178.1 6545.59
1.949 18357.5 135.49 5.05356e-011 0.000868699 327.473 8918.15 9245.62 9111.87
1.951 19067.4 138.085 5.43668e-011 0.000919244 337.019 9044.69 9381.71 9685.72
1.952 20301.2 142.482 5.63884e-011 0.000945581 341.889 9108.39 9450.28 10850.9
1.954 20198.6 142.122 6.06565e-011 0.00100048 351.825 9236.66 9588.48 10610.1
1.955 19650.3 140.179 6.29084e-011 0.00102909 356.894 9301.22 9658.11 9992.17
1.957 17864.2 133.657 6.76624e-011 0.00108871 367.236 9431.2 9798.44 8065.73
1.958 16182.4 127.21 7.01704e-011 0.00111977 372.512 9496.63 9869.14 6313.23
1.96 19310.1 138.961 7.54647e-011 0.0011845 383.275 9628.33 10011.6 9298.49
1.961 17010.3 130.424 7.82575e-011 0.00121822 388.764 9694.6 10083.4 6926.98
1.963 18321.8 135.358 8.41524e-011 0.0012885 399.964 9828.01 10228 8093.86
1.964 20015.2 141.475 8.72619e-011 0.0013251 405.675 9895.14 10300.8 9714.4
1.966 19787.4 140.668 9.38244e-011 0.00140138 417.327 10030.2 10447.6 9339.85
1.967 17636.4 132.802 9.72858e-011 0.0014411 423.269 10098.2 10521.5 7114.9
1.969 15214.3 123.346 1.0459e-010 0.00152388 435.39 10235 10670.4 4543.87
1.97 17166.1 131.019 1.08443e-010 0.00156698 441.571 10303.9 10745.4 6420.63
1.972 15496.8 124.486 1.16572e-010 0.00165679 454.178 10442.3 10896.5 4600.27
1.973 14831.2 121.784 1.20859e-010 0.00170356 460.607 10512 10972.6 3858.64
1.975 16231.6 127.403 1.29904e-010 0.00180098 473.718 10652.2 11125.9 5105.73
1.976 17879.6 133.715 1.34674e-010 0.00185171 480.403 10722.6 11203.1 6676.56
1.978 18898.4 137.471 1.44737e-010 0.00195738 494.037 10864.5 11358.5 7539.89
1.98 19694.2 140.336 1.5554e-010 0.00206891 508.03 11007.4 11515.4 8178.77
1.981 18070 134.425 1.61235e-010 0.00212697 515.163 11079.3 11594.4 6475.63
1.983 16841.7 129.775 1.7325e-010 0.00224791 529.71 11223.8 11753.5 5088.13
1.984 17300.2 131.53 1.79584e-010 0.00231086 537.126 11296.5 11833.6 5466.61
1.986 16931.9 130.122 1.92945e-010 0.00244196 552.247 11442.7 11994.9 4936.91
1.987 16591.4 128.807 1.99988e-010 0.0025102 559.955 11516.2 12076.1 4515.21
1.989 17398.7 131.904 2.14842e-010 0.0026523 575.671 11664 12239.7 5159
1.99 16267.4 127.544 2.22671e-010 0.00272625 583.682 11738.3 12322 3945.4
1.992 14376.1 119.9 2.39183e-010 0.00288024 600.014 11887.7 12487.7 1888.38
1.994 16877.2 129.912 2.56901e-010 0.00304269 616.769 12038.1 12654.9 4222.32
1.995 21579.7 146.9 2.66238e-010 0.00312722 625.308 12113.7 12739.1 8840.66
1.997 18282.1 135.211 2.85927e-010 0.00330321 642.715 12265.8 12908.5 5373.66
1.998 16969.7 130.268 2.96302e-010 0.00339478 651.587 12342.2 12993.7 3975.94
2 18855.9 137.317 3.18179e-010 0.00358541 669.67 12495.7 13165.4 5690.56
2.001 17948.3 133.971 3.29706e-010 0.00368459 678.885 12572.9 13251.8 4696.55
2.003 17436.1 132.046 3.54009e-010 0.00389102 697.669 12728 13425.6 4010.47
2.005 17079.1 130.687 3.80074e-010 0.00410871 716.932 12884.1 13601 3478.1
2.006 17414.7 131.965 3.93807e-010 0.00422195 726.747 12962.5 13689.2 3725.46
2.008 18209.5 134.943 4.22755e-010 0.00445762 746.751 13120.1 13866.8 4342.66
2.009 18086.6 134.486 4.38005e-010 0.00458021 756.943 13199.2 13956.2 4130.39
2.011 20042.2 141.57 4.70149e-010 0.0048353 777.713 13358.3 14136 5906.15
2.013 20078.6 141.699 5.04613e-010 0.00510421 799.009 13518.3 14317.3 5761.24
2.014 21572.4 146.875 5.22767e-010 0.00524407 809.858 13598.7 14408.5 7163.82
2.016 20464.4 143.054 5.61026e-010 0.00553505 831.966 13760.1 14592.1 5872.32
2.017 17404.8 131.927 5.81177e-010 0.00568638 843.227 13841.2 14684.4 2720.4
2.019 17250.1 131.34 6.2364e-010 0.0060012 866.173 14004 14870.2 2379.86
2.021 16387.5 128.014 6.69155e-010 0.00633296 889.694 14167.8 15057.5 1330.02
2.022 15838.9 125.853 6.93124e-010 0.00650546 901.675 14250 15151.7 687.233
2.024 15699.6 125.298 7.43627e-010 0.00686429 926.083 14415.1 15341.2 358.358
2.026 15775.2 125.599 7.97749e-010 0.00724233 951.099 14581.1 15532.3 242.96
2.027 17732.3 133.163 8.26246e-010 0.00743888 963.839 14664.5 15628.3 2103.98
2.029 17761.3 133.271 8.86282e-010 0.00784765 989.793 14831.8 15821.6 1939.69
2.03 17655.2 132.873 9.1789e-010 0.00806014 1003.01 14915.8 15918.8 1736.37
2.032 17492.8 132.26 9.84473e-010 0.00850205 1029.93 15084.4 16114.3 1378.52
2.034 16558.6 128.68 1.05581e-009 0.00896748 1057.52 15253.8 16311.3 247.25
2.035 14296.5 119.568 1.09336e-009 0.00920939 1071.57 15338.8 16410.4 -2113.84
2.037 14599.9 120.83 1.17245e-009 0.0097124 1100.18 15509.4 16609.6 -2009.7
2.039 16050.8 126.692 1.25717e-009 0.0102421 1129.49 15680.9 16810.4 -759.582
2.04 18535.7 136.146 1.30176e-009 0.0105174 1144.41 15766.9 16911.3 1624.38
2.042 19512.2 139.686 1.39566e-009 0.0110896 1174.81 15939.5 17114.3 2397.96
2.044 18563.3 136.247 1.49623e-009 0.0116921 1205.94 16112.8 17318.8 1244.55
2.045 18159.2 134.756 1.54915e-009 0.0120052 1221.79 16199.8 17421.6 737.571
2.047 18591.2 136.35 1.66059e-009 0.0126559 1254.06 16374.2 17628.3 962.905
2.049 20857.7 144.422 1.77991e-009 0.0133409 1287.12 16549.4 17836.5 3021.13
2.05 21566 146.854 1.84269e-009 0.0136968 1303.95 16637.2 17941.2 3624.76
2.052 21783.2 147.591 1.97488e-009 0.0144364 1338.2 16813.5 18151.7 3631.56
2.054 23460.1 153.167 2.11638e-009 0.0152147 1373.29 16990.3 18363.6 5096.47
2.055 23507.5 153.322 2.19083e-009 0.015619 1391.14 17079 18470.2 5037.33
2.057 21366.1 146.172 2.34754e-009 0.0164592 1427.5 17256.9 18684.4 2681.76
2.059 18513.7 136.065 2.51528e-009 0.0173432 1464.72 17435.3 18900.1 -386.333
2.06 17747.7 133.22 2.60351e-009 0.0178023 1483.66 17524.8 19008.5 -1260.82
2.062 19148.7 138.379 2.78922e-009 0.0187563 1522.22 17704.2 19226.4 -77.7374
2.064 19666.3 140.237 2.98795e-009 0.0197598 1561.69 17884.1 19445.8 220.445
2.066 18872.8 137.378 3.2006e-009 0.0208154 1602.1 18064.7 19666.8 -794.014
2.067 19671.8 140.256 3.31244e-009 0.0213635 1622.66 18155.1 19777.8 -105.989
2.069 19874.2 140.976 3.54778e-009 0.0225021 1664.51 18336.4 20001 -126.749
2.071 20090.8 141.742 3.79955e-009 0.0236995 1707.34 18518.2 20225.6 -134.799
2.072 21123.9 145.341 3.93196e-009 0.0243211 1729.13 18609.3 20338.5 785.408
2.074 21353.3 146.128 4.21052e-009 0.0256123 1773.48 18791.9 20565.4 787.89
2.076 19445.5 139.447 4.50848e-009 0.0269699 1818.87 18974.9 20793.8 -1348.3
2.077 19916.1 141.124 4.66515e-009 0.0276747 1841.96 19066.5 20908.5 -992.406
2.079 21309.7 145.978 4.99472e-009 0.0291382 1888.94 19250.2 21139.1 170.542
2.081 20448.9 143 5.34717e-009 0.0306767 1937.01 19434.2 21371.2 -922.294
2.083 22001.3 148.328 5.72405e-009 0.0322938 1986.19 19618.6 21604.8 396.446
2.084 24804.7 157.495 5.92218e-009 0.0331332 2011.21 19711 21722.2 3082.5
2.086 24462.6 156.405 6.33888e-009 0.0348757 2062.1 19895.9 21958.1 2504.56
2.088 22142.8 148.804 6.7844e-009 0.0367071 2114.17 20081.2 22195.4 -52.6208
2.09 21965.9 148.209 7.26068e-009 0.0386316 2167.43 20266.7 22434.2 -468.357
2.091 21672.5 147.216 7.511e-009 0.0396302 2194.52 20359.6 22554.2 -881.688
2.093 24474.7 156.444 8.03738e-009 0.041703 2249.62 20545.6 22795.3 1679.44
2.095 28061.7 167.516 8.6e-009 0.0438808 2305.98 20731.8 23037.8 5023.89
2.097 30288.2 174.035 9.20132e-009 0.0461687 2363.61 20918.2 23281.9 7006.35
2.098 31230.5 176.722 9.5173e-009 0.0473556 2392.92 21011.5 23404.5 7826.02
2.1 34511 185.771 1.01816e-008 0.0498188 2452.52 21198.2 23650.8 10860.3
2.102 35698.2 188.94 1.08915e-008 0.052406 2513.47 21385.1 23898.6 11799.6
2.104 40884.9 202.2 1.16499e-008 0.0551232 2575.8 21572.1 24147.9 16737
2.105 38556.4 196.358 1.20484e-008 0.0565326 2607.48 21665.6 24273.1 14283.3
2.107 32536.2 180.378 1.2886e-008 0.0594568 2671.91 21852.7 24524.7 8011.5
2.109 30308.4 174.093 1.37807e-008 0.0625273 2737.78 22039.9 24777.8 5530.61
2.111 28310.6 168.258 1.47365e-008 0.0657513 2805.12 22227.1 25032.3 3278.26
2.113 32531.8 180.366 1.57574e-008 0.0691361 2873.96 22414.4 25288.4 7243.34
2.114 31484.4 177.438 1.62937e-008 0.0708912 2908.95 22508 25417 6067.33
2.116 25911.6 160.971 1.74205e-008 0.0745318 2980.09 22695.2 25675.4 236.168
2.118 20563.3 143.399 1.86238e-008 0.0783532 3052.8 22882.4 25935.3 -5371.95
2.12 20204.4 142.142 1.99087e-008 0.0823641 3127.1 23069.5 26196.7 -5992.27
2.122 21018.1 144.976 2.12807e-008 0.0865735 3203.04 23256.4 26459.6 -5441.43
2.123 26308.4 162.199 2.20012e-008 0.0887555 3241.63 23349.9 26591.6 -283.175
2.125 30772.4 175.421 2.35147e-008 0.0932806 3320.08 23536.6 26856.8 3915.6
2.127 30314.2 174.11 2.51305e-008 0.0980287 3400.23 23723.2 27123.6 3190.66
2.129 28480.7 168.762 2.68553e-008 0.10301 3482.13 23909.6 27391.9 1088.87
2.131 26013.8 161.288 2.86963e-008 0.108237 3565.8 24095.8 27661.7 -1647.89
2.132 21572.9 146.877 2.96628e-008 0.110945 3608.31 24188.8 27797.2 -6224.29
2.134 20821.4 144.296 3.16927e-008 0.11656 3694.71 24374.5 28069.3 -7247.95
2.136 22573.1 150.243 3.3859e-008 0.12245 3782.97 24560 28343 -5769.98
2.138 24431.5 156.306 3.61706e-008 0.128627 3873.11 24745.1 28618.3 -4186.81
2.14 29234.5 170.981 3.86371e-008 0.135106 3965.19 24929.8 28895.2 339.379
2.142 32022 178.947 4.12687e-008 0.141899 4059.23 25114.2 29173.6 2848.44
2.143 30968.5 175.979 4.26498e-008 0.145419 4107 25206.2 29313.4 1655.08
2.145 28277 168.158 4.55496e-008 0.152713 4204.06 25390 29594.2 -1317.15
2.147 26559.4 162.97 4.86428e-008 0.16036 4303.17 25573.3 29876.6 -3317.21
2.149 27425.2 165.606 5.19423e-008 0.168377 4404.37 25756 30160.6 -2735.39
2.151 30217.9 173.833 5.54613e-008 0.176781 4507.7 25938.3 30446.2 -228.287
2.153 32906.5 181.402 5.92143e-008 0.18559 4613.2 26120 30733.4 2173.09
2.154 31446.4 177.331 6.11833e-008 0.190152 4666.78 26210.7 30877.6 568.752
2.156 29019.6 170.351 6.53162e-008 0.199604 4775.61 26391.5 31167.3 -2147.71
2.158 28124 167.702 6.97229e-008 0.209509 4886.7 26571.7 31458.6 -3334.67
2.16 29286.5 171.133 7.44214e-008 0.219888 5000.1 26751.3 31751.6 -2465.12
2.162 30071.1 173.41 7.94306e-008 0.230763 5115.85 26930.2 32046.3 -1975.22
2.164 32480.5 180.223 8.47705e-008 0.242157 5233.99 27108.4 32342.6 137.896
2.166 34037.3 184.492 9.04626e-008 0.254094 5354.56 27285.8 32640.6 1396.72
2.168 32266.1 179.628 9.65296e-008 0.266599 5477.61 27462.5 32940.3 -674.222
2.169 32032 178.975 9.97113e-008 0.273072 5540.07 27550.5 33090.8 -1058.86
2.171 32447.5 180.132 1.06387e-007 0.286476 5666.91 27725.9 33393.1 -945.657
2.173 35353.3 188.025 1.135e-007 0.300515 5796.32 27900.5 33697.2 1656.1
2.175 35234.5 187.709 1.2108e-007 0.315217 5928.37 28074.3 34002.9 1231.57
2.177 31766.6 178.232 1.29157e-007 0.330613 6063.09 28247.1 34310.5 -2543.87
2.179 32356.4 179.879 1.37762e-007 0.346733 6200.52 28419 34619.8 -2263.39
2.181 32981.7 181.609 1.4693e-007 0.36361 6340.72 28589.9 34931 -1949.28
2.183 35264.9 187.79 1.56696e-007 0.38128 6483.73 28759.8 35243.9 21.0012
2.185 35429.9 188.228 1.67098e-007 0.399776 6629.6 28928.7 35558.7 -128.827
2.187 34104.1 184.673 1.78177e-007 0.419137 6778.37 29096.5 35875.3 -1771.25
2.189 34131.5 184.747 1.89977e-007 0.439401 6930.1 29263.3 36193.8 -2062.35
2.19 33270.7 182.403 1.96161e-007 0.449884 7007.09 29346.2 36353.8 -3083.05
2.192 32977.8 181.598 2.09128e-007 0.47158 7163.34 29511.3 36675.1 -3697.28
2.194 34534.1 185.834 2.22935e-007 0.494282 7322.67 29675.2 36998.4 -2464.23
2.196 38069.8 195.115 2.37637e-007 0.518037 7485.13 29837.9 37323.6 746.188
2.198 38693.5 196.707 2.53288e-007 0.542891 7650.77 29999.4 37650.7 1042.76
2.2 35009.7 187.109 2.6995e-007 0.568892 7819.64 30159.7 37979.9 -2970.17
2.202 35382 188.101 2.87687e-007 0.596092 7991.8 30318.6 38311 -2929.07
2.204 36559.7 191.206 3.06566e-007 0.624544 8167.29 30476.3 38644.2 -2084.54
2.206 37066.5 192.527 3.26659e-007 0.654302 8346.18 30632.6 38979.5 -1912.95
2.208 39957.9 199.895 3.48043e-007 0.685424 8528.51 30787.6 39316.8 641.099
2.21 45917.7 214.284 3.70799e-007 0.71797 8714.34 30941.2 39656.2 6261.52
2.212 42926.3 207.187 3.95013e-007 0.752003 8903.73 31093.3 39997.8 2928.5
2.214 40862.9 202.146 4.20777e-007 0.787587 9096.72 31244 40341.5 521.337
2.216 39960.3 199.901 4.48187e-007 0.82479 9293.39 31393.2 40687.4 -727.161
2.218 38194.7 195.435 4.77347e-007 0.863683 9493.78 31540.9 41035.6 -2840.87
2.22 39813.2 199.532 5.08366e-007 0.904339 9697.96 31687.1 41386 -1572.78
2.222 45342.7 212.938 5.41359e-007 0.946834 9905.98 31831.7 41738.7 3604.02
2.224 44281.8 210.432 5.76451e-007 0.991248 10117.9 31974.8 42093.6 2188.12
2.226 44085.3 209.965 6.13772e-007 1.03766 10333.8 32116.2 42451 1634.33
2.228 42979.8 207.316 6.53459e-007 1.08617 10553.7 32255.9 42810.7 169.152
2.23 41641.1 204.061 6.9566e-007 1.13685 10777.7 32394 43172.8 -1531.71
2.232 45215.4 212.639 7.40531e-007 1.1898 11005.8 32530.4 43537.4 1678.06
2.234 45405.9 213.087 7.88237e-007 1.24513 11238.1 32665.1 43904.4 1501.51
2.236 43653.4 208.934 8.38953e-007 1.30292 11474.7 32798 44274 -620.586
2.238 43190.7 207.824 8.92865e-007 1.36329 11715.6 32929.1 44646.1 -1455.47
2.24 42859.1 207.024 9.5017e-007 1.42634 11961 33058.4 45020.8 -2161.75
2.242 43561.3 208.713 1.01108e-006 1.49219 12210.8 33186 45398.2 -1836.94
2.244 45743.2 213.877 1.07581e-006 1.56096 12465.1 33311.6 45778.2 -35.0333
2.246 46980.6 216.75 1.1446e-006 1.63278 12724 33435.4 46161 819.596
2.248 45932.3 214.318 1.21769e-006 1.70776 12987.5 33557.3 46546.5 -614.242
2.25 45889.3 214.218 1.29536e-006 1.78604 13255.8 33677.2 46934.8 -1045.54
2.252 49832.4 223.232 1.37787e-006 1.86777 13528.9 33795.2 47326 2506.38
2.254 58000.8 240.834 1.46553e-006 1.95308 13806.8 33911.2 47720 10280.8
2.256 63174.6 251.346 1.55865e-006 2.04213 14089.7 34025.3 48117 15057.5
2.258 65103 255.153 1.65757e-006 2.13507 14377.6 34137.3 48517 16586
2.26 65593.3 256.112 1.76262e-006 2.23207 14670.5 34247.3 48920 16673.3
2.262 66681.4 258.227 1.8742e-006 2.33329 14968.6 34355.2 49326.1 17355.3
2.264 61578.1 248.149 1.99269e-006 2.43891 15271.9 34461 49735.3 11842.8
2.267 66661 258.188 2.1843e-006 2.60598 15736.7 34615.8 50355.1 16305.9
2.269 68355.8 261.449 2.32196e-006 2.72341 16053.4 34716.3 50772.3 17583.4
2.271 68861.2 262.414 2.46811e-006 2.84591 16375.4 34814.6 51192.9 17668.3
2.273 65031.6 255.013 2.62325e-006 2.97368 16703.1 34910.8 51616.8 13414.8
2.275 58082.7 241.004 2.78794e-006 3.10694 17036.3 35004.8 52044.2 6038.5
2.277 56470.7 237.636 2.96275e-006 3.24593 17375.2 35096.5 52475 3995.68
2.279 51181.8 226.234 3.14828e-006 3.39086 17719.9 35186.1 52909.4 -1727.6
2.281 50211.5 224.079 3.34518e-006 3.54199 18070.4 35273.4 53347.3 -3135.75
2.283 56191.7 237.048 3.55412e-006 3.69956 18426.8 35358.4 53788.9 2402.82
2.285 63382 251.758 3.77583e-006 3.86384 18789.2 35441.1 54234.2 9147.78
2.288 60930.3 246.841 4.13402e-006 4.12343 19344.3 35560.8 54909.2 6021.16
2.29 66386.4 257.656 4.39108e-006 4.30568 19722 35637.7 55364 11022.4
2.292 65581.3 256.088 4.66377e-006 4.49564 20106 35712.3 55822.8 9758.51
2.294 61037.7 247.058 4.95302e-006 4.69361 20496.3 35784.5 56285.5 4752.17
2.296 58977.6 242.853 5.25982e-006 4.89991 20893 35854.3 56752.3 2225.31
2.298 59670.9 244.276 5.58521e-006 5.11488 21296.3 35921.8 57223.2 2447.7
2.3 58681.6 242.243 5.93027e-006 5.33887 21706.1 35986.8 57698.2 983.334
2.302 57902.6 240.63 6.29618e-006 5.57222 22122.6 36049.4 58177.6 -274.948
2.305 58486.5 241.84 6.88684e-006 5.94064 22760 36138.7 58904.7 -418.145
2.307 60532.8 246.034 7.3104e-006 6.19908 23193.5 36195.3 59394.9 1137.85
2.309 58836.4 242.562 7.75942e-006 6.46825 23633.9 36249.3 59889.7 -1053.29
2.311 64220.1 253.417 8.23541e-006 6.74858 24081.4 36300.9 60389 3831.09
2.313 65519.8 255.968 8.73994e-006 7.04051 24536 36349.9 60893 4626.82
2.315 64845 254.647 9.27467e-006 7.34449 24997.8 36396.5 61401.6 3443.4
2.318 61761.5 248.519 1.01373e-005 7.8241 25704.1 36461.7 62173.6 -412.136
2.32 59656.6 244.247 1.07555e-005 8.16031 26184.2 36502 62694.4 -3037.85
2.322 58717.4 242.317 1.14106e-005 8.5103 26671.9 36539.8 63220.2 -4502.79
2.324 63425.2 251.844 1.21046e-005 8.87461 27167 36575.1 63751 -325.77
2.326 67103.9 259.044 1.28399e-005 9.25378 27669.9 36607.8 64286.9 2817.02
2.329 69116.9 262.901 1.40254e-005 9.85169 28438.7 36652 65100.6 4016.27
2.331 67699.2 260.191 1.48746e-005 10.2706 28961.1 36678.4 65649.8 2049.41
2.333 71281 266.985 1.5774e-005 10.7065 29491.5 36702.1 66204.3 5076.7
2.335 71418.3 267.242 1.67265e-005 11.16 30029.9 36723.3 66764.3 4653.99
2.337 77982 279.253 1.77352e-005 11.6318 30576.4 36741.9 67329.9 10652.1
2.34 76024.5 275.725 1.93607e-005 12.3753 31411.6 36765 68189 7835.53
2.342 72130.3 268.571 2.05244e-005 12.8959 31978.9 36777.2 68768.9 3361.42
2.344 73549.6 271.2 2.17564e-005 13.4374 32554.5 36786.7 69354.7 4194.84
2.346 76489.7 276.568 2.30606e-005 14.0006 33138.7 36793.7 69946.5 6543.2
2.349 81110 284.798 2.51615e-005 14.8876 34031.2 36799.4 70845.5 10264.5
2.351 78031.1 279.341 2.66648e-005 15.5085 34637.1 36799.9 71452.5 6578.61
2.353 72520.5 269.296 2.82558e-005 16.154 35251.9 36797.8 72065.8 454.635
2.355 64307.7 253.59 2.99395e-005 16.825 35875.5 36793.2 72685.5 -8377.85
2.358 69922.8 264.429 3.26504e-005 17.8816 36828 36781.3 73627.1 -3704.35
2.36 79083.5 281.218 3.45895e-005 18.6207 37474.3 36770.2 74263.1 4820.38
2.362 74640.3 273.204 3.66409e-005 19.3889 38129.9 36756.5 74905.7 -265.444
2.364 71872.3 268.09 3.88112e-005 20.1872 38794.8 36740.2 75555.2 -3682.81
2.367 75763.8 275.252 4.23039e-005 21.4435 39809.8 36710.9 76542.2 -778.379
2.369 76475.6 276.542 4.48011e-005 22.3219 40498.4 36688.2 77208.9 -733.262
2.371 73361.5 270.853 4.74421e-005 23.2346 41196.6 36662.9 77882.7 -4521.21
2.373 81372.8 285.259 5.02351e-005 24.1827 41904.5 36635 78563.7 2809.04
2.376 84259 290.274 5.47281e-005 25.674 42984.8 36588.4 79598.9 4660.02
2.378 84754.8 291.127 5.7939e-005 26.7164 43717.4 36554.2 80298.4 4456.46
2.38 86680.6 294.416 6.13338e-005 27.7989 44460 36517.4 81005.3 5675.31
2.383 81997.5 286.352 6.67931e-005 29.5011 45592.9 36457.6 82080 -82.4696
2.385 90285.2 300.475 7.06933e-005 30.6904 46361 36414.5 82806.2 7479.04
2.387 91840.4 303.052 7.48156e-005 31.9252 47139.4 36368.9 83540.2 8300.18
2.39 85394.7 292.224 8.14427e-005 33.8661 48326.5 36295.8 84656.2 738.483
2.392 82503.6 287.234 8.61757e-005 35.2217 49131.1 36244 85410.3 -2906.73
2.394 88944.4 298.236 9.11769e-005 36.6287 49946.3 36189.7 86172.6 2771.83
2.397 87072.1 295.08 9.92141e-005 38.8396 51189.2 36103.7 87331.7 -259.565
2.399 90820.2 301.364 0.000104952 40.3832 52031.3 36043.2 88114.9 2705.26
2.401 97014.7 311.472 0.000111014 41.9848 52884.3 35980.4 88906.7 8107.99
2.404 103546 321.785 0.000120752 44.5006 54184.6 35881.6 90110.7 13435.2
2.406 99006.6 314.653 0.000127702 46.2565 55065.3 35812.7 90924.3 8082.36
2.408 98087 313.188 0.000135042 48.0779 55957.3 35741.5 91746.8 6340.23
2.411 91060.3 301.762 0.00014683 50.9378 57316.4 35630.1 92997.5 -1937.16
2.413 94570.7 307.524 0.00015524 52.9331 58236.7 35553 93842.6 728.1
2.416 103622 321.904 0.000168743 56.0654 59638.8 35432.9 95127.8 8494.48
2.418 106898 326.953 0.000178375 58.2501 60588 35350 95996.3 10902.1
2.42 110355 332.197 0.000188543 60.5152 61549 35264.7 96874.2 13480.5
2.423 104638 323.478 0.000204862 64.0697 63012.5 35132.6 98209.2 6428.92
2.425 101750 318.983 0.000216498 66.5481 64003 35041.8 99111.3 2639.01
2.427 103619 321.899 0.000228779 69.1169 65005.5 34948.7 100023 3595.51
2.43 103960 322.428 0.000248482 73.1465 66531.8 34804.9 101410 2549.87
2.432 117071 342.157 0.000262527 75.9551 67564.5 34706.3 102347 14724.5
2.435 115028 339.158 0.000285057 80.3597 69136.5 34554.4 103771 11256.8
2.437 111776 334.329 0.000301113 83.4289 70200 34450.5 104734 7042.05
2.44 113317 336.626 0.000326862 88.241 71818.4 34290.7 106197 7119.71
2.442 121481 348.541 0.000345207 91.5932 72913 34181.5 107186 14294.7
2.444 122063 349.375 0.000364555 95.0653 74020.1 34070.3 108185 13877.3
2.447 120848 347.632 0.000395573 100.507 75704.6 33899.7 109705 11143.5
2.449 111201 333.469 0.000417665 104.297 76843.5 33783.5 110731 470.121
2.452 111843 334.43 0.000453074 110.234 78575.8 33605.5 112292 -448.37
2.454 110280 332.085 0.000478287 114.368 79746.9 33484.4 113346 -3065.23
2.457 108056 328.719 0.000518689 120.844 81527.8 33299.1 114948 -6891.81
2.459 121229 348.18 0.00054745 125.351 82731.3 33173.3 116030 5199.19
2.462 124671 353.088 0.000593527 132.409 84561.3 32981.1 117675 6996.31
2.464 117880 343.337 0.000626321 137.321 85797.8 32850.6 118786 -905.224
2.467 119833 346.168 0.000678844 145.011 87677.3 32651.7 120474 -641.409
2.469 130405 361.116 0.000716218 150.36 88947 32516.8 121614 8790.63
2.472 139777 373.868 0.000776061 158.734 90876.7 32311.4 123347 16430.2
2.474 135997 368.777 0.000818632 164.557 92179.9 32172.3 124517 11480.1
2.477 128028 357.81 0.000886782 173.67 94160.1 31960.5 126294 1733.66
2.479 121283 348.257 0.000935251 180.006 95497.3 31817.3 127495 -6211.91
2.482 122396 349.852 0.00101282 189.918 97528.5 31599.6 129318 -6921.68
2.484 124266 352.514 0.00106798 196.808 98899.7 31452.5 130549 -6282.57
2.487 124242 352.48 0.00115624 207.585 100982 31229 132419 -8176.63
2.489 144054 379.545 0.00121898 215.074 102388 31078.2 133681 10373.4
2.492 142729 377.795 0.00131934 226.784 104522 30849.2 135598 7131.15
2.494 132380 363.841 0.00139066 234.919 105962 30694.8 136892 -4512.01
2.497 133537 365.427 0.00150474 247.637 108149 30460.6 138857 -5319.76
2.499 149958 387.244 0.00158579 256.47 109624 30302.8 140183 9775.1
2.502 152321 390.284 0.00171538 270.274 111862 30063.7 142196 10125.1
2.505 161938 402.415 0.00185525 284.772 114132 29821.7 144239 17699.1
2.507 171515 414.143 0.00195459 294.837 115663 29658.9 145617 25897.6
2.51 153300 391.535 0.00211337 310.56 117986 29412.4 147709 5590.63
2.512 135274 367.796 0.00222612 321.474 119552 29246.6 149120 -13846.8
2.515 153393 391.654 0.00240628 338.518 121928 28995.9 151262 2130.68
2.518 171365 413.963 0.00260058 356.403 124335 28742.8 153434 17931
2.52 167418 409.167 0.00273849 368.812 125957 28572.8 154899 12518.6
2.523 162037 402.538 0.00295878 388.183 128417 28315.9 157121 4915.78
2.525 150010 387.311 0.0031151 401.62 130075 28143.5 158620 -8610.2
2.528 133226 365.001 0.00336473 422.59 132588 27883.1 160894 -27667.8
2.531 112373 335.221 0.00363376 444.576 135132 27620.8 163198 -50824.9
2.533 121597 348.708 0.00382459 459.82 136846 27444.8 164751 -43153.9
2.536 135530 368.144 0.00412922 483.601 139444 27179.4 167107 -31576.7
2.539 129164 359.393 0.00445735 508.522 142073 26912.3 169494 -40330
2.541 175125 418.479 0.00469003 525.794 143843 26733.4 171102 4022.85
2.544 257589 507.532 0.0050613 552.726 146524 26463.7 173541 84048
2.546 287920 536.582 0.0053245 571.388 148329 26283.1 175184 112736
2.549 266349 516.09 0.00574437 600.479 151063 26011.1 177674 88674.7
2.552 228672 478.197 0.00619631 630.94 153828 25737.8 180196 48475.6
2.555 204078 451.75 0.00668267 662.829 156624 25463.3 182750 21328.4
2.557 202192 449.657 0.00702728 684.911 158505 25279.8 184469 17722.2
2.56 211606 460.007 0.00757673 719.317 161352 25003.6 187075 24531.4
2.563 219926 468.963 0.00816776 755.317 164230 24726.6 189712 30214.3
2.565 202932 450.48 0.00858637 780.236 166166 24541.4 191487 11444.8
2.568 180770 425.17 0.00925354 819.043 169094 24263.1 194176 -13407
2.571 214716 463.374 0.00997087 859.63 172053 23984.1 196897 17818.8
2.573 260630 510.519 0.0104787 887.711 174042 23797.8 198728 61902.1
2.576 203234 450.815 0.0112878 931.426 177051 23518 201501 1733.32
2.579 202679 450.199 0.0121574 977.121 180089 23237.8 204304 -1625.38
2.582 226020 475.415 0.0130917 1024.88 183157 22957.2 207139 18880.8
2.584 213103 461.631 0.0137528 1057.9 185218 22770.1 209046 4057.31
2.587 187497 433.009 0.0148056 1109.28 188334 22489.3 211932 -24435.4
2.59 184539 429.58 0.0159362 1162.94 191478 22208.4 214849 -30310.4
2.593 179194 423.313 0.0171502 1218.99 194650 21927.6 217797 -38603.4
2.595 198007 444.979 0.0180089 1257.73 196781 21740.4 219779 -21772.5
2.598 222428 471.623 0.0193754 1317.95 200000 21459.8 222778 -349.357
2.601 268133 517.816 0.020842 1380.82 203246 21179.5 225806 42326.8
2.604 315077 561.317 0.0224159 1446.43 206519 20899.6 228865 86212.6
2.607 268876 518.532 0.0241045 1514.9 209818 20620.1 231953 36922.4
2.609 242835 492.782 0.025298 1562.17 212032 20434 234029 8805.85
2.612 261987 511.847 0.0271961 1635.63 215375 20155.4 237166 24820.7
2.615 268498 518.168 0.0292317 1712.24 218744 19877.4 240333 28164.4
2.618 302895 550.359 0.0314143 1792.12 222137 19600.2 243529 59365.7
2.621 303403 550.82 0.0337541 1875.4 225555 19323.7 246754 56649.1
2.623 282757 531.749 0.0354067 1932.87 227846 19139.9 248919 33837.6
2.626 295436 543.54 0.0380332 2022.09 231304 18865 252191 43244.6
2.629 287538 536.226 0.0408477 2115.06 234785 18591.1 255491 32046.9
2.632 219752 468.777 0.0438629 2211.91 238288 18318.3 258818 -39066.4
2.635 250972 500.971 0.0470928 2312.79 241813 18046.6 262173 -11200.5
2.638 272213 521.741 0.0505519 2417.84 245361 17776.1 265555 6658.98
2.641 252940 502.931 0.0542559 2527.22 248929 17506.9 268963 -16022.9
2.644 224163 473.458 0.0582215 2641.07 252517 17239.1 272397 -48234.3
2.646 324809 569.92 0.0610192 2719.55 254920 17061.3 274701 50107.8
2.649 273352 522.83 0.0654607 2841.23 258541 16795.8 278178 -4826.88
2.652 258585 508.513 0.0702135 2967.84 262181 16531.9 281681 -23095.7
2.655 280207 529.346 0.0752987 3099.54 265839 16269.5 285208 -5000.83
2.658 314450 560.758 0.0807385 3236.52 269514 16008.7 288760 25690.5
2.661 367218 605.985 0.0865566 3378.95 273206 15749.7 292335 74883.3
2.664 358710 598.924 0.0927783 3527.02 276914 15492.3 295934 62776.5
2.667 350656 592.162 0.0994304 3680.94 280638 15236.8 299555 51100.7
2.67 325912 570.887 0.106541 3840.89 284376 14983.1 303200 22712
2.673 348476 590.318 0.114142 4007.09 288127 14731.3 306866 41609.8
2.676 373523 611.165 0.122263 4179.74 291892 14481.4 310554 62969.4
2.679 361799 601.497 0.130941 4359.06 295670 14233.6 314262 47536.2
2.682 316649 562.716 0.14021 4545.26 299458 13987.7 317992 -1342.19
2.685 272380 521.9 0.150111 4738.59 303258 13743.9 321741 -49360.7
2.688 327509 572.284 0.160683 4939.27 307067 13502.3 325509 1999.48
2.691 406878 637.87 0.171971 5147.53 310886 13262.7 329296 77581.5
2.694 397086 630.148 0.18402 5363.63 314713 13025.4 333102 63984.3
2.697 282338 531.355 0.196881 5587.82 318547 12790.3 336925 -54587
2.7 302751 550.228 0.210604 5820.35 322387 12557.4 340765 -38014.2
2.703 298711 546.545 0.225246 6061.48 326234 12326.9 344622 -45911
2.706 333732 577.696 0.240866 6311.49 330085 12098.6 348495 -14762.8
2.709 375634 612.89 0.257524 6570.65 333939 11872.7 352383 23251.1
2.712 333096 577.145 0.275289 6839.24 337797 11649.2 356286 -23189.2
2.715 423415 650.704 0.294229 7117.56 341657 11428 360202 63212.9
2.718 457307 676.245 0.314418 7405.89 345517 11209.3 364133 93174
2.721 401370 633.538 0.335937 7704.55 349378 10993 368076 33294.5
2.724 372536 610.357 0.358867 8013.83 353238 10779.2 372031 504.908
2.727 376179 613.334 0.383297 8334.05 357095 10567.9 375998 181.156
2.73 330698 575.063 0.409322 8665.54 360950 10359.1 379975 -49277.8
2.733 331880 576.09 0.437039 9008.63 364802 10152.8 383963 -52083.7
2.736 391281 625.524 0.466554 9363.64 368648 9949.05 387961 3319.81
2.739 427418 653.772 0.497979 9730.93 372488 9747.83 391967 35450.7
2.743 427560 653.881 0.543051 10240.3 377597 9483.52 397322 30238.4
2.746 479936 692.774 0.579399 10637.6 381420 9288.28 401346 78590
2.749 402974 634.802 0.618075 11048.4 385233 9095.63 405378 -2404.14
2.752 456547 675.683 0.659221 11473 389036 8905.56 409415 47132.3
2.755 422591 650.07 0.702987 11911.8 392827 8718.08 413458 9132.95
2.758 403634 635.322 0.749532 12365.2 396606 8533.19 417505 -13871.1
2.761 395636 628.996 0.799024 12833.6 400371 8350.91 421557 -25920.6
2.765 407975 638.729 0.869904 13482.1 405369 8111.9 426963 -18988.5
2.768 372876 610.636 0.926978 13987 409098 7935.69 431022 -58145.1
2.771 358056 598.378 0.987628 14508.3 412810 7762.07 435081 -77025.5
2.774 416485 645.356 1.05207 15046.4 416504 7591.04 439142 -22657.8
2.777 532270 729.568 1.12053 15601.6 420179 7422.61 443204 89065.9
2.78 511543 715.222 1.19323 16174.5 423833 7256.77 447265 64278
2.784 437649 661.55 1.29723 16966.5 428671 7039.66 452679 -15030.1
2.787 476901 690.58 1.38086 17582.3 432273 6879.83 456737 20163.9
2.79 523059 723.228 1.46963 18217.2 435851 6722.57 460793 62266.8
2.793 527140 726.044 1.56384 18871.7 439404 6567.86 464845 62294.5
2.797 463645 680.915 1.69847 19775.6 444100 6365.53 470243 -6598.48
2.8 594810 771.239 1.80664 20477.6 447590 6216.74 474287 120523
2.803 619911 787.345 1.92138 21200.8 451051 6070.47 478325 141587
2.806 523249 723.359 2.04305 21945.7 454483 5926.7 482357 40891.5
2.81 495192 703.699 2.21677 22973.4 459009 5738.87 487723 7468.56
2.813 605850 778.363 2.35622 23770.8 462366 5600.88 491740 114110
2.816 600822 775.127 2.50402 24591.5 465690 5465.35 495749 105073
2.82 527151 726.052 2.71489 25722.9 470067 5288.42 501081 26070.1
2.823 491763 701.258 2.88405 26600 473308 5158.54 505070 -13306.7
2.826 538922 734.113 3.06323 27502.2 476512 5031.05 509049 29873.8
2.83 681201 825.349 3.31869 28744.9 480725 4864.76 514338 166863
2.833 542250 736.376 3.52348 29707.6 483838 4742.78 518292 23957.2
2.836 477867 691.279 3.74028 30697.1 486911 4623.13 522235 -44368.4
2.84 495147 703.667 4.04916 32059.1 490944 4467.17 527474 -32327.4
2.843 512462 715.865 4.2966 33113.2 493918 4352.86 531389 -18926.5
2.846 519836 720.997 4.55839 34196 496849 4240.81 535290 -15453.6
2.85 556184 745.777 4.93113 35685.2 500686 4094.87 540471 15713.3
2.853 647398 804.61 5.22951 36836.9 503510 3987.98 544340 103058
2.856 570288 755.174 5.54502 38019.1 506286 3883.27 548194 22093.3
2.86 448322 669.568 5.99392 39643.6 509914 3746.99 553310 -104988
2.863 501664 708.283 6.35303 40899 512577 3647.26 557129 -55464.8
2.867 753874 868.259 6.86373 42623.2 516049 3517.54 562196 191677
2.87 849562 921.717 7.27208 43954.8 518593 3422.65 565977 283585
2.874 760589 872.117 7.85252 45782.7 521903 3299.28 570993 189596
2.877 787183 887.233 8.31641 47193.5 524323 3209.1 574734 212449
2.88 691493 831.561 8.80622 48639.3 526689 3120.88 578458 113035
2.884 603236 776.683 9.50196 50622.2 529757 3006.28 583395 19841.1
2.887 693684 832.877 10.0576 52151.5 531993 2922.56 587077 106607
2.891 664265 815.025 10.8465 54247.8 534885 2813.85 591957 72308
2.894 502911 709.162 11.4763 55863.6 536985 2734.48 595595 -92683.9
2.898 548262 740.447 12.3699 58077.2 539695 2631.47 600416 -52153.8
2.901 650400 806.474 13.083 59782.4 541657 2556.3 604009 46391.5
2.905 513030 716.261 14.0943 62117.1 544179 2458.79 608769 -95738.2
2.908 519087 720.477 14.9008 63914.6 545998 2387.67 612315 -93228
2.912 611074 781.712 16.0443 66374.2 548327 2295.46 617013 -5939.2
2.916 637765 798.602 17.2702 68906.8 550544 2206.19 621675 16090.2
2.919 677966 823.387 18.2472 70854.9 552132 2141.13 625147 52819
2.923 655334 809.527 19.6311 73518.1 554150 2056.86 629744 25589.9
2.926 584849 764.754 20.7334 75565.4 555587 1995.46 633168 -48319.5
2.93 688519 829.771 22.2942 78362.6 557400 1915.97 637701 50818
2.933 619604 787.149 23.5368 80511.6 558683 1858.1 641077 -21472.8
2.937 724993 851.465 25.2953 83446.1 560290 1783.2 645544 79449
2.941 773045 879.23 27.177 86460.3 561776 1710.85 649974 123070
2.944 655459 809.604 28.6739 88773.9 562812 1658.2 653272 2186.39
2.948 703903 838.99 30.7906 91930 564086 1590.13 657637 46266.8
2.951 623359 789.531 32.4738 94351.1 564961 1540.64 660885 -37526.3
2.955 532012 729.392 34.8527 97651.9 566020 1476.67 665184 -133172
2.959 620420 787.668 37.3947 101036 566956 1414.95 669445 -49024.4
2.962 779307 882.784 39.4143 103630 567576 1370.11 672616 106691
2.966 696184 834.377 42.2668 107163 568294 1312.21 676811 19372.9
2.97 609373 780.623 45.312 110781 568886 1256.39 680970 -71596.9
2.973 535076 731.489 47.7296 113552 569248 1215.87 684064 -148988
2.977 563601 750.734 51.1414 117322 569621 1163.58 688157 -124556
2.981 664496 815.166 54.7807 121178 569867 1113.23 692214 -27717.8
2.985 713644 844.774 58.6613 125123 569987 1064.76 696233 17410.4
2.988 643397 802.12 61.7389 128139 569994 1029.6 699224 -55826.9
2.992 659657 812.193 66.0775 132237 569893 984.282 703180 -43523.6
2.996 785381 886.217 70.6998 136423 569666 940.694 707100 78280.1
3 912701 955.354 75.6227 140698 569312 898.783 710985 201717
3.003 928088 963.373 79.5228 143962 568965 868.42 713875 214213
3.007 755081 868.954 85.0153 148391 568391 829.32 717697 37384.3
3.011 725044 851.495 90.8597 152909 567692 791.758 721484 3560.26
3.015 722425 849.956 97.0768 157515 566868 755.685 725236 -2811.38
3.019 734601 857.089 103.688 162209 565920 721.052 728953 5647.91
3.022 730520 854.705 108.919 165786 565128 695.994 731719 -1198.95
3.026 737035 858.508 116.275 170633 563964 663.77 735376 1658.91
3.03 729025 853.83 124.091 175565 562677 632.859 739000 -9974.53
3.034 747138 864.371 132.393 180584 561270 603.218 742589 4548.52
3.038 827666 909.762 141.207 185688 559741 574.804 746145 81521.4
3.042 820153 905.623 150.563 190876 558093 547.573 749667 70485.8
3.046 875439 935.649 160.49 196148 556326 521.486 753156 122283
3.049 974867 987.354 168.33 200156 554924 502.647 755751 219116
3.053 938008 968.508 179.334 205570 552953 478.465 759182 178826
3.057 941321 970.217 191.001 211066 550867 455.317 762579 178742
3.061 790793 889.265 203.365 216640 548667 433.168 765943 24849.5
3.065 784767 885.871 216.464 222291 546355 411.98 769274 15493.5
3.069 860319 927.534 230.338 228018 543931 391.718 772571 87747.1
3.073 708412 841.672 245.027 233819 541399 372.348 775836 -67423.2
3.077 648326 805.187 260.575 239693 538758 353.836 779066 -130740
3.081 721432 849.372 277.026 245637 536012 336.15 782263 -60830.3
3.085 718497 847.642 294.427 251650 533162 319.258 785425 -66928.6
3.089 698774 835.927 312.826 257728 530209 303.129 788553 -89779.5
3.093 713755 844.84 332.276 263871 527156 287.734 791647 -77891.7
3.097 757208 870.177 352.828 270075 524004 273.045 794705 -37497.2
3.101 929351 964.028 374.54 276339 520755 259.032 797727 131623
3.105 999925 999.962 397.467 282659 517412 245.669 800714 199211
3.109 927450 963.042 421.671 289032 513976 232.93 803663 123787
3.113 846956 920.302 447.215 295457 510450 220.789 806575 40380.8
3.117 958775 979.171 474.163 301930 506836 209.223 809449 149327
3.121 1.01477e+006 1007.36 502.583 308447 503136 198.206 812284 202483
3.126 949901 974.629 540.288 316652 498393 185.174 815771 134130
3.13 931085 964.927 572.284 323259 494508 175.313 818515 112570
3.134 860412 927.584 605.993 329901 490544 165.93 821217 39195
3.138 875445 935.652 641.495 336573 486504 157.005 823875 51569.4
3.142 954824 977.151 678.871 343272 482391 148.518 826490 128334
3.146 786953 887.104 718.21 349994 478206 140.451 829059 -42105.9
3.15 888211 942.449 759.6 356736 473952 132.784 831581 56629.9
3.155 1.07283e+006 1035.78 814.362 365186 468542 123.737 834666 238166
3.159 1.02874e+006 1014.27 860.71 371958 464143 116.909 837078 191660
3.163 909340 953.593 909.421 378737 459683 110.426 839439 69900.5
3.167 829276 910.646 960.601 385518 455165 104.274 841748 -12471.8
3.171 734042 856.763 1014.36 392297 450592 98.4362 844001 -109959
3.176 828987 910.487 1085.34 400762 444801 91.5604 846740 -17752.8
3.18 888341 942.519 1145.3 407522 440112 86.3799 848865 39476.3
3.184 881738 939.009 1208.21 414265 435376 81.4696 850930 30807.8
3.188 896597 946.888 1274.19 420988 430595 76.8168 852934 43663
3.193 862667 928.799 1361.17 429355 424561 71.3444 855349 7318.15
3.197 884453 940.454 1434.54 436015 419690 67.2272 857206 27246.9
3.201 878094 937.067 1511.4 442639 414783 63.3298 858996 19097.9
3.206 835091 913.833 1612.61 450861 408602 58.751 861134 -26043.2
3.21 829751 910.907 1697.86 457387 403623 55.3099 862763 -33012.2
3.214 937769 968.385 1787.08 463862 398616 52.0558 864317 73451.6
3.219 1.0083e+006 1004.14 1904.42 471877 392322 48.2369 866152 142145
3.223 816824 903.783 2003.14 478219 387263 45.3701 867530 -50706.3
3.228 710499 842.911 2132.86 486052 380911 42.0084 869138 -158639
3.232 791899 889.887 2241.9 492237 375811 39.4868 870329 -78430
3.236 875489 935.676 2355.81 498344 370697 37.1061 871434 4055.52
3.241 874789 935.301 2505.31 505861 364288 34.3174 872689 2099.15
3.245 982265 991.093 2630.81 511776 359152 32.228 873591 108674
3.25 883091 939.729 2795.4 519037 352723 29.7824 874585 8505.78
3.254 916372 957.273 2933.45 524735 347576 27.9513 875273 41099.2
3.259 1.54449e+006 1242.78 3114.33 531710 341142 25.8098 875992 668499
3.263 1.1587e+006 1076.43 3265.92 537168 335996 24.2076 876454 282246
3.268 888570 942.64 3464.37 543828 329571 22.3352 876886 11684.3
3.272 746067 863.752 3630.54 549022 324438 20.9355 877111 -131044
3.277 730874 854.911 3847.88 555338 318035 19.3009 877241 -146367
3.281 723215 850.42 4029.72 560246 312926 18.0799 877220 -154005
3.286 732685 855.97 4267.35 566192 306559 16.6551 877035 -144350
3.29 777849 881.957 4465.99 570792 301484 15.5916 876757 -98908.4
3.295 784130 885.511 4725.34 576341 295165 14.3515 876246 -92115.6
3.299 906496 952.101 4941.95 580613 290134 13.4265 875702 30793.8
3.304 1.01892e+006 1009.42 5224.51 585740 283876 12.3489 874853 144067
3.309 973665 986.744 5520.64 590621 277658 11.3527 873811 99853.4
3.313 897411 947.318 5767.63 594346 272713 10.6106 872838 24572.9
3.318 998672 999.336 6089.38 598771 266573 9.7469 871443 127229
3.323 956084 977.796 6426.07 602933 260480 8.9496 869848 86236.2
3.327 943139 971.153 6706.5 606069 255643 8.35633 868427 74712.1
3.332 1.07698e+006 1037.78 7071.31 609743 249645 7.6667 866467 210515
3.337 1.019e+006 1009.46 7452.47 613138 243703 7.03089 864301 154704
3.341 757771 870.501 7769.5 615651 238991 6.55835 862418 -104647
3.346 764181 874.175 8181.37 618533 233157 6.0097 859878 -95696.5
3.351 834293 913.396 8611.01 621123 227387 5.50453 857127 -22834.2
3.356 779424 882.85 9058.96 623419 221683 5.0396 854166 -74742.1
3.36 694512 833.374 9430.85 625041 217169 4.69461 851645 -157133
3.365 694907 833.611 9913.06 626797 211589 4.29469 848303 -153396
3.37 833756 913.102 10415 628250 206081 3.92711 844750 -10993.6
3.375 869637 932.543 10937.3 629397 200647 3.58941 840985 28652.4
3.38 770943 878.034 11480.3 630238 195288 3.27931 837010 -66066.4
3.385 771472 878.335 12044.6 630770 190007 2.99468 832824 -61352.8
3.389 771570 878.391 12511.7 630973 185839 2.78399 829326 -57755.9
3.394 748675 865.26 13115.6 630948 180701 2.54034 824767 -76091.7
3.399 823200 907.304 13742.2 630614 175643 2.317 820002 3198.21
3.404 792431 890.186 14392 629971 170669 2.11236 815033 -22602.4
3.409 837353 915.07 15065.4 629020 165777 1.92495 809864 27488.6
3.414 919243 958.771 15762.9 627762 160971 1.75339 804497 114745
3.419 855552 924.961 16485 626199 156249 1.59642 798935 56617.4
3.424 761777 872.799 17232 624335 151613 1.45287 793181 -31404
3.429 705799 840.119 18004.4 622170 147064 1.32164 787240 -81440.4
3.434 779001 882.61 18802.6 619709 142602 1.20174 781115 -2114.13
3.439 806281 897.932 19626.9 616955 138228 1.09223 774810 31470.8
3.444 666982 816.689 20477.8 613911 133941 0.992268 768331 -101350
3.449 650991 806.84 21355.5 610584 129742 0.901057 761682 -110691
3.454 565468 751.976 22260.3 606976 125632 0.81787 754869 -189401
3.459 733275 856.315 23192.6 603094 121609 0.742036 747896 -14621.7
3.464 838942 915.938 24152.5 598943 117675 0.672938 740771 98171.5
3.469 805718 897.618 25140.4 594528 113828 0.610006 733497 72220.6
3.474 701476 837.542 26156.3 589857 110069 0.552716 726083 -24607
3.48 597743 773.138 27412.8 583922 105673 0.49074 717008 -119265
3.485 680541 824.949 28491.1 578709 102106 0.444221 709306 -28765.5
3.49 660644 812.8 29598 573261 98624.4 0.401935 701484 -40840.4
3.495 635934 797.455 30733.3 567587 95228.7 0.363514 693549 -57615.3
3.5 714973 845.56 31897.2 561693 91918.2 0.328621 685508 29464.3
3.505 638390 798.993 33089.7 555587 88692 0.296947 677369 -38978.4
3.511 618708 786.58 34558.1 547993 84930.8 0.262789 667482 -48773.8
3.516 686271 828.415 35812.9 541451 81887.5 0.237231 659152 27119.3
3.521 714464 845.26 37095.9 534726 78925.8 0.214064 650748 63716.7
3.526 652075 807.512 38406.7 527825 76044.9 0.193074 642277 9798.68
3.532 519650 720.868 40016.2 519325 72693 0.170486 632034 -112384
3.537 485052 696.457 41387.4 512069 69986.3 0.153621 623443 -138391
3.542 516992 719.021 42785.5 504668 67357 0.138363 614810 -97818.7
3.548 556227 745.806 44498 495606 64302.5 0.12197 604407 -48179.9
3.553 488743 699.102 45953.6 487916 61839.5 0.109749 595709 -106966
3.558 520101 721.18 47434.6 480109 59450.4 0.0987098 586994 -66892.9
3.564 624890 790.5 49244.2 470601 56679 0.0868678 576524 48366.2
3.569 563568 750.711 50778.6 462572 54447.6 0.0780543 567798 -4230.51
3.575 507544 712.422 52650.4 452824 51862 0.0686106 557337 -49792.2
3.58 487810 698.434 54234.8 444618 49782.4 0.0615898 548636 -60825.2
3.586 544186 737.69 56164.3 434686 47374.9 0.0540753 538225 5961.47
3.591 576712 759.416 57794.6 426348 45440.6 0.048495 529583 47128.8
3.597 465041 681.939 59776.5 416284 43203.6 0.0425287 519264 -54223.3
3.602 494697 703.347 61448.1 407859 41408 0.038103 510715 -16018.3
3.608 499560 706.795 63476.4 397716 39333.5 0.0333765 500526 -966.654
3.613 415116 644.295 65184 389247 37670 0.0298743 492101 -76985.1
3.619 351354 592.751 67252.2 379076 35750.1 0.0261381 482078 -130724
3.624 406077 637.241 68989.9 370603 34212.1 0.0233728 473805 -67728.1
3.63 442660 665.327 71090.5 360452 32438.7 0.020426 463981 -21321.1
3.636 505275 710.827 73205.4 350331 30741.9 0.0178394 454278 50996.4
3.641 548168 740.384 74977.1 341930 29384.8 0.0159283 446292 101876
3.647 465263 682.102 77111.9 331899 27822.3 0.0138951 436833 28429.8
3.653 367146 605.926 79253.8 321935 26329.7 0.0121138 427519 -60372.7
3.658 335249 579.007 81042.2 313691 25137.7 0.0107999 419871 -84622.4
3.664 367385 606.123 83189.9 303880 23767.4 0.0094044 410838 -43452.3
3.67 355996 596.654 85336.8 294168 22460.6 0.00818408 401966 -45969.2
3.676 336023 579.675 87479.8 284565 21215.1 0.00711759 393260 -57236.7
3.681 348833 590.62 89260.6 276653 20222.4 0.00633275 386136 -37303.8
3.687 360416 600.347 91388.6 267276 19083.5 0.00550113 377748 -17331.6
3.693 418669 647.046 93504.1 258034 17999.8 0.00477569 369538 49130.6
3.699 412720 642.433 95603.8 248936 16969.2 0.00414328 361509 51211.7
3.705 378587 615.295 97684.4 239989 15989.6 0.00359235 353663 24924.7
3.711 317447 563.425 99742.8 231200 15059 0.0031127 346002 -28554.4
3.716 348143 590.037 101439 224001 14319.6 0.00276096 339760 8383.64
3.722 371016 609.111 103448 215519 13473.9 0.00238954 332440 38576.2
3.728 385781 621.112 105425 207211 12671.8 0.00206678 325308 60473
3.734 384123 619.776 107368 199082 11911.6 0.00178648 318362 65761.2
3.74 336806 580.35 109272 191138 11191.3 0.00154322 311601 25204.9
3.746 357138 597.61 111135 183381 10509.4 0.00133224 305025 52112.7
3.752 340514 583.536 112953 175814 9864.06 0.00114937 298631 41882.6
3.758 309134 555.998 114723 168441 9253.76 0.000990979 292418 16716.2
3.764 291299 539.721 116442 161263 8676.89 0.000853873 286382 4917.27
3.77 283515 532.461 118107 154282 8131.93 0.00073527 280520 2994.26
3.776 292292 540.64 119714 147499 7617.39 0.000632741 274830 17461.6
3.783 352803 593.972 121513 139836 7053.64 0.000530624 268403 84400.5
3.789 402187 634.182 122986 133483 6600.19 0.000456005 263070 139118
3.795 267748 517.444 124393 127329 6172.82 0.000391631 257896 9852.41
3.801 217445 466.31 125731 121374 5770.23 0.000336132 252875 -35429.4
3.807 227195 476.65 126997 115614 5391.21 0.000288315 248003 -20807.6
3.813 212707 461.202 128189 110051 5034.58 0.000247144 243275 -30567.4
3.82 222572 471.775 129483 103805 4645.28 0.000206315 237934 -15361.7
3.826 232296 481.971 130507 98658.4 4333.31 0.000176611 233499 -1203.39
3.832 344437 586.888 131450 93700.9 4040.27 0.000151088 229192 115245
3.838 309483 556.312 132310 88929.7 3765.16 0.000129171 225005 84477.3
3.845 236724 486.543 133207 83594.9 3465.61 0.0001075 220268 16456.4
3.851 216620 465.424 133882 79216.9 3226.15 9.17805e-005 216325 294.537
3.857 224441 473.752 134470 75015.3 3001.73 7.83097e-005 212487 11954.4
3.864 220989 470.095 135043 70331.3 2757.83 6.50196e-005 208132 12857.5
3.87 245496 495.475 135436 66499.1 2563.22 5.54005e-005 204499 40997.3
3.877 199110 446.217 135781 62235.7 2351.98 4.59247e-005 200369 -1258.91
3.883 167705 409.518 135977 58754.6 2183.65 3.90769e-005 196915 -29210.1
3.89 169670 411.911 136090 54889.6 2001.17 3.23413e-005 192981 -23310.4
3.896 203462 451.067 136087 51740.1 1855.94 2.74811e-005 189683 13778.6
3.903 233222 482.931 135967 48250.3 1698.7 2.27079e-005 185916 47306.3
3.909 156851 396.044 135765 45412.3 1573.71 1.9269e-005 182751 -25899.7
3.916 129848 360.345 135413 42273.7 1438.57 1.58966e-005 179125 -49276.9
3.922 160000 400 135013 39726.3 1331.29 1.34707e-005 176071 -16071
3.929 169408 411.592 134433 36914.8 1215.43 1.10954e-005 172563 -3155.8
3.936 145244 381.109 133732 34269.2 1108.9 9.13102e-006 169111 -23866.4
3.942 153962 392.38 133037 32128.5 1024.5 7.72125e-006 166190 -12227.9
3.949 193401 439.774 132117 29772.7 933.523 6.34409e-006 162823 30577.3
3.956 238642 488.51 131083 27563.2 850.051 5.20807e-006 159496 79146
3.962 145896 381.963 130107 25780.6 784.046 4.39469e-006 156672 -10776
3.969 121141 348.053 128868 23824.7 713.04 3.60197e-006 153406 -32264.7
3.976 143008 378.164 127523 21996.1 648.025 2.9497e-006 150167 -7159.48
3.983 215956 464.711 126076 20288.4 588.537 2.41347e-006 146953 69003.6
3.99 131263 362.303 124530 18695.2 534.148 1.97302e-006 143759 -12496.3
3.996 128171 358.009 123130 17416.2 491.282 1.65891e-006 141038 -12866.9
4.003 123980 352.108 121413 16020 445.319 1.35399e-006 137878 -13897.6
4.01 125329 354.018 119609 14721.5 403.382 1.10417e-006 134734 -9405.09
4.017 139966 374.121 117723 13515.3 365.146 8.99665e-007 131604 8362.7
4.024 224417 473.727 115761 12395.9 330.31 7.32405e-007 128487 95930.6
4.031 155911 394.855 113726 11358.4 298.595 5.95727e-007 125383 30527.6
4.038 138412 372.037 111624 10397.7 269.742 4.84138e-007 122292 16120
4.045 96591.3 310.791 109460 9509.07 243.511 3.93112e-007 119213 -22621.5
4.052 79113.3 281.271 107239 8688.05 219.682 3.18925e-007 116147 -37033.9
4.059 80359 283.477 104967 7930.3 198.05 2.58516e-007 113095 -32736.2
4.066 98350.9 313.609 102648 7231.67 178.428 2.09368e-007 110058 -11707
4.073 144544 380.19 100288 6588.26 160.64 1.69418e-007 107036 37507.6
4.081 114938 339.024 97546.4 5915.75 142.353 1.32867e-007 103604 11333.1
4.088 103774 322.14 95115.4 5378.32 127.976 1.07316e-007 100622 3152.3
4.095 81782.9 285.977 92659.6 4885.02 114.972 8.66035e-008 97659.6 -15876.7
4.102 67402.7 259.62 90184.1 4432.7 103.219 6.98287e-008 94720 -27317.3
4.109 90873.8 301.453 87693.8 4018.4 92.6055 5.62546e-008 91804.8 -930.998
4.117 128206 358.059 84836.1 3587.88 81.7369 4.38947e-008 88505.7 39700.4
4.124 84149.8 290.086 82330.8 3245.84 73.2253 3.52967e-008 85649.8 -1500.05
4.131 81677.9 285.793 79825.8 2933.59 65.5555 2.83584e-008 82825 -1147.09
4.139 90347.4 300.579 76969.3 2610.26 57.7207 2.20593e-008 79637.3 10710.1
4.146 80222.6 283.236 74480.3 2354.3 51.5998 1.76903e-008 76886.2 3336.4
4.154 68949.4 262.582 71653.2 2089.89 45.3574 1.37318e-008 73788.4 -4839.07
4.161 69436.4 263.508 69199.3 1881.08 40.4886 1.09919e-008 71120.8 -1684.45
4.168 69657.3 263.927 66767.8 1691.5 36.1178 8.79103e-009 68495.5 1161.88
4.176 63353.1 251.7 64021.2 1496.35 31.6711 6.8028e-009 65549.2 -2196.13
4.183 55579.1 235.752 61649.9 1342.78 28.2111 5.43067e-009 63020.9 -7441.75
4.191 58057.7 240.952 58980.5 1185.07 24.6967 4.19358e-009 60190.3 -2132.57
4.199 75416.3 274.62 56358.9 1044.57 21.601 3.23465e-009 57425.1 17991.2
4.206 62566.2 250.132 54107.3 934.41 19.1983 2.57491e-009 55060.9 7505.31
4.214 58018.4 240.87 51585.7 821.693 16.7639 1.98193e-009 52424.2 5594.22
4.222 47576.9 218.121 49122.5 721.666 14.6252 1.52378e-009 49858.8 -2281.9
4.229 41505.1 203.728 47017.4 643.521 12.9694 1.20956e-009 47673.9 -6168.72
4.237 38406.9 195.977 44671.4 563.854 11.296 9.28e-010 45246.5 -6839.6
4.245 34925.2 186.883 42391.3 493.43 9.82978 7.11178e-010 42894.6 -7969.45
4.253 41294.1 203.21 40179.3 431.26 8.5463 5.44402e-010 40619.1 674.997
4.26 48511 220.252 38300.8 382.927 7.556 4.30494e-010 38691.3 9819.7
4.268 54082.6 232.557 36220.4 333.892 6.55849 3.28845e-010 36560.9 17521.7
4.276 54581.9 233.628 34211.8 290.771 5.68763 2.50915e-010 34508.3 20073.6
4.284 32668.3 180.744 32275.7 252.902 4.92802 1.91237e-010 32533.5 134.801
4.292 29172 170.798 30412.5 219.688 4.26608 1.45589e-010 30636.5 -1464.45
4.3 32560.4 180.445 28622.5 190.597 3.68978 1.10713e-010 28816.7 3743.61
4.308 36341.5 190.634 26905.3 165.15 3.1885 8.40962e-011 27073.7 9267.77
4.316 29768 172.534 25260.8 142.922 2.75289 6.38067e-011 25406.5 4361.55
4.324 26373.3 162.399 23688.3 123.53 2.37468 4.83579e-011 23814.2 2559.18
4.332 18507.8 136.043 22186.9 106.635 2.04661 3.66083e-011 22295.6 -3787.76
4.34 27958 167.207 20755.7 91.935 1.7623 2.76823e-011 20849.4 7108.65
4.348 36411.2 190.817 19393.4 79.1621 1.51615 2.09091e-011 19474.1 16937.1
4.357 34883.4 186.771 17941.7 66.8009 1.27872 1.52283e-011 18009.7 16873.6
4.365 25338.8 159.182 16721.3 57.3667 1.09804 1.14748e-011 16779.8 8559.07
4.373 21655.3 147.157 15565.2 49.2031 0.942049 8.63679e-012 15615.3 6039.94
4.381 16474.9 128.355 14471.6 42.1482 0.807505 6.49336e-012 14514.5 1960.36
4.39 20607.6 143.553 13313.7 35.3601 0.678251 4.70453e-012 13349.7 7257.87
4.398 30927.4 175.862 12346.6 30.2093 0.580289 3.52853e-012 12377.4 18550
4.406 44841.6 211.758 11436.1 25.7765 0.496035 2.64351e-012 11462.3 33379.3
4.415 67136.8 259.108 10476.6 21.5298 0.41534 1.9077e-012 10498.6 56638.3
4.423 59704.7 244.345 9679.16 18.3216 0.354367 1.4258e-012 9697.84 50006.8
