1.772 49894.3 223.37 4.65891e-023 3.957 5.71823e-005 247.922 251.879 49642.4
1.773 50213.6 224.084 4.95236e-023 4.037 5.88401e-005 252.139 256.176 49957.4
1.775 50591 224.924 5.5954e-023 4.20168 6.22979e-005 260.77 264.972 50326.1
1.776 51085.8 226.022 5.94733e-023 4.28642 6.41006e-005 265.185 269.471 50816.3
1.777 51735.9 227.455 6.32121e-023 4.3728 6.59543e-005 269.667 274.04 51461.9
1.778 52522.7 229.178 6.71841e-023 4.46084 6.78604e-005 274.218 278.679 52244
1.78 53345.2 230.966 7.58859e-023 4.64205 7.18358e-005 283.529 288.171 53057.1
1.781 54042.8 232.471 8.06473e-023 4.73527 7.39081e-005 288.291 293.026 53749.8
1.782 54466.1 233.38 8.57051e-023 4.8303 7.60388e-005 293.125 297.955 54168.2
1.783 54543.4 233.545 9.10774e-023 4.92714 7.82296e-005 298.032 302.959 54240.5
1.785 54292.6 233.008 1.02845e-022 5.12645 8.2798e-005 308.07 313.196 53979.4
1.786 53783.7 231.913 1.09282e-022 5.22897 8.51791e-005 313.202 318.431 53465.3
1.787 51684.7 227.343 1.16119e-022 5.33346 8.76271e-005 318.412 323.745 51360.9
1.788 45465.8 213.227 1.2338e-022 5.43995 9.01439e-005 323.699 329.139 45136.7
1.789 37875.9 194.617 1.31092e-022 5.54847 9.27314e-005 329.065 334.614 37541.2
1.791 39454.2 198.631 1.47978e-022 5.77177 9.81262e-005 340.04 345.812 39108.3
1.792 42625.8 206.46 1.57214e-022 5.88662 0.000100938 345.649 351.536 42274.3
1.793 45349.4 212.954 1.67021e-022 6.00365 0.000103828 351.342 357.346 44992
1.794 50090.8 223.81 1.77434e-022 6.12291 0.000106799 357.12 363.243 49727.6
1.796 53737.4 231.813 2.00233e-022 6.36828 0.000112992 368.931 375.3 53362.1
1.797 54334.6 233.098 2.127e-022 6.49446 0.000116219 374.968 381.463 53953.2
1.798 46202.3 214.947 2.25936e-022 6.62304 0.000119536 381.093 387.716 45814.6
1.799 42665.2 206.556 2.39989e-022 6.75405 0.000122946 387.308 394.062 42271.1
1.801 45681.3 213.732 2.70749e-022 7.02354 0.000130054 400.012 407.036 45274.3
1.802 53794.6 231.937 2.87564e-022 7.16212 0.000133756 406.503 413.665 53380.9
1.803 51933.8 227.89 3.05416e-022 7.30331 0.000137562 413.088 420.392 51513.4
1.805 45114.8 212.402 3.44483e-022 7.59373 0.000145494 426.547 434.141 44680.6
1.806 42627.5 206.464 3.65836e-022 7.74304 0.000149626 433.422 441.166 42186.3
1.807 42206.6 205.442 3.88502e-022 7.89517 0.000153873 440.397 448.292 41758.3
1.808 43003.8 207.374 4.12561e-022 8.05015 0.000158237 447.472 455.522 42548.3
1.81 42812.6 206.912 4.652e-022 8.36888 0.000167332 461.928 470.297 42342.3
1.811 45789.7 213.985 4.93966e-022 8.53273 0.000172069 469.311 477.844 45311.9
1.812 45180.8 212.558 5.24496e-022 8.69965 0.000176937 476.8 485.5 44695.3
1.813 44699.9 211.424 5.56897e-022 8.86969 0.00018194 484.396 493.265 44206.6
1.815 46042.6 214.575 6.27773e-022 9.21935 0.000192364 499.911 509.131 45533.4
1.816 50032.2 223.679 6.66497e-022 9.39909 0.000197793 507.834 517.234 49514.9
1.817 48269.4 219.703 7.07589e-022 9.58216 0.000203371 515.869 525.451 47743.9
1.819 43369.3 208.253 7.97462e-022 9.9586 0.000214993 532.28 542.239 42827
1.82 45120.5 212.416 8.46556e-022 10.1521 0.000221044 540.658 550.811 44569.7
1.821 49174.9 221.754 8.98648e-022 10.3491 0.000227263 549.154 559.503 48615.4
1.822 50627.3 225.005 9.53917e-022 10.5498 0.000233652 557.768 568.319 50058.9
1.824 46583.5 215.832 1.07477e-021 10.9625 0.000246961 575.359 586.322 45997.2
1.825 45601.7 213.546 1.14077e-021 11.1745 0.000253891 584.338 595.513 45006.2
1.826 54577.9 233.619 1.2108e-021 11.3905 0.00026101 593.441 604.832 53973
1.828 60882 246.743 1.36388e-021 11.8345 0.000275839 612.026 623.861 60258.1
1.829 51706 227.39 1.44748e-021 12.0626 0.000283559 621.511 633.574 51072.4
1.83 43108.8 207.627 1.53615e-021 12.2949 0.00029149 631.126 643.422 42465.4
1.832 46646.1 215.977 1.72998e-021 12.7725 0.000308008 650.753 663.526 45982.6
1.833 41664 204.118 1.8358e-021 13.0178 0.000316607 660.768 673.786 40990.2
1.834 43556.6 208.702 1.94804e-021 13.2677 0.00032544 670.919 684.187 42872.5
1.835 46835 216.414 2.06709e-021 13.5221 0.000334513 681.208 694.731 46140.3
1.837 47869.5 218.791 2.32724e-021 14.045 0.000353407 702.206 716.251 47153.3
1.838 45850.4 214.127 2.46925e-021 14.3136 0.000363242 712.918 727.232 45123.2
1.839 51023 225.883 2.61984e-021 14.5871 0.000373343 723.774 738.361 50284.6
1.841 50031.6 223.677 2.9489e-021 15.1491 0.000394376 745.925 761.074 49270.5
1.842 44595.8 211.177 3.12848e-021 15.4379 0.000405322 757.223 772.661 43823.1
1.843 42295.4 205.658 3.3189e-021 15.7318 0.000416564 768.672 784.404 41510.9
1.845 46387.2 215.377 3.7349e-021 16.3358 0.000439971 792.028 808.364 45578.8
1.846 59639.8 244.213 3.9619e-021 16.6461 0.000452151 803.939 820.586 58819.2
1.847 62429.1 249.858 4.20257e-021 16.9619 0.00046466 816.008 832.97 61596.2
1.849 58607.3 242.09 4.72825e-021 17.6108 0.0004907 840.623 858.235 57749.1
1.85 60356.4 245.675 5.01505e-021 17.9441 0.00050425 853.174 871.119 59485.3
1.851 62212.4 249.424 5.31909e-021 18.2834 0.000518164 865.89 884.174 61328.2
1.853 52863 229.92 5.98307e-021 18.9804 0.000547127 891.821 910.802 51952.2
1.854 57398.4 239.58 6.34525e-021 19.3383 0.000562195 905.04 924.379 56474.1
1.855 55367.6 235.303 6.72917e-021 19.7026 0.000577668 918.43 938.134 54429.5
1.857 55033.8 234.593 7.56744e-021 20.451 0.000609872 945.734 966.185 54067.6
1.858 55167.3 234.877 8.02462e-021 20.8352 0.000626624 959.65 980.486 54186.9
1.859 52034.7 228.111 8.50918e-021 21.2264 0.000643826 973.745 994.972 51039.7
1.861 51743.8 227.473 9.56701e-021 22.0297 0.000679623 1002.48 1024.51 50719.3
1.862 51758.2 227.504 1.01438e-020 22.4422 0.000698243 1017.12 1039.56 50718.6
1.863 49636.2 222.792 1.07551e-020 22.862 0.000717361 1031.95 1054.81 48581.4
1.865 49220.1 221.856 1.20894e-020 23.7241 0.000757141 1062.18 1085.9 48134.2
1.866 52393.5 228.896 1.28169e-020 24.1667 0.000777831 1077.58 1101.74 51291.7
1.868 51841.5 227.687 1.44045e-020 25.0755 0.000820879 1108.96 1134.04 50707.5
1.869 57927.7 240.682 1.52699e-020 25.542 0.000843266 1124.95 1150.49 56777.2
1.87 52862 229.917 1.61869e-020 26.0168 0.000866249 1141.14 1167.16 51694.8
1.872 54670.8 233.818 1.81878e-020 26.9917 0.000914063 1174.13 1201.12 53469.7
1.873 59966.7 244.881 1.92783e-020 27.492 0.000938926 1190.93 1218.42 58748.3
1.874 43563.7 208.719 2.04337e-020 28.0012 0.000964449 1207.94 1235.94 42327.8
1.876 41263.3 203.134 2.29543e-020 29.0466 0.00101754 1242.59 1271.64 39991.7
1.877 41240.2 203.077 2.43278e-020 29.5831 0.00104515 1260.24 1289.82 39950.4
1.879 44434.7 210.795 2.73241e-020 30.6845 0.00110257 1296.18 1326.87 43107.8
1.88 45685.2 213.741 2.89567e-020 31.2497 0.00113242 1314.49 1345.74 44339.4
1.881 49999.1 223.605 3.0686e-020 31.8248 0.00116306 1333.01 1364.84 48634.2
1.883 54879.3 234.263 3.44575e-020 33.0053 0.00122679 1370.75 1403.75 53475.6
1.884 65797 256.509 3.65121e-020 33.6111 0.00125992 1389.95 1423.57 64373.4
1.885 66066.1 257.033 3.86882e-020 34.2274 0.00129392 1409.39 1443.62 64622.5
1.887 70704.7 265.904 4.34333e-020 35.4923 0.00136462 1448.98 1484.47 69220.2
1.888 76386 276.38 4.60179e-020 36.1414 0.00140138 1469.13 1505.27 74880.7
1.89 50449 224.608 5.16532e-020 37.4733 0.0014778 1510.15 1547.62 48901.3
1.891 49080.6 221.541 5.47223e-020 38.1567 0.00151752 1531.02 1569.18 47511.4
1.892 46922.2 216.615 5.79721e-020 38.8519 0.00155828 1552.15 1591 45331.2
1.894 48043 219.187 6.50564e-020 40.2784 0.00164304 1595.15 1635.43 46407.6
1.895 52365.1 228.834 6.8914e-020 41.0102 0.00168708 1617.03 1658.04 50707.1
1.897 53719.4 231.774 7.73223e-020 42.5118 0.00177866 1661.56 1704.07 52015.3
1.898 42415.1 205.949 8.19001e-020 43.2821 0.00182624 1684.22 1727.5 40687.6
1.9 44918.7 211.94 9.18772e-020 44.8624 0.00192517 1730.32 1775.19 43143.5
1.901 45393.2 213.057 9.73084e-020 45.673 0.00197657 1753.78 1799.45 43593.8
1.902 43149.3 207.724 1.03058e-019 46.4974 0.00202931 1777.5 1824 41325.3
1.904 43253.2 207.974 1.15586e-019 48.1888 0.00213894 1825.77 1873.96 41379.2
1.905 43213.5 207.879 1.22405e-019 49.0563 0.00219589 1850.32 1899.38 41314.1
1.907 44209.7 210.261 1.37261e-019 50.8357 0.00231428 1900.27 1951.11 42258.6
1.908 46983.5 216.757 1.45346e-019 51.7483 0.00237578 1925.67 1977.42 45006.1
1.91 47422.1 217.766 1.62959e-019 53.6201 0.0025036 1977.33 2030.95 45391.2
1.911 44175 210.179 1.72543e-019 54.5799 0.00257 2003.6 2058.18 42116.8
1.912 44897.1 211.889 1.82686e-019 55.5559 0.00263811 2030.17 2085.72 42811.4
1.914 42526.9 206.221 2.04777e-019 57.5579 0.00277966 2084.19 2141.75 40385.2
1.915 42318.2 205.714 2.16796e-019 58.5843 0.00285318 2111.65 2170.24 40147.9
1.917 43185.9 207.812 2.4297e-019 60.6894 0.00300596 2167.5 2228.19 40957.7
1.918 45070.9 212.299 2.57208e-019 61.7686 0.0030853 2195.89 2257.66 42813.3
1.92 47752.1 218.523 2.88212e-019 63.9817 0.00325017 2253.6 2317.59 45434.5
1.921 45546 213.415 3.05076e-019 65.1163 0.00333578 2282.93 2348.05 43198
1.922 44314.6 210.51 3.22917e-019 66.2698 0.0034236 2312.59 2378.86 41935.8
1.924 40793.2 201.973 3.61759e-019 68.6352 0.00360604 2372.86 2441.5 38351.7
1.925 37997.9 194.93 3.82882e-019 69.8477 0.00370077 2403.49 2473.34 35524.5
1.927 39355.8 198.383 4.28864e-019 72.3336 0.00389757 2465.74 2538.08 36817.7
1.928 42978.3 207.312 4.53866e-019 73.6077 0.00399976 2497.37 2570.98 40407.4
1.93 47525.7 218.004 5.08285e-019 76.22 0.00421202 2561.65 2637.87 44887.8
1.931 45814.7 214.044 5.37872e-019 77.5587 0.00432222 2594.3 2671.86 43142.8
1.933 42897.2 207.116 6.02261e-019 80.3032 0.00455112 2660.64 2740.95 40156.2
1.934 43780.5 209.238 6.37263e-019 81.7097 0.00466995 2694.34 2776.06 41004.4
1.936 49984.9 223.573 7.13428e-019 84.5927 0.00491675 2762.8 2847.4 47137.5
1.937 40785.4 201.954 7.54827e-019 86.07 0.00504486 2797.57 2883.65 37901.7
1.939 41148 202.85 8.44898e-019 89.098 0.00531092 2868.2 2957.3 38190.7
1.94 40674.9 201.68 8.9385e-019 90.6495 0.00544902 2904.06 2994.72 37680.2
1.942 37060.7 192.512 1.00034e-018 93.8294 0.00573579 2976.91 3070.74 33990
1.943 38929 197.304 1.05821e-018 95.4586 0.00588464 3013.89 3109.35 35819.6
1.945 37408.7 193.413 1.18407e-018 98.7974 0.00619369 3088.99 3187.79 34220.9
1.946 34627.9 186.086 1.25246e-018 100.508 0.00635408 3127.12 3227.63 31400.2
1.948 38148.2 195.316 1.40119e-018 104.013 0.00668709 3204.53 3308.55 34839.6
1.949 43204 207.856 1.482e-018 105.809 0.0068599 3243.82 3349.64 39854.4
1.951 43983.9 209.723 1.6577e-018 109.488 0.00721866 3323.59 3433.09 40550.8
1.952 46366.3 215.328 1.75315e-018 111.372 0.00740483 3364.08 3475.46 42890.8
1.954 45978.7 214.426 1.96067e-018 115.233 0.00779127 3446.26 3561.5 42417.2
1.955 44679 211.374 2.07337e-018 117.211 0.00799179 3487.96 3605.18 41073.8
1.957 40523.7 201.305 2.3184e-018 121.263 0.00840799 3572.59 3693.86 36829.9
1.958 36555.8 191.196 2.45147e-018 123.338 0.00862392 3615.53 3738.88 32816.9
1.96 43450.2 208.447 2.74071e-018 127.589 0.0090721 3702.67 3830.27 39619.9
1.961 38250.5 195.577 2.89776e-018 129.765 0.0093046 3746.88 3876.65 34373.8
1.963 41377.4 203.414 3.23911e-018 134.224 0.00978713 3836.57 3970.8 37406.6
1.964 45595.9 213.532 3.42443e-018 136.508 0.0100374 3882.06 4018.58 41577.3
1.966 45545.2 213.413 3.82716e-018 141.185 0.0105569 3974.36 4115.55 41429.6
1.967 40886.4 202.204 4.04578e-018 143.579 0.0108263 4021.16 4164.75 36721.7
1.969 35199.6 187.616 4.52081e-018 148.484 0.0113853 4116.11 4264.6 30935
1.97 39093 197.719 4.77865e-018 150.994 0.0116753 4164.25 4315.26 34777.7
1.972 34269.4 185.12 5.33881e-018 156.137 0.0122769 4261.89 4418.04 29851.3
1.973 31601.4 177.768 5.64282e-018 158.769 0.0125889 4311.4 4470.18 27131.2
1.975 33380.2 182.703 6.30321e-018 164.16 0.0132362 4411.79 4575.96 28804.3
1.976 35873.8 189.404 6.66156e-018 166.919 0.0135719 4462.68 4629.61 31244.2
1.978 37562.8 193.811 7.4399e-018 172.57 0.0142683 4565.86 4738.44 32824.3
1.98 39275.5 198.18 8.30823e-018 178.4 0.0149994 4670.93 4849.35 34426.1
1.981 36351 190.659 8.77932e-018 181.384 0.0153784 4724.18 4905.58 31445.4
1.983 34125.7 184.731 9.80231e-018 187.493 0.0161647 4832.13 5019.64 29106.1
1.984 35189.2 187.588 1.03572e-017 190.619 0.0165723 4886.82 5077.46 30111.8
1.986 34544.2 185.861 1.15621e-017 197.02 0.0174178 4997.69 5194.72 29349.4
1.987 34057.8 184.547 1.22156e-017 200.296 0.0178561 5053.86 5254.17 28803.6
1.989 36138.1 190.1 1.36343e-017 207.001 0.0187651 5167.68 5374.7 30763.4
1.99 34388.9 185.442 1.44037e-017 210.432 0.0192363 5225.35 5435.8 28953.1
1.992 31031.8 176.159 1.60738e-017 217.455 0.0202134 5342.18 5559.66 25472.2
1.994 37105.9 192.629 1.79355e-017 224.697 0.0212387 5461.05 5685.77 31420.1
1.995 47813.2 218.662 1.89449e-017 228.403 0.0217702 5521.25 5749.68 42063.6
1.997 40099.9 200.25 2.11355e-017 235.987 0.0228721 5643.2 5879.21 34220.7
1.998 36117.9 190.047 2.23231e-017 239.867 0.0234431 5704.96 5944.85 30173.1
2 38357.7 195.851 2.49001e-017 247.807 0.0246271 5830.04 6077.87 32279.9
2.001 34712.2 186.312 2.6297e-017 251.869 0.0252407 5893.37 6145.26 28566.9
2.003 32226.5 179.517 2.93277e-017 260.18 0.0265127 6021.62 6281.82 25944.6
2.005 30535.7 174.745 3.27039e-017 268.748 0.0278469 6152 6420.78 24114.9
2.006 30522.4 174.707 3.45337e-017 273.131 0.0285382 6218 6491.16 24031.2
2.008 31588.9 177.733 3.85027e-017 282.097 0.0299711 6351.62 6633.75 24955.1
2.009 31205.2 176.65 4.06534e-017 286.683 0.0307136 6419.25 6705.97 24499.2
2.011 34482.6 185.695 4.5318e-017 296.066 0.0322524 6556.16 6852.25 27630.3
2.013 34583.9 185.968 5.0512e-017 305.735 0.033866 6695.27 7001.03 27582.9
2.014 37453 193.528 5.33259e-017 310.68 0.0347019 6765.65 7076.37 30376.6
2.016 36122.8 190.06 5.94277e-017 320.794 0.0364342 6908.11 7228.94 28893.8
2.017 31466.9 177.389 6.27329e-017 325.966 0.0373315 6980.17 7306.18 24160.7
2.019 32032 178.975 6.9899e-017 336.546 0.039191 7126.01 7462.59 24569.4
2.021 31124.5 176.421 7.78748e-017 347.445 0.0411403 7274.11 7621.6 23502.9
2.022 30414 174.396 8.21943e-017 353.018 0.0421499 7349.02 7702.08 22711.9
2.024 29972.9 173.127 9.15574e-017 364.415 0.0442416 7500.56 7865.02 22107.9
2.026 29447.7 171.603 1.01976e-016 376.155 0.046434 7654.42 8030.62 21417.1
2.027 32017.5 178.934 1.07616e-016 382.157 0.0475693 7732.21 8114.42 23903.1
2.029 30978.5 176.007 1.19841e-016 394.43 0.0499214 7889.56 8284.04 22694.5
2.03 29978.6 173.143 1.2646e-016 400.703 0.0511393 7969.11 8369.86 21608.7
2.032 29301.6 171.177 1.40801e-016 413.53 0.0536623 8129.98 8543.56 20758
2.034 27722.2 166.5 1.56751e-016 426.74 0.0563058 8293.21 8720.01 19002.2
2.035 24103.4 155.253 1.65384e-016 433.492 0.0576745 8375.72 8809.27 15294.1
2.037 24759 157.35 1.84087e-016 447.295 0.0605093 8542.52 8989.88 15769.1
2.039 27141 164.745 2.04882e-016 461.508 0.0634791 8711.72 9173.3 17967.7
2.04 30902 175.79 2.16136e-016 468.771 0.0650165 8797.23 9266.06 21635.9
2.042 31806 178.342 2.4051e-016 483.618 0.0682003 8970.04 9453.72 22352.3
2.044 29506.7 171.775 2.67602e-016 498.902 0.0715351 9145.27 9644.25 19862.5
2.045 28218.5 167.984 2.8226e-016 506.712 0.0732613 9233.8 9740.59 18477.9
2.047 28400 168.523 3.14001e-016 522.674 0.0768355 9412.69 9935.44 18464.6
2.049 31514 177.522 3.49272e-016 539.104 0.0805784 9594.01 10133.2 21380.8
2.05 32405.7 180.016 3.68351e-016 547.498 0.0825156 9685.6 10233.2 22172.6
2.052 32723.5 180.896 4.09657e-016 564.653 0.0865262 9870.61 10435.3 22288.2
2.054 35433.3 188.237 4.55543e-016 582.306 0.0907255 10058.1 10640.5 24792.8
2.055 35886.4 189.437 4.80358e-016 591.324 0.0928985 10152.8 10744.2 25142.3
2.057 33033.4 181.751 5.34072e-016 609.751 0.0973969 10343.9 10953.8 22079.6
2.059 28860.7 169.884 5.93725e-016 628.71 0.102106 10537.6 11166.4 17694.3
2.06 27590.6 166.104 6.25978e-016 638.394 0.104542 10635.4 11273.9 16316.8
2.062 29279.7 171.113 6.95777e-016 658.179 0.109586 10832.7 11491 17788.7
2.064 29252.5 171.033 7.7327e-016 678.533 0.114864 11032.6 11711.3 17541.2
2.066 27190.2 164.895 8.59297e-016 699.47 0.120388 11235 11934.6 15255.6
2.067 27527.5 165.914 9.05796e-016 710.162 0.123246 11337.1 12047.4 15480.1
2.069 27216.2 164.973 1.00639e-015 732.002 0.12916 11543.2 12275.4 14940.8
2.071 27178.4 164.859 1.11804e-015 754.465 0.135348 11751.8 12506.4 14671.9
2.072 28469 168.728 1.17837e-015 765.934 0.138549 11857.1 12623.2 15845.8
2.074 28802 169.711 1.30887e-015 789.36 0.145172 12069.4 12859 15943
2.076 26204.2 161.877 1.45365e-015 813.448 0.1521 12284.3 13097.9 13106.3
2.077 26607.8 163.119 1.53187e-015 825.746 0.155684 12392.7 13218.6 13389.2
2.079 27956.7 167.203 1.70103e-015 850.861 0.163097 12611.3 13462.3 14494.5
2.081 26193.6 161.844 1.88866e-015 876.682 0.170852 12832.3 13709.2 12484.4
2.083 27568.9 166.039 2.09673e-015 903.226 0.178963 13055.9 13959.3 13609.6
2.084 30695.4 175.201 2.20913e-015 916.776 0.183157 13168.6 14085.6 16609.8
2.086 30285.9 174.028 2.45209e-015 944.441 0.191832 13395.9 14340.6 15945.3
2.088 27697.1 166.424 2.72147e-015 972.877 0.200904 13625.7 14598.8 13098.3
2.09 27766.4 166.633 3.0201e-015 1002.1 0.21039 13857.9 14860.2 12906.2
2.091 27351.5 165.383 3.18135e-015 1017.02 0.215295 13975 14992.2 12359.3
2.093 30213 173.819 3.52984e-015 1047.47 0.225437 14210.9 15258.6 14954.5
2.095 33263.9 182.384 3.91605e-015 1078.76 0.236041 14449.3 15528.2 17735.7
2.097 34241.2 185.044 4.34402e-015 1110.91 0.247126 14690 15801.2 18440
2.098 33879.5 184.064 4.57505e-015 1127.31 0.252855 14811.4 15938.9 17940.6
2.1 36407.1 190.806 5.07417e-015 1160.79 0.264703 15055.8 16216.8 20190.2
2.102 37147.8 192.738 5.62711e-015 1195.19 0.277086 15302.6 16498.1 20649.7
2.104 42478.9 206.104 6.23959e-015 1230.53 0.290028 15551.9 16782.7 25696.2
2.105 40383.6 200.957 6.57012e-015 1248.56 0.296716 15677.4 16926.2 23457.3
2.107 34612.1 186.043 7.28399e-015 1285.34 0.310543 15930.1 17215.8 17396.3
2.109 32921.2 181.442 8.07451e-015 1323.13 0.324991 16185.3 17508.7 15412.5
2.111 31465.4 177.385 8.94981e-015 1361.93 0.340088 16442.8 17805 13660.3
2.113 36897.8 192.088 9.91885e-015 1401.78 0.355861 16702.6 18104.7 18793.1
2.114 36130 190.079 1.04416e-014 1422.11 0.36401 16833.3 18255.8 17874.2
2.116 29697.7 172.33 1.15702e-014 1463.57 0.380853 17096.6 18560.5 11137.2
2.118 23254.8 152.495 1.28193e-014 1506.15 0.398448 17362.1 18868.6 4386.19
2.12 22414.5 149.715 1.42016e-014 1549.86 0.416826 17629.8 19180.1 3234.33
2.122 22914.2 151.375 1.57313e-014 1594.74 0.436022 17899.8 19495 3419.24
2.123 28368.4 168.429 1.65561e-014 1617.62 0.445937 18035.6 19653.7 8714.73
2.125 33058.3 181.819 1.83361e-014 1664.29 0.466425 18308.9 19973.7 13084.6
2.127 32621.1 180.613 2.03053e-014 1712.2 0.48782 18584.4 20297 12324
2.129 30786.9 175.462 2.24833e-014 1761.37 0.510161 18861.9 20623.8 10163.1
2.131 28275.8 168.154 2.48922e-014 1811.83 0.533488 19141.6 20954 7321.8
2.132 23583.2 153.568 2.61906e-014 1837.56 0.545534 19282.2 21120.3 2462.9
2.134 22880.6 151.263 2.89916e-014 1890.02 0.570419 19565 21455.6 1424.98
2.136 24879.5 157.732 3.20886e-014 1943.84 0.596397 19849.9 21794.3 3085.17
2.138 26875.6 163.938 3.55124e-014 1999.07 0.623515 20136.7 22136.4 4739.22
2.14 31866.3 178.511 3.9297e-014 2055.73 0.65182 20425.5 22481.9 9384.36
2.142 34326.4 185.274 4.34799e-014 2113.86 0.681364 20716.3 22830.8 11495.6
2.143 32476.2 180.212 4.57335e-014 2143.49 0.696615 20862.3 23006.5 9469.69
2.145 28990.8 170.267 5.0593e-014 2203.88 0.728113 21155.9 23360.5 5630.31
2.147 26747.3 163.546 5.59623e-014 2265.83 0.760981 21451.4 23718 3029.36
2.149 27368.4 165.434 6.18945e-014 2329.36 0.795278 21748.6 24078.8 3289.61
2.151 30172.1 173.701 6.84477e-014 2394.51 0.831063 22047.6 24443 5729.12
2.153 33116.7 181.98 7.56861e-014 2461.33 0.868398 22348.4 24810.6 8306.08
2.154 31997 178.877 7.9584e-014 2495.37 0.887666 22499.4 24995.7 7001.38
2.156 29824.5 172.698 8.7985e-014 2564.75 0.927447 22802.7 25368.3 4456.13
2.158 29090.3 170.559 9.72618e-014 2635.88 0.968942 23107.6 25744.4 3345.91
2.16 30359.7 174.24 1.07504e-013 2708.8 1.01222 23414.1 26123.9 4235.77
2.162 31130.8 176.439 1.18812e-013 2783.56 1.05737 23722.1 26506.7 4624.08
2.164 33486.9 182.994 1.31294e-013 2860.2 1.10444 24031.6 26892.9 6593.96
2.166 34855.4 186.696 1.45071e-013 2938.75 1.15354 24342.6 27282.5 7572.92
2.168 32725.5 180.902 1.60275e-013 3019.26 1.20473 24655 27675.4 5050.07
2.169 32106.6 179.183 1.68457e-013 3060.26 1.23114 24811.7 27873.2 4233.47
2.171 32147.2 179.297 1.86081e-013 3143.79 1.28564 25126.1 28271.1 3876.1
2.173 34749.8 186.413 2.05524e-013 3229.38 1.34246 25441.7 28672.5 6077.35
2.175 34583.8 185.967 2.26974e-013 3317.08 1.4017 25758.6 29077.1 5506.64
2.177 31350.7 177.061 2.50633e-013 3406.95 1.46344 26076.7 29485.1 1865.58
2.179 32254.4 179.595 2.76727e-013 3499.01 1.5278 26395.9 29896.4 2357.97
2.181 33225.5 182.279 3.05503e-013 3593.33 1.59488 26716.1 30311 2914.43
2.183 35773.8 189.14 3.37233e-013 3689.95 1.66479 27037.4 30729 5044.86
2.185 35980.1 189.684 3.72215e-013 3788.91 1.73764 27359.6 31150.2 4829.86
2.187 34477.2 185.68 4.1078e-013 3890.27 1.81355 27682.7 31574.8 2902.41
2.189 34235.7 185.029 4.53289e-013 3994.08 1.89265 28006.6 32002.6 2233.1
2.19 33095.3 181.921 4.76145e-013 4046.92 1.93344 28168.9 32217.7 877.559
2.192 32572.7 180.479 5.25328e-013 4154.5 2.01755 28493.9 32650.5 -77.8013
2.194 33916.9 184.166 5.79525e-013 4264.66 2.10518 28819.7 33086.5 830.465
2.196 37197.9 192.868 6.39241e-013 4377.45 2.19646 29146.1 33525.7 3672.17
2.198 37609.5 193.932 7.0503e-013 4492.92 2.29154 29473 33968.3 3641.25
2.2 33859.7 184.01 7.775e-013 4611.14 2.39057 29800.5 34414 -554.299
2.202 34101 184.665 8.57323e-013 4732.16 2.49371 30128.4 34863 -761.974
2.204 35214.1 187.654 9.45232e-013 4856.03 2.60111 30456.6 35315.2 -101.116
2.206 35805.1 189.222 1.04204e-012 4982.82 2.71296 30785.2 35770.7 34.4481
2.208 38824 197.038 1.14862e-012 5112.58 2.82941 31113.9 36229.3 2594.63
2.21 44925.4 211.956 1.26597e-012 5245.37 2.95066 31442.9 36691.2 8234.24
2.212 42224.4 205.486 1.39515e-012 5381.26 3.07688 31771.9 37156.2 5068.19
2.214 40248.2 200.62 1.53733e-012 5520.3 3.20829 32101 37624.5 2623.7
2.216 39207.2 198.008 1.6938e-012 5662.57 3.34507 32430 38095.9 1111.29
2.218 37158.9 192.766 1.86599e-012 5808.12 3.48744 32758.9 38570.5 -1411.64
2.22 38314.9 195.742 2.05546e-012 5957.01 3.63562 33087.6 39048.3 -733.398
2.222 43193.1 207.829 2.2639e-012 6109.32 3.78983 33416.1 39529.2 3663.85
2.224 41889.6 204.669 2.49319e-012 6265.11 3.95031 33744.3 40013.3 1876.24
2.226 41585.8 203.926 2.74539e-012 6424.45 4.1173 34072 40500.6 1085.18
2.228 40559.3 201.393 3.02276e-012 6587.41 4.29104 34399.3 40991 -431.665
2.23 39380.5 198.445 3.32778e-012 6754.05 4.47181 34726 41484.5 -2104
2.232 42896.5 207.115 3.66315e-012 6924.46 4.65987 35052.1 41981.2 915.352
2.234 43268.9 208.012 4.03187e-012 7098.7 4.85549 35377.4 42481 787.871
2.236 41849.5 204.571 4.43719e-012 7276.84 5.05898 35702.1 42983.9 -1134.48
2.238 41698.4 204.202 4.8827e-012 7458.96 5.27063 36025.8 43490 -1791.62
2.24 41661.4 204.111 5.37233e-012 7645.13 5.49075 36348.6 43999.2 -2337.84
2.242 42571.1 206.328 5.91038e-012 7835.43 5.71966 36670.4 44511.6 -1940.47
2.244 44834.7 211.742 6.50158e-012 8029.94 5.95771 36991.2 45027.1 -192.378
2.246 46026.1 214.537 7.1511e-012 8228.74 6.20523 37310.7 45545.7 480.413
2.248 44777 211.606 7.86461e-012 8431.9 6.46258 37629 46067.4 -1290.39
2.25 44291.6 210.456 8.64833e-012 8639.51 6.73014 37946 46592.3 -2300.65
2.252 47423.7 217.77 9.50906e-012 8851.65 7.00828 38261.6 47120.3 303.447
2.254 54328.8 233.085 1.04543e-011 9068.4 7.29742 38575.7 47651.4 6677.42
2.256 58323.2 241.502 1.14921e-011 9289.84 7.59795 38888.3 48185.7 10137.5
2.258 59486.3 243.898 1.26315e-011 9516.06 7.91031 39199.2 48723.2 10763.1
2.26 59674.4 244.283 1.38824e-011 9747.15 8.23494 39508.4 49263.8 10410.6
2.262 60790.9 246.558 1.52553e-011 9983.2 8.57229 39815.8 49807.6 10983.3
2.264 56568.9 237.842 1.67621e-011 10224.3 8.92284 40121.3 50354.5 6214.36
2.267 61927.7 248.853 1.93019e-011 10595.6 9.47449 40575.9 51181 10746.8
2.269 64272.2 253.52 2.12023e-011 10849.6 9.86022 40876.4 51735.9 12536.3
2.271 65418.5 255.77 2.32872e-011 11109.1 10.2609 41174.7 52294.1 13124.4
2.273 62224.3 249.448 2.55743e-011 11374 10.6772 41470.8 52855.5 9368.79
2.275 55827 236.277 2.80827e-011 11644.4 11.1096 41764.6 53420.1 2406.83
2.277 54486.1 233.423 3.08337e-011 11920.5 11.5586 42056 53988.1 498.001
2.279 49636.4 222.792 3.38503e-011 12202.4 12.025 42344.9 54559.3 -4922.93
2.281 49040.7 221.451 3.71577e-011 12490 12.5094 42631.3 55133.8 -6093.09
2.283 55311.6 235.184 4.07837e-011 12783.6 13.0123 42915 55711.7 -400.045
2.285 62756.6 250.513 4.47584e-011 13083.3 13.5345 43196 56292.9 6463.73
2.288 60402.1 245.768 5.14475e-011 13544.3 14.3556 43612.3 57171 3231.06
2.29 65512.4 255.954 5.64454e-011 13859.5 14.9291 43886.2 57760.7 7751.69
2.292 64135.3 253.25 6.19217e-011 14181.1 15.5244 44157.2 58353.8 5781.5
2.294 59057.6 243.018 6.79217e-011 14509.2 16.1424 44425.1 58950.4 107.197
2.296 56526.5 237.753 7.44945e-011 14843.9 16.7838 44689.8 59550.5 -3023.99
2.298 56798.3 238.324 8.1694e-011 15185.4 17.4495 44951.4 60154.2 -3355.88
2.3 55581.1 235.756 8.95791e-011 15533.6 18.1403 45209.6 60761.4 -5180.32
2.302 54585.5 233.635 9.82141e-011 15888.8 18.8572 45464.6 61372.3 -6786.75
2.305 54838.5 234.176 1.12728e-010 16434.9 19.9833 45840.5 62295.4 -7456.84
2.307 56476.4 237.648 1.23559e-010 16807.9 20.7694 46086.7 62915.4 -6439.05
2.309 54801.3 234.097 1.35416e-010 17188.3 21.5849 46329.3 63539.2 -8737.92
2.311 60076 245.104 1.48393e-010 17576.1 22.4308 46568.2 64166.8 -4090.84
2.313 61991.1 248.98 1.62595e-010 17971.5 23.3083 46803.4 64798.3 -2807.2
2.315 62402.8 249.806 1.78136e-010 18374.6 24.2184 47034.8 65433.6 -3030.79
2.318 60597.8 246.166 2.04234e-010 18993.9 25.6473 47374.5 66394.1 -5796.3
2.32 59582.5 244.095 2.23691e-010 19416.7 26.6442 47596.1 67039.4 -7456.9
2.322 59394.2 243.709 2.44974e-010 19847.6 27.6778 47813.5 67688.8 -8294.63
2.324 64513.9 253.996 2.68252e-010 20286.7 28.7495 48026.9 68342.4 -3828.52
2.326 68129.9 261.017 2.93708e-010 20734.2 29.8606 48236.1 69000.2 -870.252
2.329 69635.2 263.885 3.3642e-010 21421.4 31.6043 48541.9 69994.9 -359.709
2.331 67488.2 259.785 3.68239e-010 21890.3 32.82 48740.4 70663.4 -3175.28
2.333 70352 265.24 4.03023e-010 22368 34.0802 48934.4 71336.5 -984.406
2.335 70028.2 264.628 4.41041e-010 22854.6 35.3863 49124 72014 -1985.77
2.337 76353.6 276.322 4.82591e-010 23350.2 36.7399 49309.1 72696.1 3657.53
2.34 74748.4 273.401 5.52252e-010 24110.9 38.8628 49578.2 73728 1020.37
2.342 71592.6 267.568 6.04107e-010 24629.8 40.3424 49751.8 74421.9 -2829.27
2.344 73982.7 271.998 6.60755e-010 25158.1 41.8753 49920.6 75120.6 -1137.99
2.346 78091.1 279.448 7.22633e-010 25696.1 43.4635 50084.8 75824.3 2266.75
2.349 83925.6 289.699 8.26306e-010 26521.5 45.9534 50321.9 76889.3 7036.31
2.351 81491.3 285.467 9.0343e-010 27084.1 47.6879 50473.9 77605.7 3885.56
2.353 75978 275.641 9.8764e-010 27656.9 49.4845 50621 78327.4 -2349.43
2.355 67129.1 259.093 1.07958e-009 28240 51.3451 50763.1 79054.4 -11925.3
2.358 72301.2 268.889 1.23351e-009 29134 54.2611 50966.8 80155.1 -7853.95
2.36 80757 284.178 1.34795e-009 29743.3 56.2915 51096.3 80895.9 -138.943
2.362 75338 274.478 1.47283e-009 30363.3 58.3939 51220.7 81642.4 -6304.43
2.364 72007.2 268.341 1.60911e-009 30994.2 60.5706 51339.9 82394.7 -10387.6
2.367 75758 275.242 1.83713e-009 31961.3 63.9803 51509 83534.2 -7776.23
2.369 76656.2 276.869 2.00654e-009 32620 66.3537 51615.1 84301.5 -7645.24
2.371 73867.8 271.786 2.19132e-009 33290.1 68.8103 51716 85074.9 -11207.1
2.373 82317.3 286.91 2.39284e-009 33971.7 71.3529 51811.5 85854.6 -3537.32
2.376 85570.7 292.525 2.72982e-009 35016.1 75.3343 51944.8 87036.3 -1465.52
2.378 86326.9 293.814 2.98002e-009 35727.2 78.1043 52027 87832.2 -1505.31
2.38 88456.2 297.416 3.25278e-009 36450.3 80.9706 52103.7 88634.9 -178.691
2.383 83752.2 289.4 3.70864e-009 37557.9 85.4573 52208.6 89851.9 -6099.68
2.385 92233.1 303.699 4.04694e-009 38311.7 88.578 52271.6 90671.9 1561.2
2.387 93828.1 306.314 4.41559e-009 39078.1 91.8063 52329.2 91499.1 2329
2.39 87308.7 295.481 5.0314e-009 40251.6 96.858 52405.3 92753.7 -5444.98
2.392 84520.9 290.725 5.48816e-009 41050 100.371 52449.1 93599.5 -9078.61
2.394 91404.3 302.331 5.9857e-009 41861.6 104.003 52487.3 94452.9 -3048.54
2.397 89795.1 299.658 6.8164e-009 43103.7 109.686 52534.2 95747.6 -5952.51
2.399 93936.1 306.49 7.43225e-009 43948.6 113.636 52558.5 96620.8 -2684.61
2.401 100510 317.032 8.1028e-009 44807.1 117.72 52577.3 97502.1 3007.46
2.404 107297 327.562 9.22179e-009 46120.6 124.107 52594.9 98839.6 8457.33
2.406 102509 320.17 1.00509e-008 47013.8 128.545 52599.7 99742 2766.9
2.408 101458 318.524 1.09534e-008 47921.1 133.133 52598.8 100653 804.76
2.411 94163 306.86 1.24586e-008 49308.9 140.305 52587.1 102036 -7873.2
2.413 97867.1 312.837 1.35733e-008 50252.2 145.287 52572.2 102970 -5102.6
2.416 107387 327.7 1.5432e-008 51694.7 153.073 52539.5 104387 2999.74
2.418 110917 333.043 1.6808e-008 52675 158.481 52510.8 105344 5573.19
2.42 114524 338.414 1.83046e-008 53670.3 164.068 52476.4 106311 8213.18
2.423 108465 329.341 2.07986e-008 55191.8 172.798 52414.5 107779 686.154
2.425 105252 324.426 2.26441e-008 56225.4 178.859 52366.3 108771 -3518.01
2.427 106953 327.037 2.46505e-008 57274.6 185.12 52312.5 109772 -2819.04
2.43 107137 327.317 2.79924e-008 58877.9 194.899 52221.6 111294 -4157.78
2.432 120556 347.212 3.04641e-008 59966.7 201.685 52154.1 112323 8233.99
2.435 118457 344.176 3.45793e-008 61630.1 212.284 52042.7 113885 4571.69
2.437 115237 339.466 3.76218e-008 62759.5 219.638 51961.7 114941 296.588
2.44 117156 342.281 4.26857e-008 64484.4 231.12 51830 116546 610.439
2.442 126201 355.247 4.64283e-008 65655.2 239.085 51735.5 117630 8570.82
2.444 127587 357.193 5.04932e-008 66842.9 247.307 51635.7 118726 8861.06
2.447 127085 356.489 5.72553e-008 68656.3 260.14 51476.1 120393 6692.1
2.449 117461 342.726 6.22504e-008 69886.8 269.039 51363.1 121519 -4057.73
2.452 118362 344.038 7.05568e-008 71765 282.926 51183.9 123232 -4869.98
2.454 116612 341.485 7.66905e-008 73039.2 292.554 51058 124390 -7777.63
2.457 113930 337.536 8.68866e-008 74983.6 307.574 50859.6 126151 -12220.3
2.459 127328 356.831 9.44129e-008 76302.3 317.986 50721 127341 -12.8357
2.462 130448 361.175 1.06919e-007 78314.2 334.224 50503.7 129152 1295.55
2.464 122958 350.654 1.16148e-007 79678.3 345.478 50352.7 130376 -7418.52
2.467 124735 353.178 1.31478e-007 81759.1 363.025 50117 132239 -7504.47
2.469 135662 368.324 1.42785e-007 83169.5 375.183 49953.8 133499 2163.86
2.472 145627 381.611 1.61561e-007 85320.3 394.136 49700.2 135415 10212.2
2.474 142219 377.119 1.75406e-007 86777.8 407.266 49525.2 136710 5508.29
2.477 134643 366.937 1.98386e-007 88999.9 427.728 49254.1 138682 -4039.22
2.479 128391 358.317 2.15326e-007 90505.4 441.899 49067.6 140015 -11623.6
2.482 130360 361.054 2.43432e-007 92800 463.98 48779.5 142044 -11683.8
2.484 132892 364.544 2.64142e-007 94354.2 479.269 48581.9 143415 -10523.3
2.487 133049 364.759 2.98493e-007 96722.5 503.086 48277.4 145503 -12453.9
2.489 154153 392.623 3.23795e-007 98326.2 519.573 48069.1 146915 7237.87
2.492 152518 390.536 3.65747e-007 100769 545.251 47748.7 149063 3455.02
2.494 141326 375.933 3.96637e-007 102423 563.022 47530 150516 -9190.44
2.497 142518 377.516 4.47835e-007 104942 590.693 47194.4 152727 -10209.2
2.499 160008 400.01 4.85519e-007 106647 609.838 46965.8 154223 5785.2
2.502 162441 403.039 5.47956e-007 109243 639.643 46615.6 156498 5942.64
2.505 172597 415.448 6.18264e-007 111885 670.799 46256.9 158813 13784.3
2.507 182826 427.581 6.69983e-007 113673 692.348 46013.2 160378 22447.4
2.51 163606 404.483 7.55625e-007 116393 725.882 45641 162760 846.007
2.512 144637 380.312 8.18601e-007 118233 749.07 45388.4 164371 -19734.1
2.515 164228 405.25 9.22845e-007 121033 785.146 45003.3 166822 -2594.09
2.518 183367 428.214 1.0401e-006 123881 822.831 44610.7 169315 14052.5
2.52 178601 422.612 1.12627e-006 125807 848.879 44345 171001 7600.11
2.523 172040 414.777 1.26882e-006 128735 889.391 43940.7 173565 -1524.97
2.525 158525 398.152 1.37355e-006 130714 917.387 43667.3 175299 -16774.2
2.528 140402 374.702 1.54675e-006 133724 960.917 43251.9 177937 -37535
2.531 118463 344.185 1.74133e-006 136782 1006.35 42830.2 180619 -62155.5
2.533 128633 358.654 1.8842e-006 138849 1037.74 42545.6 182432 -53799
2.536 144197 379.733 2.12033e-006 141989 1086.53 42114 185190 -40992.7
2.539 138301 371.889 2.38544e-006 145179 1137.43 41676.7 187993 -49692.4
2.541 188456 434.116 2.57998e-006 147334 1172.58 41382.2 189888 -1432.16
2.544 277766 527.035 2.90132e-006 150607 1227.2 40936.2 192770 84995.9
2.546 310060 556.831 3.13704e-006 152816 1264.9 40636.2 194717 115343
2.549 285826 534.627 3.52626e-006 156172 1323.47 40182.2 197678 88147.7
2.552 244574 494.545 3.96274e-006 159579 1384.53 39723.8 200687 43887.6
2.555 218101 467.013 4.45211e-006 163035 1448.18 39261.2 203744 14356.9
2.557 216787 465.604 4.81081e-006 165367 1492.1 38950.6 205809 10977.8
2.56 228548 478.066 5.4026e-006 168907 1560.29 38481.7 208949 19599
2.563 239927 489.823 6.06564e-006 172497 1631.35 38009.3 212137 27789.6
2.565 223701 472.97 6.55134e-006 174918 1680.36 37692.5 214291 9410.14
2.568 200944 448.268 7.3522e-006 178592 1756.41 37215 217563 -16619
2.571 239837 489.731 8.24886e-006 182315 1835.63 36734.7 220886 18951.3
2.573 291448 539.859 8.90531e-006 184826 1890.25 36413.1 223129 68319
2.576 226843 476.28 9.98711e-006 188633 1974.99 35928.8 226536 306.461
2.579 225393 474.756 1.11974e-005 192490 2063.2 35442.4 229995 -4601.81
2.582 250255 500.255 1.25512e-005 196396 2155.01 34954.3 233506 16749.9
2.584 234957 484.724 1.35416e-005 199028 2218.28 34628 235874 -917.116
2.587 205983 453.853 1.51723e-005 203017 2316.39 34137.5 239471 -33488.3
2.59 202213 449.681 1.6995e-005 207056 2418.46 33645.9 243120 -40907.5
2.593 196115 442.849 1.90318e-005 211143 2524.63 33153.4 246821 -50706.3
2.595 216750 465.564 2.05206e-005 213895 2597.76 32824.7 249318 -32567.7
2.598 243848 493.809 2.29702e-005 218064 2711.1 32331.3 253106 -9258.41
2.601 294716 542.877 2.57055e-005 222280 2828.93 31837.7 256947 37768.5
2.604 347528 589.515 2.87592e-005 226545 2951.43 31344.2 260841 86687.2
2.607 297778 545.69 3.21673e-005 230857 3078.74 30850.9 264787 32991
2.609 270055 519.668 3.4656e-005 233758 3166.38 30522.3 267447 2608.09
2.612 292478 540.813 3.87465e-005 238149 3302.11 30030 271481 20997.2
2.615 300781 548.435 4.33086e-005 242586 3443.11 29538.5 275568 25213.5
2.618 340305 583.356 4.83954e-005 247069 3589.58 29048.1 279707 60597.6
2.621 341537 584.411 5.40658e-005 251598 3741.69 28559 283899 57638
2.623 318400 564.27 5.82023e-005 254642 3846.32 28233.8 286722 31678.2
2.626 332137 576.313 6.49939e-005 259245 4008.26 27747.4 291001 41135.9
2.629 322251 567.672 7.25595e-005 263893 4176.37 27262.8 295332 26919.3
2.632 245495 495.474 8.0985e-005 268584 4350.84 26780.3 299715 -54220.4
2.635 279958 529.111 9.03656e-005 273318 4531.89 26300 304149 -24191
2.638 304103 551.456 0.000100807 278093 4719.74 25822.1 308635 -4532.08
2.641 283825 532.752 0.000112426 282911 4914.6 25346.9 313172 -29347.3
2.644 253082 503.072 0.000125352 287769 5116.71 24874.5 317760 -64678.4
2.646 368929 607.395 0.000134765 291030 5255.59 24561.1 320847 48082.3
2.649 311841 558.427 0.000150195 295954 5470.29 24093.7 325518 -13677.3
2.652 295572 543.665 0.000167349 300917 5692.87 23629.5 330240 -34667.6
2.655 320154 565.821 0.000186414 305918 5923.57 23168.8 335011 -14856.8
2.658 358451 598.708 0.000207598 310956 6162.66 22711.5 339830 18620.4
2.661 417091 645.826 0.00023113 316030 6410.4 22258 344698 72392.1
2.664 405675 636.926 0.000257263 321139 6667.05 21808.3 349614 56060.9
2.667 394895 628.407 0.000286278 326282 6932.9 21362.5 354578 40317.1
2.67 365834 604.842 0.000318483 331459 7208.21 20920.9 359588 6246.2
2.673 390549 624.939 0.00035422 336668 7493.28 20483.5 364644 25904.4
2.676 418794 647.143 0.000393866 341907 7788.4 20050.4 369746 49048.3
2.679 406528 637.595 0.000437837 347177 8093.88 19621.8 374893 31634.9
2.682 356952 597.454 0.000486592 352476 8410.03 19197.8 380084 -23131.8
2.685 308140 555.104 0.000540638 357802 8737.15 18778.4 385318 -77177.8
2.688 371764 609.725 0.000600532 363155 9075.58 18363.8 390595 -18830.7
2.691 463306 680.666 0.000666891 368534 9425.63 17954.1 395914 67392.4
2.694 453448 673.386 0.000740392 373937 9787.66 17549.3 401274 52174.8
2.697 323173 568.483 0.000821783 379362 10162 17149.5 406674 -83500.6
2.7 347036 589.097 0.000911887 384810 10549 16754.8 412113 -65077.7
2.703 342452 585.194 0.00101161 390277 10949 16365.3 417592 -75139.2
2.706 382179 618.207 0.00112195 395764 11362.4 15981 423107 -40927.8
2.709 429481 655.348 0.00124401 401268 11789.6 15602 428660 821.424
2.712 380549 616.887 0.00137899 406788 12230.9 15228.3 434248 -53698.5
2.715 484314 695.926 0.00152823 412323 12686.8 14860.1 439870 44443.3
2.718 524918 724.512 0.00169319 417872 13157.6 14497.2 445527 79391.1
2.721 463105 680.518 0.00187546 423432 13643.7 14139.9 451216 11889.4
2.724 432283 657.482 0.00207683 429003 14145.5 13788 456936 -24653.4
2.727 438686 662.334 0.00229923 434582 14663.6 13441.7 462687 -24001
2.73 386918 622.027 0.00254479 440169 15198.2 13100.9 468468 -81550.1
2.733 388658 623.424 0.00281585 445761 15749.8 12765.8 474277 -85619.1
2.736 457465 676.361 0.00311499 451358 16318.9 12436.2 480113 -22648.1
2.739 497871 705.599 0.00344502 456957 16905.9 12112.2 485975 11895.8
2.743 495814 704.141 0.00393851 464423 17717.3 11689 493829 1985.42
2.746 554523 744.663 0.00435318 470021 18347.9 11378.1 499747 54775.6
2.749 464830 681.784 0.00481028 475616 18997.9 11072.9 505687 -40857
2.752 526906 725.883 0.00531401 481207 19667.9 10773.3 511648 15257.8
2.755 488625 699.017 0.00586899 486790 20358.4 10479.2 517628 -29002.7
2.758 467594 683.809 0.00648026 492366 21069.8 10190.8 523627 -56032.2
2.761 458789 677.34 0.00715337 497932 21802.7 9907.91 529642 -70852.9
2.765 473108 687.829 0.00815758 505334 22814 9539.36 537687 -64578.7
2.768 432273 657.475 0.00899951 510869 23598.9 9269.38 543737 -111464
2.771 415193 644.354 0.0099258 516388 24407 9004.89 549800 -134608
2.774 483610 695.421 0.0109446 521890 25238.7 8745.85 555875 -72264.8
2.777 619577 787.132 0.0120649 527372 26094.8 8492.23 561959 57618.2
2.78 597187 772.778 0.0132965 532832 26975.6 8243.99 568052 29134.8
2.784 512224 715.698 0.0151302 540076 28189.6 7921.31 576187 -63963.6
2.787 559053 747.699 0.0166647 545479 29130.5 7685.46 582295 -23242.2
2.79 613417 783.209 0.0183501 550855 30098.1 7454.86 588408 25009.4
2.793 617774 785.986 0.0202007 556201 31093 7229.44 594523 23250.7
2.797 542560 736.587 0.0229526 563279 32462.9 6936.87 602679 -60118.5
2.8 694961 833.643 0.0252524 568549 33523.6 6723.35 608796 86164.8
2.803 723826 850.779 0.0277754 573783 34613.6 6514.85 614911 108914
2.806 611702 782.114 0.0305426 578979 35733.5 6311.31 621023 -9321.46
2.81 580847 762.133 0.0346519 585845 37274.1 6047.52 629166 -48319.4
2.813 714178 845.09 0.0380815 590945 38465.9 5855.31 635267 78910.9
2.816 712178 843.906 0.0418397 596002 39689.7 5667.84 641360 70818.2
2.82 628036 792.487 0.0474149 602673 41372 5425.18 649470 -21434
2.823 588233 766.964 0.052063 607619 42672.6 5248.55 655541 -67307.2
2.826 646475 804.037 0.0571521 612516 44007.2 5076.46 661599 -15124.6
2.83 818704 904.823 0.0646939 618963 45840.7 4853.95 669657 149047
2.833 652584 807.827 0.0709752 623735 47257.1 4692.17 675684 -23099.7
2.836 575722 758.764 0.0778464 628450 48709.6 4534.71 681694 -105972
2.84 597077 772.708 0.0880185 634646 50703.6 4331.33 689681 -92604.2
2.843 618332 786.341 0.0964819 639223 52243 4183.63 695649 -77317
2.846 627282 792.012 0.105732 643737 53820.6 4040.01 701597 -74315.2
2.85 670735 818.984 0.119412 649655 55984.9 3854.71 709495 -38759.7
2.853 779844 883.088 0.130782 654016 57654.5 3720.3 715391 64452.5
2.856 686187 828.364 0.143198 658309 59364.5 3589.72 721264 -35076.8
2.86 539217 734.314 0.16154 663924 61708.7 3421.43 729054 -189838
2.863 603825 777.062 0.17677 668051 63515.8 3299.5 734866 -131041
2.867 909005 953.418 0.199254 673437 65991.8 3142.47 742572 166434
2.87 1.02657e+006 1013.2 0.21791 677388 67899.5 3028.79 748317 278258
2.874 920541 959.448 0.24543 682535 70512 2882.5 755930 164611
2.877 953129 976.283 0.268248 686302 72523.8 2776.67 761603 191526
2.88 836575 914.645 0.293112 689988 74581.4 2674.08 767244 69331.5
2.884 728728 853.656 0.329754 694772 77397 2542.22 774712 -45983.3
2.887 836999 914.876 0.360103 698261 79563.8 2446.93 780272 56726.5
2.891 801391 895.205 0.404796 702779 82527.3 2324.54 787631 13760.4
2.894 607444 779.387 0.441788 706063 84806.6 2236.15 793107 -185662
2.898 663708 814.683 0.496223 710303 87922.6 2122.72 800349 -136641
2.901 789483 888.529 0.541245 713376 90317.9 2040.87 805736 -16252.7
2.905 624318 790.138 0.607449 717329 93590.7 1935.91 812856 -188539
2.908 632965 795.591 0.662166 720183 96105.3 1860.22 818149 -185184
2.912 746280 863.875 0.742568 723839 99539.3 1763.23 825143 -78862.9
2.916 779907 883.123 0.832353 727322 103067 1670.59 832061 -52154.1
2.919 830190 911.148 0.906475 729819 105776 1603.87 837199 -7009.08
2.923 803656 896.469 1.01527 732992 109471 1518.47 843983 -40326.7
2.926 718292 847.521 1.10502 735254 112307 1457.01 849019 -130727
2.93 846737 920.183 1.23665 738110 116174 1378.4 855664 -8926.59
2.933 762677 873.314 1.34516 740131 119140 1321.87 860594 -97917.5
2.937 892706 944.831 1.5042 742663 123182 1249.62 867097 25609.4
2.941 951777 975.591 1.68128 745008 127327 1180.82 873517 78260.2
2.944 806883 898.267 1.82708 746642 130502 1131.4 878277 -71394
2.948 866698 930.966 2.04054 748653 134827 1068.31 884550 -17851.9
2.951 768083 876.403 2.21618 750035 138139 1023.03 889199 -121116
2.955 656302 810.125 2.47311 751709 142647 965.266 895323 -239021
2.959 766557 875.532 2.75858 753187 147261 910.375 901361 -134804
2.962 964739 982.211 2.99321 754167 150792 871.022 905833 58906.1
2.966 863805 929.411 3.33604 755302 155594 820.879 911720 -47914.6
2.97 757893 870.57 3.71645 756239 160504 773.294 917520 -159627
2.973 666893 816.635 4.02875 756811 164258 739.217 921812 -254919
2.977 703520 838.761 4.48456 757400 169359 695.847 927459 -223939
2.981 830123 911.111 4.98967 757790 174569 654.743 933019 -102896
2.985 891540 944.214 5.54913 757980 179890 615.805 938491 -46951.7
2.988 803201 896.215 6.00773 757991 183953 587.964 942538 -139337
2.992 822422 906.875 6.67601 757831 189468 552.585 947858 -125436
2.996 977665 988.769 7.41525 757471 195093 519.115 953091 24573.6
3 1.1347e+006 1065.22 8.23259 756912 200830 487.464 958238 176466
3.003 1.15306e+006 1073.81 8.90153 756362 205205 464.869 962041 191021
3.007 938107 968.559 9.8748 755455 211136 436.2 967038 -28930.3
3.011 901211 949.321 10.9495 754350 217178 409.126 971948 -70737.4
3.015 898691 947.993 12.1356 753048 223331 383.568 976775 -78083.2
3.019 914981 956.546 13.4441 751550 229594 359.454 981517 -66535.6
3.022 911593 954.774 14.5129 750299 234363 342.274 985019 -73425.2
3.026 922070 960.245 16.0648 748461 240818 320.517 989615 -67545.7
3.03 914822 956.463 17.7746 746430 247382 300.016 994130 -79308.1
3.034 940417 969.751 19.6575 744209 254054 280.706 998563 -58146.5
3.038 1.04434e+006 1021.93 21.7298 741798 260833 262.528 1.00292e+006 41424.9
3.042 1.03623e+006 1017.95 24.0097 739201 267719 245.422 1.00719e+006 29039.1
3.046 1.106e+006 1051.67 26.5166 736418 274709 229.334 1.01138e+006 94621.1
3.049 1.23005e+006 1109.08 28.5586 734211 280021 217.902 1.01448e+006 215570
3.053 1.18125e+006 1086.85 31.5154 731110 287193 203.466 1.01854e+006 162711
3.057 1.18307e+006 1087.69 34.7624 727829 294467 189.905 1.02252e+006 160551
3.061 992245 996.115 38.3265 724373 301840 177.173 1.02643e+006 -34183.3
3.065 983461 991.696 42.2367 720743 309313 165.224 1.03026e+006 -46801.9
3.069 1.07723e+006 1037.9 46.5246 716941 316882 154.015 1.03402e+006 43203.4
3.073 886748 941.673 51.2245 712972 324545 143.506 1.03771e+006 -150964
3.077 811947 901.081 56.3734 708838 332302 133.657 1.04133e+006 -229383
3.081 904857 951.24 62.0116 704542 340149 124.431 1.04488e+006 -140020
3.085 903291 950.416 68.1826 700087 348085 115.792 1.04836e+006 -145065
3.089 880845 938.533 74.9334 695477 356106 107.708 1.05177e+006 -170921
3.093 901764 949.613 82.3151 690715 364211 100.145 1.05511e+006 -153344
3.097 957838 978.692 90.3828 685805 372397 93.0734 1.05839e+006 -100548
3.101 1.17558e+006 1084.24 99.1959 680750 380661 86.4645 1.0616e+006 113986
3.105 1.26367e+006 1124.13 108.819 675554 388999 80.2908 1.06474e+006 198923
3.109 1.17064e+006 1081.96 119.321 670221 397410 74.5261 1.06782e+006 102811
3.113 1.06813e+006 1033.51 130.776 664755 405889 69.1459 1.07084e+006 -2709.13
3.117 1.20907e+006 1099.58 143.266 659160 414434 64.1267 1.0738e+006 135269
3.121 1.28054e+006 1131.61 156.878 653439 423041 59.4467 1.0767e+006 203846
3.126 1.2e+006 1095.45 175.612 646118 433881 54.0416 1.08023e+006 119772
3.13 1.17752e+006 1085.14 192.099 640131 442614 50.0496 1.08299e+006 94537.1
3.134 1.08897e+006 1043.54 210.039 634031 451398 46.3327 1.08569e+006 3289.63
3.138 1.10823e+006 1052.72 229.548 627825 460227 42.8737 1.08832e+006 19903.6
3.142 1.20821e+006 1099.19 250.756 621515 469098 39.656 1.0909e+006 117310
3.146 994932 997.463 273.798 615106 478008 36.6642 1.09342e+006 -98492.4
3.15 1.12192e+006 1059.21 298.821 608603 486951 33.8836 1.09589e+006 26035.2
3.155 1.35452e+006 1163.84 333.126 600348 498170 30.6843 1.09888e+006 255636
3.159 1.29951e+006 1139.96 363.198 593648 507172 28.3301 1.10121e+006 198296
3.163 1.15066e+006 1072.69 395.804 586868 516193 26.1454 1.10348e+006 47181.6
3.167 1.05233e+006 1025.83 431.141 580013 525228 24.119 1.1057e+006 -53367.2
3.171 934670 966.783 469.418 573087 534272 22.2401 1.10785e+006 -173181
3.176 1.05893e+006 1029.04 521.744 564336 545584 20.084 1.11046e+006 -51529.7
3.18 1.13712e+006 1066.36 567.482 557266 554631 18.5017 1.11248e+006 24633.6
3.184 1.1291e+006 1062.59 616.949 550140 563671 17.0368 1.11444e+006 14655.1
3.188 1.14657e+006 1070.78 670.421 542961 572699 15.6813 1.11635e+006 30221.3
3.193 1.10037e+006 1048.98 743.348 533922 583959 14.129 1.11864e+006 -18272.1
3.197 1.12494e+006 1060.63 806.948 526642 592941 12.9924 1.1204e+006 4537.73
3.201 1.11424e+006 1055.58 875.588 519325 601892 11.9421 1.1221e+006 -7861.29
3.206 1.05822e+006 1028.7 969.036 510132 613032 10.7414 1.12414e+006 -65923.4
3.21 1.05105e+006 1025.21 1050.39 502746 621898 9.86362 1.1257e+006 -74651.2
3.214 1.18832e+006 1090.1 1138.05 495336 630716 9.05373 1.1272e+006 61119
3.219 1.27875e+006 1130.82 1257.17 486046 641663 8.12937 1.12897e+006 149779
3.223 1.03709e+006 1018.37 1360.69 478598 650353 7.45473 1.13032e+006 -93231.9
3.228 903316 950.43 1501.2 469275 661123 6.68562 1.13191e+006 -228589
3.232 1.00834e+006 1004.16 1623.14 461810 669657 6.12493 1.1331e+006 -124753
3.236 1.1165e+006 1056.65 1754.19 454344 678112 5.60887 1.13422e+006 -17714.1
3.241 1.11715e+006 1056.95 1931.75 445015 688562 5.02151 1.13551e+006 -18364.9
3.245 1.2558e+006 1120.62 2085.57 437561 696819 4.59402 1.13647e+006 119327
3.25 1.13002e+006 1063.02 2293.73 428259 707004 4.10801 1.13756e+006 -7539.35
3.254 1.17365e+006 1083.35 2473.84 420836 715034 3.75469 1.13835e+006 35301.7
3.259 1.98036e+006 1407.25 2717.25 411585 724916 3.35346 1.13922e+006 841139
3.263 1.48806e+006 1219.86 2927.61 404210 732690 3.06211 1.13983e+006 348228
3.268 1.14359e+006 1069.39 3211.55 395031 742235 2.73162 1.14048e+006 3105.94
3.272 962654 981.149 3456.62 387723 749725 2.4919 1.14091e+006 -178254
3.277 945513 972.375 3787.01 378638 758897 2.22029 1.14132e+006 -195811
3.281 937571 968.282 4071.82 371413 766075 2.02351 1.14156e+006 -203991
3.286 950918 975.15 4455.28 362440 774839 1.8008 1.14174e+006 -190819
3.29 1.00955e+006 1004.76 4785.43 355313 781678 1.63963 1.14178e+006 -132227
3.295 1.01689e+006 1008.41 5229.39 346473 790002 1.45742 1.14171e+006 -124812
3.299 1.17448e+006 1083.73 5611.14 339458 796476 1.32571 1.14155e+006 32928.9
3.304 1.31976e+006 1148.81 6123.84 330767 804327 1.17698 1.14122e+006 178539
3.309 1.26239e+006 1123.56 6678.61 322165 811902 1.04424 1.14075e+006 121640
3.313 1.16633e+006 1079.97 7154.73 315351 817757 0.948453 1.14026e+006 26069.9
3.318 1.3025e+006 1141.27 7792.89 306923 824813 0.84048 1.13953e+006 162969
3.323 1.25192e+006 1118.89 8481.93 298597 831567 0.744303 1.13865e+006 113277
3.327 1.2398e+006 1113.46 9072.11 292012 836748 0.675025 1.13783e+006 101966
3.332 1.42087e+006 1192 9861.59 283879 842940 0.597066 1.13668e+006 284189
3.337 1.34906e+006 1161.49 10712.1 275859 848807 0.52776 1.13538e+006 213677
3.341 1.00679e+006 1003.39 11439.2 269527 853264 0.477925 1.13423e+006 -127437
3.346 1.01904e+006 1009.48 12409.9 261719 858530 0.421943 1.13266e+006 -113618
3.351 1.11634e+006 1056.57 13453.3 254032 863454 0.372271 1.13094e+006 -14599.2
3.356 1.04562e+006 1022.56 14574.1 246469 868028 0.328228 1.12907e+006 -83446.3
3.36 932964 965.9 15529.7 240510 871431 0.296634 1.12747e+006 -194507
3.365 933580 966.22 16801.9 233176 875361 0.261227 1.12534e+006 -191760
3.37 1.1193e+006 1057.97 18165.3 225974 878927 0.229893 1.12307e+006 -3761.42
3.375 1.1665e+006 1080.05 19625.4 218903 882123 0.202183 1.12065e+006 45850.8
3.38 1.03397e+006 1016.84 21187.8 211966 884945 0.177695 1.1181e+006 -84131.5
3.385 1.03592e+006 1017.8 22858.3 205165 887390 0.156069 1.11541e+006 -79493.4
3.389 1.03899e+006 1019.31 24276.5 199822 889072 0.140612 1.11317e+006 -74181.4
3.394 1.01245e+006 1006.21 26156.9 193267 890831 0.123351 1.11025e+006 -97801.6
3.399 1.1189e+006 1057.78 28162.8 186850 892204 0.108138 1.10722e+006 11680.7
3.404 1.08271e+006 1040.53 30301 180571 893191 0.0947372 1.10406e+006 -21350.2
3.409 1.14972e+006 1072.25 32578.3 174432 893790 0.0829423 1.1008e+006 48916.9
3.414 1.26788e+006 1126 35001.7 168432 894000 0.0725676 1.09743e+006 170444
3.419 1.18537e+006 1088.75 37578.7 162571 893821 0.0634484 1.09397e+006 91397.2
3.424 1.06088e+006 1029.99 40316.6 156850 893253 0.0554383 1.09042e+006 -29538
3.429 989098 994.534 43223.2 151267 892297 0.0484072 1.08679e+006 -97690
3.434 1.09962e+006 1048.63 46306.3 145823 890955 0.0422398 1.08308e+006 16535.3
3.439 1.14649e+006 1070.74 49574 140517 889227 0.0368336 1.07932e+006 67173
3.444 954239 976.851 53034.5 135349 887117 0.032098 1.0755e+006 -121261
3.449 935134 967.023 56696 130317 884626 0.0279527 1.07164e+006 -136505
3.454 813976 902.206 60567.2 125420 881759 0.0243265 1.06775e+006 -253769
3.459 1.05688e+006 1028.05 64656.6 120657 878518 0.0211567 1.06383e+006 -6948.2
3.464 1.21173e+006 1100.79 68973 116028 874909 0.0183877 1.05991e+006 151818
3.469 1.16869e+006 1081.06 73525 111530 870935 0.0159704 1.05599e+006 112702
3.474 1.02463e+006 1012.24 78321.7 107162 866603 0.0138617 1.05209e+006 -27458.2
3.48 881579 938.924 84413 102091 860937 0.0116853 1.04744e+006 -165862
3.485 1.01561e+006 1007.78 89779.1 98003.9 855834 0.0101275 1.04362e+006 -28002.7
3.49 999025 999.512 95418.2 94041.8 850391 0.00877165 1.03985e+006 -40826.4
3.495 974955 987.398 101339 90202.8 844615 0.00759224 1.03616e+006 -61202.7
3.5 1.11101e+006 1054.04 107551 86484.8 838514 0.00656704 1.03255e+006 78457.9
3.505 1.00476e+006 1002.38 114062 82885.9 832094 0.0056765 1.02904e+006 -24278.2
3.511 985609 992.778 122283 78721.5 823982 0.00476159 1.02499e+006 -39377.4
3.516 1.10611e+006 1051.72 129483 75377.3 816891 0.00410987 1.02175e+006 84361.8
3.521 1.1652e+006 1079.45 137009 72145.4 809509 0.00354499 1.01866e+006 146541
3.526 1.07635e+006 1037.47 144869 69023.7 801844 0.00305571 1.01574e+006 60612.4
3.532 868267 931.809 154753 65419.7 792287 0.00255463 1.01246e+006 -144193
3.537 820283 905.695 163375 62532.3 784035 0.00219883 1.00994e+006 -189659
3.542 884754 940.614 172355 59747.6 775530 0.00189132 1.00763e+006 -122879
3.548 963329 981.493 183611 56538.5 765007 0.00157715 1.00516e+006 -41827.5
3.553 856837 925.655 193399 53971.8 755986 0.0013546 1.00336e+006 -146519
3.558 923306 960.888 203563 51500.4 746745 0.00116268 1.00181e+006 -78502.9
3.564 1.12379e+006 1060.09 216265 48657.2 735383 0.000967074 1.0003e+006 123487
3.569 1.02741e+006 1013.61 227274 46387.1 725699 0.000828847 999360 28051.7
3.575 938984 969.012 241002 43778.5 713836 0.000688193 998616 -59632.3
3.58 917222 957.717 252874 41698.2 703762 0.000588965 998334 -81111.3
3.586 1.04174e+006 1020.65 267643 39310.5 691463 0.000488161 998416 43319.7
3.591 1.12565e+006 1060.97 280387 37408.6 681052 0.000417164 998848 126802
3.597 926324 962.457 296205 35228.2 668382 0.000345158 999815 -73490.8
3.602 1.00598e+006 1002.99 309824 33493.4 657688 0.000294528 1.00101e+006 4975.55
3.608 1.03718e+006 1018.42 326687 31506.9 644711 0.000243263 1.00291e+006 34271.5
3.613 879912 938.036 341171 29928.2 633790 0.000207276 1.00489e+006 -124977
3.619 760176 871.881 359065 28122.5 620571 0.000170898 1.00776e+006 -247582
3.624 896216 946.687 374397 26689.2 609474 0.000145403 1.01056e+006 -114344
3.63 995689 997.842 393292 25051.7 596077 0.000119673 1.01442e+006 -18731.8
3.636 1.15734e+006 1075.8 412717 23500.7 582610 9.84025e-005 1.01883e+006 138511
3.641 1.27796e+006 1130.47 429298 22271.7 571346 8.35338e-005 1.02292e+006 255043
3.647 1.10409e+006 1050.76 449654 20870.1 557796 6.85659e-005 1.02832e+006 75772
3.653 887417 942.028 470492 19545.1 544226 5.62262e-005 1.03426e+006 -146847
3.658 826273 908.995 488210 18497.1 532915 4.76226e-005 1.03962e+006 -213350
3.664 924681 961.603 509875 17303.9 519354 3.89835e-005 1.04653e+006 -121851
3.67 916667 957.427 531955 16178.1 505820 3.1881e-005 1.05395e+006 -137285
3.676 886981 941.797 554421 15116.5 492331 2.60477e-005 1.06187e+006 -174887
3.681 945850 972.548 573416 14278.9 481134 2.19945e-005 1.06883e+006 -122979
3.687 1.00545e+006 1002.72 596510 13327.4 467765 1.79386e-005 1.0776e+006 -72154.4
3.693 1.20238e+006 1096.53 619898 12432 454483 1.46166e-005 1.08681e+006 115571
3.699 1.21942e+006 1104.27 643541 11589.9 441301 1.18984e-005 1.09643e+006 122985
3.705 1.14868e+006 1071.77 667401 10798.4 428233 9.67641e-006 1.10643e+006 42248.1
3.711 986797 993.376 691435 10055 415292 7.86185e-006 1.11678e+006 -129985
3.716 1.10645e+006 1051.88 711565 9470.43 404613 6.60768e-006 1.12565e+006 -19197.1
3.722 1.20412e+006 1097.32 735804 8808.86 391935 5.35916e-006 1.13655e+006 67572.9
3.728 1.27862e+006 1130.76 760088 8188.64 379416 4.34239e-006 1.14769e+006 130923
3.734 1.30175e+006 1140.94 784368 7607.57 367067 3.51516e-006 1.15904e+006 142709
3.74 1.16943e+006 1081.4 808593 7063.54 354898 2.8428e-006 1.17055e+006 -1123.63
3.746 1.27319e+006 1128.36 832711 6554.52 342917 2.29684e-006 1.18218e+006 91002.8
3.752 1.24817e+006 1117.22 856668 6078.58 331133 1.85396e-006 1.19388e+006 54293
3.758 1.16532e+006 1079.5 880411 5633.86 319553 1.49504e-006 1.2056e+006 -40276.7
3.764 1.12815e+006 1062.14 903883 5218.57 308186 1.20445e-006 1.21729e+006 -89140.8
3.77 1.12645e+006 1061.34 927030 4831.03 297036 9.69417e-007 1.2289e+006 -102445
3.776 1.1903e+006 1091.01 949793 4469.61 286111 7.795e-007 1.24037e+006 -50075.2
3.783 1.47286e+006 1213.61 975791 4078.93 273654 6.03689e-007 1.25352e+006 219337
3.789 1.72414e+006 1313.06 997531 3768.93 263231 4.84415e-007 1.26453e+006 459605
3.795 1.1821e+006 1087.24 1.01871e+006 3480.42 253046 3.88335e-007 1.27524e+006 -93134.1
3.801 991903 995.944 1.03927e+006 3212.09 243103 3.11013e-007 1.28558e+006 -293681
3.807 1.07304e+006 1035.88 1.05916e+006 2962.69 233404 2.48849e-007 1.29552e+006 -222479
3.813 1.03996e+006 1019.78 1.07832e+006 2731.04 223952 1.98919e-007 1.305e+006 -265040
3.82 1.12356e+006 1059.98 1.09968e+006 2481.7 213238 1.52997e-007 1.3154e+006 -191843
3.826 1.20588e+006 1098.12 1.11709e+006 2284.72 204325 1.22046e-007 1.3237e+006 -117822
3.832 1.83115e+006 1353.2 1.13361e+006 2102.12 195662 9.72628e-008 1.33137e+006 499783
3.838 1.67985e+006 1296.09 1.14919e+006 1932.97 187249 7.74381e-008 1.33837e+006 341477
3.845 1.30984e+006 1144.48 1.16612e+006 1751.43 177749 5.92842e-008 1.34562e+006 -35783.7
3.851 1.22175e+006 1105.33 1.17953e+006 1608.43 169875 4.71028e-008 1.35101e+006 -129265
3.857 1.29159e+006 1136.48 1.19186e+006 1476.23 162248 3.73885e-008 1.35558e+006 -63990.3
3.864 1.29966e+006 1140.03 1.20485e+006 1334.66 153660 2.85224e-008 1.35984e+006 -60184.9
3.87 1.47826e+006 1215.84 1.21474e+006 1223.39 146562 2.25931e-008 1.36253e+006 115734
3.877 1.23012e+006 1109.11 1.2248e+006 1104.41 138585 1.71938e-008 1.36448e+006 -134368
3.883 1.06525e+006 1032.11 1.23211e+006 1011.03 132004 1.35913e-008 1.36512e+006 -299868
3.89 1.10984e+006 1053.49 1.23909e+006 911.334 124621 1.03183e-008 1.36462e+006 -254784
3.896 1.3711e+006 1170.94 1.24372e+006 833.208 118542 8.13948e-009 1.36309e+006 8008.65
3.903 1.61736e+006 1271.75 1.24752e+006 749.922 111735 6.1644e-009 1.36001e+006 257353
3.909 1.11659e+006 1056.69 1.2494e+006 684.752 106141 4.85264e-009 1.35623e+006 -239635
3.916 945944 972.596 1.24997e+006 615.382 99887.8 3.66624e-009 1.35048e+006 -404534
3.922 1.1895e+006 1090.64 1.24908e+006 561.182 94757.7 2.8801e-009 1.3444e+006 -154894
3.929 1.28286e+006 1132.64 1.24641e+006 503.574 89034.1 2.1707e-009 1.33595e+006 -53086.8
3.936 1.11898e+006 1057.82 1.24202e+006 451.516 83584.9 1.6339e-009 1.32605e+006 -207072
3.942 1.20506e+006 1097.75 1.23689e+006 410.935 79126.6 1.27946e-009 1.31642e+006 -111365
3.949 1.53425e+006 1238.65 1.22933e+006 367.901 74166.2 9.6073e-010 1.30386e+006 230388
3.956 1.9123e+006 1382.86 1.22011e+006 329.107 69457.5 7.2046e-010 1.2899e+006 622402
3.962 1.1766e+006 1084.71 1.21092e+006 298.936 65615.5 5.62373e-010 1.27684e+006 -100241
3.969 980461 990.182 1.19873e+006 267.014 61352.4 4.20709e-010 1.26035e+006 -279890
3.976 1.16045e+006 1077.24 1.18501e+006 238.308 57317.3 3.14321e-010 1.24256e+006 -82110.2
3.983 1.75888e+006 1326.23 1.1698e+006 212.516 53502 2.34531e-010 1.22352e+006 535364
3.99 1.07567e+006 1037.15 1.15318e+006 189.363 49898.1 1.74767e-010 1.20327e+006 -127593
3.996 1.0594e+006 1029.27 1.13786e+006 171.426 46970.9 1.3568e-010 1.185e+006 -125602
4.003 1.03486e+006 1017.28 1.11878e+006 152.52 43737.6 1.00861e-010 1.16267e+006 -127814
4.01 1.05593e+006 1027.59 1.09849e+006 135.59 40692.1 7.48803e-011 1.13932e+006 -83385.1
4.017 1.18844e+006 1090.16 1.07706e+006 120.442 37826.4 5.55193e-011 1.11501e+006 73433.8
4.024 1.91728e+006 1384.66 1.05458e+006 106.9 35132.5 4.11107e-011 1.08982e+006 827461
4.031 1.33936e+006 1157.31 1.03112e+006 94.8038 32602.6 3.04018e-011 1.06382e+006 275536
4.038 1.19612e+006 1093.67 1.00678e+006 84.0085 30229.2 2.24532e-011 1.03709e+006 159027
4.045 840382 916.723 981640 74.3824 28004.6 1.65611e-011 1.00972e+006 -169337
4.052 693149 832.555 955791 65.8061 25921.6 1.21993e-011 981779 -288630
4.059 708301 841.606 929324 58.1717 23973.1 8.97464e-012 953355 -245054
4.066 869896 932.682 902328 51.3814 22152.1 6.59373e-012 924532 -54635.7
4.073 1.27762e+006 1130.32 874893 45.3471 20452 4.83815e-012 895391 382234
4.081 1.00989e+006 1004.93 843115 39.2747 18648.8 3.391e-012 861803 148089
4.088 901500 949.473 815037 34.6023 17186.1 2.48121e-012 832258 69242.2
4.095 699589 836.415 786794 30.4611 15824.7 1.81315e-012 802649 -103060
4.102 566882 752.916 758469 26.794 14558.6 1.32323e-012 773054 -206172
4.109 752421 867.422 730143 23.5492 13382.5 9.64436e-013 743549 8871.78
4.117 1.04863e+006 1024.02 697868 20.2992 12141.5 6.70803e-013 710030 338595
4.124 682512 826.143 669797 17.8101 11140.3 4.8755e-013 680955 1556.3
4.131 658387 811.41 641958 15.6136 10212.9 3.53898e-013 652186 6200.44
4.139 723291 850.465 610510 13.4198 9237.47 2.45e-013 619761 103530
4.146 635457 797.156 583385 11.7444 8453 1.77342e-013 591850 43607.3
4.154 537337 733.033 552912 10.0743 7629.73 1.22381e-013 560552 -23214.1
4.161 529225 727.479 526767 8.8013 6969.05 8.83378e-014 533745 -4519.66
4.168 516670 718.798 501158 7.68298 6360.15 6.36815e-014 507526 9144.72
4.176 455916 675.216 472602 6.57132 5723.15 4.37404e-014 478332 -22415.1
4.183 387865 622.788 448282 5.72643 5213.57 3.14439e-014 453501 -65636.5
4.191 393811 627.544 421295 4.88818 4681.62 2.15288e-014 425981 -32170.3
4.199 499475 706.736 395211 4.16824 4199.26 1.47151e-014 399414 100061
4.206 406663 637.702 373156 3.62269 3814.66 1.05331e-014 376974 29688.8
4.214 371624 609.61 348857 3.08303 3414.48 7.17653e-015 352274 19350
4.222 301070 548.699 325545 2.62099 3052.89 4.88127e-015 328601 -27530.2
4.229 259693 509.601 305971 2.27192 2765.52 3.4791e-015 308738 -49045.5
4.237 237247 487.08 284549 1.92762 2467.49 2.35884e-015 287019 -49771.6
4.245 211974 460.407 264146 1.63377 2199.12 1.59658e-015 266346 -54372
4.253 244316 494.283 244758 1.38326 1957.76 1.07881e-015 246717 -2401.22
4.26 277220 526.517 228622 1.19475 1766.79 7.64493e-016 230390 46830.5
4.268 296029 544.085 211118 1.00956 1569.6 5.14921e-016 212688 83340.5
4.276 284396 533.288 194598 0.852171 1392.86 3.46233e-016 195992 88403.8
4.284 161500 401.871 179045 0.718562 1234.65 2.32411e-016 180280 -18779.7
4.292 136882 369.975 164434 0.605262 1093.19 1.55742e-016 165528 -28646
4.3 145642 381.63 150740 0.509289 966.863 1.04188e-016 151707 -6065.54
4.308 156123 395.124 137934 0.428082 854.18 6.95806e-017 138789 17333.9
4.316 123871 351.953 125987 0.359444 753.79 4.63895e-017 126741 -2870.23
4.324 107013 327.129 114864 0.301494 664.457 3.08754e-017 115529 -8515.52
4.332 73394.9 270.915 104533 0.252619 585.059 2.05147e-017 105118 -31722.9
4.34 107977 328.598 94956.8 0.211445 514.575 1.36075e-017 95471.6 12505.2
4.348 135824 368.543 86101 0.176794 452.079 9.0106e-018 86553.2 49270.4
4.357 124521 352.875 76953.4 0.14437 390.276 5.65544e-018 77343.9 47177
4.365 86105.3 293.437 69506.6 0.120441 342.065 3.73138e-018 69848.8 16256.5
4.373 70188.3 264.931 62665.9 0.100373 299.476 2.45773e-018 62965.5 7222.83
4.381 51296.7 226.488 56395.5 0.0835598 261.897 1.61607e-018 56657.5 -5360.81
4.39 62001 249 49978.9 0.0679015 224.928 1.00633e-018 50203.9 11797.1
4.398 89675.7 299.459 44803.9 0.0564012 196.238 6.59318e-019 45000.2 44675.5
4.406 123497 351.422 40091.5 0.0467992 171.018 4.31231e-019 40262.5 83234.9
4.415 171433 414.045 35302.7 0.0378887 146.303 2.66927e-019 35449.1 135984
4.423 137628 370.982 31467.4 0.031368 127.198 1.73955e-019 31594.6 106033
