183.7263,11
184.25272,17
184.77911,16
185.3055,11
185.83186,14
186.35823,12
186.8846,17
187.41093,17
187.93729,11
188.46361,18
188.98993,10
189.51624,6
190.04253,6
190.56882,10
191.09511,12
191.62137,13
192.14763,16
192.67387,11
193.20012,8
193.72633,17
194.25256,15
194.77876,4
195.30496,7
195.83115,7
196.35732,12
196.88348,13
197.40964,4
197.93578,17
198.4619,6
198.98802,10
199.51413,11
200.04022,14
200.56631,7
201.09239,10
201.61845,9
202.1445,15
202.67055,14
203.19656,5
203.72258,15
204.24858,12
204.77458,15
205.30057,7
205.82652,15
206.35249,9
206.87843,15
207.40436,14
207.93028,12
208.45619,8
208.98209,14
209.50797,13
210.03384,11
210.55969,13
211.08554,7
211.61137,14
212.13719,11
212.66299,8
213.1888,21
213.71457,8
214.24034,12
214.7661,12
215.29184,13
215.81757,17
216.34328,7
216.86897,11
217.39467,13
217.92033,12
218.446,12
218.97163,9
219.49727,14
220.02289,16
220.54849,12
221.07408,12
221.59967,10
222.12523,9
222.65077,12
223.17632,10
223.70183,7
224.22734,15
224.75282,12
225.27831,9
225.80376,14
226.32921,10
226.85464,13
227.38007,9
227.90546,8
228.43085,8
228.95622,12
229.48158,2
230.00693,11
230.53224,8
231.05756,15
231.58286,13
232.10814,14
232.63341,14
233.15865,13
233.68388,8
234.20911,15
234.73431,13
235.25949,10
235.78467,12
236.30981,9
236.83496,15
237.36008,13
237.88519,11
238.41028,10
238.93535,9
239.4604,9
239.98546,10
240.51048,13
241.03549,11
241.56047,6
242.08545,11
242.61041,18
243.13535,6
243.66028,17
244.18518,11
244.71007,11
245.23494,8
245.7598,8
246.28464,11
246.80946,14
247.33426,13
247.85904,14
248.38382,18
248.90857,9
249.4333,16
249.95801,15
250.48271,11
251.00739,17
251.53206,14
252.0567,13
252.58131,11
253.10593,18
253.63052,9
254.15509,14
254.67964,15
255.20418,13
255.72868,14
256.25317,10
256.77768,13
257.30212,16
257.82657,10
258.35098,7
258.8754,13
259.39978,13
259.92413,17
260.44849,9
260.97281,13
261.4971,12
262.02139,12
262.54568,10
263.06992,11
263.59415,16
264.11835,13
264.64255,23
265.16672,15
265.69086,14
266.215,13
266.73911,18
267.26321,12
267.78726,9
268.31131,17
268.83536,17
269.35934,21
269.88336,26
270.40732,22
270.93127,22
271.4552,22
271.9791,27
272.50299,24
273.02686,20
273.55069,29
274.07452,32
274.59833,32
275.1221,34
275.64587,38
276.16962,41
276.69333,51
277.21701,46
277.74069,50
278.26434,61
278.78796,64
279.31158,66
279.83517,75
280.35873,76
280.88229,89
281.40582,83
281.92932,80
282.45279,92
282.97626,88
283.49969,93
284.0231,99
284.54648,106
285.06985,110
285.5932,110
286.11652,114
286.63983,122
287.16312,120
287.68637,130
288.20959,138
288.73282,139
289.25598,147
289.77914,135
290.30231,132
290.82541,144
291.34851,139
291.87158,154
292.39462,147
292.91766,141
293.44064,146
293.96362,149
294.48657,140
295.00952,151
295.53241,147
296.0553,134
296.57816,143
297.10098,145
297.62381,132
298.14661,132
298.66934,147
299.19211,138
299.71481,134
300.23749,132
300.76016,131
301.28281,135
301.80542,128
302.328,138
302.85059,132
303.37311,135
303.89563,135
304.41812,143
304.94058,129
305.46304,132
305.98544,130
306.50784,134
307.03021,133
307.55255,136
308.07486,129
308.59717,130
309.11942,136
309.64166,136
310.16388,135
310.68607,115
311.20822,134
311.73038,132
312.25247,145
312.77457,136
313.29663,132
313.81863,141
314.34067,138
314.86264,138
315.38458,134
315.90652,155
316.42841,140
316.95029,141
317.47214,157
317.99396,158
318.51575,177
319.03751,181
319.55927,177
320.08096,173
320.60266,190
321.1243,203
321.64594,202
322.16754,222
322.68912,233
323.21066,244
323.73221,264
324.25369,268
324.77515,284
325.2966,293
325.81802,306
326.33939,307
326.86075,303
327.38208,311
327.90338,326
328.42465,336
328.94589,323
329.4671,335
329.98828,323
330.50946,333
331.03058,336
331.5517,317
332.07275,324
332.59381,332
333.11481,355
333.6358,350
334.15677,347
334.6777,356
335.19861,341
335.71948,365
336.24033,364
336.76114,385
337.28192,395
337.80267,394
338.32339,401
338.84409,424
339.36475,425
339.88538,417
340.40601,445
340.92657,441
341.44711,461
341.96765,455
342.48813,461
343.00858,464
343.52902,474
344.04941,459
344.56979,477
345.09012,481
345.61041,474
346.13071,491
346.65094,502
347.17117,474
347.69135,487
348.21152,514
348.73163,533
349.25171,534
349.77179,536
350.29181,541
350.8118,553
351.33179,580
351.85172,544
352.37161,583
352.89151,575
353.41135,602
353.93115,612
354.45093,623
354.97067,635
355.49039,643
356.0101,670
356.52975,686
357.04938,712
357.56894,733
358.0885,757
358.60803,761
359.12753,770
359.647,781
360.16641,788
360.68582,800
361.2052,834
361.72452,860
362.2438,877
362.76309,896
363.28232,920
363.80151,931
364.32068,974
364.83981,974
365.35892,1015
365.87799,1030
366.39703,1066
366.91605,1075
367.435,1111
367.95395,1129
368.47284,1166
368.99173,1219
369.51056,1231
370.02936,1281
370.54813,1296
371.06686,1336
371.58557,1394
372.10425,1401
372.62286,1456
373.14148,1468
373.66003,1483
374.17859,1542
374.69708,1595
375.21555,1633
375.73398,1673
376.25235,1660
376.77072,1712
377.28906,1763
377.80734,1773
378.32559,1851
378.84381,1892
379.362,1893
379.88016,1949
380.39828,1996
380.91635,2020
381.43442,2061
381.95242,2106
382.4704,2142
382.98834,2194
383.50626,2234
384.02411,2291
384.54196,2331
385.05975,2386
385.57751,2380
386.09525,2493
386.61295,2544
387.13062,2550
387.64822,2619
388.1658,2660
388.68335,2680
389.20087,2746
389.71835,2853
390.23578,2813
390.7532,2899
391.27057,2931
391.7879,2957
392.30518,3026
392.82245,3088
393.33966,3140
393.85684,3170
394.37399,3215
394.89111,3287
395.4082,3302
395.92523,3327
396.44223,3392
396.9592,3458
397.4761,3429
397.99301,3491
398.50986,3611
399.02667,3623
399.54346,3642
400.06018,3669
400.57687,3720
401.09357,3778
401.61017,3815
402.12677,3839
402.64331,3921
403.15982,3956
403.6763,3971
404.19275,3982
404.70914,4038
405.22549,4115
405.74182,4087
406.25812,4135
406.77435,4246
407.29056,4191
407.80673,4258
408.32285,4246
408.83893,4322
409.35498,4350
409.871,4382
410.38699,4466
410.90292,4442
411.41882,4520
411.93466,4526
412.45047,4579
412.96625,4568
413.48199,4671
413.99771,4679
414.51337,4735
415.02899,4800
415.54456,4812
416.06009,4798
416.57559,4840
417.09106,4838
417.60648,4838
418.12186,4883
418.63721,4902
419.1525,4926
419.66776,4934
420.18298,4971
420.69818,5004
421.21332,4979
421.72842,4995
422.24347,4967
422.75848,5021
423.27347,5038
423.78839,5073
424.30331,4994
424.81815,5022
425.33298,5095
425.84775,5074
426.36249,5054
426.87717,4983
427.39182,4969
427.90643,5002
428.42099,5052
428.93552,5042
429.45001,5048
429.96445,4991
430.47885,5013
430.99323,4996
431.50754,4988
432.02182,5059
432.53604,5023
433.05023,4989
433.56439,4961
434.07849,5034
434.59256,4999
435.1066,4980
435.62057,5041
436.13452,5042
436.64841,5026
437.16226,5025
437.67609,4931
438.18985,5017
438.70358,4935
439.21725,4980
439.7309,4988
440.24451,5022
440.75806,5041
441.27158,5120
441.78503,5010
442.29846,5060
442.81186,5085
443.3252,5102
443.83847,5144
444.35175,5147
444.86493,5191
445.37811,5159
445.89124,5210
446.4043,5221
446.91736,5251
447.43033,5255
447.94327,5238
448.45618,5294
448.96906,5301
449.48184,5265
449.99463,5219
450.50735,5249
451.02002,5236
451.53268,5228
452.04526,5216
452.5578,5164
453.07031,5111
453.58276,5228
454.09518,5155
454.60754,5156
455.11987,5101
455.63217,5070
456.14441,5007
456.65659,4975
457.16873,4973
457.68082,4995
458.19287,4904
458.7049,4869
459.21686,4865
459.72876,4858
460.24063,4757
460.75247,4737
461.26425,4718
461.77597,4700
462.28766,4654
462.79932,4606
463.31091,4557
463.82245,4575
464.33395,4540
464.84543,4481
465.35684,4440
465.86819,4443
466.37952,4346
466.89078,4426
467.40201,4348
467.91321,4396
468.42432,4324
468.93542,4296
469.44644,4229
469.95746,4267
470.46838,4263
470.97928,4233
471.49014,4239
472.00095,4207
472.51169,4248
473.0224,4217
473.53308,4248
474.0437,4294
474.55426,4260
475.06479,4286
475.57526,4315
476.08566,4338
476.59604,4370
477.10638,4393
477.61667,4419
478.12689,4430
478.63708,4473
479.14722,4522
479.65729,4516
480.16733,4581
480.67734,4585
481.18729,4603
481.69717,4693
482.207,4689
482.7168,4704
483.22656,4825
483.73627,4826
484.24591,4856
484.75552,4903
485.26508,4923
485.77457,4934
486.28403,4962
486.79343,5080
487.3028,5069
487.8121,5092
488.32135,5082
488.83057,5077
489.33972,5152
489.84885,5207
490.35791,5192
490.86691,5225
491.37585,5183
491.88477,5207
492.39365,5254
492.90244,5276
493.41122,5251
493.91992,5235
494.42859,5295
494.93719,5312
495.44574,5281
495.95425,5307
496.46271,5319
496.97113,5330
497.47949,5224
497.98779,5289
498.49606,5318
499.00427,5308
499.51242,5276
500.02051,5326
500.52856,5350
501.03656,5326
501.54453,5316
502.05243,5347
502.56027,5340
503.06805,5300
503.57581,5366
504.0835,5352
504.59116,5365
505.09875,5315
505.60629,5362
506.11377,5349
506.62122,5313
507.12857,5361
507.63593,5336
508.14319,5315
508.65042,5380
509.15759,5291
509.66473,5316
510.17178,5318
510.6788,5361
511.18579,5322
511.69269,5299
512.19952,5291
512.70636,5308
513.21313,5264
513.71979,5360
514.22644,5279
514.73309,5296
515.23962,5279
515.74609,5292
516.25256,5257
516.75891,5264
517.26526,5246
517.77155,5278
518.27777,5249
518.78394,5284
519.29004,5304
519.79608,5217
520.30212,5279
520.80804,5239
521.31396,5227
521.81982,5287
522.32562,5264
522.83136,5216
523.33704,5204
523.84265,5176
524.34827,5124
524.85376,5144
525.35925,5109
525.86469,5074
526.37,5041
526.87531,5086
527.38055,5019
527.88574,5030
528.39093,4990
528.896,5022
529.40106,4974
529.90601,4958
530.41095,4991
530.91577,4936
531.42059,4896
531.92535,4877
532.43005,4849
532.93469,4797
533.43927,4818
533.94385,4763
534.4483,4781
534.95276,4777
535.45709,4684
535.96143,4656
536.4657,4635
536.96985,4630
537.474,4652
537.97809,4575
538.48212,4524
538.98608,4523
539.49005,4476
539.9939,4486
540.49768,4470
541.00146,4453
541.50513,4432
542.00879,4374
542.51233,4366
543.01587,4340
543.51935,4266
544.02277,4270
544.52612,4244
545.02942,4248
545.53265,4173
546.03583,4285
546.53894,4391
547.04199,4414
547.54498,4408
548.04797,4440
548.55084,4412
549.05371,4352
549.55646,4225
550.0592,4000
550.56183,3886
551.06445,3802
551.56702,3794
552.06952,3709
552.5719,3732
553.07428,3748
553.5766,3671
554.07886,3670
554.58105,3623
555.08319,3572
555.58527,3605
556.08728,3593
556.58929,3554
557.09119,3537
557.59302,3542
558.09479,3552
558.59656,3533
559.09821,3592
559.59979,3521
560.10138,3533
560.60284,3535
561.10431,3549
561.60565,3523
562.10699,3538
562.60822,3537
563.10944,3554
563.61053,3501
564.11163,3527
564.61267,3477
565.11359,3485
565.6145,3525
566.11536,3472
566.61615,3474
567.11682,3492
567.61749,3443
568.1181,3414
568.61865,3376
569.11908,3345
569.61951,3374
570.11987,3374
570.62018,3324
571.12042,3302
571.62054,3265
572.12067,3238
572.62073,3212
573.12073,3191
573.62067,3172
574.12054,3200
574.6203,3176
575.12006,3117
575.61975,3128
576.11938,3078
576.61896,3054
577.11847,3016
577.61786,2973
578.11725,3012
578.61658,3009
579.11584,2897
579.61499,2930
580.11414,2883
580.61322,2882
581.11224,2838
581.61115,2852
582.11005,2832
582.60889,2786
583.1076,2775
583.60632,2755
584.10498,2733
584.60352,2675
585.10205,2662
585.60046,2632
586.09888,2648
586.59717,2627
587.09546,2808
587.59363,2853
588.09174,2909
588.58984,2908
589.08783,2905
589.58575,2960
590.08368,2958
590.58148,2832
591.07922,2544
591.5769,2409
592.07452,2346
592.57208,2353
593.06958,2339
593.56702,2285
594.06439,2316
594.56171,2307
595.05896,2230
595.55609,2232
596.05322,2211
596.55029,2143
597.04724,2191
597.54419,2120
598.04108,2149
598.53784,2146
599.03455,2085
599.53125,2068
600.02783,2049
600.52435,2005
601.02081,2060
601.51721,2031
602.01355,1982
602.50983,1946
603.00604,1959
603.5022,1929
603.99829,1911
604.49432,1937
604.99023,1860
605.48615,1863
605.98193,1840
606.47772,1853
606.97339,1833
607.46899,1825
607.9646,1801
608.46008,1779
608.95551,1762
609.45087,1720
609.94617,1732
610.44135,1723
610.93652,1682
611.43164,1670
611.92664,1688
612.42163,1646
612.9165,1635
613.41132,1634
613.90607,1620
614.40082,1634
614.89545,1597
615.38995,1572
615.88446,1558
616.37891,1513
616.87329,1526
617.36755,1529
617.86182,1485
618.35596,1494
618.85004,1498
619.34406,1470
619.83801,1499
620.33191,1470
620.82574,1460
621.31952,1420
621.81317,1430
622.30682,1391
622.80035,1373
623.29382,1353
623.78723,1353
624.28058,1338
624.77386,1308
625.26709,1327
625.76025,1322
626.2533,1266
626.74634,1274
627.23926,1269
627.73212,1282
628.22491,1252
628.71765,1218
629.21033,1201
629.70294,1209
630.19543,1191
630.68793,1203
631.1803,1183
631.67261,1171
632.16486,1160
632.65704,1151
633.14917,1151
633.64124,1120
634.13318,1122
634.62512,1087
635.11694,1123
635.6087,1075
636.1004,1070
636.59204,1068
637.08362,1043
637.57507,1070
638.06647,1066
638.55786,1055
639.04913,1023
639.54034,1023
640.03149,1005
640.52252,1004
641.01355,961
641.50446,976
641.9953,954
642.48608,939
642.97681,959
643.46747,908
643.95801,914
644.44855,920
644.93896,928
645.42932,905
645.91962,902
646.40985,892
646.89996,881
647.39008,885
647.88007,875
648.37,899
648.85986,879
649.34967,839
649.83936,830
650.32904,849
650.8186,823
651.30811,811
651.79755,797
652.28687,805
652.77618,786
653.26538,788
653.75452,792
654.24359,775
654.7326,776
655.22156,762
655.71039,769
656.19916,856
656.68787,881
657.17651,867
657.6651,903
658.15356,878
658.64203,883
659.13037,902
659.61865,843
660.10681,740
660.59497,713
661.08301,695
661.57098,684
662.0589,683
662.54675,683
663.03448,678
663.52216,661
664.00977,648
664.49731,672
664.9848,641
665.47217,632
665.95953,634
666.44678,624
666.93396,666
667.42102,656
667.90808,718
668.39502,707
668.8819,738
669.36865,741
669.85541,724
670.34204,743
670.82861,753
671.31512,690
671.80157,589
672.2879,593
672.77423,556
673.26044,577
673.74652,560
674.2326,541
674.71857,550
675.20447,554
675.69031,536
676.17603,538
676.66174,549
677.14734,516
677.63287,529
678.11829,509
678.6037,517
679.08899,521
679.57422,501
680.05939,512
680.54443,522
681.02942,510
681.51434,499
681.99921,496
682.48395,488
682.96869,471
683.45331,474
683.93781,462
684.4223,455
684.90668,458
685.39099,452
685.87524,447
686.35938,446
686.84344,455
687.32745,452
687.8114,422
688.29523,443
688.77899,442
689.2627,425
689.74634,428
690.22986,413
690.71332,404
691.19672,386
691.67999,397
692.16327,389
692.64642,378
693.12946,391
693.61249,393
694.0954,385
694.57825,369
695.06104,388
695.5437,369
696.02631,374
696.50885,370
696.99127,375
697.47369,352
697.95593,338
698.43817,350
698.92029,350
699.4024,342
699.88434,346
700.36627,337
700.84808,331
701.32983,322
701.81152,318
702.29309,319
702.7746,315
703.25604,309
703.73737,312
704.21863,301
704.69983,319
705.18097,312
