9.368503786814158518e-02
1.017021044658046325e+00
1.509806348802336773e+00
1.619718157402721959e+00
1.638728915737000191e+00
9.836392292631425116e-01
1.819819224350494258e+00
2.303683182237243887e+00
1.450519507466045965e+00
3.047461173997234596e+00
1.021115914263538871e+00
1.664953831555253672e+00
1.082221036433333117e+00
1.712397473246021207e+00
1.745020964417620002e+00
1.951379146491648564e+00
2.342064004507955044e+00
3.111454446173711474e+00
3.093471550640205070e+00
1.609508298493029566e+00
2.570414527782821423e+00
1.016133891090758246e+00
2.742834517201944156e+00
2.534219876491832224e+00
3.078019043668591248e+00
2.742758747133619224e+00
2.685207878386104863e+00
2.059402090971110599e+00
2.998110250604165472e+00
3.568299032083717126e+00
4.688724538671513287e+00
4.111456587401245422e+00
3.837808665288357179e+00
1.851587976655904688e+00
3.024165430208762828e+00
3.364287799092071207e+00
1.976592120489403470e+00
2.437221379315966718e+00
2.409240894460757509e+00
2.223116968053877152e+00
2.028319535632693515e+00
1.648672615258208074e+00
1.613284155983630619e+00
1.939863649635329423e+00
1.672757559429619567e+00
1.792772968772839981e+00
1.489308733844681543e+00
1.446690936254964255e+00
1.359582474733983970e+00
1.396512838232974119e+00
1.354467406805992091e+00
1.336048419119687525e+00
1.356262329456244808e+00
1.347794199852234032e+00
1.333953466461720749e+00
1.345793793833624186e+00
1.330380999526459718e+00
1.314271800367000642e+00
1.313289592254486715e+00
1.312996972585474653e+00
1.310365490714962666e+00
1.306557318849425720e+00
1.291889772399009262e+00
1.301165701027600763e+00
1.291031894669538271e+00
1.278690804049700036e+00
1.287241125981869017e+00
1.276006952875470057e+00
1.276763015470625762e+00
1.272223766364943165e+00
1.280174947907284366e+00
1.281264723386134952e+00
1.275806056239626285e+00
1.280344317965987022e+00
1.281323735751699111e+00
1.290724431716692822e+00
1.291456845695494016e+00
1.302822864690987181e+00
1.308776255679710676e+00
1.307898142738589620e+00
1.302222035749670104e+00
1.306364043682505693e+00
1.308244055782634030e+00
1.311187387124160830e+00
1.322951173860481999e+00
1.323285472274372543e+00
1.312147520409535861e+00
1.314572425182247928e+00
1.306907047066414584e+00
1.315262616671092344e+00
1.312721154006000868e+00
1.325992243264548565e+00
1.323897841458894664e+00
1.317130356009556413e+00
1.314443136169676452e+00
1.307619351824072851e+00
1.312982958664331345e+00
1.309359294587845168e+00
1.315262079736698508e+00
1.320375677113851287e+00
1.321793000214313230e+00
1.320070240399563222e+00
1.322410390723134599e+00
1.322296374093641314e+00
1.309115620005430136e+00
1.309847952913441471e+00
1.307764151143567810e+00
1.309050426869076800e+00
1.313206112559700323e+00
1.317923760304769099e+00
1.317957814152644680e+00
1.327984516001534887e+00
1.316471140723512567e+00
1.316343973156076208e+00
1.313698511754278986e+00
1.307401089120445503e+00
1.305128886455985127e+00
1.302076612672377953e+00
1.304330588989188078e+00
1.308494434526143335e+00
1.311787502198829447e+00
1.308224538075031917e+00
1.318157069696565875e+00
1.313925991254923487e+00
1.304725711439598923e+00
1.305473423360079765e+00
1.301800384754942863e+00
1.296981021222520569e+00
1.294926762201887627e+00
1.298526723881245237e+00
1.303691680734000879e+00
1.306925810615140016e+00
1.306240932732048110e+00
1.304224656779349401e+00
1.320289474593588031e+00
1.316713179214346274e+00
1.322998796556563939e+00
1.320961748903200395e+00
1.316782658731793454e+00
1.299247647813845274e+00
1.305528351894471362e+00
1.301321254849663989e+00
1.298416524388531057e+00
1.294642240797101662e+00
1.302608725930145761e+00
1.300559486665633591e+00
1.306218657152830032e+00
1.306821137618546791e+00
1.308903710404031528e+00
1.310253174805647403e+00
1.311436148198553475e+00
1.307523577067214005e+00
1.303847780038625004e+00
1.304082040711360913e+00
1.298850400885823486e+00
1.299109449588305099e+00
1.292677363198946994e+00
1.292820895122314129e+00
1.293473983367635194e+00
1.293198359957226096e+00
1.294731445624145882e+00
1.299270652956540095e+00
1.295188933162548794e+00
1.300400075801051658e+00
1.301419975252694039e+00
1.303104028611248522e+00
1.302793461124198915e+00
1.301505597330614217e+00
1.301555798236278649e+00
1.297172528052440654e+00
1.294394334815824221e+00
1.294794496495734970e+00
1.291866806220716590e+00
1.289112095215677156e+00
1.291744521249408306e+00
1.286606405096888173e+00
1.292982617592653094e+00
1.287366793306672363e+00
1.291923053681602429e+00
1.294808782169917016e+00
1.299045331280962001e+00
1.299223457632481926e+00
1.298074989238658494e+00
1.298467847389446428e+00
1.297574679970917355e+00
1.297313931631326023e+00
1.294155657189631325e+00
1.292973683664081275e+00
1.287771663423982860e+00
1.290418138346785426e+00
1.284326413366155384e+00
1.282341487712447270e+00
1.280865240154225093e+00
1.283219377414122286e+00
1.278082664074674746e+00
1.280494792121245728e+00
1.280140975307283879e+00
1.280624748931377122e+00
1.282411898139168782e+00
1.283451128862187485e+00
1.284527453071670156e+00
1.284470949522778183e+00
1.286948471812542794e+00
1.286295650049984252e+00
1.286602821142867503e+00
1.287605886593560456e+00
1.284742760761806712e+00
1.285393800317114366e+00
1.281545015644466989e+00
1.281077038968616799e+00
1.280422208649305782e+00
1.276992474444498482e+00
1.276271882360128451e+00
1.275734393456860127e+00
1.275622662228717674e+00
1.273449412018909710e+00
1.272177579003379577e+00
1.272479594934788238e+00
1.274605521669415209e+00
1.274947166768114926e+00
1.277643441409934244e+00
1.275150543939354897e+00
1.277490934680828749e+00
1.278305832384762031e+00
1.282581079303689364e+00
1.280353278860116406e+00
1.281575366547079708e+00
1.280644009750775414e+00
1.282021416391612822e+00
1.283378112973925234e+00
1.279978406936402635e+00
1.278656247164913662e+00
1.277914060699807619e+00
1.277404524778022354e+00
1.276918481776708747e+00
1.273284717192874504e+00
1.272859257428503366e+00
1.272300193091053133e+00
1.269517784879109046e+00
1.270115595338442427e+00
1.268009881084091628e+00
1.268864916272326671e+00
1.267146071421540343e+00
1.268562738297926984e+00
1.267025813347884666e+00
1.269159796736818668e+00
1.269786921884773490e+00
1.269714048782659033e+00
1.271868804213747373e+00
1.268999339837412643e+00
1.273185527103767312e+00
1.272413798824125974e+00
1.272109273103221971e+00
1.272556236069520841e+00
1.272780728839614239e+00
1.273603375366518797e+00
1.271678617723965177e+00
1.269144904520391970e+00
1.270155924552558213e+00
1.269909231658549187e+00
1.268063120228278606e+00
1.267704244729985996e+00
1.266603223719558580e+00
1.264070397036630711e+00
1.262769436578790927e+00
1.261747732574951764e+00
1.260012575580596872e+00
1.260083728144138382e+00
1.258730312384420236e+00
1.258098720151581418e+00
1.256620524971949981e+00
1.258248905314939270e+00
1.257085230893995265e+00
1.259036778374306387e+00
1.258749726156711324e+00
1.259710092362890776e+00
1.259409660473187254e+00
1.261258649211461913e+00
1.260396271427667747e+00
1.262960455137803750e+00
1.261866049482275320e+00
1.264302752307138400e+00
1.263431833780823910e+00
1.264109732594618896e+00
1.262960594871709530e+00
1.264756369019797377e+00
1.264398627604933045e+00
1.265341835292460138e+00
1.264439226162007657e+00
1.263607774467446321e+00
1.261905209859466970e+00
1.261485871178921192e+00
1.262797779296019884e+00
1.261572376297783959e+00
1.261405602694564809e+00
1.257428587543701903e+00
1.257342864824009476e+00
1.256944621993150379e+00
1.256471549947761446e+00
1.256267613893070845e+00
1.255652996534116772e+00
1.253119142207614223e+00
1.256323692946040405e+00
1.254128545895834224e+00
1.252915841548254861e+00
1.253580833737603983e+00
1.252673606540073648e+00
1.254356527188232651e+00
1.255579032709593701e+00
1.254803350563648001e+00
1.254432058258301064e+00
1.255817547176771631e+00
1.255796075200335427e+00
1.255836563947906992e+00
1.254945708252010572e+00
1.257572679049197006e+00
1.258708593429767264e+00
1.257951058564802826e+00
1.257198415891211063e+00
1.258782010752774516e+00
1.258483241569331446e+00
1.259433218145910027e+00
1.260410917177896106e+00
1.258538116612826441e+00
1.259785651560531905e+00
1.258932533067930182e+00
1.258005012206844020e+00
1.257729129711590232e+00
1.255307795009934058e+00
1.256425436605592916e+00
1.255946766795097647e+00
1.256253054542434633e+00
1.254686250021864735e+00
1.252292099326463237e+00
1.252453307013875472e+00
1.250976649087584214e+00
1.250202490204042505e+00
1.249317569042570408e+00
1.247405696117182439e+00
1.249132210616769045e+00
1.248239260256015726e+00
1.246967725201282517e+00
1.247782476100901983e+00
1.245990791902793271e+00
1.246474022649242563e+00
1.245192905360771318e+00
1.245675042799878174e+00
1.245080951598765751e+00
1.247414133099172817e+00
1.246958772342414923e+00
1.246138382209561080e+00
1.247147014970923395e+00
1.246668957427404800e+00
1.249381185470521904e+00
1.248220567808760340e+00
1.247348119776986453e+00
1.248688107388905122e+00
1.248315124754269201e+00
1.247787420855127394e+00
1.249793480300817272e+00
1.250306058935879649e+00
1.250029219411427528e+00
1.249113529900112596e+00
1.250726288414370835e+00
1.249395593594833320e+00
1.249701895265828977e+00
1.250758796007756857e+00
1.249893175719960281e+00
1.249408646913482634e+00
1.247688329221990244e+00
1.248411582895711858e+00
1.247791291952760506e+00
1.248656082159211200e+00
1.243327180448839053e+00
1.245153335604866074e+00
1.244101434402862472e+00
1.244678113411573861e+00
1.243545458953499550e+00
1.242516338956316080e+00
1.240993928990144157e+00
1.242051453764624114e+00
1.241461767711925512e+00
1.241478517628465061e+00
1.239761381001075247e+00
1.239600686440576860e+00
1.240349274448299566e+00
1.237679471952519483e+00
1.235930572555737017e+00
1.236570167117239549e+00
1.235247840639889683e+00
1.236173858218411414e+00
1.234499099697642821e+00
1.236937633008432957e+00
1.235785488561584655e+00
1.235721737098612438e+00
1.235071003430547210e+00
1.235754883429890372e+00
1.237111359289434498e+00
1.236034230967643310e+00
1.236149376110906806e+00
1.236139221264259680e+00
1.235813137858457589e+00
1.237011086057697051e+00
1.237568321833899976e+00
1.237864684401616122e+00
1.239628434219333997e+00
1.238462599798331842e+00
1.238696450013800243e+00
1.240166033042390259e+00
1.239398740251618447e+00
1.239317393970829073e+00
1.239778926107261592e+00
1.239873218891090145e+00
1.239781275959647155e+00
1.240573427092919401e+00
1.240936770232488939e+00
1.240125208354141639e+00
1.240140816995709550e+00
1.240696476125065839e+00
1.239740317816961923e+00
1.240040261221573514e+00
1.239298448658487484e+00
1.238858358105751067e+00
1.239201482749084038e+00
1.239680015785333600e+00
1.238158029123316295e+00
1.237362120454112313e+00
1.236729133983564211e+00
1.238784863498139099e+00
1.237598772961003624e+00
1.236093419954871875e+00
1.235272695168166512e+00
1.235295576125752248e+00
1.236380378847148798e+00
1.234733053306763084e+00
1.233257985038880511e+00
1.234078754641227293e+00
1.231593483653922405e+00
1.231660183672679043e+00
1.231121069061865025e+00
1.231513986258889082e+00
1.231147145288397970e+00
1.230165266463887352e+00
1.231904546795336897e+00
1.230614060094832318e+00
1.230015111083490709e+00
1.230482850238122872e+00
1.228907396167648658e+00
1.229489409823105950e+00
1.228965684342443243e+00
1.229987661449549075e+00
1.229232299468451473e+00
1.230855591337580046e+00
1.229485099390979608e+00
1.229251851070925827e+00
1.229134438930311601e+00
1.229394448067914425e+00
1.228522857075307062e+00
1.229690990050322785e+00
1.229867881182552303e+00
1.229882002928351259e+00
1.231280329239585081e+00
1.231514211899277011e+00
1.230919951371475696e+00
1.230694639865165252e+00
1.230582941669642993e+00
1.232199387392981071e+00
1.233692758417043178e+00
1.231786310635034853e+00
1.232590204170194825e+00
1.232599702687900312e+00
1.231327410620883578e+00
1.231966824535390970e+00
1.230770483599079368e+00
1.231171159914147273e+00
1.233029293395275561e+00
1.233590128607268355e+00
1.231735904278975946e+00
1.231739106481062551e+00
1.232512987388853842e+00
1.234697358368115117e+00
1.233075547209244283e+00
1.232934771216944503e+00
1.231705515601650092e+00
1.232240037274217714e+00
1.230338152091990489e+00
1.231872685783496069e+00
1.232762923842823932e+00
1.229473526254431848e+00
1.230710509191379920e+00
1.228718698061141978e+00
1.232131533924961220e+00
1.231373927554986425e+00
1.230569888443551418e+00
1.226789752555662583e+00
1.231055320888162052e+00
1.230747868200906536e+00
1.230153729427805542e+00
1.226849516672879004e+00
1.226450409935959662e+00
1.226904834484780604e+00
1.222764778254401330e+00
1.228199331433240893e+00
1.225718887283853142e+00
1.223352316603649514e+00
1.225868005591071785e+00
1.221335120568653343e+00
1.221877215554348917e+00
1.221029398378043584e+00
1.222068132647055272e+00
1.219920065000763110e+00
1.223124722272531884e+00
1.219549217918790784e+00
1.222681129714820791e+00
1.223065859280552115e+00
1.222428304354148620e+00
1.223213492621464615e+00
1.220232055554534067e+00
1.220577831989607454e+00
1.222473240205517397e+00
1.223443898363986371e+00
1.222164160585177184e+00
1.219169022869199370e+00
1.218181410890327498e+00
1.218353403765753740e+00
1.220412118155974168e+00
1.221711601040232908e+00
1.222687291368760532e+00
1.219291690142053630e+00
1.216987115116670015e+00
1.220298994361633804e+00
1.219455198589538547e+00
1.222914248086724331e+00
1.218862856727753963e+00
1.218193071804067218e+00
1.217863800249387118e+00
1.222228994565394578e+00
1.221832158721376516e+00
1.219933278148780609e+00
1.223731630170941109e+00
1.217728807272518754e+00
1.225774866018702669e+00
1.219269466546153424e+00
1.220816313029166711e+00
1.218810690586568768e+00
1.222097419452072176e+00
1.222358969640413573e+00
1.222839331631457194e+00
1.218939619595149626e+00
1.223219218627486837e+00
1.220366375894290201e+00
1.222509975468832666e+00
1.219101408301181744e+00
1.222355255400757068e+00
1.219844011365139869e+00
1.216476837305742853e+00
1.222530767028368048e+00
1.218556949516521160e+00
1.219289809145588377e+00
1.219946232779939077e+00
1.221888421175338690e+00
1.221359591845141868e+00
1.219473394949449840e+00
1.218200282215829100e+00
1.220028580191679923e+00
1.218274124615426501e+00
1.224153029873284781e+00
1.225502633812853182e+00
1.223023268931685337e+00
1.221257116427715728e+00
1.221722656063828127e+00
1.217858747645100159e+00
1.221701143008170121e+00
1.216750684269170657e+00
1.214980031226883694e+00
1.219110587842255233e+00
1.216281273541354402e+00
1.216883412609492288e+00
1.217570272490512862e+00
1.210184744702949233e+00
1.215013612695763134e+00
1.214143596704789330e+00
1.215867419947347594e+00
1.214955287133442141e+00
1.209287043610814516e+00
1.217244303486572310e+00
1.218683217874476865e+00
1.213384783535439659e+00
1.213355131180191560e+00
1.208913277735710112e+00
1.212883860033987959e+00
1.218203055376280153e+00
1.209986182315212044e+00
1.202206796269482902e+00
1.216547069209561016e+00
1.216350209950565198e+00
1.213651750228105453e+00
1.207779057896407160e+00
1.213600624254723259e+00
1.208573158407692194e+00
1.207714209006675476e+00
1.208517313684409622e+00
1.209477797563767831e+00
1.211547958883230969e+00
1.204550608732061212e+00
1.206167128562484647e+00
1.208180562349074894e+00
1.209473926688459544e+00
1.209705813952947517e+00
1.210674096303307801e+00
1.207474931218978531e+00
