1.772 656966 810.535 1.16249e-008 25331.1 2.80098 25333.9 631632
1.773 659633 812.178 1.20695e-008 25517.3 2.85847 25520.2 634113
1.774 661546 813.355 1.25307e-008 25704.7 2.9171 25707.6 635839
1.775 662285 813.809 1.30093e-008 25893.1 2.97689 25896.1 636389
1.777 661913 813.58 1.40212e-008 26273.3 3.10004 26276.4 635636
1.778 660867 812.937 1.45559e-008 26465.1 3.16345 26468.3 634399
1.779 659666 812.198 1.51106e-008 26658 3.22811 26661.2 633005
1.78 658638 811.565 1.56862e-008 26852 3.29405 26855.3 631783
1.781 657837 811.071 1.62833e-008 27047.2 3.36128 27050.5 630786
1.783 657176 810.664 1.75456e-008 27440.8 3.49975 27444.3 629732
1.784 656638 810.332 1.82124e-008 27639.4 3.57103 27643 628996
1.785 656329 810.141 1.89042e-008 27839.1 3.64372 27842.7 628486
1.786 651317 807.042 1.96219e-008 28039.9 3.71783 28043.6 623273
1.788 610504 781.348 2.11386e-008 28445 3.87045 28448.9 582055
1.789 503688 709.71 2.19398e-008 28649.3 3.94901 28653.3 475035
1.79 487288 698.06 2.27708e-008 28854.8 4.02911 28858.8 458429
1.791 540458 735.159 2.36328e-008 29061.4 4.11077 29065.6 511393
1.793 575642 758.711 2.54545e-008 29478.2 4.27892 29482.5 546159
1.794 619164 786.87 2.64165e-008 29688.4 4.36547 29692.7 589471
1.795 689335 830.262 2.74143e-008 29899.7 4.4537 29904.2 659431
1.796 701065 837.296 2.84492e-008 30112.2 4.54366 30116.8 670948
1.798 636751 797.967 3.06359e-008 30540.9 4.72886 30545.6 606205
1.799 537820 733.362 3.17905e-008 30757 4.82417 30761.8 507058
1.8 535565 731.823 3.29879e-008 30974.3 4.92133 30979.2 504586
1.801 628952 793.065 3.42298e-008 31192.8 5.02038 31197.8 597754
1.803 664538 815.192 3.68532e-008 31633.5 5.22429 31638.7 632899
1.804 599015 773.96 3.82382e-008 31855.6 5.32921 31860.9 567154
1.805 544926 738.191 3.96745e-008 32079 5.43617 32084.4 512842
1.807 534568 731.142 4.27082e-008 32529.4 5.65633 32535.1 502033
1.808 551123 742.376 4.43097e-008 32756.5 5.76961 32762.3 518360
1.809 545884 738.84 4.59702e-008 32984.8 5.88507 32990.7 512893
1.81 571535 755.999 4.7692e-008 33214.3 6.00277 33220.3 538314
1.812 581755 762.729 5.13284e-008 33677.2 6.245 33683.4 548071
1.813 550518 741.969 5.32477e-008 33910.4 6.36963 33916.8 516602
1.814 560017 748.343 5.52376e-008 34145 6.49665 34151.5 525866
1.816 588405 767.075 5.94396e-008 34617.9 6.75806 34624.6 553780
1.817 593949 770.681 6.16571e-008 34856.2 6.89254 34863.1 559086
1.818 528701 727.118 6.3956e-008 35095.8 7.0296 35102.8 493598
1.819 506670 711.807 6.63393e-008 35336.7 7.16928 35343.8 471326
1.821 553949 744.278 7.13713e-008 35822.3 7.45672 35829.7 518120
1.822 575161 758.394 7.40264e-008 36067 7.60457 36074.6 539086
1.823 542721 736.696 7.67787e-008 36313 7.75525 36320.7 506400
1.825 517834 719.607 8.25891e-008 36808.9 8.06528 36817 481017
1.826 578450 760.559 8.56546e-008 37058.8 8.22474 37067 541383
1.827 700918 837.208 8.8832e-008 37310 8.38724 37318.4 663599
1.829 644506 802.811 9.55389e-008 37816.3 8.72157 37825 606680
1.83 500575 707.513 9.90769e-008 38071.4 8.89351 38080.3 462495
1.831 534402 731.028 1.02744e-007 38327.9 9.06871 38336.9 496065
1.832 490560 700.4 1.06544e-007 38585.6 9.24724 38594.9 451965
1.834 468853 684.729 1.14565e-007 39105.1 9.61451 39114.8 429738
1.835 506978 712.024 1.18796e-007 39366.9 9.80337 39376.7 467601
1.836 530486 728.345 1.2318e-007 39630 9.9958 39640 490846
1.838 490700 700.5 1.32432e-007 40160.1 10.3916 40170.5 450529
1.839 542139 736.301 1.37311e-007 40427.2 10.5952 40437.8 501701
1.84 554290 744.506 1.42367e-007 40695.7 10.8025 40706.5 513583
1.842 497577 705.392 1.53034e-007 41236.6 11.2291 41247.9 456330
1.843 453953 673.761 1.5866e-007 41509.1 11.4484 41520.6 412433
1.844 466137 682.742 1.64488e-007 41783 11.6718 41794.7 424342
1.846 564018 751.011 1.76785e-007 42334.8 12.1313 42347 521671
1.847 601692 775.688 1.83268e-007 42612.8 12.3675 42625.2 559067
1.848 539862 734.753 1.89985e-007 42892.1 12.6082 42904.8 496957
1.85 507009 712.046 2.04154e-007 43454.9 13.1031 43468.1 463541
1.851 531219 728.848 2.11624e-007 43738.4 13.3575 43751.8 487467
1.852 439503 662.95 2.19363e-007 44023.3 13.6167 44036.9 395466
1.854 467738 683.914 2.35684e-007 44597.2 14.1496 44611.3 423127
1.855 479623 692.548 2.44288e-007 44886.2 14.4235 44900.6 434722
1.856 481645 694.006 2.532e-007 45176.6 14.7025 45191.3 436453
1.858 502024 708.537 2.71995e-007 45761.7 15.2762 45776.9 456247
1.859 487049 697.889 2.81901e-007 46056.3 15.5711 46071.9 440977
1.861 494938 703.519 3.0279e-007 46649.8 16.1774 46666 448273
1.862 492254 701.608 3.13798e-007 46948.6 16.4889 46965.1 445289
1.863 472332 687.264 3.252e-007 47248.9 16.8063 47265.7 425066
1.865 451566 671.987 3.4924e-007 47853.7 17.4587 47871.2 403695
1.866 469032 684.859 3.61908e-007 48158.3 17.7939 48176.1 420856
1.867 446039 667.861 3.75027e-007 48464.3 18.1354 48482.4 397557
1.869 486974 697.835 4.02685e-007 49080.5 18.8372 49099.3 437875
1.87 459872 678.139 4.17257e-007 49390.7 19.1979 49409.9 410462
1.871 446611 668.289 4.32348e-007 49702.4 19.5652 49722 396889
1.873 510274 714.335 4.64157e-007 50330.2 20.3202 50350.5 459924
1.874 387645 622.611 4.80915e-007 50646.2 20.7081 50666.9 336978
1.876 350407 591.952 5.16235e-007 51282.6 21.5053 51304.1 299103
1.877 339583 582.738 5.34839e-007 51603 21.9149 51624.9 287958
1.878 345536 587.823 5.54103e-007 51924.8 22.332 51947.1 293588
1.88 342464 585.204 5.94701e-007 52572.8 23.1892 52596 289868
1.881 356499 597.075 6.16084e-007 52899 23.6296 52922.6 303576
1.883 378636 615.334 6.61142e-007 53555.8 24.5345 53580.3 325056
1.884 430536 656.152 6.84871e-007 53886.4 24.9994 53911.4 376624
1.885 442612 665.291 7.09438e-007 54218.4 25.4727 54243.9 388368
1.887 483692 695.479 7.612e-007 54887 26.4453 54913.4 428778
1.888 549236 741.104 7.88456e-007 55223.4 26.9449 55250.4 493985
1.89 375064 612.425 8.4588e-007 55900.8 27.9713 55928.8 319135
1.891 382257 618.269 8.76115e-007 56241.7 28.4985 56270.2 325986
1.892 377444 614.365 9.07412e-007 56584.1 29.0352 56613.2 320831
1.894 390447 624.858 9.7334e-007 57273.4 30.138 57303.5 333143
1.895 424941 651.875 1.00805e-006 57620.2 30.7043 57650.9 367290
1.897 433571 658.461 1.08116e-006 58318.4 31.8678 58350.2 375221
1.898 332741 576.837 1.11964e-006 58669.7 32.4652 58702.2 274038
1.899 337941 581.327 1.15947e-006 59022.5 33.0734 59055.6 278886
1.901 339568 582.724 1.24336e-006 59732.6 34.3228 59766.9 279801
1.902 316588 562.662 1.28751e-006 60089.9 34.9644 60124.9 256463
1.904 316400 562.494 1.3805e-006 60809 36.2822 60845.3 255555
1.905 315869 562.023 1.42943e-006 61170.8 36.9588 61207.8 254662
1.907 322122 567.558 1.53248e-006 61898.9 38.3486 61937.3 260185
1.908 339635 582.782 1.5867e-006 62265.3 39.0621 62304.3 277331
1.91 338264 581.605 1.70088e-006 63002.4 40.5276 63042.9 275221
1.911 310593 557.308 1.76095e-006 63373.3 41.28 63414.5 247178
1.912 312390 558.918 1.82312e-006 63745.6 42.0457 63787.6 248602
1.914 294741 542.901 1.95398e-006 64494.8 43.6182 64538.5 230203
1.915 294396 542.583 2.02283e-006 64871.7 44.4255 64916.1 229480
1.917 302884 550.349 2.16777e-006 65630 46.0832 65676.1 237207
1.918 318381 564.253 2.24402e-006 66011.5 46.9341 66058.4 252323
1.92 337717 581.134 2.40451e-006 66778.9 48.6813 66827.5 270889
1.921 318846 564.665 2.48894e-006 67164.8 49.5781 67214.4 251632
1.923 307526 554.55 2.66662e-006 67941.4 51.4194 67992.8 239533
1.924 275524 524.904 2.76007e-006 68331.9 52.3645 68384.3 207140
1.925 254418 504.398 2.85675e-006 68723.9 53.3262 68777.3 185640
1.927 258849 508.772 3.06019e-006 69512.6 55.3006 69567.9 189281
1.928 279394 528.577 3.16718e-006 69909.2 56.3139 69965.5 209428
1.93 300367 548.057 3.39231e-006 70707 58.394 70765.4 229602
1.931 284770 533.638 3.5107e-006 71108.2 59.4614 71167.6 213602
1.933 265304 515.077 3.75979e-006 71915.1 61.6527 71976.8 193328
1.934 276063 525.417 3.89077e-006 72320.8 62.7771 72383.6 203679
1.936 308810 555.707 4.16632e-006 73136.9 65.085 73202 235608
1.937 250221 500.221 4.31119e-006 73547.2 66.2693 73613.5 176608
1.939 256424 506.383 4.61595e-006 74372.4 68.6999 74441.1 181983
1.94 242258 492.197 4.77617e-006 74787.2 69.947 74857.2 167401
1.942 223018 472.247 5.11317e-006 75621.5 72.5064 75694 147324
1.943 229089 478.633 5.29033e-006 76041 73.8195 76114.8 152975
1.945 214123 462.734 5.66291e-006 76884.4 76.5142 76960.9 137162
1.946 198231 445.231 5.85875e-006 77308.4 77.8966 77386.3 120844
1.948 224420 473.73 6.27061e-006 78160.9 80.7335 78241.6 146178
1.949 245342 495.32 6.48707e-006 78589.4 82.1887 78671.6 166670
1.951 253147 503.137 6.94224e-006 79451 85.1747 79536.2 173611
1.952 267111 516.827 7.18145e-006 79884.1 86.7063 79970.8 187140
1.954 261721 511.586 7.68441e-006 80754.8 89.849 80844.7 180876
1.955 258670 508.596 7.9487e-006 81192.4 91.4608 81283.9 177386
1.957 225144 474.493 8.50435e-006 82072.2 94.7679 82166.9 142977
1.958 217878 466.774 8.79631e-006 82514.3 96.4639 82610.8 135267
1.96 249589 499.589 9.41006e-006 83403.1 99.9435 83503.1 166086
1.961 212435 460.906 9.73251e-006 83849.8 101.728 83951.5 128483
1.963 236714 486.532 1.04103e-005 84747.6 105.389 84853 151861
1.964 250026 500.026 1.07664e-005 85198.7 107.266 85306 164719
1.966 241397 491.321 1.15148e-005 86105.5 111.116 86216.7 155180
1.968 214133 462.745 1.23142e-005 87018.3 115.099 87133.4 127000
1.969 190779 436.782 1.27341e-005 87477 117.141 87594.1 103185
1.971 209108 457.283 1.36165e-005 88398.7 121.329 88520 120588
1.972 178567 422.572 1.40799e-005 88861.8 123.476 88985.2 89581.6
1.974 177173 420.919 1.50537e-005 89792.4 127.881 89920.3 87252.5
1.975 188764 434.469 1.55651e-005 90259.9 130.138 90390.1 98373.6
1.977 204507 452.224 1.66396e-005 91199.4 134.769 91334.2 113173
1.978 210873 459.21 1.72039e-005 91671.4 137.143 91808.5 119065
1.98 213392 461.943 1.83892e-005 92619.7 142.01 92761.7 120630
1.981 190257 436.185 1.90116e-005 93096.1 144.505 93240.6 97016.9
1.983 184172 429.153 2.03191e-005 94053.2 149.622 94202.8 89969.3
1.985 184455 429.482 2.17147e-005 95016.1 154.911 95171 89284.2
1.986 180661 425.042 2.24473e-005 95499.7 157.622 95657.3 85003.2
1.988 179238 423.365 2.39862e-005 96471.3 163.18 96634.5 82603.4
1.989 191046 437.088 2.4794e-005 96959.3 166.029 97125.4 93920.8
1.991 166269 407.761 2.64904e-005 97939.6 171.869 98111.5 68157.8
1.992 164713 405.849 2.73809e-005 98431.9 174.862 98606.8 66106.4
1.994 204842 452.595 2.92508e-005 99420.8 180.998 99601.8 105241
1.996 239309 489.192 3.12458e-005 100415 187.339 100603 138706
1.997 190925 436.95 3.22928e-005 100915 190.588 101105 89820
1.999 194523 441.048 3.44911e-005 101918 197.249 102115 92408.4
2 192909 439.214 3.56447e-005 102421 200.661 102622 90286.8
2.002 176875 420.565 3.80665e-005 103433 207.656 103641 73234.5
2.004 166615 408.185 4.06496e-005 104450 214.883 104665 61950.5
2.005 160079 400.099 4.20048e-005 104961 218.586 105179 54900.1
2.007 161993 402.483 4.48497e-005 105986 226.174 106212 55780.7
2.008 163209 403.992 4.63421e-005 106501 230.061 106731 56478.5
2.01 166772 408.377 4.94746e-005 107534 238.028 107772 58999.5
2.012 181143 425.609 5.28146e-005 108573 246.257 108820 72323.2
2.013 180378 424.709 5.45665e-005 109095 250.472 109345 71032.5
2.015 195119 441.722 5.82431e-005 110142 259.109 110401 84717.5
2.017 167696 409.507 6.21623e-005 111195 268.03 111463 56233.2
2.018 159492 399.364 6.42178e-005 111723 272.599 111995 47496.5
2.02 161125 401.404 6.85307e-005 112783 281.96 113065 48059.9
2.021 154543 393.119 7.07924e-005 113315 286.754 113602 40940.6
2.023 155617 394.483 7.55376e-005 114384 296.576 114680 40936.4
2.025 149471 386.615 8.05944e-005 115457 306.718 115764 33707.4
2.026 159920 399.9 8.32457e-005 115996 311.912 116308 43612
2.028 165845 407.241 8.88076e-005 117077 322.551 117400 48445.4
2.03 161171 401.462 9.47333e-005 118164 333.534 118497 42674.3
2.031 156933 396.147 9.78398e-005 118709 339.158 119048 37884.8
2.033 155607 394.471 0.000104355 119803 350.678 120153 35453.8
2.035 136545 369.52 0.000111296 120901 362.569 121264 15281.4
2.036 130176 360.8 0.000114934 121453 368.657 121821 8354.91
2.038 139064 372.913 0.000122563 122559 381.125 122940 16124.1
2.039 156749 395.915 0.000126561 123114 387.509 123501 33247.3
2.041 170430 412.832 0.000134946 124227 400.581 124628 45802.4
2.043 161819 402.267 0.000143874 125346 414.072 125760 36058.8
2.044 154539 393.115 0.000148553 125907 420.978 126328 28211.5
2.046 151231 388.884 0.000158361 127032 435.119 127467 23763.6
2.048 159079 398.847 0.000168804 128162 449.71 128612 30467.6
2.05 180936 425.366 0.000179921 129297 464.764 129761 51175
2.051 177581 421.404 0.000185745 129866 472.469 130338 47243.2
2.053 192228 438.438 0.000197954 131007 488.245 131495 60732.7
2.055 202356 449.84 0.000210947 132153 504.518 132657 69698.5
2.056 195344 441.978 0.000217754 132727 512.847 133240 62104.1
2.058 173978 417.107 0.000232018 133880 529.897 134410 39568.8
2.06 152997 391.149 0.000247197 135036 547.483 135584 17413.3
2.061 162518 403.135 0.000255148 135616 556.482 136173 26344.9
2.063 166106 407.562 0.000271807 136779 574.902 137354 28752.2
2.065 160211 400.264 0.00028953 137947 593.899 138540 21670.4
2.066 155971 394.931 0.000298811 138532 603.619 139135 16835.5
2.068 156713 395.869 0.000318256 139705 623.512 140329 16384
2.07 155541 394.386 0.000338938 140882 644.026 141526 14014.3
2.072 162027 402.526 0.000360936 142064 665.177 142729 19298.7
2.073 166782 408.389 0.000372453 142656 675.998 143332 23450.1
2.075 159620 399.525 0.000396577 143843 698.14 144541 15079.2
2.077 152286 390.238 0.000422229 145033 720.968 145754 6531.66
2.079 166024 407.46 0.000449503 146228 744.501 146972 19051.5
2.08 158475 398.09 0.00046378 146826 756.538 147583 10892.6
2.082 161419 401.77 0.000493679 148026 781.167 148807 12612
2.084 176550 420.178 0.000525462 149229 806.552 150036 26513.7
2.085 190654 436.639 0.000542096 149832 819.536 150652 40002.2
2.087 170206 412.561 0.000576926 151041 846.097 151887 18319.6
2.089 168146 410.056 0.000613943 152252 873.471 153126 15020.3
2.091 159851 399.814 0.000653282 153467 901.68 154369 5481.89
2.092 167678 409.485 0.000673866 154076 916.105 154992 12685.9
2.094 178723 422.756 0.000716958 155296 945.612 156241 22481.5
2.096 178767 422.809 0.000762742 156518 976.014 157494 21272.8
2.098 164140 405.142 0.000811384 157744 1007.34 158751 5388.94
2.1 164429 405.498 0.000863058 158973 1039.61 160012 4416.21
2.101 159580 399.475 0.000890089 159588 1056.11 160644 -1064.23
2.103 175018 418.351 0.00094666 160821 1089.85 161911 13107.1
2.105 185851 431.105 0.00100674 162056 1124.61 163181 22670.3
2.107 164644 405.763 0.00107055 163294 1160.41 164455 188.8
2.108 162399 402.987 0.00110393 163914 1178.71 165093 -2694.15
2.11 165796 407.18 0.00117375 165156 1216.14 166372 -576.264
2.112 198150 445.14 0.00124789 166400 1254.68 167655 30495
2.114 233994 483.729 0.00132661 167647 1294.37 168941 65053.1
2.116 211802 460.219 0.00141017 168895 1335.24 170231 41571.4
2.117 167804 409.639 0.00145387 169520 1356.13 170877 -3072.57
2.119 154650 393.256 0.00154526 170772 1398.83 172171 -17520.7
2.121 151973 389.837 0.00164227 172026 1442.8 173469 -21496.1
2.123 172990 415.921 0.00174522 173282 1488.07 174770 -1779.39
2.125 204699 452.437 0.00185447 174539 1534.67 176074 28625.2
2.126 205688 453.528 0.00191158 175168 1558.49 176727 28960.7
2.128 191371 437.46 0.002031 176428 1607.16 178036 13335.4
2.13 180613 424.986 0.00215771 177690 1657.26 179347 1265.58
2.132 153790 392.16 0.00229213 178953 1708.83 180662 -26872
2.134 140566 374.921 0.00243473 180217 1761.9 181979 -41413.6
2.136 154037 392.475 0.00258599 181483 1816.52 183300 -29262.7
2.137 163368 404.188 0.00266503 182116 1844.43 183961 -20592.8
2.139 195471 442.121 0.00283025 183384 1901.45 185285 10185.6
2.141 215111 463.8 0.00300547 184652 1960.12 186612 28498.7
2.143 211477 459.866 0.00319128 185921 2020.5 187942 23534.8
2.145 191510 437.618 0.0033883 187191 2082.61 189274 2235.89
2.147 174822 418.118 0.00359719 188462 2146.52 190609 -15786.5
2.149 174892 418.201 0.00381864 189734 2212.26 191946 -17054.1
2.15 189958 435.842 0.00393431 190370 2245.84 192616 -2657.65
2.152 210732 459.056 0.00417601 191642 2314.43 193956 16776
2.154 206474 454.394 0.0044322 192914 2384.98 195299 11174.9
2.156 190423 436.374 0.00470372 194187 2457.55 196645 -6222.17
2.158 182540 427.247 0.00499146 195460 2532.18 197992 -15452.6
2.16 188895 434.621 0.00529638 196733 2608.94 199342 -10446.9
2.162 194849 441.417 0.00561947 198006 2687.87 200694 -5845.41
2.163 205275 453.072 0.00578815 198642 2728.17 201371 3903.94
2.165 218936 467.906 0.00614048 199915 2810.48 202726 16210.2
2.167 205393 453.203 0.00651373 201187 2895.1 204082 1310.92
2.169 200918 448.239 0.0069091 202459 2982.11 205441 -4523.26
2.171 199929 447.134 0.00732788 203730 3071.56 206802 -6873.23
2.173 212476 460.951 0.0077714 205001 3163.52 208165 4311.12
2.175 218203 467.122 0.00824109 206271 3258.05 209529 8674.17
2.177 195385 442.023 0.00873847 207540 3355.22 210895 -15510.2
2.179 196657 443.461 0.0092651 208808 3455.09 212263 -15605.3
2.181 200738 448.038 0.00982267 210074 3557.74 213632 -12894.1
2.183 213642 462.214 0.0104129 211340 3663.23 215003 -1361.41
2.184 219426 468.429 0.0107209 211972 3717.07 215689 3737.01
2.186 207409 455.422 0.0113638 213236 3826.97 217063 -9653.17
2.188 208554 456.677 0.0120442 214497 3939.89 218437 -9883.47
2.19 198921 446.006 0.0127644 215758 4055.93 219814 -20892.7
2.192 198420 445.444 0.0135264 217016 4175.14 221191 -22771.5
2.194 202931 450.479 0.0143329 218273 4297.63 222571 -19639.6
2.196 225592 474.965 0.0151861 219528 4423.45 223951 1640.61
2.198 231648 481.298 0.0160889 220780 4552.71 225333 6315.02
2.2 210167 458.439 0.0170439 222030 4685.49 226716 -16549.4
2.202 211109 459.466 0.0180541 223278 4821.87 228100 -16991.3
2.204 219223 468.213 0.0191227 224524 4961.94 229486 -10262.5
2.206 221445 470.579 0.0202528 225767 5105.79 230873 -9427.79
2.208 237918 487.768 0.021448 227007 5253.53 232261 5657.4
2.21 273079 522.57 0.0227119 228244 5405.24 233650 39429.5
2.212 254732 504.71 0.0240483 229479 5561.01 235040 19692.3
2.214 240016 489.914 0.0254612 230710 5720.96 236431 3584.75
2.216 231828 481.486 0.026955 231938 5885.18 237824 -5995.17
2.218 217005 465.838 0.028534 233163 6053.78 239217 -22212.3
2.22 222672 471.881 0.0302032 234385 6226.86 240612 -17940.1
2.222 251941 501.937 0.0319673 235603 6404.53 242007 9933.98
2.224 245371 495.35 0.0338317 236817 6586.9 243404 1967.36
2.226 241583 491.511 0.035802 238027 6774.09 244802 -3218.85
2.228 235013 484.781 0.0378839 239234 6966.22 246200 -11187.3
2.23 223926 473.208 0.0400836 240436 7163.39 247600 -23673.9
2.232 240610 490.52 0.0424075 241635 7365.73 249001 -8390.29
2.234 239504 489.391 0.0448626 242829 7573.36 250402 -10898.3
2.236 229255 478.805 0.0474559 244018 7786.41 251805 -22550.3
2.238 227423 476.889 0.050195 245204 8005.01 253209 -25785.2
2.24 227116 476.567 0.0530879 246384 8229.29 254613 -27497.4
2.242 232073 481.74 0.0561429 247560 8459.38 256019 -23945.8
2.244 243680 493.639 0.0593689 248731 8695.42 257426 -13746.5
2.246 246833 496.823 0.0627752 249896 8937.55 258834 -12001
2.248 233429 483.145 0.0663714 251057 9185.9 260243 -26813.9
2.25 220972 470.076 0.070168 252213 9440.63 261653 -40681.7
2.252 223854 473.132 0.0741757 253363 9701.89 263065 -39211
2.254 241988 491.923 0.0784059 254507 9969.82 264477 -22488.8
2.256 247170 497.162 0.0828706 255646 10244.6 265891 -18721
2.258 244114 494.079 0.0875824 256779 10526.3 267306 -23191.3
2.26 243571 493.529 0.0925546 257906 10815.2 268722 -25151.1
2.262 250908 500.907 0.097801 259028 11111.4 270139 -19231.1
2.265 242504 492.447 0.106217 260698 11569.8 272268 -29763.9
2.267 279302 528.49 0.112215 261804 11885 273689 5612.59
2.269 307735 554.738 0.118542 262903 12208.1 275112 32622.9
2.271 332087 576.27 0.125216 263996 12539.3 276536 55551.6
2.273 328874 573.475 0.132255 265083 12878.7 277961 50912.4
2.275 303836 551.213 0.139677 266162 13226.7 279389 24447.5
2.277 295578 543.671 0.147505 267235 13583.2 280818 14760.4
2.279 262721 512.563 0.155758 268300 13948.6 282249 -19527.9
2.281 254333 504.315 0.16446 269359 14323 283682 -29348.5
2.283 278901 528.111 0.173633 270410 14706.7 285117 -6215.81
2.286 306275 553.422 0.188334 271973 15299.9 287273 19002.6
2.288 290363 538.853 0.198798 273005 15707.6 288713 1649.51
2.29 315962 562.105 0.209828 274030 16125.2 290156 25806
2.292 306585 553.701 0.221451 275047 16552.9 291601 14984.4
2.294 284659 533.534 0.233699 276057 16991.1 293048 -8389.25
2.296 273964 523.415 0.246604 277058 17439.9 294498 -20534.5
2.298 275877 525.24 0.2602 278051 17899.6 295951 -20074.2
2.301 269837 519.458 0.281971 279525 18609.9 298136 -28298.9
2.303 264896 514.681 0.297456 280498 19097.8 299596 -34699.5
2.305 268187 517.867 0.313767 281462 19597.3 301059 -32872.8
2.307 273201 522.686 0.330946 282417 20108.8 302526 -29325.6
2.309 265541 515.307 0.349036 283364 20632.4 303996 -38455.4
2.311 292445 540.782 0.368085 284301 21168.6 305470 -13025.6
2.313 295446 543.55 0.388142 285230 21717.4 306948 -11501.7
2.316 293117 541.402 0.420231 286606 22565.2 309172 -16055.4
2.318 281201 530.284 0.443039 287512 23147 310660 -29458.5
2.32 272461 521.978 0.467047 288409 23742.5 312152 -39691.2
2.322 272060 521.594 0.492316 289296 24352 313649 -41588.8
2.324 292519 540.85 0.51891 290174 24975.7 315150 -22631.6
2.327 308749 555.652 0.561433 291473 25938.7 317412 -8662.79
2.329 308765 555.666 0.591639 292326 26599.4 318926 -10161.5
2.331 304851 552.133 0.62342 293170 27275.3 320446 -15594.6
2.333 315498 561.692 0.656855 294003 27966.9 321971 -6472.7
2.335 317778 563.718 0.692027 294827 28674.4 323502 -5724.23
2.338 345336 587.653 0.748232 296043 29766.3 325810 19526.1
2.34 327019 571.856 0.788135 296841 30515.1 327357 -337.392
2.342 315757 561.922 0.830099 297628 31281 328910 -13153.4
2.344 325414 570.451 0.874226 298405 32064.4 330471 -5056.24
2.347 341580 584.449 0.944709 299551 33272.8 332825 8755.58
2.349 361285 601.07 0.994726 300301 34101.3 334404 26881.5
2.351 347813 589.757 1.04731 301041 34948.4 335990 11822.8
2.353 315404 561.608 1.10257 301769 35814.6 337585 -22181.4
2.356 281736 530.788 1.19081 302842 37150.4 339993 -58257.2
2.358 310351 557.092 1.2534 303542 38065.8 341609 -31258.2
2.36 339637 582.784 1.31917 304232 39001.7 343235 -3598.41
2.362 318612 564.458 1.38827 304910 39958.3 344870 -26257.7
2.365 307704 554.71 1.49855 305907 41433.1 347341 -39637.4
2.367 326025 570.986 1.57673 306556 42443.4 349001 -22976.2
2.369 324688 569.814 1.65886 307194 43475.9 350672 -25984.2
2.372 315128 561.363 1.78986 308130 45067.3 353199 -38070.7
2.374 353868 594.868 1.88271 308738 46157.3 354898 -1029.3
2.376 354112 595.073 1.9802 309335 47271 356608 -2496.32
2.378 364005 603.328 2.08258 309920 48408.8 358331 5673.64
2.381 365676 604.712 2.24581 310775 50161.9 360940 4736.43
2.383 351625 592.979 2.36144 311330 51362.2 362695 -11070.2
2.385 388252 623.098 2.48282 311873 52588.3 364464 23787.9
2.388 386951 622.054 2.67627 312664 54476.7 367144 19807.5
2.39 351600 592.959 2.81326 313176 55769.4 368948 -17348.4
2.392 354114 595.075 2.95702 313676 57089.5 370768 -16653.8
2.395 377117 614.099 3.18606 314402 59122.4 373527 3590.08
2.397 368995 607.45 3.34818 314870 60513.4 375387 -6391.73
2.399 381553 617.7 3.51827 315326 61933.8 377263 4290.28
2.402 412274 642.085 3.78916 315985 64120.3 380109 32164.1
2.404 426027 652.707 3.98084 316409 65616.2 382029 43997.3
2.407 411225 641.268 4.28604 317021 67918.6 384944 26281.3
2.409 403550 635.256 4.50193 317413 69493.4 386911 16639
2.411 378136 614.928 4.72832 317792 71100.7 388897 -10760.6
2.414 405852 637.065 5.08864 318335 73574 391914 13937.7
2.416 440184 663.464 5.34344 318682 75265.2 393952 46232.2
2.418 452831 672.927 5.61054 319015 76991 396011 56819.4
2.421 460946 678.93 6.03551 319490 79645.9 399142 61804.5
2.423 435071 659.599 6.33591 319790 81460.8 401257 33813.8
2.426 423854 651.041 6.81374 320216 84252.2 404475 19378.9
2.428 425088 651.988 7.15142 320483 86160 406650 18437.8
2.43 437115 661.147 7.50523 320737 88106.2 408851 28264.8
2.433 483240 695.154 8.06779 321093 91098.6 412199 71040.4
2.435 463360 680.706 8.4652 321313 93143.3 414465 48895.8
2.438 455522 674.924 9.09694 321618 96286.7 417914 37608.1
2.44 467315 683.604 9.5431 321805 98434.2 420249 47066.3
2.443 503539 709.605 10.2521 322060 101735 423805 79733.8
2.445 501273 708.006 10.7528 322213 103989 426213 75059.6
2.447 499380 706.668 11.2769 322352 106288 428652 70728.6
2.45 459706 678.016 12.1096 322536 109820 432368 27337.9
2.452 465083 681.97 12.6973 322642 112231 434886 30197.4
2.455 445213 667.243 13.6307 322775 115937 438725 6488.35
2.457 453696 673.569 14.2893 322846 118466 441327 12369
2.46 498786 706.247 15.3351 322928 122351 445295 53490.7
2.462 503430 709.528 16.0727 322965 125004 447985 55445.1
2.465 472184 687.156 17.2437 322996 129076 452090 20094.2
2.467 501835 708.403 18.0696 323000 131856 454874 46961.4
2.47 546119 738.998 19.3801 322979 136124 459122 86996.6
2.472 580906 762.172 20.3041 322948 139035 462004 118902
2.475 555269 745.164 21.77 322877 143505 466404 88865.1
2.477 524171 723.996 22.8033 322812 146555 469390 54781
2.48 498776 706.241 24.4422 322689 151235 473949 24827.1
2.482 504703 710.425 25.5971 322591 154427 477043 27660.2
2.485 515653 718.09 27.4284 322417 159325 481770 33883.3
2.487 522442 722.802 28.7186 322284 162665 484978 37463.9
2.49 592333 769.632 30.7638 322060 167790 489880 102453
2.492 564172 751.114 32.2043 321893 171283 493209 70963.3
2.495 528497 726.978 34.4872 321618 176642 498295 30201.5
2.498 558619 747.408 36.9252 321313 182146 503496 55122.5
2.5 607322 779.309 38.6416 321093 185897 507029 100294
2.503 625478 790.872 41.3606 320737 191650 512428 113050
2.505 671690 819.567 43.2743 320483 195569 516096 155594
2.508 700826 837.153 46.3051 320077 201579 521702 179124
2.51 586709 765.97 48.4378 319790 205673 525511 61198
2.513 553259 743.814 51.8144 319335 211948 531335 21924.4
2.516 645150 803.212 55.4163 318850 218387 537293 107857
2.518 689884 830.593 57.9496 318510 222773 541341 148543
2.521 662082 813.684 61.959 317976 229494 547532 114550
2.523 646577 804.1 64.7783 317604 234070 551738 94838.5
2.526 580222 761.723 69.2389 317021 241081 558171 22050.9
2.529 514923 717.581 73.9932 316409 248270 564753 -49830.4
2.531 444774 666.914 77.3348 315985 253164 569227 -124453
2.534 518286 719.921 82.6197 315326 260660 576068 -57782
2.537 534666 731.209 88.2496 314637 268344 583069 -48403.3
2.539 551204 742.431 92.2049 314163 273573 587827 -36623.3
2.542 767125 875.857 98.4578 313427 281578 595104 172021
2.544 1.07377e+006 1036.23 102.85 312922 287025 600049 473722
2.547 1.13587e+006 1065.77 109.791 312140 295362 607612 528262
2.55 1.02097e+006 1010.43 117.179 311330 303904 615351 405616
2.552 862163 928.527 122.366 310775 309713 620611 241552
2.555 799111 893.93 130.561 309920 318603 628654 170457
2.558 789242 888.393 139.279 309038 327707 636885 152357
2.561 841229 917.185 148.551 308130 337029 645307 195922
2.563 899375 948.354 155.057 307509 343367 651031 248344
2.566 762544 873.238 165.33 306556 353060 659782 102763
2.569 753771 868.2 176.251 305577 362982 668735 85035.4
2.571 936957 967.965 183.91 304910 369725 674819 262138
2.574 1.02992e+006 1014.85 195.998 303889 380035 684120 345799
2.577 801523 895.278 208.843 302842 390584 693634 107888
2.58 884545 940.502 222.488 301769 401376 703367 181177
2.582 927007 962.812 232.053 301041 408707 709979 217028
2.585 851778 922.918 247.139 299928 419911 720086 131692
2.588 749814 865.918 263.157 298790 431368 730421 19392.4
2.591 747846 864.781 280.163 297628 443083 740991 6854.31
2.593 718684 847.752 292.076 296841 451037 748170 -29486.4
2.596 825488 908.564 310.855 295640 463189 759140 66347.5
2.599 933825 966.346 330.781 294416 475609 770356 163469
2.602 1.13596e+006 1065.81 351.92 293170 488300 781821 354137
2.604 1.26668e+006 1125.47 366.72 292326 496914 789606 477070
2.607 1.02786e+006 1013.83 390.036 291042 510067 801499 226356
2.61 1.01036e+006 1005.17 414.758 289736 523503 813654 196711
2.613 1.05783e+006 1028.51 440.967 288409 537225 826075 231754
2.616 1.11608e+006 1056.45 468.745 287061 551237 838767 277310
2.618 1.22752e+006 1107.93 488.18 286150 560743 847381 380137
2.621 1.19814e+006 1094.59 518.774 284767 575249 860534 337601
2.624 1.11994e+006 1058.27 551.184 283364 590056 873971 245966
2.627 1.20784e+006 1099.02 585.512 281941 605168 887694 320143
2.63 1.07019e+006 1034.5 621.864 280498 620590 901709 168485
2.633 857216 925.86 660.351 279036 636325 916021 -58805
2.636 1.01197e+006 1005.97 701.092 277556 652376 930633 81340.4
2.638 1.07452e+006 1036.59 729.565 276558 663256 940544 133976
2.641 935484 967.204 774.339 275047 679845 955667 -20182.9
2.644 949828 974.591 821.71 273519 696762 971102 -21274.5
2.647 1.32477e+006 1150.99 871.819 271973 714010 986854 337919
2.65 1.04419e+006 1021.86 924.814 270410 731593 1.00293e+006 41262.4
2.653 1.03747e+006 1018.56 980.851 268830 749515 1.01933e+006 18141.4
2.656 1.13338e+006 1064.6 1040.09 267235 767780 1.03605e+006 97323.4
2.659 1.31122e+006 1145.09 1102.71 265623 786392 1.05312e+006 258104
2.662 1.44664e+006 1202.76 1168.88 263996 805353 1.07052e+006 376119
2.664 1.38698e+006 1177.7 1215.06 262903 818191 1.08231e+006 304669
2.667 1.3451e+006 1159.78 1287.59 261252 837744 1.10028e+006 244815
2.67 1.27506e+006 1129.19 1364.19 259586 857657 1.11861e+006 156452
2.673 1.40576e+006 1185.65 1445.08 257906 877933 1.13728e+006 268476
2.676 1.4782e+006 1215.81 1530.48 256213 898576 1.15632e+006 321885
2.679 1.38495e+006 1176.84 1620.64 254507 919588 1.17572e+006 209239
2.682 1.2169e+006 1103.13 1715.79 252788 940974 1.19548e+006 21421
2.685 1.07744e+006 1038 1816.2 251057 962737 1.21561e+006 -138171
2.688 1.38031e+006 1174.87 1922.13 249314 984880 1.23612e+006 144197
2.691 1.65115e+006 1284.97 2033.87 247560 1.00741e+006 1.257e+006 394148
2.694 1.55263e+006 1246.05 2151.7 245794 1.03032e+006 1.27826e+006 274371
2.697 1.12189e+006 1059.19 2275.95 244018 1.05362e+006 1.29991e+006 -178024
2.7 1.23099e+006 1109.5 2406.93 242232 1.07731e+006 1.32195e+006 -90959.2
2.703 1.20551e+006 1097.96 2544.98 240436 1.1014e+006 1.34438e+006 -138868
2.706 1.40096e+006 1183.62 2690.45 238631 1.12588e+006 1.3672e+006 33760
2.709 1.52078e+006 1233.2 2843.72 236817 1.15076e+006 1.39042e+006 130355
2.712 1.37422e+006 1172.27 3005.16 234994 1.17605e+006 1.41405e+006 -39832
2.715 1.80312e+006 1342.8 3175.19 233163 1.20174e+006 1.43808e+006 365042
2.718 1.87658e+006 1369.88 3354.23 231325 1.22784e+006 1.46252e+006 414057
2.721 1.66738e+006 1291.27 3542.71 229479 1.25435e+006 1.48737e+006 180009
2.724 1.59298e+006 1262.13 3741.09 227626 1.28127e+006 1.51263e+006 80340.3
2.727 1.56405e+006 1250.62 3949.86 225767 1.3086e+006 1.53832e+006 25733.5
2.731 1.41173e+006 1188.16 4245.24 223278 1.34569e+006 1.57322e+006 -161488
2.734 1.43838e+006 1199.33 4480.23 221406 1.374e+006 1.59988e+006 -161501
2.737 1.77492e+006 1332.26 4727.36 219528 1.40272e+006 1.62698e+006 147945
2.74 1.80791e+006 1344.59 4987.2 217645 1.43187e+006 1.6545e+006 153414
2.743 1.91447e+006 1383.64 5260.36 215758 1.46144e+006 1.68245e+006 232015
2.746 2.10982e+006 1452.52 5547.46 213867 1.49143e+006 1.71084e+006 398980
2.749 1.80635e+006 1344 5849.16 211972 1.52184e+006 1.73966e+006 66681.1
2.752 2.06833e+006 1438.17 6166.13 210074 1.55269e+006 1.76893e+006 299405
2.755 1.83463e+006 1354.48 6499.09 208174 1.58395e+006 1.79863e+006 36000.1
2.759 1.80698e+006 1344.24 6969.19 205636 1.62631e+006 1.83891e+006 -31930.4
2.762 1.80079e+006 1341.94 7342.37 203730 1.65857e+006 1.86965e+006 -68852.6
2.765 1.82502e+006 1350.93 7734.11 201823 1.69127e+006 1.90082e+006 -75806.6
2.768 1.68478e+006 1297.99 8145.27 199915 1.72439e+006 1.93245e+006 -247671
2.771 1.65812e+006 1287.68 8576.7 198006 1.75794e+006 1.96452e+006 -306395
2.774 1.99082e+006 1410.96 9029.33 196097 1.79191e+006 1.99704e+006 -6221.6
2.778 2.51166e+006 1584.82 9667.46 193551 1.83788e+006 2.0411e+006 470555
2.781 2.35591e+006 1534.9 10173.3 191642 1.87286e+006 2.07467e+006 281239
2.784 2.08714e+006 1444.69 10703.6 189734 1.90826e+006 2.1087e+006 -21558.6
2.787 2.26655e+006 1505.51 11259.6 187827 1.94408e+006 2.14317e+006 123378
2.79 2.51812e+006 1586.86 11842.2 185921 1.98033e+006 2.1781e+006 340026
2.794 2.4907e+006 1578.2 12662.6 183384 2.02933e+006 2.22537e+006 265333
2.797 2.23675e+006 1495.58 13312.1 181483 2.06656e+006 2.26136e+006 -24604.9
2.8 2.90105e+006 1703.25 13992.4 179585 2.10421e+006 2.29779e+006 603255
2.803 2.98829e+006 1728.67 14704.7 177690 2.14229e+006 2.33468e+006 653610
2.807 2.51308e+006 1585.27 15706.8 175168 2.19369e+006 2.38457e+006 128512
2.81 2.47019e+006 1571.68 16499.3 173282 2.23273e+006 2.42251e+006 47680
2.813 3.01701e+006 1736.96 17328.7 171399 2.27218e+006 2.4609e+006 556110
2.816 2.94633e+006 1716.49 18196.4 169520 2.31203e+006 2.49975e+006 446580
2.82 2.62687e+006 1620.76 19415.8 167023 2.3658e+006 2.55224e+006 74633.9
2.823 2.45495e+006 1566.83 20379.3 165156 2.40659e+006 2.59212e+006 -137174
2.826 2.75163e+006 1658.8 21386.7 163294 2.44777e+006 2.63246e+006 119174
2.83 3.46127e+006 1860.45 22801.3 160821 2.5033e+006 2.68692e+006 774349
2.833 2.72569e+006 1650.97 23918.2 158973 2.5454e+006 2.72829e+006 -2595.58
2.836 2.42208e+006 1556.3 25085.2 157131 2.58788e+006 2.7701e+006 -348018
2.84 2.54074e+006 1593.97 26722.6 154685 2.64511e+006 2.82652e+006 -285779
2.843 2.63117e+006 1622.09 28014.4 152859 2.68847e+006 2.86934e+006 -238176
2.846 2.69485e+006 1641.6 29363.3 151041 2.73219e+006 2.9126e+006 -217743
2.85 2.90019e+006 1703 31254.5 148627 2.79106e+006 2.97094e+006 -70747.9
2.853 3.38725e+006 1840.45 32745.4 146826 2.83562e+006 3.0152e+006 372054
2.856 3.00102e+006 1732.35 34301.1 145033 2.88054e+006 3.05987e+006 -58852.3
2.86 2.37265e+006 1540.34 36480.6 142656 2.94096e+006 3.1201e+006 -747449
2.863 2.66726e+006 1633.17 38197.4 140882 2.98667e+006 3.16575e+006 -498491
2.867 4.02702e+006 2006.74 40601.2 138532 3.04813e+006 3.22726e+006 799755
2.87 4.58376e+006 2140.97 42493.7 136779 3.0946e+006 3.27387e+006 1.30989e+006
2.874 4.13022e+006 2032.29 45142.2 134458 3.15704e+006 3.33664e+006 793573
2.877 4.28658e+006 2070.41 47226.2 132727 3.20424e+006 3.38419e+006 902393
2.88 3.82588e+006 1955.99 49397.3 131007 3.25172e+006 3.43213e+006 393749
2.884 3.3093e+006 1819.15 52433.3 128729 3.31549e+006 3.49666e+006 -187351
2.887 3.81962e+006 1954.38 54820.3 127032 3.36365e+006 3.5455e+006 274118
2.891 3.73571e+006 1932.8 58156.4 124786 3.42827e+006 3.61121e+006 124492
2.894 2.84897e+006 1687.89 60777.9 123114 3.47705e+006 3.66094e+006 -811965
2.898 3.00598e+006 1733.78 64439.7 120901 3.54247e+006 3.72781e+006 -721832
2.901 3.75223e+006 1937.07 67315.7 119255 3.59182e+006 3.77839e+006 -26152
2.905 2.94796e+006 1716.96 71330.7 117077 3.65797e+006 3.84638e+006 -898413
2.908 2.95577e+006 1719.23 74482.4 115457 3.70784e+006 3.89778e+006 -942014
2.912 3.49323e+006 1869.02 78879.8 113315 3.77466e+006 3.96685e+006 -473621
2.915 3.70003e+006 1923.55 82329.8 111723 3.825e+006 4.01905e+006 -319020
2.919 3.91776e+006 1979.33 87140.7 109618 3.89241e+006 4.08917e+006 -171407
2.922 3.9112e+006 1977.68 90913.1 108053 3.94317e+006 4.14213e+006 -230934
2.926 3.41518e+006 1848.02 96170.7 105986 4.01109e+006 4.21325e+006 -798068
2.929 4.09332e+006 2023.2 100291 104450 4.06221e+006 4.26695e+006 -173629
2.933 3.77626e+006 1943.26 106030 102421 4.13058e+006 4.33903e+006 -562768
2.937 4.24813e+006 2061.1 112062 100415 4.19916e+006 4.41163e+006 -163506
2.94 4.86574e+006 2205.84 116784 98925.6 4.25072e+006 4.46643e+006 399316
2.944 3.99658e+006 1999.14 123357 96959.3 4.3196e+006 4.53992e+006 -543344
2.947 4.32405e+006 2079.44 128501 95499.7 4.37136e+006 4.59536e+006 -271309
2.951 3.90727e+006 1976.68 135655 93573.9 4.44047e+006 4.6697e+006 -762430
2.955 3.38126e+006 1838.82 143162 91671.4 4.50967e+006 4.7445e+006 -1.36324e+006
2.958 3.67524e+006 1917.09 149031 90259.9 4.56161e+006 4.8009e+006 -1.12566e+006
2.962 4.80993e+006 2193.16 157187 88398.7 4.63088e+006 4.87647e+006 -66540.9
2.965 4.48561e+006 2117.93 163561 87018.3 4.68285e+006 4.93343e+006 -447814
2.969 3.97071e+006 1992.66 172415 85198.7 4.75211e+006 5.00973e+006 -1.03901e+006
2.973 3.54533e+006 1882.91 181688 83403.1 4.82133e+006 5.08642e+006 -1.54109e+006
2.977 3.59339e+006 1895.62 191398 81631.5 4.89046e+006 5.16349e+006 -1.57009e+006
2.98 4.21466e+006 2052.96 198977 80318.7 4.94223e+006 5.22153e+006 -1.00686e+006
2.984 4.74789e+006 2178.97 209491 78589.4 5.01114e+006 5.29922e+006 -551332
2.988 4.37993e+006 2092.83 220489 76884.4 5.07988e+006 5.37725e+006 -997320
2.991 4.29651e+006 2072.8 229065 75621.5 5.1313e+006 5.43599e+006 -1.13947e+006
2.995 5.16699e+006 2273.1 240953 73959 5.19965e+006 5.51457e+006 -347575
2.999 5.77494e+006 2403.11 253376 72320.8 5.26775e+006 5.59344e+006 181494
3.003 6.56664e+006 2562.55 266351 70707 5.33554e+006 5.6726e+006 894042
3.006 5.23566e+006 2288.16 276458 69512.6 5.38617e+006 5.73214e+006 -496476
3.01 5.01577e+006 2239.59 290450 67941.4 5.45336e+006 5.81175e+006 -795981
3.014 5.01316e+006 2239.01 305051 66394.4 5.52016e+006 5.8916e+006 -878444
3.018 5.10063e+006 2258.46 320281 64871.7 5.58652e+006 5.97168e+006 -871044
3.021 5.16418e+006 2272.48 332130 63745.6 5.636e+006 6.03187e+006 -867695
3.025 5.2114e+006 2282.85 348513 62265.3 5.70154e+006 6.11231e+006 -900917
3.029 5.35093e+006 2313.21 365585 60809 5.76655e+006 6.19294e+006 -842009
3.033 5.27478e+006 2296.69 383368 59376.8 5.831e+006 6.27375e+006 -998970
3.037 5.87329e+006 2423.49 401886 57968.6 5.89486e+006 6.35472e+006 -481422
3.041 6.02199e+006 2453.97 421160 56584.1 5.95809e+006 6.43584e+006 -413851
3.044 6.27286e+006 2504.57 436127 55561.4 6.00508e+006 6.49677e+006 -223907
3.048 7.12985e+006 2670.18 456783 54218.4 6.06713e+006 6.57813e+006 551717
3.052 7.1443e+006 2672.88 478261 52899 6.12845e+006 6.65961e+006 484697
3.056 7.03982e+006 2653.27 500585 51603 6.18901e+006 6.74119e+006 298627
3.06 6.67682e+006 2583.95 523781 50330.2 6.24877e+006 6.82288e+006 -146065
3.064 5.79538e+006 2407.36 547874 49080.5 6.3077e+006 6.90466e+006 -1.10928e+006
3.068 6.61341e+006 2571.65 572887 47853.7 6.36577e+006 6.98652e+006 -373107
3.072 5.87257e+006 2423.34 598847 46649.8 6.42295e+006 7.06844e+006 -1.19588e+006
3.076 5.1698e+006 2273.72 625780 45468.4 6.47919e+006 7.15044e+006 -1.98064e+006
3.079 5.42553e+006 2329.28 646633 44597.2 6.52074e+006 7.21197e+006 -1.78644e+006
3.083 6.04477e+006 2458.61 675329 43454.9 6.57527e+006 7.29405e+006 -1.24928e+006
3.087 5.55646e+006 2357.21 705068 42334.8 6.62878e+006 7.37618e+006 -1.81973e+006
3.091 5.91885e+006 2432.87 735878 41236.6 6.68124e+006 7.45835e+006 -1.5395e+006
3.095 6.05967e+006 2461.64 767783 40160.1 6.7326e+006 7.54055e+006 -1.48088e+006
3.099 6.87579e+006 2622.17 800810 39105.1 6.78286e+006 7.62277e+006 -746983
3.103 8.47269e+006 2910.79 834985 38071.4 6.83196e+006 7.70501e+006 767672
3.107 8.20461e+006 2864.37 870335 37058.8 6.87988e+006 7.78728e+006 417335
3.111 7.52936e+006 2743.97 906886 36067 6.9266e+006 7.86955e+006 -340190
3.115 8.0267e+006 2833.14 944664 35095.8 6.97208e+006 7.95184e+006 74861.1
3.12 8.67245e+006 2944.9 993651 33910.4 7.02714e+006 8.0547e+006 617752
3.124 8.92039e+006 2986.7 1.03428e+006 32984.8 7.06973e+006 8.137e+006 783389
3.128 8.33167e+006 2886.46 1.07623e+006 32079 7.11099e+006 8.2193e+006 112375
3.132 8.20248e+006 2864 1.11951e+006 31192.8 7.1509e+006 8.3016e+006 -99126
3.136 7.99789e+006 2828.05 1.16415e+006 30325.9 7.18943e+006 8.3839e+006 -386015
3.14 8.59163e+006 2931.15 1.21017e+006 29478.2 7.22656e+006 8.46621e+006 125420
3.144 8.30923e+006 2882.57 1.25761e+006 28649.3 7.26226e+006 8.54851e+006 -239280
3.148 7.39691e+006 2719.73 1.30647e+006 27839.1 7.2965e+006 8.63082e+006 -1.2339e+006
3.152 9.4541e+006 3074.75 1.3568e+006 27047.2 7.32928e+006 8.71312e+006 740978
3.156 1.03611e+007 3218.86 1.4086e+006 26273.3 7.36056e+006 8.79543e+006 1.56564e+006
3.161 9.46914e+006 3077.2 1.47547e+006 25331.1 7.39753e+006 8.89833e+006 570808
3.165 8.53254e+006 2921.05 1.53068e+006 24597 7.42537e+006 8.98065e+006 -448106
3.169 8.24213e+006 2870.91 1.58744e+006 23880.2 7.45166e+006 9.06298e+006 -820850
3.173 7.74507e+006 2783 1.64577e+006 23180.3 7.47638e+006 9.14532e+006 -1.40025e+006
3.177 8.98385e+006 2997.31 1.70568e+006 22497.1 7.4995e+006 9.22768e+006 -243828
3.182 9.10598e+006 3017.61 1.78283e+006 21666.3 7.52614e+006 9.33064e+006 -224657
3.186 9.44194e+006 3072.77 1.84638e+006 21019.8 7.54564e+006 9.41303e+006 28907
3.19 9.61097e+006 3100.16 1.91157e+006 20389.1 7.56349e+006 9.49545e+006 115526
3.194 9.3631e+006 3059.92 1.97841e+006 19774 7.5797e+006 9.57789e+006 -214785
3.199 9.8148e+006 3132.86 2.06432e+006 19026.7 7.59762e+006 9.68097e+006 133828
3.203 9.41974e+006 3069.16 2.13494e+006 18445.7 7.61009e+006 9.76347e+006 -343730
3.207 9.25398e+006 3042.03 2.20726e+006 17879.4 7.62087e+006 9.84601e+006 -592030
3.211 9.65915e+006 3107.92 2.28128e+006 17327.6 7.62996e+006 9.92857e+006 -269420
3.216 1.13016e+007 3361.79 2.37622e+006 16657.7 7.63895e+006 1.00318e+007 1.26981e+006
3.22 1.12602e+007 3355.62 2.45411e+006 16137.5 7.64424e+006 1.01145e+007 1.14571e+006
3.224 8.86709e+006 2977.77 2.53372e+006 15630.8 7.64782e+006 1.01972e+007 -1.33008e+006
3.229 8.75386e+006 2958.69 2.63567e+006 15016.3 7.6499e+006 1.03006e+007 -1.54672e+006
3.233 9.89696e+006 3145.94 2.71918e+006 14539.3 7.64964e+006 1.03834e+007 -486392
3.238 1.10577e+007 3325.31 2.826e+006 13961 7.64692e+006 1.04869e+007 570787
3.242 1.10552e+007 3324.93 2.9134e+006 13512.4 7.64283e+006 1.05697e+007 485412
3.246 1.26163e+007 3551.94 3.00252e+006 13076.1 7.63704e+006 1.06526e+007 1.96364e+006
3.251 1.04055e+007 3225.76 3.11634e+006 12547.4 7.62741e+006 1.07563e+007 -350760
3.255 1.37339e+007 3705.93 3.20931e+006 12137.5 7.61781e+006 1.08393e+007 2.89467e+006
3.26 2.06632e+007 4545.68 3.32792e+006 11641.3 7.60344e+006 1.0943e+007 9.7202e+006
3.264 1.45802e+007 3818.4 3.42469e+006 11256.8 7.59006e+006 1.1026e+007 3.55417e+006
3.268 1.14633e+007 3385.75 3.52313e+006 10883.1 7.57501e+006 1.1109e+007 354289
3.273 9.88367e+006 3143.83 3.6485e+006 10431 7.55387e+006 1.12128e+007 -1.32913e+006
3.277 1.02776e+007 3205.86 3.75062e+006 10080.9 7.53512e+006 1.12958e+007 -1.01826e+006
3.282 1.00878e+007 3176.13 3.88051e+006 9657.49 7.50938e+006 1.13996e+007 -1.31174e+006
3.286 1.03288e+007 3213.85 3.9862e+006 9329.84 7.48698e+006 1.14825e+007 -1.15368e+006
3.291 1.11205e+007 3334.74 4.12048e+006 8933.73 7.45673e+006 1.15861e+007 -465628
3.295 1.13689e+007 3371.77 4.2296e+006 8627.35 7.43076e+006 1.1669e+007 -300120
3.3 1.33987e+007 3660.43 4.36806e+006 8257.15 7.39609e+006 1.17724e+007 1.62632e+006
3.305 1.48356e+007 3851.7 4.50877e+006 7900.75 7.35903e+006 1.18757e+007 2.95986e+006
3.309 1.43551e+007 3788.81 4.62289e+006 7625.29 7.32767e+006 1.19582e+007 2.39689e+006
3.314 1.34292e+007 3664.58 4.76743e+006 7292.69 7.28638e+006 1.20611e+007 1.36808e+006
3.318 1.50919e+007 3884.83 4.88451e+006 7035.76 7.2517e+006 1.21432e+007 2.94864e+006
3.323 1.46082e+007 3822.06 5.03261e+006 6725.68 7.20631e+006 1.22456e+007 2.36251e+006
3.328 1.47491e+007 3840.46 5.18255e+006 6427.58 7.15872e+006 1.23477e+007 2.40143e+006
3.332 1.69699e+007 4119.45 5.30378e+006 6197.46 7.11908e+006 1.24291e+007 4.54084e+006
3.337 1.61281e+007 4015.98 5.45679e+006 5919.95 7.06763e+006 1.25303e+007 3.59779e+006
3.342 1.219e+007 3491.42 5.61137e+006 5653.38 7.01411e+006 1.26311e+007 -441136
3.346 1.24819e+007 3532.97 5.73607e+006 5447.75 6.96983e+006 1.27113e+007 -229485
3.351 1.37756e+007 3711.55 5.89315e+006 5199.97 6.91271e+006 1.28111e+007 964527
3.356 1.30444e+007 3611.71 6.05144e+006 4962.15 6.85367e+006 1.29101e+007 134368
3.36 1.1728e+007 3424.62 6.17887e+006 4778.85 6.8051e+006 1.29887e+007 -1.26069e+006
3.365 1.18022e+007 3435.44 6.33902e+006 4558.12 6.74274e+006 1.30863e+007 -1.28407e+006
3.37 1.42496e+007 3774.87 6.50001e+006 4346.44 6.67864e+006 1.3183e+007 1.06662e+006
3.375 1.50806e+007 3883.38 6.66169e+006 4143.5 6.61284e+006 1.32787e+007 1.80195e+006
3.379 1.35553e+007 3681.75 6.79144e+006 3987.24 6.55902e+006 1.33544e+007 200829
3.384 1.36439e+007 3693.77 6.95399e+006 3799.26 6.49032e+006 1.34481e+007 195797
3.389 1.36489e+007 3694.44 7.11681e+006 3619.19 6.42011e+006 1.35405e+007 108328
3.394 1.34033e+007 3661.05 7.27973e+006 3446.75 6.34845e+006 1.36316e+007 -228364
3.399 1.4773e+007 3843.56 7.44258e+006 3281.66 6.27539e+006 1.37213e+007 1.05169e+006
3.403 1.48947e+007 3859.37 7.5727e+006 3154.7 6.216e+006 1.37919e+007 1.10284e+006
3.408 1.53208e+007 3914.18 7.73502e+006 3002.17 6.14062e+006 1.38786e+007 1.44213e+006
3.413 1.7079e+007 4132.67 7.89678e+006 2856.26 6.06404e+006 1.39637e+007 3.11528e+006
3.418 1.65979e+007 4074.05 8.05782e+006 2716.72 5.98633e+006 1.40469e+007 2.551e+006
3.423 1.50731e+007 3882.41 8.21796e+006 2583.32 5.90756e+006 1.41281e+007 945034
3.428 1.38412e+007 3720.38 8.37701e+006 2455.83 5.82779e+006 1.42073e+007 -366048
3.433 1.46141e+007 3822.84 8.53478e+006 2334 5.7471e+006 1.42842e+007 329906
3.438 1.64507e+007 4055.95 8.6911e+006 2217.64 5.66555e+006 1.43589e+007 2.09186e+006
3.443 1.44142e+007 3796.61 8.84578e+006 2106.52 5.58322e+006 1.44311e+007 -16883.8
3.448 1.32982e+007 3646.67 8.99862e+006 2000.44 5.50016e+006 1.45008e+007 -1.20261e+006
3.453 1.21355e+007 3483.61 9.14944e+006 1899.21 5.41645e+006 1.45678e+007 -2.43225e+006
3.458 1.3606e+007 3688.63 9.29804e+006 1802.62 5.33216e+006 1.4632e+007 -1.026e+006
3.463 1.77827e+007 4216.96 9.44425e+006 1710.49 5.24735e+006 1.46933e+007 3.08942e+006
3.468 1.74558e+007 4178.02 9.58787e+006 1622.64 5.16209e+006 1.47516e+007 2.70425e+006
3.473 1.59546e+007 3994.32 9.72872e+006 1538.9 5.07645e+006 1.48067e+007 1.14791e+006
3.478 1.33956e+007 3660 9.8666e+006 1459.09 4.99048e+006 1.48585e+007 -1.46295e+006
3.483 1.41183e+007 3757.44 1.00013e+007 1383.06 4.90427e+006 1.4907e+007 -788673
3.488 1.5377e+007 3921.35 1.01328e+007 1310.64 4.81787e+006 1.49519e+007 425014
3.493 1.44376e+007 3799.68 1.02607e+007 1241.69 4.73134e+006 1.49933e+007 -555655
3.498 1.59859e+007 3998.24 1.03849e+007 1176.05 4.64474e+006 1.50308e+007 955105
3.503 1.60731e+007 4009.13 1.05053e+007 1113.59 4.55814e+006 1.50646e+007 1.00856e+006
3.508 1.4703e+007 3834.45 1.06217e+007 1054.17 4.4716e+006 1.50943e+007 -391287
3.514 1.51808e+007 3896.25 1.07558e+007 986.694 4.36791e+006 1.51247e+007 56085.1
3.519 1.73055e+007 4159.99 1.08627e+007 933.502 4.2817e+006 1.51454e+007 2.16012e+006
3.524 1.72818e+007 4157.14 1.09652e+007 882.945 4.19572e+006 1.51618e+007 2.12001e+006
3.529 1.43365e+007 3786.36 1.10629e+007 834.906 4.11004e+006 1.51738e+007 -837332
3.534 1.2327e+007 3510.98 1.11559e+007 789.272 4.02471e+006 1.51814e+007 -2.85441e+006
3.54 1.28969e+007 3591.23 1.12609e+007 737.534 3.92284e+006 1.51845e+007 -2.28754e+006
3.545 1.45428e+007 3813.5 1.13428e+007 696.818 3.83846e+006 1.51819e+007 -639144
3.55 1.37605e+007 3709.51 1.14194e+007 658.176 3.75457e+006 1.51747e+007 -1.41418e+006
3.556 1.28583e+007 3585.85 1.15044e+007 614.409 3.65465e+006 1.51596e+007 -2.30132e+006
3.561 1.59578e+007 3994.73 1.15692e+007 580 3.57205e+006 1.51418e+007 816044
3.566 1.65539e+007 4068.65 1.16284e+007 547.373 3.4901e+006 1.5119e+007 1.43489e+006
3.572 1.47402e+007 3839.3 1.1692e+007 510.457 3.39267e+006 1.50852e+007 -344928
3.577 1.38389e+007 3720.07 1.17387e+007 481.462 3.31229e+006 1.50514e+007 -1.21248e+006
3.582 1.39242e+007 3731.51 1.17795e+007 453.995 3.23269e+006 1.50127e+007 -1.08848e+006
3.588 1.63667e+007 4045.58 1.18208e+007 422.948 3.13825e+006 1.49595e+007 1.40723e+006
3.593 1.4597e+007 3820.6 1.18486e+007 398.587 3.06049e+006 1.49095e+007 -312563
3.599 1.35585e+007 3682.19 1.18742e+007 371.071 2.96835e+006 1.48429e+007 -1.28436e+006
3.604 1.44141e+007 3796.59 1.18888e+007 349.495 2.89257e+006 1.47818e+007 -367659
3.609 1.43539e+007 3788.65 1.18974e+007 329.087 2.81776e+006 1.47155e+007 -361619
3.615 1.11364e+007 3337.13 1.18998e+007 306.058 2.72927e+006 1.46293e+007 -3.49289e+006
3.62 1.1285e+007 3359.32 1.1895e+007 288.02 2.65664e+006 1.4552e+007 -3.26695e+006
3.626 1.23781e+007 3518.25 1.18814e+007 267.678 2.57084e+006 1.44525e+007 -2.07437e+006
3.631 1.39327e+007 3732.65 1.18633e+007 251.755 2.50051e+006 1.43641e+007 -431428
3.637 1.56559e+007 3956.75 1.18338e+007 233.811 2.41753e+006 1.42515e+007 1.40434e+006
3.643 1.66272e+007 4077.65 1.17956e+007 217.064 2.33614e+006 1.4132e+007 2.49526e+006
3.648 1.31515e+007 3626.5 1.17574e+007 203.969 2.26953e+006 1.40271e+007 -875616
3.654 1.07857e+007 3284.15 1.17037e+007 189.228 2.19111e+006 1.3895e+007 -3.10933e+006
3.659 1.03035e+007 3209.9 1.16526e+007 177.709 2.12701e+006 1.37798e+007 -3.47635e+006
3.665 1.12966e+007 3361.04 1.15839e+007 164.75 2.05162e+006 1.36357e+007 -2.33909e+006
3.671 1.0755e+007 3279.49 1.15071e+007 152.679 1.9779e+006 1.34851e+007 -2.73009e+006
3.676 1.0431e+007 3229.71 1.1437e+007 143.256 1.91777e+006 1.3355e+007 -2.92392e+006
3.682 1.0905e+007 3302.28 1.13459e+007 132.667 1.84717e+006 1.31932e+007 -2.28819e+006
3.688 1.14972e+007 3390.76 1.12473e+007 122.814 1.77827e+006 1.30257e+007 -1.52847e+006
3.693 1.31429e+007 3625.31 1.11595e+007 115.131 1.72217e+006 1.28818e+007 261121
3.699 1.30888e+007 3617.85 1.10476e+007 106.506 1.65641e+006 1.27041e+007 384699
3.705 1.19763e+007 3460.67 1.09288e+007 98.4901 1.59236e+006 1.25213e+007 -545026
3.711 1.01255e+007 3182.06 1.08034e+007 91.0426 1.53003e+006 1.23335e+007 -2.20803e+006
3.716 1.10941e+007 3330.79 1.0694e+007 85.2437 1.47938e+006 1.21734e+007 -1.07929e+006
3.722 1.1765e+007 3430.01 1.0557e+007 78.743 1.42016e+006 1.19772e+007 -212263
3.728 1.21484e+007 3485.45 1.04142e+007 72.7104 1.36262e+006 1.17769e+007 371530
3.734 1.21376e+007 3483.9 1.02657e+007 67.1145 1.30677e+006 1.15726e+007 565024
3.74 1.06319e+007 3260.67 1.0112e+007 61.9257 1.25257e+006 1.13646e+007 -732649
3.746 1.12531e+007 3354.56 9.95321e+006 57.1164 1.20002e+006 1.11533e+007 99807.8
3.752 1.07525e+007 3279.1 9.78976e+006 52.6605 1.14909e+006 1.09389e+007 -186384
3.758 9.88185e+006 3143.54 9.62193e+006 48.5339 1.09978e+006 1.07218e+007 -839910
3.763 9.28284e+006 3046.78 9.47896e+006 45.3299 1.0599e+006 1.05389e+007 -1.25606e+006
3.769 8.93876e+006 2989.78 9.30394e+006 41.7486 1.01348e+006 1.03175e+007 -1.37869e+006
3.775 9.15737e+006 3026.11 9.12545e+006 38.4356 968605 1.00941e+007 -936726
3.781 1.03758e+007 3221.16 8.94382e+006 35.3721 925255 9.86911e+006 506740
3.787 1.28059e+007 3578.53 8.75937e+006 32.5404 883402 9.64281e+006 3.16305e+006
3.793 9.08902e+006 3014.8 8.57244e+006 29.924 843019 9.41549e+006 -326466
3.8 6.89897e+006 2626.59 8.35164e+006 27.1232 797726 9.14939e+006 -2.25043e+006
3.806 7.06051e+006 2657.16 8.16042e+006 24.9218 760433 8.92088e+006 -1.86037e+006
3.812 6.8033e+006 2608.31 7.96774e+006 22.8905 724519 8.69228e+006 -1.88898e+006
3.818 7.10136e+006 2664.84 7.7739e+006 21.0167 689955 8.46387e+006 -1.36251e+006
3.824 7.23871e+006 2690.48 7.57921e+006 19.2889 656711 8.23594e+006 -997228
3.83 1.00368e+007 3168.1 7.38397e+006 17.6965 624755 8.00874e+006 2.02809e+006
3.836 1.08237e+007 3289.94 7.18849e+006 16.2294 594056 7.78256e+006 3.04114e+006
3.843 8.08772e+006 2843.89 6.9605e+006 14.6637 559786 7.5203e+006 567422
3.849 7.00994e+006 2647.63 6.76547e+006 13.4369 531701 7.29718e+006 -287244
3.855 6.7828e+006 2604.38 6.57107e+006 12.3081 504772 7.07586e+006 -293054
3.861 7.0134e+006 2648.28 6.37759e+006 11.2698 478966 6.85656e+006 156832
3.868 7.34847e+006 2710.81 6.15333e+006 10.1638 450237 6.60358e+006 744891
3.874 6.92897e+006 2632.29 5.96265e+006 9.29876 426755 6.38942e+006 539550
3.88 5.12287e+006 2263.38 5.77365e+006 8.50412 404295 6.17795e+006 -1.05508e+006
3.887 4.92551e+006 2219.35 5.55555e+006 7.65876 379340 5.9349e+006 -1.00939e+006
3.893 5.5646e+006 2358.94 5.37091e+006 6.9985 358985 5.7299e+006 -165298
3.899 6.70222e+006 2588.87 5.18859e+006 6.39273 339552 5.52815e+006 1.17408e+006
3.906 5.84493e+006 2417.63 4.97907e+006 5.74918 318004 5.29708e+006 547844
3.912 3.91453e+006 1978.52 4.80242e+006 5.24722 300462 5.10288e+006 -1.18835e+006
3.919 3.93316e+006 1983.22 4.59996e+006 4.71446 281038 4.881e+006 -947839
3.925 4.76547e+006 2183 4.4297e+006 4.29931 265247 4.69495e+006 70515.4
3.932 4.28747e+006 2070.62 4.23509e+006 3.85908 247785 4.48288e+006 -195413
3.938 3.92971e+006 1982.35 4.07186e+006 3.51635 233609 4.30548e+006 -375764
3.945 4.23186e+006 2057.15 3.88576e+006 3.15326 217953 4.10372e+006 128139
3.951 5.06939e+006 2251.53 3.73006e+006 2.87086 205260 3.93533e+006 1.13406e+006
3.958 5.19771e+006 2279.85 3.55299e+006 2.57195 191261 3.74425e+006 1.45346e+006
3.964 3.009e+006 1734.65 3.4052e+006 2.33968 179927 3.58513e+006 -576137
3.971 2.77406e+006 1665.55 3.23754e+006 2.09406 167444 3.40498e+006 -630927
3.978 3.56876e+006 1889.12 3.07505e+006 1.87326 155720 3.23078e+006 337988
3.984 4.58375e+006 2140.97 2.93995e+006 1.70193 146247 3.0862e+006 1.49755e+006
3.991 2.58586e+006 1608.06 2.78723e+006 1.52102 135835 2.92307e+006 -337208
3.998 2.53298e+006 1591.53 2.6398e+006 1.35863 126078 2.76588e+006 -232905
4.004 2.23841e+006 1496.13 2.51766e+006 1.23281 118211 2.63587e+006 -397457
4.011 2.26118e+006 1503.72 2.38007e+006 1.10013 109581 2.48965e+006 -228473
4.018 2.56345e+006 1601.08 2.24776e+006 0.98123 101512 2.34927e+006 214176
4.025 3.86669e+006 1966.39 2.12068e+006 0.874726 93972.5 2.21466e+006 1.65203e+006
4.032 2.46303e+006 1569.4 1.99879e+006 0.779378 86933.8 2.08573e+006 377300
4.038 2.15316e+006 1467.37 1.8984e+006 0.705678 81277.6 1.97968e+006 173485
4.045 1.40113e+006 1183.69 1.78597e+006 0.628153 75094.5 1.86106e+006 -459933
4.052 1.14029e+006 1067.84 1.67852e+006 0.558856 69334.4 1.74786e+006 -607566
4.059 1.10869e+006 1052.94 1.57596e+006 0.496947 63972.4 1.63994e+006 -531243
4.066 1.29489e+006 1137.93 1.47819e+006 0.441668 58984.8 1.53718e+006 -242294
4.073 1.8199e+006 1349.04 1.38511e+006 0.392334 54349 1.43946e+006 380440
4.08 1.41534e+006 1189.68 1.29659e+006 0.348331 50043.3 1.34663e+006 68711.1
4.087 1.17835e+006 1085.52 1.21251e+006 0.309103 46047.2 1.25856e+006 -80203.4
4.094 920500 959.427 1.13275e+006 0.274152 42341.4 1.1751e+006 -254596
4.101 680246 824.77 1.05719e+006 0.243026 38907.2 1.0961e+006 -415850
4.108 833635 913.036 985679 0.215323 35727.1 1.02141e+006 -187772
4.116 1.13825e+006 1066.89 908746 0.187389 32382.7 941128 197126
4.123 839778 916.394 845466 0.165844 29692.4 875158 -35380.6
4.13 655799 809.814 785807 0.146701 27207 813014 -157215
4.137 728748 853.667 729629 0.1297 24912.7 754542 -25793.8
4.144 682125 825.909 676791 0.11461 22796.3 699587 -17462
4.152 513553 716.626 620314 0.0994385 20579.5 640894 -127341
4.159 508162 712.855 574163 0.0877719 18803.7 592966 -84804.6
4.166 451236 671.741 530914 0.0774341 17169.3 548083 -96847
4.173 448724 669.868 490433 0.0682785 15666.4 506099 -57375.7
4.181 358447 598.704 447387 0.0590954 14097.3 461484 -103038
4.188 334681 578.516 412391 0.0520504 12844.4 425236 -90555
4.196 400189 632.605 375276 0.0449929 11538.7 386815 13373.7
4.203 377101 614.086 345182 0.0395852 10497.8 355680 21421.4
4.211 302021 549.565 313348 0.0341745 9414.87 322763 -20741.7
4.218 281907 530.949 287604 0.0300338 8553.07 296157 -14250.4
4.226 228508 478.025 260442 0.0258958 7657.92 268100 -39592.1
4.233 211461 459.849 238534 0.022733 6946.78 245480 -34019.1
4.241 191328 437.411 215479 0.0195761 6209.35 221688 -30360
4.248 177054 420.778 196931 0.0171661 5624.49 202555 -25501.1
4.256 239318 489.201 177462 0.0147635 5019.02 182481 56836.5
4.264 254608 504.587 159710 0.0126887 4474.74 164185 90423.3
4.271 270401 520.001 145484 0.0111077 4044.18 149528 120873
4.279 213578 462.145 130611 0.00953452 3599.59 134211 79367.7
4.287 144804 380.532 117105 0.00817864 3201.02 120307 24497.9
4.294 137644 371.004 106325 0.00714743 2886.53 109212 28432.6
4.302 158772 398.462 95097.9 0.00612326 2562.63 97660.5 61111.5
4.31 172948 415.87 84945.4 0.00524229 2273.04 87218.4 85729.2
4.318 142942 378.077 75777.8 0.00448505 2014.38 77792.2 65150.1
4.326 117685 343.052 67511.5 0.00383459 1783.56 69295.1 48389.4
4.334 92432.1 304.026 60068.6 0.00327626 1577.79 61646.4 30785.7
4.342 154995 393.694 53376.5 0.00279733 1394.51 54771 100224
4.35 194341 440.841 47368.2 0.0023868 1231.42 48599.6 145741
4.358 176760 420.428 41981.4 0.00203514 1086.43 43067.8 133692
4.366 133930 365.965 37158.6 0.00173412 957.664 38116.3 95813.8
4.374 113705 337.202 32847.1 0.00147663 843.405 33690.5 80014.8
4.382 90819.2 301.362 28997.9 0.00125652 742.116 29740.1 61079.2
4.39 114311 338.099 25566.5 0.0010685 652.409 26218.9 88091.7
4.398 177816 421.683 22511.7 0.000908001 573.034 23084.7 154732
4.406 268737 518.398 19796.1 0.000771089 502.868 20298.9 248438
4.414 400966 633.219 17385.3 0.000654379 440.9 17826.2 383140
4.423 451216 671.726 14999 0.000543618 379.861 15378.8 435837
