1.772 664664 815.269 1.72181e-006 34324.8 6.7969 34331.6 630332
1.773 658752 811.635 1.77919e-006 34550.2 6.93151 34557.1 624195
1.774 653817 808.59 1.83845e-006 34776.6 7.06868 34783.7 619033
1.775 650348 806.442 1.89966e-006 35004.2 7.20847 35011.5 615337
1.777 648219 805.12 2.02813e-006 35462.9 7.49608 35470.4 612748
1.778 647005 804.366 2.09553e-006 35694 7.644 35701.6 611304
1.779 646386 803.982 2.16514e-006 35926.2 7.79473 35934 610452
1.78 646278 803.914 2.23701e-006 36159.5 7.94832 36167.5 610111
1.781 646655 804.148 2.31123e-006 36394.1 8.10482 36402.2 610253
1.783 647309 804.555 2.467e-006 36866.6 8.42677 36875 610434
1.784 647827 804.877 2.54871e-006 37104.6 8.59233 37113.2 610714
1.785 647790 804.854 2.63308e-006 37343.8 8.76102 37352.6 610437
1.786 642040 801.274 2.72019e-006 37584.2 8.93289 37593.1 604446
1.788 600186 774.717 2.903e-006 38068.4 9.28643 38077.7 562109
1.789 493528 702.516 2.99888e-006 38312.4 9.46821 38321.8 455206
1.79 476076 689.982 3.09787e-006 38557.4 9.65341 38567.1 437509
1.791 527194 726.081 3.20007e-006 38803.7 9.8421 38813.6 488380
1.793 561628 749.419 3.4145e-006 39299.9 10.2302 39310.1 522318
1.794 605218 777.957 3.52695e-006 39549.7 10.4297 39560.1 565658
1.795 675815 822.08 3.64304e-006 39800.8 10.633 39811.4 636004
1.796 689670 830.463 3.76288e-006 40053 10.84 40063.9 649606
1.798 628532 792.8 4.01429e-006 40561.2 11.2659 40572.4 587959
1.799 532540 729.753 4.14612e-006 40817.1 11.4848 40828.5 491711
1.8 531676 729.161 4.2822e-006 41074.2 11.7078 41085.9 490590
1.801 625319 790.771 4.42266e-006 41332.5 11.9349 41344.4 583975
1.803 660516 812.722 4.7173e-006 41852.7 12.4021 41865.1 618651
1.804 593891 770.643 4.87177e-006 42114.7 12.6422 42127.4 551764
1.805 537751 733.315 5.03121e-006 42377.9 12.8867 42390.8 495360
1.807 524353 724.122 5.36561e-006 42908 13.3896 42921.4 481432
1.808 537265 732.984 5.54091e-006 43174.9 13.648 43188.5 494077
1.809 529520 727.681 5.72183e-006 43443 13.9113 43456.9 486063
1.81 552890 743.565 5.90854e-006 43712.3 14.1794 43726.5 509163
1.812 562773 750.182 6.30011e-006 44254.8 14.7306 44269.5 518503
1.813 533910 730.691 6.50535e-006 44527.9 15.0139 44542.9 489367
1.814 545414 738.521 6.71714e-006 44802.2 15.3024 44817.5 500596
1.816 575606 758.687 7.16126e-006 45354.6 15.8955 45370.5 530236
1.817 582773 763.396 7.394e-006 45632.7 16.2002 45648.9 537124
1.818 518907 720.352 7.63418e-006 45912 16.5106 45928.5 472978
1.819 495927 704.221 7.88201e-006 46192.6 16.8267 46209.5 449717
1.821 539504 734.509 8.40161e-006 46757.6 17.4764 46775.1 492728
1.822 557009 746.33 8.67388e-006 47042 17.8102 47059.8 509949
1.823 523264 723.37 8.95481e-006 47327.7 18.1502 47345.8 475918
1.825 498341 705.933 9.54375e-006 47902.8 18.8488 47921.6 450420
1.826 557306 746.529 9.85231e-006 48192.2 19.2078 48211.4 509095
1.827 677734 823.246 1.01707e-005 48483 19.5733 48502.5 629231
1.829 626363 791.431 1.0838e-005 49068.3 20.3245 49088.6 577274
1.83 489217 699.441 1.11876e-005 49362.9 20.7104 49383.6 439834
1.831 525123 724.654 1.15483e-005 49658.7 21.1033 49679.8 475443
1.832 484381 695.975 1.19203e-005 49955.9 21.5034 49977.4 434404
1.834 464748 681.724 1.27001e-005 50554 22.3255 50576.3 414172
1.835 503753 709.755 1.31086e-005 50855 22.7478 50877.8 452875
1.836 527276 726.138 1.353e-005 51157.3 23.1777 51180.5 476095
1.838 486702 697.64 1.4413e-005 51765.8 24.0611 51789.8 434912
1.839 535544 731.809 1.48755e-005 52072 24.5149 52096.5 483447
1.84 544968 738.219 1.53525e-005 52379.4 24.9768 52404.4 492563
1.842 487330 698.091 1.63521e-005 52998.3 25.9258 53024.2 434306
1.843 443755 666.149 1.68755e-005 53309.7 26.4133 53336.1 390418
1.844 455768 675.106 1.74155e-005 53622.4 26.9094 53649.3 402119
1.846 552542 743.331 1.85466e-005 54251.7 27.9288 54279.6 498262
1.847 591244 768.924 1.9139e-005 54568.3 28.4523 54596.8 536647
1.848 532400 729.657 1.97499e-005 54886.2 28.9851 54915.2 477485
1.85 501787 708.369 2.10296e-005 55526 30.0797 55556.1 446231
1.851 527231 726.107 2.16997e-005 55847.9 30.6418 55878.5 471353
1.852 436839 660.938 2.23907e-005 56171.1 31.2139 56202.3 380637
1.854 464850 681.799 2.38381e-005 56821.4 32.389 56853.8 407996
1.855 476004 689.93 2.45958e-005 57148.5 32.9923 57181.5 418822
1.856 477051 690.688 2.53772e-005 57477 33.6064 57510.6 419540
1.858 496233 704.438 2.70137e-005 58137.9 34.8677 58172.7 438060
1.859 480642 693.283 2.78704e-005 58470.3 35.5152 58505.8 422136
1.861 487930 698.52 2.96644e-005 59139.1 36.845 59176 428754
1.862 485218 696.576 3.06035e-005 59475.5 37.5276 59513.1 425705
1.863 466026 682.661 3.15717e-005 59813.3 38.2224 59851.5 406175
1.865 446397 668.129 3.35991e-005 60492.7 39.649 60532.4 385864
1.866 464760 681.733 3.46602e-005 60834.5 40.3814 60874.9 403885
1.867 442947 665.542 3.57541e-005 61177.5 41.1266 61218.7 381728
1.869 484448 696.023 3.80446e-005 61867.6 42.6569 61910.3 422538
1.87 458160 676.875 3.92432e-005 62214.7 43.4423 62258.2 395902
1.871 445631 667.556 4.04789e-005 62563.1 44.2416 62607.3 383024
1.873 510095 714.21 4.30657e-005 63263.9 45.8826 63309.8 446786
1.874 388336 623.166 4.44193e-005 63616.3 46.7248 63663 324672
1.876 351772 593.103 4.72529e-005 64325.1 48.4538 64373.6 287398
1.877 341464 584.349 4.87354e-005 64681.5 49.3412 64730.9 276733
1.878 347722 589.679 5.02635e-005 65039.3 50.244 65089.5 282632
1.88 344554 586.987 5.34621e-005 65758.8 52.0974 65810.9 278743
1.881 358269 598.556 5.51354e-005 66120.6 53.0484 66173.6 292096
1.883 379871 616.337 5.86376e-005 66848.1 55.0006 66903.1 312968
1.884 431211 656.667 6.04696e-005 67213.9 56.0023 67269.9 363942
1.885 442869 665.484 6.23577e-005 67581.1 57.0214 67638.1 375231
1.887 484059 695.744 6.6309e-005 68319.3 59.1131 68378.4 415681
1.888 550356 741.86 6.83757e-005 68690.5 60.1863 68750.7 481606
1.89 376504 613.6 7.27004e-005 69436.8 62.3889 69499.2 307005
1.891 384317 619.933 7.49622e-005 69812 63.5189 69875.5 314441
1.892 379735 616.226 7.72929e-005 70188.5 64.6684 70253.2 309481
1.894 392630 626.602 8.21697e-005 70945.5 67.0274 71012.6 321617
1.895 426644 653.18 8.47199e-005 71326.1 68.2376 71394.3 355249
1.897 434262 658.985 9.00554e-005 72091.2 70.7208 72161.9 362100
1.898 332313 576.466 9.28453e-005 72475.7 71.9946 72547.7 259765
1.899 336499 580.086 9.572e-005 72861.6 73.2903 72934.9 263565
1.901 337227 580.712 0.000101733 73637.4 75.9489 73713.3 263513
1.902 313888 560.257 0.000104877 74027.3 77.3125 74104.6 239783
1.904 313712 560.1 0.000111454 74811.1 80.1102 74891.2 238821
1.905 313841 560.215 0.000114892 75205 81.5451 75286.6 238555
1.907 321289 566.824 0.000122084 75996.8 84.4888 76081.3 245208
1.908 340341 583.388 0.000125843 76394.7 85.9985 76480.7 263860
1.91 340411 583.447 0.000133705 77194.5 89.0955 77283.6 263127
1.911 313441 559.858 0.000137814 77596.4 90.6836 77687.1 235754
1.912 315520 561.712 0.000142048 77999.7 92.2988 78092 237428
1.914 297404 545.348 0.0001509 78810.1 95.6119 78905.7 218498
1.915 296454 544.476 0.000155527 79217.3 97.3107 79314.6 217140
1.917 304423 551.745 0.000165201 80035.7 100.795 80136.5 224286
1.918 319827 565.533 0.000170257 80446.9 102.582 80549.5 239278
1.92 339837 582.955 0.000180828 81273.3 106.246 81379.5 258457
1.921 322186 567.614 0.000186353 81688.4 108.125 81796.5 240389
1.923 312540 559.053 0.000197901 82522.6 111.977 82634.6 229905
1.924 281604 530.664 0.000203936 82941.7 113.953 83055.7 198548
1.925 261011 510.892 0.00021015 83362.1 115.961 83478.1 177533
1.927 265768 515.527 0.000223141 84206.9 120.079 84326.9 181441
1.928 286231 535.006 0.000229929 84631.2 122.191 84753.4 201478
1.93 306377 553.514 0.000244116 85483.8 126.52 85610.3 220767
1.931 288984 537.572 0.000251528 85912 128.739 86040.8 202943
1.933 268099 517.783 0.000267018 86772.4 133.289 86905.7 181193
1.934 278464 527.696 0.00027511 87204.5 135.62 87340.2 191123
1.936 311890 558.471 0.000292021 88072.7 140.402 88213.1 223677
1.937 253712 503.699 0.000300854 88508.7 142.852 88651.6 165061
1.939 261374 511.247 0.000319313 89384.6 147.876 89532.5 171841
1.94 248184 498.181 0.000328954 89824.5 150.45 89974.9 158209
1.942 229355 478.911 0.000349099 90708.1 155.728 90863.8 138492
1.943 236233 486.038 0.000359619 91151.8 158.432 91310.2 144923
1.945 221296 470.421 0.0003816 92043 163.976 92207 129089
1.946 205368 453.175 0.000393078 92490.6 166.817 92657.4 112711
1.948 233082 482.786 0.000417059 93389.4 172.639 93562.1 139520
1.949 255268 505.24 0.00042958 93840.7 175.623 94016.4 161252
1.951 263447 513.271 0.000455738 94747.2 181.737 94928.9 168518
1.952 277537 526.818 0.000469395 95202.2 184.87 95387.1 182150
1.954 271167 520.737 0.000497923 96116.2 191.29 96307.5 174860
1.955 267180 516.895 0.000512816 96575 194.58 96769.6 170410
1.957 231983 481.646 0.000543923 97496.4 201.32 97697.7 134285
1.958 224212 473.511 0.000560162 97958.9 204.773 98163.7 126049
1.96 256844 506.797 0.000594076 98887.7 211.849 99099.5 157744
1.961 218804 467.765 0.000611779 99353.9 215.474 99569.4 119235
1.963 244136 494.101 0.000648747 100290 222.9 100513 143623
1.964 258291 508.224 0.000668042 100760 226.704 100987 157305
1.966 249962 499.962 0.000708333 101703 234.499 101938 148024
1.968 222540 471.741 0.000750999 102651 242.547 102894 119646
1.969 199332 446.466 0.000773266 103127 246.669 103374 95957.5
1.971 219985 469.026 0.000819754 104083 255.113 104338 115647
1.972 189266 435.047 0.000844012 104562 259.438 104822 84444.6
1.974 189100 434.856 0.000894656 105525 268.297 105793 83307.1
1.975 202577 450.086 0.00092108 106008 272.833 106280 96296.8
1.977 220226 469.283 0.000976242 106977 282.126 107259 112967
1.978 227376 476.84 0.00100502 107464 286.884 107750 119626
1.98 229992 479.575 0.00106509 108440 296.63 108737 121255
1.981 204754 452.497 0.00109643 108930 301.62 109232 95522.3
1.983 197813 444.762 0.00116184 109913 311.841 110225 87587.9
1.985 197701 444.636 0.00123106 110901 322.389 111224 86477.4
1.986 193269 439.624 0.00126717 111397 327.789 111725 81545
1.988 191492 437.597 0.00134252 112391 338.849 112730 78761.4
1.989 204002 451.665 0.00138182 112890 344.51 113235 90766.9
1.991 177663 421.501 0.00146383 113891 356.104 114248 63415.6
1.992 176409 420.011 0.0015066 114394 362.038 114756 61653.7
1.994 220287 469.348 0.00159584 115402 374.19 115776 104511
1.996 258658 508.584 0.00169024 116414 386.728 116800 141857
1.997 207278 455.278 0.00173946 116921 393.145 117314 89963.8
1.999 211657 460.062 0.00184216 117940 406.284 118346 93310.6
2 209776 458.013 0.00189571 118451 413.008 118864 90912.6
2.002 191803 437.953 0.00200741 119475 426.774 119902 71900.7
2.004 180039 424.31 0.00212554 120504 440.974 120945 59093.8
2.005 172523 415.359 0.00218713 121020 448.241 121469 51054.4
2.007 174517 417.753 0.00231558 122056 463.117 122519 51998.7
2.008 176272 419.848 0.00238254 122575 470.729 123045 53226.6
2.01 181074 425.528 0.00252219 123616 486.309 124102 56971.8
2.012 198085 445.068 0.00266984 124661 502.377 125163 72921.9
2.013 198773 445.84 0.00274679 125185 510.599 125695 73077.5
2.015 216528 465.325 0.00290727 126236 527.425 126763 89764.5
2.017 187051 432.494 0.00307689 127291 544.775 127835 59216
2.018 178273 422.224 0.0031653 127819 553.651 128373 49899.6
2.02 179806 424.035 0.00334961 128880 571.815 129452 50354
2.021 171651 414.307 0.00344566 129412 581.107 129993 41657.8
2.023 171891 414.598 0.0036459 130478 600.122 131078 40813.7
2.025 164547 405.645 0.0038575 131547 619.723 132167 32380.5
2.026 176187 419.746 0.00396775 132083 629.75 132713 43473.4
2.028 183589 428.473 0.00419757 133158 650.264 133809 49780.2
2.03 179586 423.775 0.00444038 134237 671.409 134908 44677.3
2.031 175762 419.24 0.00456688 134777 682.223 135460 40302.4
2.033 174473 417.7 0.00483052 135861 704.348 136565 37907.6
2.035 152519 390.536 0.00510901 136948 727.149 137675 14843.3
2.036 144291 379.856 0.00525408 137493 738.81 138232 6059.27
2.038 152752 390.835 0.00555638 138585 762.662 139347 13404.8
2.039 170898 413.398 0.00571384 139132 774.859 139907 30990.9
2.041 185158 430.3 0.00604193 140228 799.808 141028 44129.5
2.043 176011 419.536 0.0063884 141328 825.513 142154 33856.7
2.044 168921 411 0.00656884 141879 838.656 142718 26203.3
2.046 166346 407.855 0.00694477 142984 865.537 143849 22496.7
2.048 175839 419.331 0.00734167 144091 893.23 144984 30854.6
2.05 200313 447.564 0.0077607 145201 921.756 146123 54190.6
2.051 196169 442.909 0.00797888 145757 936.339 146694 49474.9
2.053 211324 459.7 0.00843335 146872 966.161 147838 63485.8
2.055 221261 470.384 0.00891306 147989 996.876 148986 72275.4
2.056 212783 461.284 0.00916281 148548 1012.58 149561 63221.6
2.058 189362 435.157 0.00968295 149670 1044.68 150714 38647.8
2.06 166958 408.604 0.0102319 150793 1077.74 151871 15086.6
2.061 178235 422.179 0.0105176 151356 1094.63 152451 25784.1
2.063 183137 427.945 0.0111127 152483 1129.18 153613 29524.3
2.065 177202 420.954 0.0117405 153613 1164.75 154778 22424.5
2.066 172475 415.301 0.0120673 154179 1182.93 155362 17113
2.068 172771 415.658 0.0127477 155312 1220.09 156532 16239.1
2.07 170847 413.337 0.0134654 156447 1258.34 157706 13141.7
2.072 177608 421.435 0.0142226 157585 1297.73 158883 18725.2
2.073 182955 427.732 0.0146166 158155 1317.85 159472 23482.3
2.075 175639 419.093 0.0154367 159295 1358.98 160654 14984.9
2.077 168220 410.147 0.0163018 160438 1401.31 161839 6381.21
2.079 183965 428.912 0.017214 161582 1444.89 163027 20938.2
2.08 175899 419.404 0.0176886 162155 1467.15 163622 12277.4
2.082 179321 423.463 0.0186764 163302 1512.64 164815 14506.4
2.084 196365 443.131 0.019718 164451 1559.45 166010 30355.2
2.085 212555 461.037 0.0202598 165026 1583.37 166609 45946
2.087 190383 436.329 0.0213873 166177 1632.23 167809 22574
2.089 188641 434.329 0.0225759 167329 1682.51 169012 19629.3
2.091 179584 423.774 0.0238288 168483 1734.24 170218 9366.28
2.092 188268 433.899 0.0244805 169061 1760.66 170822 17446.6
2.094 200322 447.573 0.0258363 170217 1814.64 172032 28290.1
2.096 200057 447.278 0.0272652 171374 1870.17 173244 26813.1
2.098 183596 428.481 0.028771 172532 1927.29 174460 9136.67
2.1 184027 428.984 0.0303579 173692 1986.04 175678 8349.61
2.101 178786 422.832 0.0311829 174272 2016.04 176288 2498.79
2.103 196213 442.959 0.0328992 175432 2077.33 177510 18703.4
2.105 208295 456.393 0.0347073 176594 2140.35 178734 29560.3
2.107 184259 429.254 0.0366122 177756 2205.16 179961 4297.79
2.108 181335 425.834 0.0376025 178337 2238.25 180576 759.335
2.11 184678 429.742 0.0396619 179501 2305.84 181806 2871.8
2.112 220292 469.353 0.0418311 180664 2375.33 183040 37252.4
2.114 259875 509.78 0.0441158 181828 2446.77 184275 75600.2
2.116 235222 484.997 0.0465218 182993 2520.22 185513 49709.4
2.117 186535 431.897 0.0477723 183575 2557.72 186133 402.483
2.119 172234 415.011 0.0503722 184740 2634.28 187374 -15140.2
2.121 169692 411.936 0.0531098 185905 2712.98 188618 -18926.3
2.123 193716 440.131 0.055992 187070 2793.87 189864 3852.04
2.125 229811 479.386 0.0590264 188235 2877.02 191112 38698.9
2.126 231346 480.985 0.0606031 188817 2919.45 191736 39609.9
2.128 215508 464.228 0.0638804 189982 3006.08 192988 22520
2.13 203630 451.254 0.0673301 191146 3095.1 194241 9389.53
2.132 173686 416.756 0.0709608 192310 3186.58 195496 -21810.4
2.134 159130 398.91 0.0747819 193473 3280.58 196754 -37624.2
2.136 174820 418.115 0.078803 194636 3377.16 198013 -23192.9
2.137 185732 430.967 0.0808918 195217 3426.44 198644 -12911.4
2.139 222259 471.444 0.0852321 196379 3527.02 199906 22353.3
2.141 244168 494.133 0.0897988 197540 3630.34 201170 42997.7
2.143 239270 489.152 0.0946033 198700 3736.49 202436 36833.4
2.145 215813 464.557 0.0996576 199859 3845.51 203705 12108.4
2.147 196186 442.929 0.104974 201017 3957.5 204974 -8788.07
2.149 195461 442.109 0.110567 202174 4072.52 206246 -10785.7
2.15 211466 459.854 0.11347 202751 4131.19 206883 4582.85
2.152 233835 483.564 0.119502 203906 4250.9 208157 25677.4
2.154 228797 478.327 0.125846 205059 4373.83 209433 19363.8
2.156 211377 459.757 0.132516 206211 4500.06 210711 665.373
2.158 203654 451.281 0.13953 207361 4629.68 211991 -8336.81
2.16 212212 460.665 0.146904 208510 4762.76 213272 -1060.23
2.162 220234 469.291 0.154657 209656 4899.39 214556 5678.27
2.163 232581 482.267 0.158681 210229 4969.06 215198 17383.4
2.165 247400 497.393 0.167037 211372 5111.18 216483 30916.2
2.167 230447 480.048 0.17582 212514 5257.06 217771 12675.7
2.169 223371 472.621 0.185052 213653 5406.8 219060 4311.2
2.171 220538 469.615 0.194754 214790 5560.5 220350 187.619
2.173 233543 483.263 0.20495 215924 5718.24 221643 11900
2.175 240313 490.218 0.215664 217056 5880.13 222937 17376.7
2.177 216618 465.423 0.226922 218186 6046.26 224232 -7614.06
2.179 219945 468.983 0.23875 219312 6216.73 225529 -5584.79
2.181 226277 475.686 0.251176 220436 6391.65 226828 -550.943
2.183 241961 491.895 0.26423 221557 6571.12 228129 13831.8
2.184 248679 498.677 0.271002 222117 6662.6 228780 19899.5
2.186 234372 484.12 0.285055 223233 6849.1 230083 4289.37
2.188 234461 484.211 0.299814 224346 7040.42 231387 3073.52
2.19 222382 471.574 0.315315 225456 7236.68 232693 -10311.5
2.192 220758 469.849 0.331594 226563 7438 234001 -13243.1
2.194 224969 474.309 0.348687 227666 7644.48 235311 -10341.7
2.196 249415 499.415 0.366635 228766 7856.25 236622 12792.4
2.198 255463 505.433 0.385479 229862 8073.44 237936 17527.3
2.2 231111 480.741 0.405261 230954 8296.16 239250 -8138.85
2.202 231437 481.079 0.426028 232042 8524.54 240567 -9130.13
2.204 239724 489.616 0.447826 233126 8758.72 241885 -2161.15
2.206 241905 491.838 0.470706 234206 8998.83 243206 -1301.03
2.208 260207 510.105 0.494718 235282 9245 244528 15679.5
2.21 299726 547.472 0.519918 236354 9497.37 245852 53873.9
2.212 281136 530.222 0.546361 237421 9756.07 247178 33958.3
2.214 266642 516.374 0.574107 238484 10021.3 248505 18136.2
2.216 259178 509.095 0.603219 239542 10293.1 249835 9342.32
2.218 243725 493.685 0.63376 240595 10571.7 251167 -7442.23
2.22 250537 500.537 0.6658 241643 10857.2 252501 -1964.33
2.222 283090 532.062 0.699408 242687 11149.8 253837 29252.6
2.224 274645 524.066 0.734659 243725 11449.7 255176 19469.4
2.226 269030 518.681 0.771631 244759 11756.9 256517 12513.9
2.228 260477 510.369 0.810404 245787 12071.7 257860 2617.33
2.23 247450 497.444 0.851064 246810 12394.3 259205 -11754.6
2.232 265727 515.488 0.893699 247827 12724.7 260553 5174.71
2.234 264849 514.635 0.938401 248839 13063.3 261903 2946.09
2.236 254034 504.018 0.985268 249845 13410 263256 -9222.45
2.238 252451 502.445 1.0344 250846 13765.2 264612 -12160.9
2.24 252363 502.358 1.0859 251840 14129.1 265970 -13607
2.242 257885 507.824 1.13989 252829 14501.7 267332 -9446.57
2.244 270494 520.09 1.19647 253811 14883.3 268696 1798.04
2.246 273394 522.87 1.25576 254788 15274.1 270063 3330.53
2.248 257802 507.742 1.31791 255758 15674.2 271433 -13631.3
2.25 243399 493.355 1.38302 256722 16084 272807 -29407.6
2.252 246246 496.232 1.45125 257679 16503.5 274184 -27938
2.254 266364 516.105 1.52273 258630 16933 275564 -9199.95
2.256 272749 522.254 1.59762 259574 17372.7 276948 -4198.78
2.258 270339 519.942 1.67606 260511 17822.9 278336 -7996.48
2.26 270671 520.261 1.75823 261442 18283.6 279727 -9056.14
2.262 279438 528.619 1.8443 262365 18755.3 281123 -1684.59
2.265 270105 519.716 1.98109 263738 19483.5 283223 -13118
2.267 310391 557.127 2.07768 264643 19983.3 284629 25762.1
2.269 340593 583.604 2.17883 265542 20494.7 286039 54554.6
2.271 365800 604.814 2.28474 266433 21018 287453 78346.3
2.273 360772 600.643 2.39561 267317 21553.5 288873 71899.3
2.275 332479 576.61 2.51169 268193 22101.4 290297 42181.9
2.277 323292 568.588 2.6332 269061 22661.9 291726 31566
2.279 287735 536.409 2.76038 269922 23235.4 293160 -5425.13
2.281 279213 528.406 2.8935 270775 23822 294600 -15386.6
2.283 306951 554.031 3.03282 271620 24422 296045 10905.8
2.286 337725 581.142 3.25403 272872 25347.8 298223 39502.3
2.288 320548 566.17 3.41009 273697 25982.6 299683 20865.5
2.29 349007 590.769 3.57336 274513 26631.8 301149 47858.8
2.292 338678 581.96 3.74419 275321 27295.7 302621 36057
2.294 314267 560.595 3.92289 276121 27974.6 304099 10167.2
2.296 302016 549.56 4.10983 276912 28668.7 305585 -3568.48
2.298 303515 550.922 4.30536 277695 29378.4 307077 -3562.64
2.301 296354 544.384 4.61561 278852 30472.9 309330 -12975.2
2.303 290717 539.182 4.83432 279613 31222.8 310840 -20123.6
2.305 294408 542.594 5.06303 280365 31989.5 312359 -17951.1
2.307 300044 547.763 5.30217 281107 32773.1 313886 -13841.7
2.309 291508 539.915 5.5522 281841 33574 315421 -23912.1
2.311 320509 566.135 5.81361 282566 34392.5 316964 3545.3
2.313 323060 568.384 6.08687 283281 35229.1 318516 4544.28
2.316 319970 565.658 6.52015 284337 36518.3 320861 -891.79
2.318 306930 554.013 6.82539 285028 37401.2 322437 -15506.1
2.32 297905 545.807 7.14439 285711 38303.4 324021 -26116.7
2.322 298345 546.21 7.47776 286384 39225.1 325616 -27271
2.324 321736 567.218 7.82611 287047 40166.7 327222 -5485.08
2.327 340166 583.237 8.37816 288024 41617.3 329649 10516.5
2.329 340048 583.136 8.76686 288662 42610.3 331281 8766.71
2.331 334950 578.749 9.17293 289291 43624.6 332925 2025.32
2.333 345562 587.845 9.59711 289910 44660.5 334580 10981.8
2.335 347256 589.285 10.0402 290519 45718.5 336247 11008.9
2.338 377265 614.219 10.742 291413 47347.5 338771 38493.2
2.34 357949 598.288 11.2358 291997 48462.3 340470 17478.8
2.342 346836 588.928 11.7516 292570 49600.5 342182 4653.97
2.344 358925 599.104 12.2901 293132 50762.6 343907 15018
2.347 378265 615.033 13.1426 293957 52551.5 346522 31743.5
2.349 401441 633.594 13.7424 294494 53775.1 348283 53158.8
2.351 387424 622.434 14.3684 295020 55024.2 350058 37365.8
2.353 351767 593.099 15.0219 295535 56299.1 351849 -82.424
2.356 314135 560.478 16.0561 296288 58260.8 354565 -40430.2
2.358 345335 587.652 16.7833 296777 59602.3 356396 -11061.2
2.36 376513 613.607 17.5422 297255 60971.3 358244 18269.7
2.362 351522 592.893 18.334 297722 62368.2 360108 -8586.66
2.365 337864 581.261 19.5866 298402 64516.9 362938 -25074
2.367 356634 597.188 20.467 298841 65985.7 364847 -8213.47
2.369 354422 595.334 21.3854 299269 67484.2 366775 -12352.5
2.372 343864 586.4 22.8378 299891 69788.6 369703 -25838.1
2.374 386511 621.7 23.8582 300292 71363.3 371679 14832.6
2.376 387377 622.396 24.9224 300681 72969.5 373675 13701.9
2.378 398732 631.452 26.0322 301059 74607.7 375693 23039.4
2.381 400770 633.064 27.7865 301605 77126 378758 22011.3
2.383 385135 620.592 29.0186 301954 78846.3 380830 4305.22
2.385 424500 651.537 30.303 302293 80600.5 382923 41576.5
2.388 421930 649.562 32.3328 302778 83296.5 386107 35823.2
2.39 382161 618.192 33.7578 303088 85137.7 388259 -6098.2
2.392 383714 619.447 35.2431 303386 87014.7 390436 -6721.62
2.395 407652 638.477 37.5893 303811 89898.6 393747 13905.4
2.397 398302 631.112 39.236 304080 91867.6 395986 2315.58
2.399 411740 641.67 40.9519 304337 93874.5 398252 13487.9
2.402 445284 667.296 43.6615 304701 96957.1 401701 43583.1
2.404 461028 678.99 45.5626 304929 99061.2 404035 56992.7
2.407 446206 667.986 48.564 305248 102292 407589 38616.5
2.409 439173 662.701 50.6694 305447 104498 409995 29178.1
2.411 412561 642.309 52.8622 305633 106744 412430 130.654
2.414 443378 665.867 56.3229 305891 110194 416141 27237.6
2.416 480639 693.281 58.7496 306048 112547 418653 61985.4
2.418 493314 702.363 61.2765 306193 114944 421198 72115.6
2.421 500488 707.452 65.2631 306388 118623 425076 75412
2.423 470907 686.226 68.0578 306503 121133 427704 43202.9
2.426 457927 676.703 72.4658 306653 124984 431709 26217.2
2.428 459295 677.713 75.5551 306738 127610 434424 24871
2.43 473083 687.81 78.7704 306812 130284 437174 35908.3
2.433 524146 723.979 83.8402 306899 134386 441369 82776.7
2.435 503263 709.41 87.3921 306942 137182 444212 59050.8
2.438 494538 703.234 92.9915 306985 141472 448550 45988.1
2.44 506114 711.417 96.9135 306998 144396 451490 54623.8
2.443 543212 737.029 103.095 306995 148879 455977 87234.8
2.445 538370 733.737 107.423 306978 151935 459020 79349.5
2.447 534291 730.952 111.925 306949 155044 462105 72186
2.45 490737 700.526 119.019 306884 159811 466814 23923.3
2.452 496358 704.527 123.984 306825 163058 470007 26351.1
2.455 475930 689.877 131.806 306714 168036 474882 1047.47
2.457 486408 697.43 137.28 306625 171427 478189 8218.65
2.46 536467 732.439 145.9 306470 176623 483238 53228.1
2.462 542690 736.675 151.932 306351 180161 486664 56025.4
2.465 509062 713.486 161.428 306150 185583 491895 17167
2.467 539606 734.579 168.071 306002 189274 495444 44161.9
2.47 584399 764.46 178.528 305757 194929 500864 83534.5
2.472 618266 786.299 185.841 305578 198778 504543 113723
2.475 588547 767.168 197.349 305289 204674 510160 78387.6
2.477 554748 744.814 205.395 305081 208686 513972 40775.5
2.48 528581 727.035 218.055 304747 214830 519795 8785.52
2.482 536669 732.577 226.904 304510 219010 523747 12922
2.485 550546 741.988 240.824 304132 225411 529783 20762.2
2.487 559808 748.203 250.552 303865 229765 533881 25927
2.49 636330 797.703 265.849 303444 236429 540139 96191
2.492 606945 779.067 276.538 303148 240962 544387 62558.1
2.495 568748 754.154 293.342 302683 247899 550876 17871.9
2.498 600708 775.054 311.116 302192 255003 557507 43201.2
2.5 652001 807.466 323.53 301851 259834 562008 89993.1
2.503 670087 818.588 343.04 301317 267224 568884 101203
2.505 718199 847.466 356.663 300947 272248 573551 144647
2.508 748378 865.088 378.067 300370 279932 580680 167698
2.51 626227 791.345 393.01 299972 285154 585520 40707.5
2.513 590657 768.542 416.482 299354 293141 592911 -2253.68
2.516 689101 830.121 441.283 298710 301312 600464 88637.5
2.518 737086 858.537 458.591 298268 306865 605591 131495
2.521 707200 840.952 485.767 297583 315352 613421 93779.6
2.523 690101 830.723 504.728 297113 321118 618735 71365.2
2.526 618641 786.537 534.492 296387 329930 626852 -8211.32
2.529 548525 740.625 565.92 295637 338941 635144 -86619.7
2.531 473592 688.18 587.838 295124 345061 640773 -167181
2.534 551987 742.958 622.231 294334 354410 649367 -97379.2
2.537 569943 754.946 658.53 293520 363967 658146 -88202.5
2.539 588382 767.06 683.835 292965 370455 664103 -75722
2.542 819987 905.531 723.53 292112 380364 673199 146787
2.544 1.1486e+006 1071.73 751.197 291531 387090 679371 469225
2.547 1.21457e+006 1102.08 794.584 290639 397360 688794 525779
2.55 1.09011e+006 1044.08 840.34 289725 407850 698416 391692
2.552 918642 958.458 872.22 289104 414969 704944 213698
2.555 849779 921.835 922.194 288152 425834 714909 134871
2.558 838198 915.531 974.873 287178 436929 725083 113115
2.561 893034 945.005 1030.39 286183 448257 735470 157564
2.563 955022 977.252 1069.05 285507 455939 742515 212507
2.566 810228 900.127 1129.63 284476 467660 753265 56962.7
2.569 801412 895.216 1193.44 283423 479622 764238 37174.1
2.571 996583 998.29 1237.86 282709 487731 771679 224904
2.574 1.09558e+006 1046.7 1307.42 281622 500101 783030 312550
2.577 852573 923.349 1380.67 280514 512719 794614 57959.5
2.58 940874 969.986 1457.79 279386 525590 806433 134441
2.582 986142 993.047 1511.44 278622 534311 814445 171697
2.585 906132 951.909 1595.43 277461 547608 826664 79467.9
2.588 797364 892.952 1683.8 276280 561164 839127 -41763.6
2.591 794541 891.37 1776.78 275080 574983 851839 -57298.7
2.593 762537 873.233 1841.44 274269 584343 860453 -97916.7
2.596 874633 935.218 1942.59 273038 598606 873586 1046.52
2.599 988437 994.202 2048.97 271788 613140 886977 101460
2.602 1.20213e+006 1096.42 2160.81 270520 627947 900628 301505
2.604 1.3413e+006 1158.14 2238.55 269665 637972 909875 431423
2.607 1.08969e+006 1043.88 2360.1 268367 653241 923968 165722
2.61 1.0726e+006 1035.66 2487.84 267052 668790 938331 134266
2.613 1.12445e+006 1060.4 2622.07 265721 684623 952966 171482
2.616 1.18784e+006 1089.88 2763.08 264372 700742 967878 219960
2.618 1.30807e+006 1143.71 2861.02 263464 711648 977974 330093
2.621 1.27831e+006 1130.63 3014.07 262089 728250 993353 284961
2.624 1.19616e+006 1093.69 3174.78 260698 745144 1.00902e+006 187144
2.627 1.29105e+006 1136.25 3343.52 259291 762334 1.02497e+006 266084
2.63 1.14442e+006 1069.78 3520.64 257870 779821 1.04121e+006 103212
2.633 916764 957.478 3706.54 256433 797608 1.05775e+006 -140984
2.636 1.08202e+006 1040.2 3901.62 254982 815698 1.07458e+006 7436.31
2.638 1.14815e+006 1071.52 4036.98 254007 827927 1.08597e+006 62179
2.641 998430 999.215 4248.29 252533 846526 1.10331e+006 -104877
2.644 1.01204e+006 1006 4469.93 251045 865433 1.12095e+006 -108903
2.647 1.40866e+006 1186.87 4702.36 249544 884650 1.1389e+006 269763
2.65 1.10788e+006 1052.56 4946.07 248030 904179 1.15715e+006 -49273.7
2.653 1.09852e+006 1048.1 5201.55 246504 924022 1.17573e+006 -77208
2.656 1.19824e+006 1094.64 5469.34 244965 944181 1.19462e+006 3625.47
2.659 1.38519e+006 1176.94 5749.97 243414 964658 1.21382e+006 171366
2.662 1.52814e+006 1236.18 6044.01 241852 985453 1.23335e+006 294786
2.664 1.46541e+006 1210.54 6247.78 240805 999495 1.24655e+006 218859
2.667 1.42101e+006 1192.06 6565.48 239225 1.02083e+006 1.26662e+006 154396
2.67 1.34601e+006 1160.18 6898.21 237634 1.04248e+006 1.28701e+006 59001.6
2.673 1.48203e+006 1217.39 7246.62 236033 1.06446e+006 1.30774e+006 174293
2.676 1.55605e+006 1247.42 7611.37 234422 1.08676e+006 1.3288e+006 227252
2.679 1.45606e+006 1206.67 7993.18 232801 1.1094e+006 1.35019e+006 105867
2.682 1.27849e+006 1130.7 8392.77 231172 1.13235e+006 1.37192e+006 -93431.6
2.685 1.13189e+006 1063.9 8810.88 229533 1.15564e+006 1.39399e+006 -262096
2.688 1.45068e+006 1204.44 9248.31 227886 1.17926e+006 1.41639e+006 34287.5
2.691 1.73661e+006 1317.8 9705.87 226231 1.20321e+006 1.43914e+006 297463
2.694 1.63452e+006 1278.48 10184.4 224569 1.22749e+006 1.46224e+006 172283
2.697 1.18227e+006 1087.32 10684.8 222899 1.25209e+006 1.48568e+006 -303411
2.7 1.29853e+006 1139.53 11207.9 221221 1.27704e+006 1.50947e+006 -210936
2.703 1.27275e+006 1128.16 11754.7 219538 1.30231e+006 1.5336e+006 -260852
2.706 1.48013e+006 1216.6 12326.2 217847 1.32791e+006 1.55809e+006 -77959.3
2.709 1.60754e+006 1267.89 12923.3 216151 1.35385e+006 1.58292e+006 24618.3
2.712 1.45309e+006 1205.44 13547.1 214449 1.38012e+006 1.60811e+006 -155024
2.715 1.90682e+006 1380.88 14198.8 212742 1.40672e+006 1.63366e+006 273160
2.718 1.98411e+006 1408.58 14879.3 211029 1.43365e+006 1.65956e+006 324551
2.721 1.76171e+006 1327.29 15589.9 209312 1.46091e+006 1.68581e+006 75898.6
2.724 1.68074e+006 1296.44 16331.7 207591 1.4885e+006 1.71242e+006 -31679.9
2.727 1.64666e+006 1283.22 17106.1 205866 1.51642e+006 1.73939e+006 -92732.5
2.731 1.48232e+006 1217.51 18191.3 203560 1.55416e+006 1.77591e+006 -293585
2.734 1.50627e+006 1227.3 19046.6 201827 1.58284e+006 1.80371e+006 -297447
2.737 1.85472e+006 1361.88 19938.8 200091 1.61185e+006 1.83188e+006 22837.1
2.74 1.8869e+006 1373.64 20869.3 198352 1.64118e+006 1.8604e+006 26496.9
2.743 1.99775e+006 1413.42 21839.8 196611 1.67084e+006 1.88929e+006 108466
2.746 2.20309e+006 1484.28 22851.6 194868 1.70081e+006 1.91853e+006 284559
2.749 1.88834e+006 1374.17 23906.3 193124 1.7311e+006 1.94813e+006 -59789.5
2.752 2.16462e+006 1471.27 25005.7 191379 1.76171e+006 1.9781e+006 186527
2.755 1.92123e+006 1386.09 26151.3 189632 1.79264e+006 2.00842e+006 -87186.4
2.759 1.89199e+006 1375.5 27753.8 187303 1.83435e+006 2.04941e+006 -157420
2.762 1.88379e+006 1372.51 29014.2 185555 1.866e+006 2.08057e+006 -196775
2.765 1.90667e+006 1380.82 30326.9 183808 1.89795e+006 2.11209e+006 -205411
2.768 1.75817e+006 1325.96 31693.8 182061 1.93021e+006 2.14396e+006 -385791
2.771 1.72935e+006 1315.05 33116.9 180315 1.96276e+006 2.17619e+006 -446842
2.774 2.07629e+006 1440.93 34598.2 178570 1.99561e+006 2.20878e+006 -132491
2.778 2.61986e+006 1618.6 36667.5 176245 2.03987e+006 2.25278e+006 367085
2.781 2.45681e+006 1567.42 38293 174504 2.07339e+006 2.28619e+006 170618
2.784 2.17441e+006 1474.59 39984 172764 2.1072e+006 2.31995e+006 -145542
2.787 2.35771e+006 1535.48 41742.9 171027 2.1413e+006 2.35407e+006 3640.85
2.79 2.61548e+006 1617.25 43572 169292 2.17566e+006 2.38853e+006 226956
2.794 2.5849e+006 1607.76 46124.2 166984 2.22191e+006 2.43502e+006 149884
2.797 2.32175e+006 1523.73 48126.9 165256 2.2569e+006 2.47029e+006 -148534
2.8 3.01445e+006 1736.22 50208.3 163532 2.29216e+006 2.5059e+006 508555
2.803 3.1099e+006 1763.49 52371.1 161811 2.32767e+006 2.54185e+006 568048
2.807 2.61949e+006 1618.49 55386.4 159523 2.37541e+006 2.59032e+006 29178.1
2.81 2.57788e+006 1605.58 57750.2 157813 2.41149e+006 2.62706e+006 -49174.8
2.813 3.15009e+006 1774.85 60205.1 156107 2.44782e+006 2.66413e+006 485957
2.816 3.07515e+006 1753.61 62754 154405 2.48438e+006 2.70154e+006 373618
2.82 2.73871e+006 1654.9 66304.3 152145 2.53347e+006 2.75192e+006 -13211
2.823 2.55576e+006 1598.67 69085 150456 2.57055e+006 2.79009e+006 -234332
2.826 2.86082e+006 1691.4 71970.6 148772 2.60784e+006 2.82858e+006 32237.1
2.83 3.5954e+006 1896.15 75987 146537 2.65788e+006 2.8804e+006 714998
2.833 2.82998e+006 1682.25 79130.6 144868 2.69563e+006 2.91963e+006 -89651.8
2.836 2.514e+006 1585.56 82390.7 143205 2.73358e+006 2.95918e+006 -445177
2.84 2.63615e+006 1623.62 86925.3 140998 2.78447e+006 3.01239e+006 -376235
2.843 2.72846e+006 1651.81 90472 139351 2.82283e+006 3.05265e+006 -324190
2.846 2.79279e+006 1671.16 94148 137711 2.86136e+006 3.09322e+006 -300435
2.85 3.0041e+006 1733.23 99257.5 135536 2.91298e+006 3.14777e+006 -143674
2.853 3.50773e+006 1872.89 103251 133913 2.95187e+006 3.18903e+006 318692
2.856 3.10765e+006 1762.85 107388 132298 2.9909e+006 3.23058e+006 -122934
2.86 2.45698e+006 1567.48 113133 130157 3.04314e+006 3.28643e+006 -829452
2.863 2.76166e+006 1661.83 117621 128561 3.08246e+006 3.32865e+006 -566982
2.867 4.16788e+006 2041.54 123851 126447 3.13507e+006 3.38537e+006 782511
2.87 4.7411e+006 2177.41 128714 124870 3.17464e+006 3.42823e+006 1.31287e+006
2.874 4.26854e+006 2066.04 135462 122783 3.22755e+006 3.48579e+006 782741
2.877 4.42567e+006 2103.73 140728 121227 3.26732e+006 3.52928e+006 896396
2.88 3.94499e+006 1986.2 146174 119681 3.30717e+006 3.57302e+006 371967
2.884 3.40724e+006 1845.87 153726 117634 3.36039e+006 3.63175e+006 -224507
2.887 3.92696e+006 1981.66 159615 116110 3.40037e+006 3.67609e+006 250866
2.891 3.83675e+006 1958.76 167776 114092 3.45373e+006 3.73559e+006 101154
2.894 2.92515e+006 1710.31 174136 112591 3.49378e+006 3.7805e+006 -855357
2.898 3.08781e+006 1757.22 182946 110604 3.54721e+006 3.84076e+006 -752944
2.901 3.85832e+006 1964.26 189808 109126 3.58728e+006 3.88622e+006 -27893.9
2.905 3.03488e+006 1742.09 199309 107172 3.6407e+006 3.94718e+006 -912306
2.908 3.0458e+006 1745.22 206707 105718 3.68075e+006 3.99317e+006 -947366
2.912 3.60144e+006 1897.74 216943 103796 3.73409e+006 4.05483e+006 -453392
2.915 3.8147e+006 1953.12 224909 102366 3.77404e+006 4.10132e+006 -286623
2.919 4.03778e+006 2009.42 235927 100478 3.82723e+006 4.16363e+006 -125850
2.922 4.02902e+006 2007.24 244497 99074 3.86704e+006 4.21061e+006 -181585
2.926 3.51654e+006 1875.24 256343 97219.4 3.91998e+006 4.27355e+006 -757008
2.929 4.21389e+006 2052.78 265553 95841.5 3.95959e+006 4.32098e+006 -107094
2.933 3.88746e+006 1971.66 278278 94021.6 4.01222e+006 4.38452e+006 -497062
2.937 4.37337e+006 2091.26 291528 92221.9 4.06464e+006 4.44839e+006 -75017.2
2.94 5.0085e+006 2237.97 301820 90885.4 4.1038e+006 4.4965e+006 511996
2.944 4.11214e+006 2027.84 316030 89121.3 4.15577e+006 4.56093e+006 -448782
2.947 4.44642e+006 2108.65 327062 87811.7 4.19457e+006 4.60944e+006 -163018
2.951 4.01541e+006 2003.85 342286 86083.7 4.24602e+006 4.67439e+006 -658983
2.955 3.47316e+006 1863.64 358114 84376.4 4.29714e+006 4.73963e+006 -1.26647e+006
2.958 3.77376e+006 1942.62 370393 83109.7 4.33523e+006 4.78874e+006 -1.01498e+006
2.962 4.93712e+006 2221.96 387324 81439.2 4.38569e+006 4.85446e+006 82667.2
2.965 4.60202e+006 2145.23 400451 80200.1 4.42327e+006 4.90392e+006 -301900
2.969 4.07104e+006 2017.68 418542 78566.4 4.47299e+006 4.9701e+006 -899061
2.973 3.63209e+006 1905.8 437323 76954 4.52225e+006 5.03653e+006 -1.40444e+006
2.977 3.67883e+006 1918.03 456814 75362.9 4.57103e+006 5.10321e+006 -1.42437e+006
2.98 4.31336e+006 2076.86 471910 74183.6 4.60727e+006 5.15337e+006 -840003
2.984 4.85943e+006 2204.41 492691 72629.9 4.65513e+006 5.22045e+006 -361020
2.988 4.48478e+006 2117.73 514238 71097.6 4.70242e+006 5.28776e+006 -802982
2.991 4.40222e+006 2098.15 530912 69962.4 4.73751e+006 5.33838e+006 -936163
2.995 5.29782e+006 2301.7 553848 68467.6 4.78375e+006 5.40607e+006 -108248
2.999 5.92449e+006 2434.03 577606 66994.3 4.82936e+006 5.47396e+006 450533
3.003 6.73802e+006 2595.77 602209 65542.4 4.8743e+006 5.54206e+006 1.19596e+006
3.006 5.37018e+006 2317.37 621227 64467.5 4.90756e+006 5.59326e+006 -223075
3.01 5.13909e+006 2266.96 647357 63053.1 4.95128e+006 5.66169e+006 -522605
3.014 5.12809e+006 2264.53 674390 61660.1 4.99427e+006 5.73032e+006 -602228
3.018 5.20816e+006 2282.14 702347 60288.3 5.03649e+006 5.79912e+006 -590962
3.021 5.26482e+006 2294.52 723934 59273.5 5.06764e+006 5.85085e+006 -586027
3.025 5.30763e+006 2303.83 753561 57939.1 5.10847e+006 5.91997e+006 -612342
3.029 5.44782e+006 2334.06 784172 56625.7 5.14847e+006 5.98927e+006 -541448
3.033 5.37134e+006 2317.62 815789 55333.5 5.18761e+006 6.05874e+006 -687396
3.037 5.98419e+006 2446.26 848434 54062.4 5.22588e+006 6.12837e+006 -144179
3.041 6.14034e+006 2477.97 882128 52812.1 5.26324e+006 6.19818e+006 -57835.9
3.044 6.40103e+006 2530.03 908100 51888.1 5.29065e+006 6.25064e+006 150395
3.048 7.27933e+006 2698.02 943683 50674.2 5.32637e+006 6.32073e+006 958596
3.052 7.2941e+006 2700.76 980374 49481 5.36113e+006 6.39098e+006 903120
3.056 7.18252e+006 2680.02 1.0182e+006 48308.4 5.3949e+006 6.4614e+006 721120
3.06 6.80354e+006 2608.36 1.05717e+006 47156.1 5.42766e+006 6.53198e+006 271558
3.064 5.89671e+006 2428.31 1.09731e+006 46024.1 5.45938e+006 6.60272e+006 -706014
3.068 6.72096e+006 2592.48 1.13865e+006 44912.3 5.49006e+006 6.67362e+006 47337.8
3.072 5.96438e+006 2442.21 1.1812e+006 43820.4 5.51966e+006 6.74468e+006 -780306
3.076 5.25052e+006 2291.4 1.22499e+006 42748.4 5.54818e+006 6.81591e+006 -1.56539e+006
3.079 5.51214e+006 2347.8 1.25865e+006 41957.4 5.56884e+006 6.86944e+006 -1.35729e+006
3.083 6.14364e+006 2478.64 1.30464e+006 40919.8 5.5954e+006 6.94095e+006 -797315
3.087 5.64836e+006 2376.63 1.35191e+006 39901.5 5.62082e+006 7.01263e+006 -1.36428e+006
3.091 6.01592e+006 2452.74 1.40049e+006 38902.6 5.64509e+006 7.08448e+006 -1.06856e+006
3.095 6.15601e+006 2481.13 1.4504e+006 37922.7 5.66818e+006 7.1565e+006 -1.0005e+006
3.099 6.97905e+006 2641.79 1.50165e+006 36961.7 5.69009e+006 7.2287e+006 -249645
3.103 8.58972e+006 2930.82 1.55425e+006 36019.4 5.71079e+006 7.30106e+006 1.28866e+006
3.107 8.30675e+006 2882.14 1.60823e+006 35095.6 5.73028e+006 7.37361e+006 933137
3.111 7.61343e+006 2759.24 1.6636e+006 34190.2 5.74854e+006 7.44633e+006 167092
3.115 8.10829e+006 2847.51 1.72037e+006 33302.9 5.76556e+006 7.51924e+006 589052
3.12 8.75523e+006 2958.92 1.79334e+006 32219 5.78508e+006 7.61064e+006 1.1446e+006
3.124 9.00349e+006 3000.58 1.85333e+006 31371.8 5.79927e+006 7.68397e+006 1.31952e+006
3.128 8.41051e+006 2900.09 1.91477e+006 30542.2 5.81218e+006 7.75749e+006 653017
3.132 8.28395e+006 2878.19 1.97766e+006 29729.8 5.82381e+006 7.8312e+006 452750
3.136 8.08269e+006 2843.01 2.04203e+006 28934.4 5.83415e+006 7.90512e+006 177567
3.14 8.68827e+006 2947.59 2.10788e+006 28156 5.84319e+006 7.97923e+006 709041
3.144 8.4059e+006 2899.29 2.17522e+006 27394.2 5.85093e+006 8.05355e+006 352348
3.148 7.48264e+006 2735.44 2.24406e+006 26648.8 5.85736e+006 8.12807e+006 -645428
3.152 9.55876e+006 3091.72 2.3144e+006 25919.7 5.86247e+006 8.2028e+006 1.35596e+006
3.156 1.04663e+007 3235.16 2.38626e+006 25206.6 5.86627e+006 8.27773e+006 2.18853e+006
3.161 9.55458e+006 3091.05 2.4782e+006 24337.3 5.86916e+006 8.3717e+006 1.18288e+006
3.165 8.60009e+006 2932.59 2.55346e+006 23659.4 5.86999e+006 8.44711e+006 152977
3.169 8.30008e+006 2880.99 2.63025e+006 22996.8 5.86949e+006 8.52274e+006 -222657
3.173 7.79513e+006 2791.98 2.70855e+006 22349.2 5.86768e+006 8.59858e+006 -803452
3.177 9.03928e+006 3006.54 2.78838e+006 21716.4 5.86454e+006 8.67463e+006 364651
3.182 9.16048e+006 3026.63 2.89029e+006 20946 5.85876e+006 8.77e+006 390486
3.186 9.49544e+006 3081.47 2.97352e+006 20345.8 5.85266e+006 8.84653e+006 648919
3.19 9.65913e+006 3107.91 3.05826e+006 19759.7 5.84525e+006 8.92327e+006 735862
3.194 9.40004e+006 3065.95 3.14449e+006 19187.5 5.83653e+006 9.00021e+006 399827
3.199 9.84005e+006 3136.89 3.25438e+006 18491.4 5.82381e+006 9.09668e+006 743370
3.203 9.43034e+006 3070.89 3.34395e+006 17949.6 5.81218e+006 9.17408e+006 256251
3.207 9.25265e+006 3041.82 3.43499e+006 17420.9 5.79927e+006 9.25168e+006 967.34
3.211 9.64893e+006 3106.27 3.52748e+006 16905.2 5.78508e+006 9.32947e+006 319461
3.216 1.12837e+007 3359.12 3.64512e+006 16278.4 5.76556e+006 9.42696e+006 1.85671e+006
3.22 1.12398e+007 3352.57 3.74081e+006 15790.9 5.74854e+006 9.50515e+006 1.7346e+006
3.224 8.85107e+006 2975.08 3.8379e+006 15315.6 5.73028e+006 9.5835e+006 -732431
3.229 8.74018e+006 2956.38 3.9612e+006 14738.4 5.70573e+006 9.68167e+006 -941486
3.233 9.88665e+006 3144.3 4.06135e+006 14289.7 5.68472e+006 9.76036e+006 126292
3.238 1.10546e+007 3324.85 4.18839e+006 13745.1 5.65678e+006 9.85891e+006 1.19571e+006
3.242 1.10613e+007 3325.85 4.29147e+006 13322 5.6331e+006 9.93789e+006 1.1234e+006
3.246 1.26309e+007 3553.99 4.39581e+006 12909.9 5.60825e+006 1.0017e+007 2.6139e+006
3.251 1.04187e+007 3227.81 4.52795e+006 12409.9 5.57558e+006 1.01159e+007 302804
3.255 1.37446e+007 3707.37 4.635e+006 12021.8 5.54818e+006 1.01952e+007 3.54941e+006
3.26 2.06581e+007 4545.11 4.77043e+006 11551.2 5.51236e+006 1.02943e+007 1.03637e+007
3.264 1.45569e+007 3815.35 4.88001e+006 11186 5.48249e+006 1.03737e+007 4.18321e+006
3.268 1.14289e+007 3380.67 4.99066e+006 10830.6 5.45155e+006 1.0453e+007 975881
3.273 9.84195e+006 3137.19 5.1304e+006 10400 5.4114e+006 1.05522e+007 -710256
3.277 1.0225e+007 3197.65 5.24329e+006 10066.1 5.37814e+006 1.06315e+007 -406505
3.282 1.00304e+007 3167.09 5.3857e+006 9661.59 5.33515e+006 1.07305e+007 -700073
3.286 1.02659e+007 3204.04 5.5006e+006 9348.08 5.29967e+006 1.08096e+007 -543769
3.291 1.10476e+007 3323.79 5.64537e+006 8968.49 5.25398e+006 1.09083e+007 139263
3.295 1.12869e+007 3359.6 5.76204e+006 8674.42 5.21639e+006 1.09871e+007 299814
3.3 1.32911e+007 3645.7 5.90885e+006 8318.52 5.16815e+006 1.10853e+007 2.20579e+006
3.305 1.47036e+007 3834.53 6.05664e+006 7975.27 5.11855e+006 1.11832e+007 3.52043e+006
3.309 1.42172e+007 3770.56 6.17551e+006 7709.54 5.07793e+006 1.12611e+007 2.95601e+006
3.314 1.32944e+007 3646.15 6.32479e+006 7388.16 5.02601e+006 1.13582e+007 1.93625e+006
3.318 1.49389e+007 3865.09 6.4447e+006 7139.48 4.98359e+006 1.14354e+007 3.50348e+006
3.323 1.44623e+007 3802.93 6.59509e+006 6838.86 4.92951e+006 1.15314e+007 2.93087e+006
3.328 1.46056e+007 3821.73 6.74591e+006 6549.29 4.8743e+006 1.16268e+007 2.97885e+006
3.332 1.68078e+007 4099.74 6.8668e+006 6325.38 4.82936e+006 1.17025e+007 5.10535e+006
3.337 1.59742e+007 3996.77 7.01809e+006 6054.88 4.77225e+006 1.17964e+007 4.17779e+006
3.342 1.20717e+007 3474.43 7.16945e+006 5794.54 4.71415e+006 1.18894e+007 182292
3.346 1.23577e+007 3515.36 7.2905e+006 5593.37 4.66701e+006 1.19631e+007 394640
3.351 1.36352e+007 3692.58 7.44163e+006 5350.51 4.60727e+006 1.20543e+007 1.58091e+006
3.356 1.29084e+007 3592.82 7.59245e+006 5116.95 4.5467e+006 1.21443e+007 764088
3.36 1.16028e+007 3406.29 7.71277e+006 4936.59 4.49768e+006 1.22154e+007 -612590
3.365 1.16729e+007 3416.56 7.86264e+006 4719.02 4.43574e+006 1.23031e+007 -630228
3.37 1.40884e+007 3753.46 8.01178e+006 4509.93 4.37312e+006 1.23894e+007 1.69902e+006
3.375 1.49031e+007 3860.46 8.16003e+006 4309.06 4.30986e+006 1.24742e+007 2.42893e+006
3.379 1.33875e+007 3658.89 8.27789e+006 4154.08 4.25883e+006 1.25409e+007 846573
3.384 1.34642e+007 3669.37 8.42417e+006 3967.31 4.19457e+006 1.26227e+007 841541
3.389 1.34565e+007 3668.32 8.56913e+006 3788.01 4.12982e+006 1.27027e+007 753813
3.394 1.32022e+007 3633.48 8.71262e+006 3615.92 4.06464e+006 1.27809e+007 421306
3.399 1.4541e+007 3813.27 8.85448e+006 3450.81 3.99908e+006 1.2857e+007 1.68402e+006
3.403 1.4656e+007 3828.31 8.96669e+006 3323.58 3.9464e+006 1.29164e+007 1.73955e+006
3.408 1.50758e+007 3882.76 9.10523e+006 3170.42 3.88029e+006 1.29887e+007 2.08714e+006
3.413 1.68102e+007 4100.02 9.2417e+006 3023.58 3.81394e+006 1.30587e+007 3.75149e+006
3.418 1.63402e+007 4042.3 9.37596e+006 2882.84 3.74741e+006 1.31263e+007 3.21392e+006
3.423 1.48383e+007 3852.05 9.50783e+006 2747.97 3.68075e+006 1.31913e+007 1.64696e+006
3.428 1.36192e+007 3690.42 9.63718e+006 2618.78 3.614e+006 1.32538e+007 365398
3.433 1.43667e+007 3790.34 9.76384e+006 2495.05 3.54721e+006 1.33135e+007 1.05313e+006
3.438 1.61514e+007 4018.88 9.88767e+006 2376.58 3.48043e+006 1.33705e+007 2.78092e+006
3.443 1.41302e+007 3759.01 1.00085e+007 2263.18 3.4137e+006 1.34245e+007 705702
3.448 1.30153e+007 3607.68 1.01262e+007 2154.67 3.34708e+006 1.34755e+007 -460110
3.453 1.1861e+007 3443.98 1.02407e+007 2050.85 3.2806e+006 1.35233e+007 -1.66235e+006
3.458 1.32861e+007 3645.02 1.03517e+007 1951.57 3.21431e+006 1.35679e+007 -281791
3.463 1.73606e+007 4166.6 1.04591e+007 1856.63 3.14825e+006 1.36092e+007 3.75132e+006
3.468 1.70488e+007 4129.01 1.05629e+007 1765.88 3.08246e+006 1.36471e+007 3.40162e+006
3.473 1.55966e+007 3949.25 1.06629e+007 1679.16 3.01699e+006 1.36815e+007 1.91503e+006
3.478 1.31085e+007 3620.57 1.07589e+007 1596.3 2.95187e+006 1.37123e+007 -603824
3.483 1.38266e+007 3718.41 1.08508e+007 1517.16 2.88714e+006 1.37394e+007 87163.9
3.488 1.50628e+007 3881.08 1.09385e+007 1441.6 2.82283e+006 1.37628e+007 1.29997e+006
3.493 1.41366e+007 3759.86 1.10219e+007 1369.46 2.75899e+006 1.37823e+007 354259
3.498 1.56376e+007 3954.44 1.1101e+007 1300.61 2.69563e+006 1.37979e+007 1.83974e+006
3.503 1.57043e+007 3962.87 1.11754e+007 1234.92 2.63281e+006 1.38095e+007 1.89482e+006
3.508 1.43501e+007 3788.15 1.12453e+007 1172.26 2.57055e+006 1.3817e+007 533009
3.514 1.48046e+007 3847.68 1.13229e+007 1100.9 2.49661e+006 1.38207e+007 983955
3.519 1.6869e+007 4107.19 1.13823e+007 1044.48 2.43568e+006 1.38191e+007 3.04994e+006
3.524 1.68422e+007 4103.92 1.14369e+007 990.712 2.37541e+006 1.38132e+007 3.02893e+006
3.529 1.39698e+007 3737.62 1.14864e+007 939.479 2.3158e+006 1.38031e+007 166680
3.534 1.20091e+007 3465.42 1.15309e+007 890.678 2.2569e+006 1.37887e+007 -1.77957e+006
3.54 1.25594e+007 3543.92 1.15776e+007 835.182 2.18718e+006 1.37656e+007 -1.20622e+006
3.545 1.41534e+007 3762.1 1.16108e+007 791.373 2.1299e+006 1.37415e+007 411931
3.55 1.33819e+007 3658.12 1.16388e+007 749.678 2.07339e+006 1.3713e+007 -331117
3.556 1.24948e+007 3534.8 1.16656e+007 702.307 2.00663e+006 1.36729e+007 -1.17809e+006
3.561 1.54963e+007 3936.54 1.1682e+007 664.947 1.95188e+006 1.36346e+007 1.86178e+006
3.566 1.60676e+007 4008.44 1.16932e+007 629.421 1.89795e+006 1.35918e+007 2.47581e+006
3.572 1.43034e+007 3781.99 1.16996e+007 589.095 1.83435e+006 1.35345e+007 768910
3.577 1.34272e+007 3664.31 1.1699e+007 557.321 1.78229e+006 1.34819e+007 -54697.1
3.582 1.35078e+007 3675.3 1.16932e+007 527.132 1.7311e+006 1.34248e+007 83017.6
3.588 1.58715e+007 3983.9 1.16792e+007 492.896 1.67084e+006 1.33505e+007 2.52098e+006
3.593 1.41458e+007 3761.09 1.16616e+007 465.946 1.62159e+006 1.32837e+007 862112
3.599 1.31274e+007 3623.18 1.16337e+007 435.403 1.56368e+006 1.31978e+007 -70352.6
3.604 1.39415e+007 3733.84 1.16046e+007 411.375 1.51642e+006 1.31214e+007 820120
3.609 1.38697e+007 3724.2 1.15703e+007 388.578 1.47007e+006 1.30408e+007 828928
3.615 1.07519e+007 3279 1.15224e+007 362.765 1.41566e+006 1.29384e+007 -2.18656e+006
3.62 1.08887e+007 3299.8 1.14769e+007 342.478 1.37133e+006 1.28486e+007 -1.95986e+006
3.626 1.19392e+007 3455.31 1.14156e+007 319.521 1.31934e+006 1.27353e+007 -796151
3.631 1.34367e+007 3665.61 1.13592e+007 301.49 1.27704e+006 1.26365e+007 800206
3.637 1.5098e+007 3885.61 1.1285e+007 281.099 1.22749e+006 1.25128e+007 2.58521e+006
3.643 1.60325e+007 4004.05 1.1204e+007 261.995 1.17926e+006 1.23835e+007 3.64898e+006
3.648 1.26753e+007 3560.24 1.11313e+007 247.005 1.14008e+006 1.22716e+007 403680
3.654 1.0386e+007 3222.73 1.10381e+007 230.069 1.09427e+006 1.21326e+007 -1.7466e+006
3.659 9.90918e+006 3147.88 1.09556e+007 216.788 1.0571e+006 1.20129e+007 -2.10369e+006
3.665 1.08486e+007 3293.72 1.08508e+007 201.794 1.01368e+006 1.18647e+007 -1.01605e+006
3.671 1.03148e+007 3211.66 1.074e+007 187.771 971554 1.17117e+007 -1.39695e+006
3.676 9.99418e+006 3161.36 1.06432e+007 176.785 937426 1.15808e+007 -1.58661e+006
3.682 1.04429e+007 3231.55 1.05219e+007 164.394 897634 1.14197e+007 -976743
3.688 1.10091e+007 3317.99 1.03951e+007 152.817 859096 1.12543e+007 -245267
3.693 1.25877e+007 3547.91 1.02855e+007 143.757 827927 1.11136e+007 1.47413e+006
3.699 1.25405e+007 3541.26 1.01494e+007 133.547 791646 1.09412e+007 1.59939e+006
3.705 1.1479e+007 3388.07 1.00085e+007 124.019 756571 1.07652e+007 713783
3.711 9.70807e+006 3115.78 9.86314e+006 115.13 722683 1.05859e+007 -877870
3.716 1.06393e+007 3261.8 9.73873e+006 108.182 695337 1.04342e+007 205151
3.722 1.12855e+007 3359.38 9.58575e+006 100.363 663576 1.02494e+007 1.03603e+006
3.728 1.16571e+007 3414.25 9.429e+006 93.0765 632944 1.0062e+007 1.59504e+006
3.734 1.1651e+007 3413.36 9.26874e+006 86.2887 603421 9.87224e+006 1.77878e+006
3.74 1.02085e+007 3195.08 9.10523e+006 79.9677 574983 9.68029e+006 528247
3.746 1.08056e+007 3287.19 8.93875e+006 74.0837 547608 9.48643e+006 1.31919e+006
3.752 1.03236e+007 3213.04 8.76956e+006 68.6084 521271 9.2909e+006 1.0327e+006
3.758 9.486e+006 3079.94 8.59795e+006 63.5154 495950 9.09396e+006 392044
3.763 8.91062e+006 2985.07 8.45327e+006 59.5453 475608 8.92894e+006 -18319
3.769 8.58168e+006 2929.45 8.27789e+006 55.0895 452084 8.73003e+006 -148353
3.775 8.79362e+006 2965.4 8.10085e+006 50.9491 429507 8.5304e+006 263216
3.781 9.96443e+006 3156.65 7.92239e+006 47.1034 407850 8.33029e+006 1.63413e+006
3.787 1.22944e+007 3506.33 7.7428e+006 43.5326 387090 8.12993e+006 4.16445e+006
3.793 8.71981e+006 2952.93 7.56232e+006 40.2183 367199 7.92956e+006 790249
3.8 6.61254e+006 2571.49 7.35098e+006 36.6529 345061 7.69608e+006 -1.08353e+006
3.806 6.76167e+006 2600.32 7.16945e+006 33.8366 326971 7.49645e+006 -734779
3.812 6.51213e+006 2551.89 6.98782e+006 31.2256 309672 7.29753e+006 -785391
3.818 6.797e+006 2607.11 6.80633e+006 28.806 293141 7.0995e+006 -302504
3.824 6.93022e+006 2632.53 6.62522e+006 26.5645 277351 6.9026e+006 27625.5
3.83 9.61263e+006 3100.42 6.4447e+006 24.4889 262278 6.707e+006 2.90563e+006
3.836 1.03696e+007 3220.19 6.26499e+006 22.5674 247899 6.51291e+006 3.8567e+006
3.843 7.75062e+006 2783.99 6.05664e+006 20.5063 231968 6.28863e+006 1.46199e+006
3.849 6.72001e+006 2592.3 5.8794e+006 18.8829 219010 6.09843e+006 621578
3.855 6.50495e+006 2550.48 5.70361e+006 17.3819 206672 5.9103e+006 594650
3.861 6.72849e+006 2593.93 5.52946e+006 15.9946 194929 5.7244e+006 1.00409e+006
3.868 7.05055e+006 2655.29 5.32857e+006 14.5089 181953 5.51054e+006 1.54001e+006
3.874 6.6459e+006 2577.96 5.15854e+006 13.3407 171427 5.32998e+006 1.31592e+006
3.88 4.91007e+006 2215.87 4.99066e+006 12.2622 161428 5.1521e+006 -242033
3.887 4.71635e+006 2171.72 4.79772e+006 11.1088 150400 4.94813e+006 -231781
3.893 5.32291e+006 2307.14 4.635e+006 10.2029 141472 4.77648e+006 546429
3.899 6.40565e+006 2530.94 4.47487e+006 9.36768 133006 4.60788e+006 1.79776e+006
3.906 5.58335e+006 2362.91 4.29147e+006 8.47546 123688 4.41517e+006 1.16818e+006
3.912 3.73904e+006 1933.66 4.13733e+006 7.77569 116159 4.25349e+006 -514452
3.919 3.75847e+006 1938.68 3.9612e+006 7.02883 107884 4.06909e+006 -310616
3.925 4.55839e+006 2135.04 3.8135e+006 6.44358 101205 3.91471e+006 643676
3.932 4.10779e+006 2026.77 3.64512e+006 5.81949 93874.5 3.739e+006 368792
3.938 3.77345e+006 1942.54 3.50423e+006 5.33086 87966.8 3.5922e+006 181246
3.945 4.07472e+006 2018.59 3.34395e+006 4.81026 81490.5 3.42545e+006 649266
3.951 4.89536e+006 2212.55 3.21015e+006 4.403 76278.3 3.28643e+006 1.60894e+006
3.958 5.03202e+006 2243.22 3.05826e+006 3.96948 70572.1 3.12883e+006 1.90319e+006
3.964 2.91764e+006 1708.11 2.93171e+006 3.63064 65985.7 2.9977e+006 -80063.4
3.971 2.69019e+006 1640.18 2.78838e+006 3.27025 60971.3 2.84935e+006 -159162
3.978 3.45582e+006 1858.98 2.64968e+006 2.94422 56299.1 2.70598e+006 749832
3.984 4.42605e+006 2103.82 2.53451e+006 2.68973 52551.5 2.58706e+006 1.83899e+006
3.991 2.48772e+006 1577.25 2.40445e+006 2.41942 48462.3 2.45292e+006 34800.3
3.998 2.42781e+006 1558.14 2.27904e+006 2.17524 44660.5 2.32371e+006 104109
4.004 2.1393e+006 1462.64 2.17522e+006 1.98489 41617.3 2.21684e+006 -77539.4
4.011 2.15813e+006 1469.06 2.05836e+006 1.78297 38303.4 2.09666e+006 61469.7
4.018 2.44787e+006 1564.57 1.94603e+006 1.60082 35229.1 1.98126e+006 466605
4.025 3.70082e+006 1923.75 1.8382e+006 1.4366 32379.1 1.87058e+006 1.83024e+006
4.032 2.36607e+006 1538.2 1.73479e+006 1.2886 29739.2 1.76453e+006 601536
4.038 2.07788e+006 1441.49 1.64963e+006 1.17349 27633.3 1.67726e+006 400622
4.045 1.35887e+006 1165.71 1.55425e+006 1.05166 25347.8 1.5796e+006 -220728
4.052 1.11123e+006 1054.15 1.46309e+006 0.94203 23235.4 1.48632e+006 -375088
4.059 1.08484e+006 1041.56 1.37604e+006 0.843422 21284.2 1.39732e+006 -312483
4.066 1.27054e+006 1127.18 1.29302e+006 0.754773 19483.5 1.3125e+006 -41963.6
4.073 1.78772e+006 1337.06 1.21392e+006 0.675118 17822.9 1.23175e+006 555975
4.08 1.38981e+006 1178.9 1.13865e+006 0.60358 16292.5 1.15494e+006 234865
4.087 1.1557e+006 1075.03 1.06709e+006 0.539364 14883.3 1.08198e+006 73719.2
4.094 901940 949.705 999142 0.481749 13586.6 1.01273e+006 -110790
4.101 666802 816.579 934684 0.430082 12394.3 947079 -280277
4.108 819045 905.011 873605 0.383773 11298.8 884904 -65859.1
4.116 1.12257e+006 1059.51 807790 0.336723 10156.3 817946 304621
4.123 831501 911.867 753561 0.300157 9245 762807 68694.9
4.13 651027 806.862 702347 0.267434 8409.64 710757 -59730.1
4.137 723499 850.587 654030 0.238164 7644.48 661674 61824.5
4.144 675412 821.834 608493 0.211996 6944.15 615438 59974
4.152 506243 711.508 559710 0.185483 6216.73 565927 -59683.7
4.159 498798 706.256 519746 0.164933 5638.86 525385 -26587.6
4.166 442163 664.953 482206 0.14659 5111.18 487318 -45155.1
4.173 440822 663.944 446979 0.130225 4629.68 451609 -10786.8
4.181 354562 595.451 409412 0.11368 4131.19 413543 -58980.8
4.188 334177 578.08 378778 0.100885 3736.49 382514 -48337.4
4.196 403240 635.012 346186 0.0879642 3328.54 349515 53725.5
4.203 382349 618.344 319671 0.0779834 3006.08 322678 59671.2
4.211 306756 553.856 291528 0.067916 2673.36 294201 12554.7
4.218 285451 534.276 268686 0.0601481 2410.8 271097 14354.2
4.226 229846 479.422 244497 0.0523217 2140.35 246637 -16791.1
4.233 211067 459.42 224909 0.0462898 1927.29 226837 -15769.5
4.241 189879 435.751 204215 0.0402194 1708.19 205923 -16043.9
4.248 175410 418.819 187496 0.0355462 1535.88 189032 -13622.1
4.256 237654 487.497 169872 0.0308484 1358.98 171231 66422.3
4.264 254009 503.993 153726 0.0267547 1201.37 154928 99080.8
4.271 270928 520.507 140728 0.0236088 1077.74 141806 129122
4.279 214440 463.076 127074 0.0204518 951.14 128025 86414.4
4.287 145326 381.217 114612 0.0177059 838.656 115450 29875.8
4.294 137891 371.337 104614 0.0155994 750.646 105364 32526.7
4.302 158792 398.488 94148 0.0134891 660.756 94808.8 63983.5
4.31 172870 415.776 84630.7 0.011657 581.107 85211.9 87657.8
4.318 142965 378.107 75987 0.0100674 510.599 76497.6 66467.1
4.326 117869 343.32 68146.6 0.00868917 448.241 68594.9 49274
4.334 92764.1 304.572 61044.1 0.00749491 393.145 61437.3 31326.9
4.342 156032 395.009 54618.2 0.00646074 344.51 54962.7 101069
4.35 196613 443.41 48811.8 0.00556579 301.62 49113.5 147499
4.358 180101 424.383 43572 0.0047918 263.832 43835.8 136265
4.366 137576 370.912 38849.3 0.00412286 230.57 39079.9 98495.9
4.374 117562 342.873 34598.2 0.00354509 201.32 34799.5 82762.2
4.382 94022.1 306.63 30776.4 0.00304637 175.623 30952 63070
4.39 117456 342.719 27344.9 0.00261618 153.067 27498 89958.3
4.398 179163 423.277 24267.7 0.00224532 133.289 24401 154762
4.406 261718 511.584 21511.8 0.00192584 115.961 21627.7 240090
4.414 372124 610.019 19046.6 0.00165077 100.795 19147.4 352976
4.423 395245 628.685 16586.2 0.00138696 85.9985 16672.2 378572
