1.772 620119 787.476 4.65242e-006 48087.5 20.9625 48108.5 572010
1.773 618424 786.399 4.80364e-006 48379.6 21.3499 48401 570023
1.774 617209 785.626 4.95968e-006 48673 21.7443 48694.7 568514
1.775 616801 785.367 5.1207e-006 48967.6 22.1456 48989.7 567811
1.777 617289 785.677 5.4583e-006 49560.6 22.9696 49583.6 567705
1.778 618444 786.412 5.6352e-006 49859 23.3926 49882.4 568562
1.779 619774 787.258 5.81773e-006 50158.7 23.8231 50182.5 569592
1.78 620715 787.854 6.00607e-006 50459.6 24.2611 50483.9 570231
1.781 620866 787.95 6.2004e-006 50761.8 24.7069 50786.5 570079
1.783 620149 787.495 6.60776e-006 51370 25.622 51395.7 568753
1.784 618810 786.645 6.82118e-006 51676.1 26.0917 51702.2 567108
1.785 617319 785.696 7.04138e-006 51983.4 26.5697 52009.9 565309
1.786 611462 781.96 7.26855e-006 52291.9 27.056 52319 559143
1.788 572488 756.629 7.7447e-006 52912.9 28.0544 52941 519547
1.789 472288 687.232 7.99413e-006 53225.3 28.5667 53253.9 419034
1.79 457329 676.261 8.25145e-006 53539 29.088 53568.1 403761
1.791 508013 712.75 8.5169e-006 53854 29.6185 53883.6 454129
1.793 542084 736.263 9.0732e-006 54487.8 30.7072 54518.5 487565
1.794 584262 764.37 9.36459e-006 54806.6 31.2659 54837.8 529424
1.795 651959 807.44 9.66515e-006 55126.7 31.8343 55158.5 596800
1.796 664675 815.276 9.97519e-006 55448 32.4126 55480.5 609195
1.798 605067 777.861 1.06248e-005 56094.7 33.5995 56128.3 548939
1.799 511791 715.396 1.09651e-005 56419.9 34.2085 56454.1 455337
1.8 509597 713.861 1.1316e-005 56746.4 34.828 56781.2 452816
1.801 597235 772.81 1.16779e-005 57074.2 35.4583 57109.7 540125
1.803 628498 792.779 1.24363e-005 57733.7 36.7517 57770.5 570727
1.804 563318 750.545 1.28333e-005 58065.4 37.4153 58102.8 505215
1.805 508987 713.433 1.32429e-005 58398.4 38.0903 58436.4 450551
1.807 495781 704.117 1.41008e-005 59068.1 39.4754 59107.6 436674
1.808 507852 712.638 1.455e-005 59405 40.186 59445.2 448407
1.809 500663 707.575 1.50132e-005 59743.1 40.9088 59784 440879
1.81 523185 723.315 1.54909e-005 60082.5 41.644 60124.2 463061
1.812 533380 730.328 1.64916e-005 60765.2 43.1525 60808.4 472571
1.813 507278 712.234 1.70154e-005 61108.5 43.9263 61152.4 446125
1.814 519900 721.041 1.75555e-005 61453.1 44.7133 61497.8 458402
1.816 550723 742.107 1.86868e-005 62146.1 46.328 62192.4 488530
1.817 559620 748.078 1.9279e-005 62494.6 47.1561 62541.7 497079
1.818 499731 706.917 1.98896e-005 62844.3 47.9984 62892.3 436839
1.819 478242 691.55 2.05192e-005 63195.3 48.855 63244.2 414998
1.821 519825 720.989 2.18375e-005 63901.2 50.6124 63951.9 455873
1.822 534911 731.376 2.25275e-005 64256.1 51.5136 64307.7 470603
1.823 499759 706.936 2.32389e-005 64612.3 52.4301 64664.8 435094
1.825 472890 687.67 2.47285e-005 65328.6 54.3102 65382.9 407507
1.826 525872 725.17 2.5508e-005 65688.6 55.2742 65743.9 460128
1.827 637481 798.424 2.63117e-005 66050 56.2546 66106.2 571375
1.829 589064 767.505 2.79942e-005 66776.5 58.2655 66834.8 522230
1.83 461020 678.985 2.88746e-005 67141.7 59.2965 67201 393819
1.831 496160 704.386 2.97822e-005 67508.2 60.345 67568.5 428592
1.832 458499 677.126 3.07177e-005 67875.9 61.4111 67937.3 390562
1.834 440125 663.419 3.26761e-005 68615.3 63.5977 68678.9 371446
1.835 476859 690.55 3.37007e-005 68986.9 64.7187 69051.6 407807
1.836 498929 706.349 3.47569e-005 69359.8 65.8585 69425.7 429503
1.838 460707 678.754 3.69675e-005 70109.4 68.196 70177.6 390529
1.839 507563 712.434 3.8124e-005 70486.2 69.3943 70555.6 437007
1.84 517334 719.259 3.9316e-005 70864.2 70.6127 70934.8 446399
1.842 463293 680.656 4.18106e-005 71624 73.111 71697.1 391596
1.843 422308 649.852 4.31155e-005 72005.8 74.3915 72080.2 350227
1.844 434095 658.859 4.44603e-005 72388.9 75.6935 72464.6 361631
1.846 526790 725.803 4.72746e-005 73158.9 78.363 73237.3 453552
1.847 564545 751.362 4.87465e-005 73545.8 79.7313 73625.6 490919
1.848 509479 713.778 5.02634e-005 73934 81.1223 74015.1 435464
1.85 481536 693.928 5.34373e-005 74714.1 83.9742 74798.1 406738
1.851 507507 712.395 5.50972e-005 75106.1 85.4357 75191.5 432316
1.852 421663 649.356 5.68076e-005 75499.3 86.9216 75586.2 346077
1.854 449562 670.494 6.03861e-005 76289.5 89.9675 76379.5 373182
1.855 460672 678.728 6.22574e-005 76686.5 91.5284 76778 383894
1.856 461419 679.278 6.41855e-005 77084.7 93.1151 77177.8 384241
1.858 479199 692.242 6.8219e-005 77884.9 96.3677 77981.3 401218
1.859 463126 680.533 7.03279e-005 78286.9 98.0343 78384.9 384741
1.861 469074 684.89 7.47394e-005 79094.6 101.45 79196 389878
1.862 465513 682.285 7.70458e-005 79500.3 103.201 79603.5 385909
1.863 446355 668.098 7.9422e-005 79907.2 104.98 80012.2 366342
1.865 427025 653.471 8.43918e-005 80724.8 108.626 80833.5 346191
1.866 444284 666.546 8.69899e-005 81135.5 110.494 81246 363038
1.867 423418 650.706 8.96663e-005 81547.3 112.393 81659.7 341759
1.869 463370 680.713 9.52635e-005 82374.8 116.284 82491 380879
1.87 438696 662.341 9.81892e-005 82790.3 118.277 82908.6 355788
1.871 427273 653.661 0.000101203 83207 120.303 83327.4 343945
1.873 489790 699.85 0.000107505 84044.2 124.455 84168.7 405621
1.874 373433 611.092 0.000110799 84464.6 126.581 84591.2 288842
1.876 338826 582.088 0.000117686 85309 130.939 85439.9 253386
1.877 329549 574.064 0.000121285 85733 133.171 85866.2 243683
1.878 336387 579.989 0.000124992 86158.2 135.439 86293.6 250093
1.88 334176 578.08 0.000132742 87012.2 140.086 87152.3 247024
1.881 348288 590.16 0.000136791 87441 142.466 87583.4 260705
1.883 369878 608.176 0.000145258 88302.1 147.342 88449.4 281429
1.884 420014 648.085 0.000149681 88734.4 149.839 88884.3 331130
1.885 430831 656.377 0.000154237 89167.9 152.377 89320.3 341510
1.887 469645 685.307 0.000163759 90038.4 157.575 90196 379449
1.888 532248 729.553 0.000168734 90475.4 160.237 90635.7 441612
1.89 363172 602.638 0.000179132 91352.9 165.69 91518.6 271654
1.891 370295 608.519 0.000184564 91793.4 168.482 91961.9 278333
1.892 366074 605.04 0.000190158 92235 171.319 92406.4 273667
1.894 379186 615.78 0.000201847 93121.7 177.13 93298.9 285887
1.895 413070 642.705 0.000207953 93566.8 180.105 93746.9 319323
1.897 421641 649.339 0.000220713 94460.3 186.199 94646.5 326995
1.898 323688 568.936 0.000227377 94908.8 189.319 95098.1 228590
1.899 329075 573.651 0.000234239 95358.3 192.488 95550.8 233524
1.901 331450 575.717 0.000248576 96260.8 198.979 96459.8 234990
1.902 310178 556.937 0.000256063 96713.7 202.302 96916 213262
1.904 311263 557.909 0.000271707 97622.9 209.107 97832 213431
1.905 311660 558.266 0.000279876 98079.1 212.591 98291.7 213369
1.907 318030 563.941 0.000296942 98994.8 219.723 99214.5 218815
1.908 334643 578.483 0.000305854 99454.3 223.375 99677.6 234965
1.91 332005 576.199 0.00032447 100376 230.851 100607 231398
1.911 303648 551.042 0.000334189 100839 234.677 101074 202574
1.912 304811 552.097 0.000344194 101303 238.564 101541 203270
1.914 288008 536.664 0.000365091 102234 246.522 102480 185528
1.915 289084 537.666 0.000376001 102701 250.594 102951 186133
1.917 299523 547.287 0.000398786 103638 258.932 103896 195627
1.918 317124 563.138 0.00041068 104108 263.199 104371 212753
1.92 338282 581.62 0.00043552 105051 271.934 105323 232960
1.921 320453 566.085 0.000448486 105524 276.404 105800 214652
1.923 309528 556.352 0.000475562 106473 285.554 106759 202770
1.924 277459 526.744 0.000489694 106949 290.236 107239 170220
1.925 256294 506.255 0.000504236 107426 294.99 107721 148573
1.927 260889 510.773 0.000534601 108383 304.722 108688 152201
1.928 281742 530.793 0.000550448 108864 309.702 109173 172568
1.93 302981 550.437 0.000583533 109827 319.893 110146 192835
1.931 287281 535.986 0.000600798 110310 325.107 110635 176646
1.933 267729 517.425 0.000636841 111278 335.778 111614 156115
1.934 278880 528.091 0.000655648 111764 341.237 112105 166775
1.936 312636 559.138 0.000694907 112739 352.409 113091 199545
1.937 254149 504.132 0.00071539 113227 358.124 113585 140563
1.939 261488 511.359 0.000758144 114207 369.818 114577 146911
1.94 248064 498.061 0.00078045 114699 375.8 115074 132990
1.942 229229 478.778 0.000827004 115684 388.04 116072 113157
1.943 236259 486.065 0.000851289 116178 394.3 116572 119687
1.945 221522 470.661 0.000901972 117169 407.11 117576 103947
1.946 205738 453.584 0.000928409 117665 413.661 118079 87659.5
1.948 233649 483.373 0.000983578 118661 427.064 119088 114561
1.949 256089 506.052 0.00101235 119160 433.919 119594 136495
1.951 264599 514.392 0.00107239 120161 447.942 120609 143990
1.952 279129 528.327 0.00110371 120663 455.114 121118 158011
1.954 273023 522.516 0.00116904 121668 469.783 122138 150884
1.955 269156 518.802 0.00120311 122173 477.285 122650 146506
1.957 233737 483.463 0.0012742 123183 492.629 123676 110061
1.958 225972 475.365 0.00131126 123690 500.475 124190 101782
1.96 259094 509.013 0.00138858 124705 516.523 125221 133873
1.961 221101 470.213 0.0014289 125213 524.728 125738 95362.4
1.963 247279 497.271 0.001513 126233 541.509 126775 120504
1.964 262301 512.153 0.00155684 126744 550.089 127294 135007
1.966 254471 504.452 0.00164829 127768 567.635 128336 126135
1.968 226977 476.421 0.00174499 128795 585.709 129381 97595.7
1.969 203439 451.042 0.00179539 129310 594.948 129905 73534.1
1.971 224291 473.593 0.00190052 130341 613.842 130955 93336
1.972 192451 438.692 0.00195531 130857 623.5 131481 60969.8
1.974 191525 437.636 0.00206957 131892 643.247 132536 58989.7
1.975 204261 451.952 0.00212913 132411 653.341 133064 71196.8
1.977 221133 470.247 0.00225331 133450 673.979 134124 87009
1.978 227597 477.071 0.00231802 133970 684.528 134655 92942.1
1.98 229811 479.386 0.00245296 135013 706.093 135719 94092.4
1.981 204491 452.207 0.00252327 135535 717.115 136252 68238.9
1.983 197646 444.574 0.00266986 136581 739.646 137321 60325.3
1.985 197770 444.713 0.00282477 137629 762.845 138392 59377.6
1.986 193709 440.124 0.00290549 138154 774.699 138929 54780.4
1.988 192440 438.679 0.00307373 139206 798.932 140005 52434.7
1.989 205683 453.522 0.00316139 139732 811.315 140544 65138.7
1.991 179748 423.967 0.0033441 140787 836.624 141624 38124.1
1.992 179031 423.12 0.00343928 141315 849.556 142165 36865.8
1.994 224108 473.401 0.00363766 142373 875.988 143249 80859.3
1.996 263750 513.566 0.0038472 143432 903.192 144336 119414
1.997 212033 460.47 0.00395635 143963 917.091 144880 67152.6
1.999 217559 466.433 0.00418381 145025 945.495 145971 71588.8
2 216958 465.787 0.00430227 145557 960.005 146517 70440.8
2.002 199575 446.738 0.00454913 146621 989.657 147611 51963.6
2.004 188134 433.745 0.0048098 147688 1020.17 148708 39426.6
2.005 180535 424.894 0.00494555 148221 1035.76 149257 31278
2.007 182338 427.01 0.00522837 149290 1067.6 150357 31980.4
2.008 183432 428.289 0.00537565 149824 1083.87 150908 32523.5
2.01 187360 432.851 0.00568246 150895 1117.11 152012 35348.5
2.012 203656 451.283 0.00600635 151966 1151.3 153117 50538.5
2.013 203112 450.68 0.00617499 152502 1168.76 153671 49441.3
2.015 220121 469.171 0.00652625 153576 1204.43 154780 65341
2.017 189464 435.275 0.006897 154650 1241.13 155891 33573.2
2.018 180255 424.564 0.00709001 155187 1259.87 156447 23807.6
2.02 181877 426.47 0.00749199 156263 1298.15 157561 24315.3
2.021 174046 417.189 0.00770123 156801 1317.7 158119 15927.4
2.023 174929 418.246 0.00813699 157878 1357.62 159236 15693.6
2.025 168076 409.971 0.00859678 158956 1398.68 160354 7721.76
2.026 180439 424.781 0.0088361 159495 1419.64 160914 19524.9
2.028 188223 433.846 0.00933439 160573 1462.46 162036 26187
2.03 184086 429.052 0.00986008 161652 1506.48 163158 20927.1
2.031 180090 424.37 0.0101337 162192 1528.96 163720 16369.3
2.033 178908 422.975 0.0107032 163271 1574.86 164846 14062.1
2.035 156934 396.149 0.011304 164351 1622.05 165973 -9038.59
2.036 149491 386.641 0.0116166 164890 1646.14 166537 -17045.6
2.038 159778 399.723 0.0122673 165970 1695.32 167666 -7887.51
2.039 180532 424.89 0.0126058 166510 1720.43 168231 12301.2
2.041 197002 443.85 0.0133105 167590 1771.69 169362 27640.6
2.043 187735 433.284 0.0140536 168670 1824.38 170494 17240.7
2.044 179793 424.02 0.0144401 169210 1851.27 171061 8732.4
2.046 176212 419.776 0.0152446 170289 1906.17 172195 4016.78
2.048 185384 430.563 0.0160928 171368 1962.59 173331 12053.9
2.05 210605 458.918 0.0169869 172447 2020.57 174467 36138.3
2.051 206178 454.068 0.017452 172986 2050.16 175036 31142.2
2.053 222323 471.511 0.0184197 174063 2110.56 176174 46149
2.055 232895 482.592 0.0194396 175140 2172.62 177313 55582.1
2.056 223686 472.955 0.0199701 175679 2204.28 177883 45803.1
2.058 198429 445.454 0.0210736 176755 2268.91 179023 19405.5
2.06 174233 417.412 0.0222365 177829 2335.31 180165 -5932
2.061 185388 430.567 0.0228412 178367 2369.19 180736 4652.51
2.063 190343 436.283 0.0240991 179440 2438.32 181878 8464.87
2.065 184670 429.732 0.0254244 180512 2509.33 183021 1648.22
2.066 180751 425.148 0.0261135 181048 2545.56 183593 -2842.75
2.068 182266 426.926 0.0275466 182118 2619.48 184738 -2471.43
2.07 181198 425.674 0.0290563 183187 2695.41 185882 -4683.99
2.072 188813 434.526 0.0306466 184254 2773.38 187028 1785.11
2.073 194344 440.844 0.0314732 184787 2813.15 187601 6743.3
2.075 186070 431.359 0.0331922 185852 2894.29 188747 -2676.41
2.077 177712 421.559 0.0350026 186915 2977.62 189893 -12181.4
2.079 194023 440.48 0.0369091 187977 3063.17 191040 2982.83
2.08 185434 430.621 0.0378999 188507 3106.8 191614 -6179.44
2.082 189029 434.774 0.0399598 189565 3195.81 192761 -3732.39
2.084 206851 454.808 0.0421288 190621 3287.19 193909 12942.1
2.085 223474 472.73 0.0432558 191149 3333.78 194482 28991.4
2.087 199559 446.72 0.0455987 192201 3428.82 195630 3928.57
2.089 197107 443.968 0.0480651 193252 3526.38 196778 328.932
2.091 187282 432.761 0.0506613 194300 3626.52 197927 -10644.9
2.092 196385 443.154 0.0520101 194823 3677.58 198501 -2115.68
2.094 209412 457.615 0.0548135 195867 3781.7 199649 9762.48
2.096 209729 457.962 0.0577638 196909 3888.56 200797 8931.68
2.098 192870 439.169 0.0608685 197947 3998.23 201946 -9075.94
2.1 193406 439.779 0.0641356 198983 4110.76 203094 -9688.03
2.101 187650 433.185 0.0658325 199500 4168.12 203668 -16018.5
2.103 205370 453.178 0.0693586 200531 4285.09 204816 553.984
2.105 217180 466.026 0.0730682 201559 4405.1 205964 11216
2.107 191237 437.307 0.0769708 202584 4528.22 207112 -15874.9
2.108 187250 432.724 0.0789975 203095 4590.97 207686 -20435.7
2.11 189744 435.596 0.0832078 204114 4718.9 208833 -19089.2
2.112 225401 474.764 0.0876362 205130 4850.14 209980 15420.7
2.114 265341 515.112 0.0922937 206143 4984.75 211127 54213.2
2.116 240365 490.271 0.0971918 207151 5122.82 212274 28091.1
2.117 191363 437.45 0.0997348 207654 5193.18 212847 -21484.6
2.119 177783 421.643 0.105016 208657 5336.59 213994 -36210.4
2.121 176334 419.921 0.11057 209656 5483.66 215139 -38805.5
2.123 202389 449.876 0.116409 210650 5634.47 216285 -13896.3
2.125 240814 490.728 0.122547 211641 5789.12 217430 23384.3
2.126 242490 492.433 0.125733 212134 5867.92 218002 24487.8
2.128 225411 474.774 0.132349 213118 6028.48 219147 6263.83
2.13 212177 460.627 0.139303 214098 6193.11 220291 -8114.29
2.132 180188 424.486 0.146612 215073 6361.88 221435 -41246.3
2.134 164538 405.633 0.154293 216043 6534.9 222578 -58039.7
2.136 180627 425.002 0.162366 217008 6712.25 223721 -43093.8
2.137 192422 438.659 0.166554 217489 6802.59 224292 -31869.9
2.139 231618 481.267 0.175249 218447 6986.64 225434 6184.25
2.141 256367 506.327 0.184385 219400 7175.29 226576 29791.4
2.143 252992 502.983 0.193982 220348 7368.62 227717 25274.9
2.145 229235 478.785 0.204065 221291 7566.76 228858 377.239
2.147 208627 456.757 0.214657 222228 7769.8 229998 -21371.2
2.149 207457 455.474 0.225782 223160 7977.85 231138 -23681.2
2.15 223640 472.906 0.231552 223624 8083.79 231708 -8067.88
2.152 246366 496.352 0.243527 224547 8299.58 232847 13518.8
2.154 240275 490.178 0.256102 225465 8520.66 233986 6289.15
2.156 221315 470.441 0.269308 226377 8747.16 235124 -13809.5
2.158 212518 460.997 0.283174 227283 8979.19 236262 -23743.9
2.16 220645 469.729 0.297733 228183 9216.87 237400 -16754.8
2.162 228347 477.856 0.313018 229076 9460.33 238537 -10190.5
2.163 241105 491.025 0.320944 229521 9584.26 239106 1999.57
2.165 257415 507.361 0.337384 230406 9836.63 240243 17172.7
2.167 241532 491.459 0.354641 231284 10095.1 241379 152.389
2.169 236202 486.006 0.372754 232156 10359.8 242516 -6313.78
2.171 234928 484.694 0.391765 233021 10630.8 243652 -8723.47
2.173 249535 499.535 0.411715 233879 10908.4 244788 4746.87
2.175 256116 506.079 0.43265 234731 11192.6 245924 10192
2.177 229218 478.767 0.454617 235576 11483.5 247060 -17842.2
2.179 230626 480.236 0.477665 236414 11781.4 248196 -17569.6
2.181 235336 485.115 0.501846 237245 12086.4 249332 -13995.6
2.183 250312 500.312 0.527214 238069 12398.5 250468 -155.299
2.184 256771 506.726 0.54036 238478 12557.4 251036 5735.21
2.186 242263 492.202 0.567613 239291 12880.7 252172 -9909.26
2.188 243147 493.099 0.596197 240096 13211.6 253309 -10161.5
2.19 231653 481.303 0.626177 240895 13550.2 254445 -22792.4
2.192 231037 480.663 0.657617 241685 13896.8 255583 -24545.7
2.194 236352 486.161 0.690586 242468 14251.5 256720 -20368
2.196 262597 512.442 0.725156 243243 14614.4 257858 4738.24
2.198 268969 518.622 0.761402 244011 14985.8 258997 9971.46
2.2 242899 492.848 0.799403 244770 15365.8 260137 -17237.7
2.202 242606 492.551 0.83924 245521 15754.5 261277 -18670.4
2.204 250698 500.698 0.880999 246265 16152.2 262418 -11719.5
2.206 252625 502.618 0.92477 247000 16559.1 263560 -10934.8
2.208 271658 521.209 0.970646 247727 16975.2 264703 6955.24
2.21 313022 559.483 1.01873 248445 17400.9 265847 47174.3
2.212 293667 541.91 1.06911 249156 17836.3 266993 26673.8
2.214 278369 527.607 1.1219 249857 18281.6 268140 10229.4
2.216 270186 519.794 1.17722 250550 18737 269288 897.657
2.218 253629 503.616 1.23518 251235 19202.6 270438 -16809
2.22 260451 510.344 1.2959 251910 19678.8 271590 -11139.6
2.222 294514 542.691 1.3595 252577 20165.7 272744 21770
2.224 286605 535.355 1.42613 253235 20663.5 273900 12705.4
2.226 282192 531.217 1.49591 253883 21172.5 275057 7134.16
2.228 274930 524.337 1.569 254523 21692.8 276217 -1287.89
2.23 262728 512.57 1.64554 255154 22224.7 277380 -14652
2.232 283318 532.276 1.72569 255775 22768.4 278545 4773.14
2.234 282856 531.842 1.80961 256387 23324.1 279713 3143.37
2.236 271088 520.661 1.89748 256989 23892.1 280883 -9795.27
2.238 268686 518.349 1.98947 257583 24472.6 282057 -13371.5
2.24 267607 517.308 2.08577 258166 25065.9 283234 -15626.7
2.242 272413 521.932 2.18658 258740 25672.1 284414 -12001.5
2.244 284829 533.694 2.2921 259304 26291.6 285598 -769.364
2.246 287365 536.064 2.40253 259859 26924.5 286786 579.074
2.248 270915 520.495 2.51811 260404 27571.2 287978 -17062.7
2.25 256013 505.977 2.63906 260939 28231.9 289173 -33160.5
2.252 259308 509.223 2.76562 261464 28906.8 290373 -31064.8
2.254 280607 529.724 2.89804 261979 29596.3 291578 -10970.3
2.256 286995 535.72 3.03658 262483 30300.5 292787 -5791.6
2.258 283568 532.511 3.18152 262978 31019.9 294001 -10433.8
2.26 282536 531.542 3.33314 263463 31754.6 295221 -12684.2
2.262 290018 538.533 3.49173 263937 32504.9 296445 -6427.35
2.265 278842 528.055 3.74338 264629 33660.3 298293 -19450.8
2.267 319268 565.038 3.92079 265078 34451 299533 19736
2.269 349909 591.531 4.10632 265516 35258.3 300778 49131
2.271 376190 613.343 4.30032 265943 36082.6 302030 74159.7
2.273 371871 609.812 4.50316 266360 36924.2 303289 68582.6
2.275 343517 586.104 4.71523 266766 37783.3 304554 38963.1
2.277 334576 578.425 4.93693 267162 38660.3 305827 28748.8
2.279 298062 545.95 5.16869 267547 39555.5 307107 -9045.58
2.281 289522 538.072 5.41094 267921 40469.2 308396 -18873.9
2.283 318899 564.711 5.66414 268284 41401.8 309692 9206.76
2.286 351997 593.293 6.06551 268809 42836.8 311652 40345
2.288 335383 579.123 6.3482 269145 43818 312970 22413.6
2.29 366348 605.267 6.64359 269470 44819.3 314296 52051.3
2.292 356079 596.724 6.95223 269785 45840.9 315633 40446.8
2.294 330351 574.761 7.27468 270088 46883.3 316978 13372.3
2.296 317043 563.066 7.61155 270380 47946.8 318334 -1291.31
2.298 318120 564.021 7.96345 270661 49031.7 319701 -1580.76
2.301 310342 557.084 8.52089 271061 50700.1 321770 -11427.9
2.303 304565 551.874 8.91323 271314 51840.3 323164 -18598.6
2.305 309023 555.899 9.32296 271556 53003.3 324569 -15545.4
2.307 315901 562.051 9.75084 271787 54189.4 325986 -10085
2.309 307920 554.906 10.1976 272006 55399 327415 -19495
2.311 339345 582.533 10.6641 272214 56632.5 328857 10488
2.313 342173 584.956 11.1511 272411 57890.4 330312 11861.2
2.316 338172 581.526 11.9221 272684 59823.7 332520 5652.07
2.318 322948 568.285 12.4644 272852 61144.1 334009 -11061.2
2.32 311694 558.296 13.0304 273009 62490.3 335512 -23818.5
2.322 310599 557.314 13.6211 273154 63862.6 337031 -26431.5
2.324 334046 577.967 14.2375 273288 65261.5 338564 -4518.08
2.327 353328 594.414 15.2129 273467 67410.7 340893 12435
2.329 354379 595.297 15.8986 273573 68878 342466 11912.4
2.331 350845 592.322 16.614 273666 70373.5 344056 6788.9
2.333 363851 603.201 17.3603 273748 71897.4 345663 18188.4
2.335 366997 605.803 18.1388 273819 73450.4 347287 19709.9
2.338 399165 631.795 19.37 273903 75835.3 349757 49407.6
2.34 378067 614.872 20.2351 273944 77462.8 351427 26640
2.342 364787 603.976 21.1373 273974 79120.9 353117 11670.9
2.344 375327 612.639 22.0781 273993 80810.2 354825 20501.9
2.347 393136 627.006 23.5653 273999 83403.4 357426 35709.9
2.349 415054 644.247 24.6098 273989 85172.5 359186 55868
2.351 399224 631.842 25.6987 273967 86974.4 360967 38257.6
2.353 362104 601.75 26.834 273933 88809.5 362770 -665.982
2.356 323728 568.971 28.6276 273861 91625.8 365516 -41787.6
2.358 356836 597.357 29.8869 273799 93546.5 367375 -10539.5
2.36 390368 624.794 31.1993 273725 95502.1 369258 21109.9
2.362 365633 604.676 32.567 273639 97493.4 371165 -5532.55
2.365 352302 593.551 34.7271 273489 100548 374072 -21769.9
2.367 372435 610.275 36.243 273375 102631 376042 -3606.6
2.369 370311 608.532 37.8223 273249 104751 378038 -7727.1
2.372 359137 599.28 40.3159 273039 108002 381081 -21944.5
2.374 403271 635.037 42.0651 272885 110218 383145 20126.6
2.376 403706 635.378 43.8872 272719 112473 385236 18469.6
2.378 415221 644.376 45.7849 272542 114769 387356 27864.6
2.381 417384 646.053 48.7798 272254 118287 390591 26793.8
2.383 401570 633.695 50.8799 272049 120685 392784 8785.59
2.385 443515 665.97 53.0666 271832 123124 395009 48506.5
2.388 441833 664.705 56.5166 271485 126863 398405 43428.6
2.39 400833 633.114 58.9351 271240 129410 400708 125.023
2.392 402515 634.44 61.4526 270983 132000 403045 -530.583
2.395 426890 653.368 65.4232 270578 135970 406613 20276.9
2.397 415718 644.762 68.2057 270293 138673 409035 6683.1
2.399 427985 654.206 71.1015 269998 141422 411491 16493.7
2.402 461101 679.044 75.6671 269534 145634 415243 45857.7
2.404 476193 690.068 78.8655 269211 148500 417790 58402.9
2.407 460433 678.552 83.9071 268706 152891 421681 38751.1
2.409 453211 673.209 87.4381 268356 155880 424323 28887.4
2.411 425845 652.568 91.1112 267995 158919 427004 -1159.23
2.414 457529 676.409 96.8992 267432 163571 431100 26428.6
2.416 495581 703.975 100.952 267044 166737 433882 61698.7
2.418 508208 712.887 105.166 266645 169954 436705 71503.4
2.421 515376 717.897 111.805 266027 174880 441019 74356.8
2.423 484971 696.398 116.452 265602 178230 443949 41022
2.426 471752 686.842 123.77 264944 183358 448426 23325.4
2.428 473144 687.855 128.891 264493 186846 451468 21676.4
2.43 486998 697.852 134.214 264031 190390 454555 32443
2.433 538886 734.089 142.594 263318 195812 459273 79613.3
2.435 516773 718.869 148.457 262831 199498 462478 54295
2.438 507517 712.402 157.684 262080 205138 467376 40141.2
2.44 519673 720.884 164.138 261567 208972 470703 48970.3
2.443 558710 747.469 174.294 260779 214835 475789 82921
2.445 555074 745.033 181.394 260241 218820 479243 75830.9
2.447 552210 743.108 188.771 259694 222867 482750 69460
2.45 508102 712.813 200.375 258854 229055 488110 19992.1
2.452 514366 717.193 208.487 258282 233260 491750 22615.5
2.455 493192 702.276 221.243 257406 239688 497315 -4122.44
2.457 503698 709.717 230.158 256810 244055 501094 2603.34
2.46 554895 744.913 244.175 255898 250729 506871 48024.3
2.462 560662 748.774 253.969 255279 255262 510794 49867.7
2.465 525586 724.973 269.364 254332 262189 516790 8795.54
2.467 557366 746.569 280.117 253690 266893 520863 36503
2.47 604560 777.534 297.018 252709 274080 527086 77473.5
2.472 640870 800.543 308.82 252044 278959 531312 109557
2.475 610942 781.628 327.364 251030 286413 537770 73171.7
2.477 575899 758.88 340.311 250343 291472 542156 33743.6
2.48 547949 740.236 360.649 249297 299199 548856 -906.865
2.482 555017 744.995 374.846 248588 304443 553406 1611.27
2.485 567999 753.657 397.141 247510 312450 560357 7642.46
2.487 576566 759.319 412.7 246780 317883 565076 11489.7
2.49 654873 809.242 437.13 245671 326177 572285 82588.1
2.492 624620 790.329 454.174 244921 331803 577179 47441
2.495 585537 765.204 480.93 243781 340391 584653 883.471
2.498 618773 786.621 509.18 242624 349158 592291 26481.3
2.5 671948 819.724 528.882 241842 355104 597475 74472.5
2.503 690757 831.118 559.799 240656 364176 605392 85364.7
2.505 740157 860.324 581.355 239856 370327 610764 129392
2.508 770588 877.832 615.174 238641 379711 618967 151621
2.51 643962 802.472 638.749 237822 386072 624533 19428.6
2.513 606491 778.776 675.725 236581 395774 633030 -26538.8
2.516 706653 840.627 714.726 235323 405670 641708 64945.8
2.518 755246 869.049 741.903 234476 412376 647594 107652
2.521 724605 851.237 784.513 233193 422601 656578 68026.2
2.523 707720 841.261 814.198 232329 429529 662672 45048
2.526 635501 797.183 860.73 231021 440089 671971 -36470.3
2.529 564626 751.416 909.774 229698 450854 681463 -116837
2.531 488426 698.875 943.928 228809 458146 687899 -199473
2.534 570053 755.019 997.445 227463 469257 697717 -127664
2.537 588920 767.411 1053.83 226104 480579 707736 -118816
2.539 607776 779.6 1093.07 225190 488245 714528 -106751
2.542 846188 919.885 1154.55 223809 499922 724886 121302
2.544 1.18377e+006 1088.01 1197.34 222881 507828 731906 451866
2.547 1.24999e+006 1118.03 1264.34 221479 519868 742611 507376
2.55 1.12002e+006 1058.31 1334.87 220064 532129 753528 366489
2.552 941871 970.5 1383.95 219115 540426 760925 180946
2.555 869148 932.281 1460.76 217681 553059 772201 96947.2
2.558 855286 924.817 1541.59 216236 565918 783696 71589.5
2.561 909660 953.761 1626.64 214781 579005 795413 114248
2.563 972052 985.927 1685.77 213804 587858 803348 168704
2.566 824803 908.187 1778.29 212332 601330 815439 9363.48
2.569 816438 903.57 1875.58 210849 615035 827759 -11320.8
2.571 1.0162e+006 1008.07 1943.21 209855 624302 836101 180098
2.574 1.11797e+006 1057.34 2048.97 208356 638401 848807 269163
2.577 870321 932.91 2160.15 206849 652739 861748 8573.32
2.58 960464 980.033 2276.99 205333 667316 874926 85537.9
2.582 1.00643e+006 1003.21 2358.16 204318 677169 883845 122585
2.585 924408 961.461 2485.05 202788 692152 897425 26982.7
2.588 812958 901.642 2618.33 201251 707379 911248 -98290.2
2.591 809290 899.605 2758.33 199706 722853 925317 -116027
2.593 775574 880.667 2855.53 198673 733306 934834 -159260
2.596 888020 942.348 3007.4 197117 749194 949319 -61298.6
2.599 1.0018e+006 1000.9 3166.84 195554 765333 964055 37741.4
2.602 1.21668e+006 1103.03 3334.19 193986 781724 979044 237639
2.604 1.35665e+006 1164.76 3450.33 192937 792792 989180 367475
2.607 1.10257e+006 1050.03 3631.68 191359 809606 1.0046e+006 97975.7
2.61 1.08667e+006 1042.44 3821.96 189776 826676 1.02027e+006 66400.1
2.613 1.141e+006 1068.17 4021.55 188189 844002 1.03621e+006 104784
2.616 1.20639e+006 1098.36 4230.88 186597 861586 1.05241e+006 153979
2.618 1.32777e+006 1152.29 4376.07 185533 873452 1.06336e+006 264404
2.621 1.29488e+006 1137.93 4602.62 183934 891468 1.08e+006 214874
2.624 1.20813e+006 1099.15 4840.12 182332 909744 1.09692e+006 111219
2.627 1.30039e+006 1140.35 5089.06 180726 928281 1.1141e+006 186294
2.63 1.15061e+006 1072.67 5349.94 179118 947080 1.13155e+006 19065.4
2.633 921229 959.807 5623.28 177507 966141 1.14927e+006 -228043
2.636 1.08816e+006 1043.15 5909.64 175894 985466 1.16727e+006 -79113.5
2.638 1.15711e+006 1075.69 6108.06 174817 998496 1.17942e+006 -22309.3
2.641 1.00952e+006 1004.75 6417.38 173201 1.01826e+006 1.19788e+006 -188359
2.644 1.02723e+006 1013.52 6741.28 171584 1.03829e+006 1.21661e+006 -189386
2.647 1.43467e+006 1197.78 7080.39 169965 1.05858e+006 1.23563e+006 199046
2.65 1.13052e+006 1063.26 7435.36 168346 1.07914e+006 1.25492e+006 -124400
2.653 1.12089e+006 1058.72 7806.87 166726 1.09996e+006 1.27449e+006 -153603
2.656 1.22042e+006 1104.72 8195.62 165106 1.12105e+006 1.29435e+006 -73933.8
2.659 1.40692e+006 1186.14 8602.34 163487 1.1424e+006 1.31449e+006 92435.3
2.662 1.5479e+006 1244.15 9027.8 161868 1.16402e+006 1.33491e+006 212992
2.664 1.48164e+006 1217.23 9322.23 160789 1.17857e+006 1.34868e+006 132953
2.667 1.4359e+006 1198.29 9780.66 159171 1.20063e+006 1.36958e+006 66315.2
2.67 1.36067e+006 1166.48 10260 157555 1.22295e+006 1.39076e+006 -30093.1
2.673 1.49923e+006 1224.43 10761.1 155940 1.24553e+006 1.41223e+006 86999.3
2.676 1.57443e+006 1254.76 11284.8 154328 1.26837e+006 1.43398e+006 140446
2.679 1.47205e+006 1213.28 11832.1 152717 1.29147e+006 1.45602e+006 16024.3
2.682 1.29014e+006 1135.84 12404 151109 1.31484e+006 1.47835e+006 -188216
2.685 1.13951e+006 1067.48 13001.4 149503 1.33846e+006 1.50097e+006 -361460
2.688 1.45739e+006 1207.23 13625.4 147901 1.36234e+006 1.52387e+006 -66475.4
2.691 1.74258e+006 1320.07 14277 146302 1.38648e+006 1.54706e+006 195520
2.694 1.64e+006 1280.63 14957.4 144706 1.41087e+006 1.57054e+006 69465.3
2.697 1.1871e+006 1089.54 15667.6 143114 1.43552e+006 1.5943e+006 -407196
2.7 1.30512e+006 1142.42 16409 141527 1.46042e+006 1.61835e+006 -313227
2.703 1.27992e+006 1131.34 17182.7 139943 1.48556e+006 1.64269e+006 -362765
2.706 1.48784e+006 1219.77 17990 138364 1.51096e+006 1.66731e+006 -179474
2.709 1.61336e+006 1270.18 18832.1 136790 1.5366e+006 1.69222e+006 -78860.6
2.712 1.45486e+006 1206.18 19710.5 135221 1.56249e+006 1.71742e+006 -262559
2.715 1.90437e+006 1379.99 20626.6 133658 1.58862e+006 1.7429e+006 161464
2.718 1.97785e+006 1406.36 21581.7 132100 1.61498e+006 1.76867e+006 209183
2.721 1.75491e+006 1324.73 22577.5 130547 1.64159e+006 1.79471e+006 -39802.4
2.724 1.67546e+006 1294.39 23615.4 129001 1.66843e+006 1.82104e+006 -145589
2.727 1.6449e+006 1282.54 24697 127461 1.6955e+006 1.84766e+006 -202758
2.731 1.48522e+006 1218.7 26210 125417 1.73195e+006 1.88357e+006 -398349
2.734 1.51412e+006 1230.5 27400.1 123892 1.75955e+006 1.91084e+006 -396718
2.737 1.86934e+006 1367.24 28639.7 122374 1.78737e+006 1.93838e+006 -69042.8
2.74 1.90454e+006 1380.05 29930.6 120864 1.8154e+006 1.9662e+006 -61655.4
2.743 2.01656e+006 1420.05 31274.5 119360 1.84365e+006 1.99429e+006 22265.8
2.746 2.22141e+006 1490.44 32673.6 117864 1.87212e+006 2.02265e+006 198758
2.749 1.90088e+006 1378.72 34129.7 116376 1.90079e+006 2.05129e+006 -150410
2.752 2.1756e+006 1474.99 35645 114895 1.92966e+006 2.0802e+006 95404.1
2.755 1.92931e+006 1388.99 37221.6 113423 1.95873e+006 2.10938e+006 -180069
2.759 1.90012e+006 1378.45 39422.9 111473 1.9978e+006 2.14869e+006 -248570
2.762 1.89359e+006 1376.08 41151.1 110020 2.02731e+006 2.17849e+006 -284892
2.765 1.9189e+006 1385.24 42948.1 108575 2.05702e+006 2.20854e+006 -289645
2.768 1.7711e+006 1330.83 44816.4 107140 2.0869e+006 2.23886e+006 -467755
2.771 1.74266e+006 1320.1 46758.4 105713 2.11696e+006 2.26943e+006 -526770
2.774 2.09174e+006 1446.28 48776.8 104296 2.14719e+006 2.30026e+006 -208527
2.778 2.63788e+006 1624.16 51591.1 102420 2.18775e+006 2.34177e+006 296116
2.781 2.47254e+006 1572.43 53797.9 101025 2.21836e+006 2.37318e+006 99360.3
2.784 2.18803e+006 1479.2 56089.9 99638.4 2.24912e+006 2.40485e+006 -216825
2.787 2.37268e+006 1540.35 58470.2 98261.9 2.28003e+006 2.43676e+006 -64084.8
2.79 2.63199e+006 1622.34 60941.7 96895.2 2.31108e+006 2.46892e+006 163074
2.794 2.59983e+006 1612.4 64384.2 95088.4 2.35269e+006 2.51216e+006 87669.3
2.797 2.33233e+006 1527.2 67080.5 93745.1 2.38405e+006 2.54488e+006 -212547
2.8 3.02252e+006 1738.54 69878.4 92412 2.41553e+006 2.57782e+006 444693
2.803 3.11107e+006 1763.82 72781.3 91089.2 2.44713e+006 2.611e+006 500072
2.807 2.6146e+006 1616.97 76821 89341.6 2.48943e+006 2.65559e+006 -40998.3
2.81 2.56888e+006 1602.77 79982.2 88043.3 2.52128e+006 2.6893e+006 -120427
2.813 3.13721e+006 1771.22 83260.1 86755.5 2.55322e+006 2.72323e+006 413980
2.816 3.06395e+006 1750.42 86658.4 85478.5 2.58525e+006 2.75738e+006 306571
2.82 2.73175e+006 1652.8 91383.3 83792.5 2.62808e+006 2.80325e+006 -71508.2
2.823 2.55229e+006 1597.59 95077.3 82540.8 2.66029e+006 2.8379e+006 -285616
2.826 2.85924e+006 1690.93 98904.8 81300.1 2.69256e+006 2.87277e+006 -13530.3
2.83 3.59438e+006 1895.88 104223 79662.9 2.73568e+006 2.91957e+006 674812
2.833 2.82905e+006 1681.98 108378 78448 2.76808e+006 2.95491e+006 -125854
2.836 2.51331e+006 1585.34 112680 77244.4 2.80052e+006 2.99045e+006 -477139
2.84 2.63653e+006 1623.74 118654 75656.9 2.84383e+006 3.03814e+006 -401605
2.843 2.73071e+006 1652.49 123318 74479.5 2.87633e+006 3.07413e+006 -343414
2.846 2.79649e+006 1672.27 128144 73313.5 2.90885e+006 3.11031e+006 -313822
2.85 3.00756e+006 1734.23 134841 71776.6 2.95223e+006 3.15885e+006 -151287
2.853 3.50795e+006 1872.95 140066 70637.2 2.98476e+006 3.19546e+006 312488
2.856 3.10219e+006 1761.3 145470 69509.3 3.01728e+006 3.23226e+006 -130060
2.86 2.4477e+006 1564.51 152963 68023.4 3.0606e+006 3.28159e+006 -833894
2.863 2.74678e+006 1657.34 158805 66922.4 3.09306e+006 3.31879e+006 -572011
2.867 4.14216e+006 2035.23 166901 65472.4 3.13629e+006 3.36866e+006 773500
2.87 4.71241e+006 2170.81 173210 64398.5 3.16865e+006 3.40625e+006 1.30615e+006
2.874 4.24608e+006 2060.6 181949 62984.5 3.2117e+006 3.45664e+006 789440
2.877 4.40728e+006 2099.35 188756 61937.7 3.24391e+006 3.49461e+006 912669
2.88 3.93287e+006 1983.15 195786 60902.4 3.27605e+006 3.53274e+006 400137
2.884 3.39956e+006 1843.79 205517 59540.1 3.31876e+006 3.58382e+006 -184256
2.887 3.9196e+006 1979.8 213091 58531.9 3.35068e+006 3.6223e+006 297299
2.891 3.82907e+006 1956.8 223570 57205.7 3.39307e+006 3.67385e+006 155218
2.894 2.91749e+006 1708.07 231723 56224.6 3.42473e+006 3.71268e+006 -795186
2.898 3.0767e+006 1754.05 242996 54934.5 3.46674e+006 3.76467e+006 -687966
2.901 3.83996e+006 1959.58 251763 53980.3 3.49809e+006 3.80383e+006 36130.6
2.905 3.01694e+006 1736.93 263879 52726.1 3.53965e+006 3.85625e+006 -839312
2.908 3.02485e+006 1739.21 273295 51798.8 3.57063e+006 3.89573e+006 -870882
2.912 3.57419e+006 1890.55 286304 50580.3 3.61168e+006 3.94857e+006 -374381
2.915 3.78432e+006 1945.33 296410 49679.8 3.64226e+006 3.98835e+006 -204027
2.919 4.00484e+006 2001.21 310363 48496.8 3.68273e+006 4.04159e+006 -36753.2
2.922 3.99568e+006 1998.92 321197 47622.8 3.71285e+006 4.08167e+006 -85988.8
2.926 3.48703e+006 1867.36 336149 46475.1 3.75268e+006 4.13531e+006 -648275
2.929 4.17792e+006 2044 347753 45627.4 3.78229e+006 4.17567e+006 2251.84
2.933 3.85379e+006 1963.11 363758 44514.6 3.82141e+006 4.22968e+006 -375895
2.937 4.33535e+006 2082.15 380392 43421.6 3.8601e+006 4.28391e+006 51442.1
2.94 4.96544e+006 2228.33 393290 42614.8 3.88881e+006 4.32472e+006 640727
2.944 4.07742e+006 2019.26 411068 41556.1 3.92668e+006 4.37931e+006 -301889
2.947 4.40907e+006 2099.78 424847 40774.9 3.95476e+006 4.42039e+006 -11317.6
2.951 3.98092e+006 1995.22 443828 39750.2 3.99176e+006 4.47534e+006 -494420
2.955 3.44197e+006 1855.25 463525 38744.7 4.02823e+006 4.5305e+006 -1.08853e+006
2.958 3.73824e+006 1933.45 478779 38003.2 4.05521e+006 4.572e+006 -833755
2.962 4.88932e+006 2211.18 499777 37030.9 4.0907e+006 4.62751e+006 261808
2.965 4.55762e+006 2134.86 516030 36314.1 4.11694e+006 4.66928e+006 -111660
2.969 4.03334e+006 2008.32 538391 35374.6 4.15138e+006 4.72515e+006 -691811
2.973 3.60085e+006 1897.59 561561 34453.6 4.18521e+006 4.78123e+006 -1.18037e+006
2.977 3.6498e+006 1910.44 585560 33550.9 4.2184e+006 4.83751e+006 -1.18771e+006
2.98 4.2812e+006 2069.11 604116 32885.8 4.24285e+006 4.87985e+006 -598654
2.984 4.82266e+006 2196.06 629618 32014.8 4.27487e+006 4.9365e+006 -113842
2.988 4.44738e+006 2108.88 656008 31161.5 4.30619e+006 4.99336e+006 -545976
2.991 4.35961e+006 2087.97 676397 30533.1 4.32921e+006 5.03614e+006 -676527
2.995 5.23781e+006 2288.63 704395 29710.6 4.35927e+006 5.09338e+006 144431
2.999 5.84783e+006 2418.23 733342 28905.3 4.38859e+006 5.15083e+006 696999
3.003 6.64253e+006 2577.31 763260 28117.1 4.41714e+006 5.20851e+006 1.43401e+006
3.006 5.29077e+006 2300.17 786349 27537 4.43804e+006 5.25192e+006 38846.4
3.01 5.06337e+006 2250.19 818019 26778.2 4.46521e+006 5.31001e+006 -246638
3.014 5.05552e+006 2248.45 850721 26035.9 4.49157e+006 5.36833e+006 -312808
3.018 5.13895e+006 2266.92 884477 25310 4.51711e+006 5.4269e+006 -287952
3.021 5.19954e+006 2280.25 910500 24776 4.53571e+006 5.47099e+006 -271446
3.025 5.24571e+006 2290.35 946153 24078.1 4.55976e+006 5.52999e+006 -284281
3.029 5.38668e+006 2320.92 982922 23395.8 4.58295e+006 5.58926e+006 -202587
3.033 5.3112e+006 2304.6 1.02083e+006 22729 4.60525e+006 5.6488e+006 -337603
3.037 5.91422e+006 2431.92 1.05989e+006 22077.5 4.62665e+006 5.70862e+006 205608
3.041 6.06213e+006 2462.14 1.10013e+006 21441.1 4.64714e+006 5.76871e+006 293418
3.044 6.31014e+006 2512 1.1311e+006 20973.5 4.6619e+006 5.81398e+006 496163
3.048 7.16447e+006 2676.65 1.17346e+006 20362.8 4.68077e+006 5.87459e+006 1.28988e+006
3.052 7.16949e+006 2677.59 1.21706e+006 19766.6 4.69869e+006 5.93551e+006 1.23398e+006
3.056 7.05457e+006 2656.04 1.26191e+006 19184.7 4.71565e+006 5.99675e+006 1.05782e+006
3.06 6.68175e+006 2584.91 1.30804e+006 18616.7 4.73165e+006 6.05831e+006 623448
3.064 5.7933e+006 2406.93 1.35547e+006 18062.4 4.74667e+006 6.1202e+006 -326903
3.068 6.60631e+006 2570.27 1.40422e+006 17521.8 4.7607e+006 6.18244e+006 423865
3.072 5.86448e+006 2421.67 1.45431e+006 16994.4 4.77373e+006 6.24503e+006 -380551
3.076 5.1628e+006 2272.18 1.50575e+006 16480.1 4.78576e+006 6.30799e+006 -1.14519e+006
3.079 5.41924e+006 2327.93 1.54523e+006 16102.9 4.79412e+006 6.35545e+006 -936211
3.083 6.03904e+006 2457.45 1.59908e+006 15610.9 4.80437e+006 6.41906e+006 -380021
3.087 5.55186e+006 2356.24 1.65434e+006 15131.5 4.8136e+006 6.48307e+006 -931210
3.091 5.91369e+006 2431.81 1.71102e+006 14664.3 4.82179e+006 6.54748e+006 -633781
3.095 6.05276e+006 2460.24 1.76913e+006 14209.1 4.82895e+006 6.61229e+006 -559533
3.099 6.86419e+006 2619.96 1.82869e+006 13765.8 4.83507e+006 6.67753e+006 186662
3.103 8.45134e+006 2907.12 1.88972e+006 13334 4.84015e+006 6.7432e+006 1.70814e+006
3.107 8.17509e+006 2859.21 1.95222e+006 12913.5 4.84417e+006 6.80931e+006 1.36578e+006
3.111 7.49295e+006 2737.33 2.01622e+006 12504.3 4.84715e+006 6.87587e+006 617080
3.115 7.97757e+006 2824.46 2.08171e+006 12105.9 4.84907e+006 6.94289e+006 1.03468e+006
3.12 8.60901e+006 2934.11 2.16571e+006 11623 4.85e+006 7.02733e+006 1.58168e+006
3.124 8.84654e+006 2974.31 2.23462e+006 11248.5 4.84955e+006 7.09542e+006 1.75112e+006
3.128 8.25726e+006 2873.54 2.30506e+006 10884.1 4.84805e+006 7.16399e+006 1.09327e+006
3.132 8.12591e+006 2850.6 2.37704e+006 10529.8 4.84549e+006 7.23307e+006 892849
3.136 7.92054e+006 2814.35 2.45057e+006 10185.3 4.84188e+006 7.30264e+006 617896
3.14 8.50448e+006 2916.24 2.52565e+006 9850.46 4.83723e+006 7.37273e+006 1.13175e+006
3.144 8.21917e+006 2866.91 2.60229e+006 9524.98 4.83153e+006 7.44334e+006 775827
3.148 7.31042e+006 2703.78 2.68048e+006 9208.7 4.82478e+006 7.51447e+006 -204053
3.152 9.33542e+006 3055.39 2.76023e+006 8901.42 4.817e+006 7.58613e+006 1.74929e+006
3.156 1.02234e+007 3197.41 2.84154e+006 8602.94 4.80818e+006 7.65833e+006 2.5651e+006
3.161 9.3379e+006 3055.8 2.94537e+006 8241.92 4.79572e+006 7.74933e+006 1.58857e+006
3.165 8.41002e+006 2900 3.03018e+006 7962.52 4.7846e+006 7.82274e+006 587274
3.169 8.11914e+006 2849.41 3.11654e+006 7691.3 4.77247e+006 7.8967e+006 222436
3.173 7.62379e+006 2761.12 3.20444e+006 7428.06 4.75934e+006 7.97121e+006 -347422
3.177 8.83447e+006 2972.28 3.29388e+006 7172.62 4.74521e+006 8.04626e+006 788205
3.182 8.94354e+006 2990.57 3.40783e+006 6864.01 4.72616e+006 8.14085e+006 802683
3.186 9.25998e+006 3043.02 3.50069e+006 6625.45 4.70982e+006 8.21714e+006 1.04284e+006
3.19 9.41068e+006 3067.68 3.59505e+006 6394.1 4.69252e+006 8.29397e+006 1.11671e+006
3.194 9.15339e+006 3025.46 3.6909e+006 6169.79 4.67427e+006 8.37134e+006 782048
3.199 9.58142e+006 3095.39 3.81277e+006 5899.03 4.65013e+006 8.4688e+006 1.11262e+006
3.203 9.18553e+006 3030.76 3.9119e+006 5689.92 4.62978e+006 8.54737e+006 638163
3.207 9.01669e+006 3002.78 4.01246e+006 5487.3 4.60851e+006 8.62646e+006 390228
3.211 9.40587e+006 3066.9 4.11442e+006 5291 4.58635e+006 8.70606e+006 699805
3.216 1.09989e+007 3316.46 4.24382e+006 5054.27 4.5574e+006 8.80627e+006 2.19264e+006
3.22 1.09507e+007 3309.19 4.34886e+006 4871.61 4.53326e+006 8.88699e+006 2.06374e+006
3.224 8.61582e+006 2935.27 4.45522e+006 4694.75 4.50827e+006 8.96819e+006 -352367
3.229 8.49788e+006 2915.11 4.59e+006 4481.63 4.47585e+006 9.07033e+006 -572453
3.233 9.59963e+006 3098.33 4.69923e+006 4317.29 4.449e+006 9.15255e+006 447083
3.238 1.07186e+007 3273.92 4.83748e+006 4119.34 4.41432e+006 9.25592e+006 1.46266e+006
3.242 1.07104e+007 3272.68 4.94942e+006 3966.78 4.38569e+006 9.33907e+006 1.37136e+006
3.246 1.22157e+007 3495.09 5.06249e+006 3819.23 4.3563e+006 9.42261e+006 2.79306e+006
3.251 1.0067e+007 3172.86 5.20537e+006 3641.61 4.31852e+006 9.52753e+006 539498
3.255 1.32727e+007 3643.17 5.32086e+006 3504.82 4.28748e+006 9.61185e+006 3.66084e+006
3.26 1.99426e+007 4465.71 5.46663e+006 3340.24 4.2477e+006 9.71767e+006 1.02249e+007
3.264 1.40512e+007 3748.49 5.58432e+006 3213.55 4.21511e+006 9.80264e+006 4.24856e+006
3.268 1.10317e+007 3321.41 5.70291e+006 3091.14 4.18186e+006 9.88786e+006 1.14389e+006
3.273 9.49993e+006 3082.2 5.85233e+006 2943.97 4.1394e+006 9.99467e+006 -494744
3.277 9.86943e+006 3141.56 5.97276e+006 2830.75 4.10474e+006 1.00803e+007 -210898
3.282 9.68139e+006 3111.49 6.12432e+006 2694.7 4.06057e+006 1.01876e+007 -506203
3.286 9.90886e+006 3147.83 6.24632e+006 2590.08 4.0246e+006 1.02735e+007 -364657
3.291 1.06645e+007 3265.65 6.39967e+006 2464.42 3.97887e+006 1.0381e+007 283454
3.295 1.08965e+007 3300.99 6.52295e+006 2367.85 3.9417e+006 1.0467e+007 429523
3.3 1.28307e+007 3582 6.6777e+006 2251.9 3.89452e+006 1.05745e+007 2.25623e+006
3.305 1.41897e+007 3766.93 6.83307e+006 2141.06 3.84661e+006 1.06818e+007 3.50792e+006
3.309 1.37123e+007 3703.01 6.95772e+006 2055.95 3.80777e+006 1.07675e+007 2.94477e+006
3.314 1.28128e+007 3579.5 7.11387e+006 1953.83 3.75862e+006 1.08744e+007 1.93839e+006
3.318 1.43863e+007 3792.92 7.23898e+006 1875.44 3.71885e+006 1.09597e+007 3.42657e+006
3.323 1.3916e+007 3730.42 7.39549e+006 1781.44 3.66861e+006 1.10659e+007 2.85016e+006
3.328 1.40424e+007 3747.32 7.552e+006 1691.7 3.61781e+006 1.11715e+007 2.87089e+006
3.332 1.61466e+007 4018.28 7.67711e+006 1622.87 3.57681e+006 1.12555e+007 4.89107e+006
3.337 1.53345e+007 3915.92 7.83327e+006 1540.39 3.52513e+006 1.13599e+007 3.97451e+006
3.342 1.15812e+007 3403.12 7.98902e+006 1461.72 3.47302e+006 1.14635e+007 117716
3.346 1.18501e+007 3442.4 8.11324e+006 1401.42 3.43105e+006 1.15457e+007 304406
3.351 1.30701e+007 3615.26 8.2679e+006 1329.21 3.37826e+006 1.16475e+007 1.42259e+006
3.356 1.23686e+007 3516.91 8.42174e+006 1260.39 3.32515e+006 1.17482e+007 620478
3.36 1.11121e+007 3333.49 8.54412e+006 1207.68 3.28247e+006 1.18278e+007 -715672
3.365 1.11714e+007 3342.36 8.69609e+006 1144.61 3.22889e+006 1.19261e+007 -754760
3.37 1.34707e+007 3670.25 8.84681e+006 1084.55 3.17511e+006 1.2023e+007 1.44771e+006
3.375 1.42349e+007 3772.92 8.99611e+006 1027.37 3.12117e+006 1.21183e+007 2.11663e+006
3.379 1.2775e+007 3574.21 9.11443e+006 983.612 3.07792e+006 1.21933e+007 581644
3.384 1.28396e+007 3583.23 9.26079e+006 931.309 3.02378e+006 1.22855e+007 554056
3.389 1.28283e+007 3581.67 9.40528e+006 881.554 2.96958e+006 1.23757e+007 452602
3.394 1.25857e+007 3547.64 9.54776e+006 834.237 2.91536e+006 1.2464e+007 121790
3.399 1.38628e+007 3723.27 9.68806e+006 789.252 2.86116e+006 1.255e+007 1.31275e+006
3.403 1.39701e+007 3737.66 9.79863e+006 754.873 2.81784e+006 1.26172e+007 1.35288e+006
3.408 1.43628e+007 3789.82 9.93461e+006 713.829 2.76376e+006 1.26991e+007 1.66367e+006
3.413 1.60013e+007 4000.16 1.0068e+007 674.837 2.7098e+006 1.27784e+007 3.22282e+006
3.418 1.55383e+007 3941.86 1.01986e+007 637.808 2.65599e+006 1.28552e+007 2.6831e+006
3.423 1.40978e+007 3754.7 1.03262e+007 602.651 2.60236e+006 1.29292e+007 1.16858e+006
3.428 1.29327e+007 3596.2 1.04508e+007 569.281 2.54895e+006 1.30003e+007 -67666.8
3.433 1.3641e+007 3693.37 1.05722e+007 537.618 2.49579e+006 1.30685e+007 572498
3.438 1.53392e+007 3916.53 1.06901e+007 507.582 2.44291e+006 1.31336e+007 2.20562e+006
3.443 1.34251e+007 3664.03 1.08046e+007 479.097 2.39034e+006 1.31954e+007 229680
3.448 1.23708e+007 3517.21 1.09154e+007 452.092 2.3381e+006 1.32539e+007 -883167
3.453 1.1276e+007 3357.97 1.10224e+007 426.496 2.28623e+006 1.3309e+007 -2.03309e+006
3.458 1.26294e+007 3553.78 1.11255e+007 402.243 2.23475e+006 1.33606e+007 -731230
3.463 1.64934e+007 4061.2 1.12245e+007 379.269 2.18368e+006 1.34085e+007 3.08484e+006
3.468 1.61811e+007 4022.57 1.13193e+007 357.513 2.13306e+006 1.34527e+007 2.72835e+006
3.473 1.47828e+007 3844.84 1.14098e+007 336.916 2.08291e+006 1.34931e+007 1.28975e+006
3.478 1.24056e+007 3522.15 1.14959e+007 317.422 2.03324e+006 1.35295e+007 -1.12389e+006
3.483 1.30655e+007 3614.63 1.15775e+007 298.977 1.98408e+006 1.35619e+007 -496328
3.488 1.42153e+007 3770.31 1.16544e+007 281.53 1.93546e+006 1.35901e+007 625114
3.493 1.33282e+007 3650.79 1.17266e+007 265.03 1.88738e+006 1.36142e+007 -286005
3.498 1.47343e+007 3838.53 1.17939e+007 249.432 1.83988e+006 1.36341e+007 1.10022e+006
3.503 1.4792e+007 3846.04 1.18564e+007 234.69 1.79296e+006 1.36496e+007 1.14242e+006
3.508 1.35137e+007 3676.09 1.19138e+007 220.761 1.74664e+006 1.36607e+007 -147020
3.514 1.39389e+007 3733.48 1.1976e+007 205.062 1.69188e+006 1.36681e+007 270734
3.519 1.58776e+007 3984.67 1.20222e+007 192.779 1.64694e+006 1.36694e+007 2.20826e+006
3.524 1.58454e+007 3980.63 1.20632e+007 181.185 1.60265e+006 1.3666e+007 2.17942e+006
3.529 1.31363e+007 3624.4 1.20989e+007 170.242 1.55902e+006 1.3658e+007 -521760
3.534 1.1287e+007 3359.61 1.21292e+007 159.919 1.51607e+006 1.36454e+007 -2.35847e+006
3.54 1.17995e+007 3435.05 1.21586e+007 148.302 1.46543e+006 1.36241e+007 -1.82459e+006
3.545 1.32938e+007 3646.06 1.21771e+007 139.228 1.42399e+006 1.36012e+007 -307424
3.55 1.25664e+007 3544.92 1.21902e+007 130.674 1.38325e+006 1.35735e+007 -1.00709e+006
3.556 1.17298e+007 3424.87 1.21987e+007 121.059 1.3353e+006 1.35341e+007 -1.80432e+006
3.561 1.454e+007 3813.14 1.21998e+007 113.556 1.29613e+006 1.3496e+007 1.04404e+006
3.566 1.50655e+007 3881.43 1.21954e+007 106.49 1.25768e+006 1.34532e+007 1.61234e+006
3.572 1.34013e+007 3660.77 1.2183e+007 98.5542 1.2125e+006 1.33955e+007 5711.5
3.577 1.2572e+007 3545.7 1.21666e+007 92.368 1.17565e+006 1.33424e+007 -770333
3.582 1.2642e+007 3555.56 1.21449e+007 86.5472 1.13954e+006 1.32845e+007 -642488
3.588 1.48514e+007 3853.75 1.21116e+007 80.0165 1.09717e+006 1.32089e+007 1.64253e+006
3.593 1.32365e+007 3638.2 1.20781e+007 74.9306 1.06267e+006 1.31408e+007 95688.1
3.599 1.22833e+007 3504.75 1.20308e+007 69.2282 1.02224e+006 1.30531e+007 -769872
3.604 1.3042e+007 3611.36 1.19857e+007 64.7903 989363 1.29751e+007 66835.1
3.609 1.29677e+007 3601.06 1.19354e+007 60.621 957213 1.28927e+007 75006.7
3.615 1.00445e+007 3169.3 1.18683e+007 55.9509 919598 1.27879e+007 -2.74347e+006
3.62 1.01632e+007 3187.97 1.18068e+007 52.32 889050 1.26959e+007 -2.53278e+006
3.626 1.11349e+007 3336.9 1.17266e+007 48.2557 853348 1.258e+007 -1.4451e+006
3.631 1.25248e+007 3539.04 1.16544e+007 45.098 824385 1.24788e+007 45988.8
3.637 1.40696e+007 3750.95 1.15615e+007 41.5658 790570 1.23521e+007 1.7175e+006
3.643 1.49403e+007 3865.27 1.1462e+007 38.2957 757771 1.22198e+007 2.72048e+006
3.648 1.18141e+007 3437.17 1.13741e+007 35.7576 731207 1.21054e+007 -291257
3.654 9.68358e+006 3111.85 1.12629e+007 32.9215 700242 1.19632e+007 -2.2796e+006
3.659 9.24264e+006 3040.17 1.11656e+007 30.7218 675190 1.18408e+007 -2.59813e+006
3.665 1.01227e+007 3181.62 1.10433e+007 28.2654 646018 1.16894e+007 -1.56669e+006
3.671 9.62734e+006 3102.8 1.09154e+007 25.9955 617804 1.15332e+007 -1.90588e+006
3.676 9.32957e+006 3054.43 1.08046e+007 24.2368 595014 1.13996e+007 -2.07006e+006
3.682 9.74812e+006 3122.2 1.06668e+007 22.275 568517 1.12354e+007 -1.48724e+006
3.688 1.02734e+007 3205.22 1.0524e+007 20.4641 542935 1.1067e+007 -793560
3.693 1.17385e+007 3426.16 1.04014e+007 19.0625 522303 1.09237e+007 814874
3.699 1.16819e+007 3417.88 1.025e+007 17.5006 498353 1.07484e+007 933538
3.705 1.06778e+007 3267.69 1.00943e+007 16.0606 475269 1.05696e+007 108178
3.711 9.01604e+006 3002.67 9.93461e+006 14.7335 453032 1.03877e+007 -1.37162e+006
3.716 9.86546e+006 3140.93 9.79863e+006 13.7077 435136 1.02338e+007 -368321
3.722 1.04503e+007 3232.7 9.63221e+006 12.5663 414405 1.00466e+007 403696
3.728 1.07832e+007 3283.78 9.46253e+006 11.5155 394469 9.85701e+006 926227
3.734 1.07712e+007 3281.95 9.28984e+006 10.5486 375308 9.66516e+006 1.10604e+006
3.74 9.43729e+006 3072.02 9.11443e+006 9.65915 356904 9.47134e+006 -34058
3.746 9.99491e+006 3161.47 8.93657e+006 8.84137 339236 9.27582e+006 719098
3.752 9.55904e+006 3091.77 8.75654e+006 8.08976 322285 9.07883e+006 480211
3.758 8.79416e+006 2965.5 8.57461e+006 7.39922 306031 8.88065e+006 -86481.4
3.763 8.26923e+006 2875.63 8.42174e+006 6.86703 293004 8.71475e+006 -445524
3.769 7.96888e+006 2822.92 8.23703e+006 6.27649 277978 8.51501e+006 -546137
3.775 8.16756e+006 2857.89 8.05118e+006 5.73456 263593 8.31478e+006 -147218
3.781 9.2555e+006 3042.29 7.86445e+006 5.23743 249830 8.11429e+006 1.14121e+006
3.787 1.14209e+007 3379.48 7.67711e+006 4.78158 236670 7.91378e+006 3.50708e+006
3.793 8.1024e+006 2846.47 7.4894e+006 4.36375 224094 7.7135e+006 388897
3.8 6.1468e+006 2479.27 7.27028e+006 3.92031 210133 7.48041e+006 -1.33362e+006
3.806 6.28828e+006 2507.64 7.08262e+006 3.57479 198756 7.28138e+006 -993099
3.812 6.0588e+006 2461.46 6.89536e+006 3.25849 187903 7.08327e+006 -1.02447e+006
3.818 6.32577e+006 2515.11 6.70873e+006 2.96904 177556 6.88629e+006 -560523
3.824 6.45001e+006 2539.69 6.52295e+006 2.70428 167696 6.69065e+006 -240637
3.83 8.94301e+006 2990.49 6.33822e+006 2.46219 158307 6.49653e+006 2.44647e+006
3.836 9.63817e+006 3104.54 6.15476e+006 2.24092 149370 6.30413e+006 3.33403e+006
3.843 7.19354e+006 2682.08 5.94258e+006 2.00682 139493 6.08208e+006 1.11146e+006
3.849 6.22643e+006 2495.28 5.76252e+006 1.82497 131479 5.894e+006 332423
3.855 6.01748e+006 2453.05 5.58432e+006 1.65897 123864 5.70819e+006 309290
3.861 6.21689e+006 2493.37 5.40814e+006 1.5075 116634 5.52478e+006 692115
3.868 6.51099e+006 2551.66 5.20537e+006 1.34752 108663 5.31404e+006 1.19695e+006
3.874 6.13834e+006 2477.57 5.03412e+006 1.22347 102211 5.13633e+006 1.00201e+006
3.88 4.53833e+006 2130.34 4.86536e+006 1.11043 96095.8 4.96146e+006 -423126
3.887 4.36349e+006 2088.9 4.67181e+006 0.991195 89366.7 4.76117e+006 -397679
3.893 4.92902e+006 2220.14 4.50889e+006 0.898869 83930.7 4.59283e+006 336195
3.899 5.93477e+006 2436.14 4.34886e+006 0.814834 78786.8 4.42765e+006 1.50712e+006
3.906 5.17301e+006 2274.43 4.16592e+006 0.726321 73137.5 4.23906e+006 933952
3.912 3.46246e+006 1860.77 4.01246e+006 0.657875 68582.3 4.08104e+006 -618577
3.919 3.4773e+006 1864.75 3.83742e+006 0.585849 63586 3.901e+006 -423704
3.925 4.21324e+006 2052.62 3.6909e+006 0.530204 59562.6 3.75046e+006 462778
3.932 3.79425e+006 1947.88 3.52414e+006 0.471702 55155.1 3.57929e+006 214960
3.938 3.48529e+006 1866.89 3.38485e+006 0.426547 51610.5 3.43646e+006 48826.4
3.945 3.76589e+006 1940.59 3.22666e+006 0.379119 47732.4 3.27439e+006 491496
3.951 4.52929e+006 2128.21 3.09481e+006 0.342545 44617.4 3.13942e+006 1.38987e+006
3.958 4.66179e+006 2159.12 2.94537e+006 0.304164 41213.8 2.98658e+006 1.6752e+006
3.964 2.70662e+006 1645.18 2.82107e+006 0.274595 38483.4 2.85955e+006 -152928
3.971 2.49922e+006 1580.89 2.68048e+006 0.243594 35503.8 2.71598e+006 -216765
3.978 3.21589e+006 1793.29 2.54467e+006 0.215981 32733.1 2.5774e+006 638493
3.984 4.127e+006 2031.5 2.43205e+006 0.194737 30514.8 2.46256e+006 1.66444e+006
3.991 2.32482e+006 1524.74 2.30506e+006 0.172497 28098.6 2.33316e+006 -8339.69
3.998 2.27397e+006 1507.97 2.18279e+006 0.152717 25856.5 2.20865e+006 65324.8
4.004 2.00772e+006 1416.94 2.08171e+006 0.137522 24065 2.10578e+006 -98056.5
4.011 2.02808e+006 1424.11 1.96808e+006 0.121636 22117.4 1.9902e+006 37882.3
4.018 2.30115e+006 1516.96 1.85902e+006 0.10753 20313.9 1.87934e+006 421816
4.025 3.47653e+006 1864.54 1.75447e+006 0.0950098 18645.1 1.77311e+006 1.70341e+006
4.032 2.21925e+006 1489.72 1.65434e+006 0.0839043 17101.9 1.67144e+006 547811
4.038 1.94512e+006 1394.68 1.57198e+006 0.0753935 15872.9 1.58785e+006 357265
4.045 1.26947e+006 1126.71 1.47986e+006 0.066517 14541.2 1.4944e+006 -224933
4.052 1.03619e+006 1017.93 1.39191e+006 0.0586552 13312.4 1.40522e+006 -369037
4.059 1.00996e+006 1004.97 1.30804e+006 0.0516959 12179.3 1.32022e+006 -310262
4.066 1.18134e+006 1086.89 1.22815e+006 0.0455388 11135.2 1.23929e+006 -57948.4
4.073 1.66092e+006 1288.77 1.15213e+006 0.0400942 10173.8 1.1623e+006 498622
4.08 1.29119e+006 1136.31 1.07986e+006 0.0352823 9289.3 1.08915e+006 202043
4.087 1.07461e+006 1036.63 1.01124e+006 0.0310319 8476.02 1.01972e+006 54890.9
4.094 840000 916.515 946153 0.0272794 7728.79 953882 -113883
4.101 622250 788.828 884477 0.0239683 7042.75 891520 -269270
4.108 765902 875.158 826097 0.0210482 6413.33 832510 -66608.6
4.116 1.05191e+006 1025.63 763260 0.0181324 5757.88 769018 282894
4.123 780996 883.74 711542 0.0159057 5235.82 716778 64218.3
4.13 613329 783.153 662747 0.0139451 4757.92 667505 -54176.2
4.137 684275 827.209 616757 0.01222 4320.77 621078 63197.5
4.144 641733 801.082 573455 0.0107027 3921.17 577376 64356.6
4.152 483157 695.095 527111 0.00919207 3506.67 530618 -47460.8
4.159 477566 691.062 489183 0.00804181 3177.82 492361 -14794.5
4.166 423680 650.907 453586 0.00703186 2877.89 456464 -32783.9
4.173 421605 649.311 420211 0.00614556 2604.54 422815 -1210.11
4.181 337932 581.319 384650 0.00526526 2321.89 386972 -49040.3
4.188 317638 563.594 355678 0.00459652 2098.35 357777 -40138.5
4.196 383444 619.229 324881 0.00393312 1867.58 326748 56696
4.203 365171 604.294 299846 0.00342978 1685.38 301532 63639
4.211 295001 543.14 273295 0.00293105 1497.58 274793 20208.4
4.218 276307 525.649 251763 0.00255312 1349.55 253112 23194.7
4.226 223196 472.437 228977 0.00217911 1197.22 230174 -6977.96
4.233 204616 452.345 210540 0.00189603 1077.34 211617 -7001.34
4.241 182977 427.758 191074 0.00161623 954.176 192029 -9051.38
4.248 167720 409.536 175359 0.00140471 857.406 176217 -8497.14
4.256 225775 475.158 158805 0.0011959 758.151 159563 66211.9
4.264 240711 490.623 143649 0.00101744 669.803 144318 96392.3
4.271 257420 507.366 131455 0.000882786 600.558 132055 125365
4.279 205201 452.991 118654 0.000750101 529.71 119183 86017.7
4.287 140336 374.615 106977 0.000636928 466.814 107443 32892.7
4.294 134167 366.288 97613.9 0.000551695 417.64 98031.6 36135.6
4.302 154969 393.661 87818.6 0.000467864 367.451 88186 66783
4.31 168280 410.219 78915.7 0.000396503 323.012 79238.7 89041
4.318 138268 371.844 70834.2 0.0003358 283.701 71117.9 67150.1
4.326 113182 336.425 63507.5 0.000284198 248.957 63756.4 49425.6
4.334 88656 297.751 56873.4 0.000240363 218.279 57091.7 31564.3
4.342 148979 385.978 50874 0.000203152 191.214 51065.3 97913.6
4.35 188052 433.649 45455.4 0.000171586 167.36 45622.8 142429
4.358 172577 415.423 40567.5 0.000144826 146.354 40713.8 131863
4.366 131772 363.004 36163.7 0.000122158 127.874 36291.5 95480.5
4.374 112241 335.024 32201 0.000102968 111.63 32312.6 79928.4
4.382 89394.8 298.99 28639.7 8.67337e-005 97.3644 28737.1 60657.7
4.39 111521 333.948 25443.1 7.30098e-005 84.8482 25528 85993.3
4.398 171114 413.66 22577.5 6.14159e-005 73.8768 22651.3 148463
4.406 254213 504.195 20011.6 5.16282e-005 64.268 20075.9 234137
4.414 372002 609.92 17717.1 4.33711e-005 55.8605 17772.9 354229
4.423 410153 640.432 15427.5 3.56207e-005 47.6597 15475.2 394677
