1.772 603638 776.941 0.000137553 42311.8 5.07006 42316.9 561321
1.773 603429 776.807 0.000141524 42582.9 5.17646 42588.1 560841
1.774 603387 776.78 0.000145608 42855.4 5.285 42860.6 560526
1.775 603578 776.903 0.000149807 43129.1 5.39575 43134.5 560444
1.777 603874 777.093 0.000158564 43680.5 5.62397 43686.1 560188
1.778 604038 777.199 0.000163129 43958.2 5.74154 43963.9 560074
1.779 603929 777.128 0.000167822 44237.2 5.86148 44243 559686
1.78 603656 776.953 0.000172648 44517.5 5.98383 44523.5 559132
1.781 603517 776.864 0.00017761 44799.2 6.10864 44805.3 558712
1.783 603731 777.002 0.000187956 45366.5 6.36582 45372.9 558358
1.784 604189 777.296 0.000193348 45652.2 6.49829 45658.7 558530
1.785 604485 777.486 0.000198892 45939.2 6.63341 45945.8 558539
1.786 599595 774.335 0.000204591 46227.5 6.77124 46234.3 553361
1.788 560911 748.94 0.000216474 46808.3 7.0552 46815.3 514096
1.789 461429 679.286 0.000222667 47100.7 7.20145 47107.9 414321
1.79 445071 667.137 0.000229033 47394.4 7.35062 47401.8 397669
1.791 492444 701.744 0.000235577 47689.5 7.50275 47697 444747
1.793 523707 723.676 0.000249219 48283.8 7.81617 48291.6 475415
1.794 562920 750.28 0.000256328 48583 7.97756 48591 514329
1.795 626613 791.589 0.000263635 48883.5 8.14217 48891.7 577721
1.796 637281 798.299 0.000271146 49185.5 8.31003 49193.8 588087
1.798 578815 760.799 0.000286802 49793.4 8.65581 49802.1 529013
1.799 488851 699.179 0.000294959 50099.5 8.83385 50108.3 438743
1.8 486714 697.649 0.000303342 50406.9 9.01541 50415.9 436298
1.801 571302 755.845 0.00031196 50715.7 9.20056 50724.9 520577
1.803 602877 776.452 0.000329919 51337.5 9.58188 51347.1 551530
1.804 542112 736.283 0.000339275 51650.4 9.7782 51660.2 490452
1.805 491392 700.993 0.00034889 51964.8 9.97839 51974.8 439417
1.807 480146 692.926 0.000368928 52597.7 10.3906 52608.1 427538
1.808 493497 702.494 0.000379366 52916.2 10.6029 52926.8 440571
1.809 488221 698.728 0.000390092 53236.1 10.8193 53247 434974
1.81 511603 715.264 0.000401115 53557.5 11.0399 53568.5 458034
1.812 521982 722.484 0.000424084 54204.3 11.4942 54215.8 467767
1.813 495431 703.869 0.000436047 54529.9 11.728 54541.6 440889
1.814 505421 710.93 0.00044834 54856.8 11.9664 54868.8 450552
1.816 532255 729.558 0.000473953 55515 12.4573 55527.4 476728
1.817 538055 733.522 0.000487291 55846.1 12.71 55858.8 482196
1.818 479126 692.189 0.000500996 56178.7 12.9675 56191.7 422935
1.819 458708 677.28 0.000515078 56512.8 13.2301 56526 402182
1.821 500295 707.316 0.000544415 57185 13.7706 57198.8 443097
1.822 517678 719.498 0.000559691 57523.3 14.0488 57537.4 460141
1.823 486840 697.74 0.000575386 57863 14.3323 57877.4 428963
1.825 463597 680.879 0.00060808 58546.7 14.916 58561.6 405035
1.826 518087 719.783 0.000625102 58890.7 15.2164 58905.9 459181
1.827 629742 793.563 0.00064259 59236.1 15.5225 59251.6 570490
1.829 582128 762.973 0.000679015 59931.2 16.1527 59947.4 522181
1.83 455037 674.564 0.000697978 60281 16.4769 60297.4 394739
1.831 488933 699.238 0.000717458 60632.1 16.8073 60648.9 428284
1.832 451365 671.837 0.000737471 60984.7 17.1442 61001.8 390363
1.834 433207 658.185 0.000779148 61694.2 17.8373 61712 371495
1.835 469472 685.18 0.000800843 62051.1 18.1939 62069.3 407402
1.836 491225 700.874 0.000823128 62409.4 18.5574 62428 428797
1.838 453507 673.429 0.000869534 63130.5 19.3052 63149.8 390357
1.839 499659 706.866 0.000893688 63493.1 19.6899 63512.8 436147
1.84 509697 713.931 0.000918497 63857.3 20.082 63877.4 445820
1.842 457196 676.163 0.000970155 64589.9 20.8887 64610.8 392585
1.843 417573 646.199 0.000997039 64958.4 21.3036 64979.7 352593
1.844 429967 655.719 0.00102465 65328.3 21.7264 65350 364617
1.846 522282 722.691 0.00108214 66072.5 22.5963 66095.1 456187
1.847 559580 748.051 0.00111206 66446.8 23.0437 66469.8 493111
1.848 504049 709.964 0.00114278 66822.5 23.4996 66846 437203
1.85 474624 688.93 0.00120674 67578.3 24.4374 67602.8 407021
1.851 497674 705.46 0.00124002 67958.4 24.9197 67983.4 429690
1.852 411356 641.37 0.0012742 68340 25.4111 68365.4 342990
1.854 436938 661.013 0.00134534 69107.5 26.4219 69133.9 367804
1.855 447099 668.654 0.00138236 69493.4 26.9417 69520.3 377578
1.856 448110 669.411 0.00142037 69880.8 27.4712 69908.3 378202
1.858 466137 682.742 0.00149948 70659.9 28.5604 70688.5 395449
1.859 451144 671.673 0.00154063 71051.7 29.1203 71080.8 380064
1.861 457208 676.172 0.00162628 71839.6 30.272 71869.9 385339
1.862 453720 673.587 0.00167084 72235.7 30.8641 72266.6 381453
1.863 435085 659.61 0.00171659 72633.3 31.4673 72664.8 362420
1.865 416637 645.474 0.00181179 73432.9 32.7077 73465.6 343172
1.866 434384 659.078 0.0018613 73834.9 33.3453 73868.3 360516
1.867 415243 644.393 0.00191214 74238.3 33.9948 74272.3 340971
1.869 455973 675.257 0.00201793 75049.6 35.3304 75084.9 380888
1.87 432978 658.011 0.00207295 75457.4 36.0169 75493.4 357485
1.871 422470 649.977 0.00212943 75866.7 36.7161 75903.4 346567
1.873 484448 696.023 0.00224694 76689.6 38.1538 76727.8 407720
1.874 368998 607.452 0.00230806 77103.3 38.8928 77142.2 291856
1.876 334174 578.077 0.0024352 77935 40.4119 77975.4 256198
1.877 324260 569.439 0.00250131 78353 41.1926 78394.2 245866
1.878 330176 574.61 0.00256917 78772.5 41.9877 78814.5 251362
1.88 327255 572.062 0.00271035 79615.8 43.6222 79659.5 247596
1.881 340397 583.436 0.00278375 80039.7 44.4621 80084.2 260313
1.883 360901 600.75 0.00293643 80891.8 46.1886 80937.9 279963
1.884 409283 639.752 0.00301581 81320 47.0757 81367 327916
1.885 419478 647.671 0.00309728 81749.6 47.9791 81797.6 337680
1.887 457256 676.207 0.00326674 82613.3 49.8359 82663.1 374593
1.888 518718 720.221 0.00335483 83047.3 50.7899 83098.1 435620
1.89 354581 595.467 0.00353803 83919.7 52.7505 83972.4 270608
1.891 362246 601.869 0.00363326 84358 53.7577 84411.8 277834
1.892 358560 598.799 0.003731 84797.8 54.7833 84852.6 273707
1.894 371351 609.386 0.00393424 85681.7 56.8909 85738.6 285612
1.895 403930 635.555 0.00403987 86125.8 57.9736 86183.8 317747
1.897 411512 641.492 0.00425953 87018.4 60.1982 87078.6 324434
1.898 315620 561.801 0.00437369 87466.8 61.3409 87528.1 228092
1.899 321264 566.801 0.00449083 87916.7 62.5043 87979.2 233285
1.901 324712 569.835 0.00473439 88820.7 64.8946 88885.6 235827
1.902 305383 552.615 0.00486096 89274.8 66.1223 89341 216043
1.904 308085 555.054 0.0051241 90187.4 68.6446 90256.1 217829
1.905 309967 556.747 0.00526084 90645.8 69.9399 90715.8 219251
1.907 317557 563.522 0.00554509 91567 72.6009 91639.6 225917
1.908 335170 578.939 0.00569279 92029.6 73.9674 92103.6 243066
1.91 333201 577.235 0.00599979 92959.3 76.7744 93036 240164
1.911 304903 552.18 0.0061593 93426.2 78.2158 93504.4 211398
1.912 305631 552.839 0.00632295 93894.5 79.683 93974.2 211656
1.914 287809 536.478 0.00666308 94835.4 82.6965 94918.1 192891
1.915 287598 536.282 0.00683979 95308 84.2437 95392.2 192206
1.917 296753 544.75 0.00720702 96257.2 87.4215 96344.7 200408
1.918 313400 559.822 0.00739779 96734 89.0529 96823 216577
1.92 334222 578.12 0.00779424 97691.6 92.4034 97784 236438
1.921 317186 563.193 0.00800017 98172.5 94.1233 98266.7 218919
1.923 307353 554.394 0.00842808 99138.5 97.6554 99236.1 208117
1.924 276542 525.873 0.00865033 99623.5 99.4684 99723 176819
1.925 256396 506.356 0.0088783 100110 101.314 100211 156185
1.927 261852 511.715 0.00935198 101087 105.102 101192 160660
1.928 283466 532.416 0.00959798 101577 107.047 101684 181782
1.93 305126 552.382 0.0101091 102563 111.039 102674 202453
1.931 289004 537.591 0.0103745 103057 113.088 103170 185834
1.933 268466 518.137 0.0109259 104050 117.295 104168 164298
1.934 278308 527.549 0.0112122 104549 119.454 104669 173639
1.936 310398 557.134 0.011807 105550 123.886 105674 204724
1.937 251329 501.327 0.0121158 106053 126.16 106179 145149
1.939 258140 508.075 0.0127572 107062 130.829 107193 150947
1.94 245109 495.085 0.0130903 107569 133.224 107702 137407
1.942 227251 476.709 0.013782 108586 138.141 108724 118527
1.943 235417 485.198 0.0141411 109097 140.663 109238 126180
1.945 222044 471.215 0.0148869 110122 145.841 110268 111776
1.946 207364 455.373 0.0152741 110636 148.497 110785 96579.3
1.948 236364 486.173 0.0160781 111669 153.949 111823 124541
1.949 259202 509.119 0.0164955 112188 156.745 112344 146858
1.951 266990 516.711 0.0173621 113228 162.484 113391 153599
1.952 280038 529.186 0.0178119 113750 165.428 113916 166122
1.954 272243 521.769 0.0187459 114799 171.469 114970 157273
1.955 267377 517.085 0.0192306 115325 174.567 115499 151878
1.957 232292 481.966 0.020237 116380 180.924 116561 115730
1.958 225664 475.041 0.0207593 116910 184.185 117094 108570
1.96 260781 510.667 0.0218436 117973 190.874 118164 142617
1.961 224467 473.779 0.0224063 118507 194.305 118701 105765
1.963 252829 502.821 0.0235743 119577 201.343 119779 133050
1.964 269202 518.847 0.0241804 120115 204.952 120319 148882
1.966 261065 510.945 0.0254385 121192 212.356 121405 139660
1.968 231912 481.573 0.0267603 122275 220.013 122495 109417
1.969 206616 454.55 0.0274461 122818 223.94 123042 83573.9
1.971 226515 475.936 0.0288694 123908 231.993 124140 102375
1.972 193756 440.177 0.0296078 124454 236.122 124691 69065.5
1.974 192974 439.289 0.0311403 125551 244.59 125796 67178.7
1.975 206823 454.778 0.0319352 126101 248.931 126350 80473.2
1.977 225739 475.12 0.0335848 127205 257.834 127463 98276.6
1.978 234537 484.29 0.0344405 127758 262.398 128021 106516
1.98 238778 488.65 0.0362161 128869 271.758 129141 109638
1.981 213513 462.074 0.037137 129426 276.555 129702 83810.3
1.983 206441 454.358 0.0390478 130543 286.392 130829 75611.9
1.985 205737 453.583 0.0410542 131664 296.561 131961 73776.1
1.986 200076 447.299 0.0420948 132227 301.773 132529 67547.7
1.988 197128 443.991 0.0442535 133355 312.458 133667 63460.3
1.989 209166 457.346 0.045373 133920 317.934 134238 74927.2
1.991 181961 426.568 0.0476952 135055 329.16 135384 46576.6
1.992 181087 425.543 0.0488994 135623 334.913 135958 45128.5
1.994 227373 476.837 0.0513971 136764 346.706 137111 90262.6
1.996 269215 518.859 0.054019 137909 358.892 138268 130947
1.997 218047 466.955 0.0553783 138483 365.136 138848 79199.4
1.999 225342 474.702 0.0581977 139633 377.934 140011 85331.1
2 225986 475.38 0.0596593 140210 384.491 140595 85391.3
2.002 208582 456.708 0.0626905 141367 397.93 141765 66817.2
2.004 196794 443.615 0.0658715 142527 411.813 142939 53854.7
2.005 188558 434.233 0.0675204 143109 418.925 143528 45030.5
2.007 189832 435.697 0.0709396 144275 433.499 144709 45123.1
2.008 190242 436.167 0.0727118 144859 440.965 145301 44941.5
2.01 193635 440.04 0.0763865 146031 456.262 146487 47147.4
2.012 209889 458.136 0.0802417 147206 472.061 147679 62210.4
2.013 208914 457.071 0.0822397 147795 480.154 148276 60638.2
2.015 226201 475.606 0.086382 148976 496.733 149473 76728.4
2.017 194845 441.413 0.0907271 150160 513.852 150674 44171.3
2.018 185923 431.187 0.0929787 150753 522.62 151276 34646.7
2.02 188520 434.188 0.0976462 151942 540.581 152483 36036.9
2.021 181429 425.945 0.100065 152538 549.778 153088 28341.2
2.023 183217 428.039 0.105078 153732 568.619 154300 28917
2.025 176483 420.099 0.110335 154929 588.068 155517 20966.3
2.026 189441 435.249 0.113058 155528 598.027 156127 33314.8
2.028 197173 444.042 0.118703 156730 618.423 157349 39824.9
2.03 192227 438.437 0.124622 157935 639.475 158574 33652.9
2.031 187504 433.018 0.127688 158538 650.253 159188 28315.9
2.033 185883 431.142 0.134042 159747 672.326 160420 25463.8
2.035 162765 403.441 0.140702 160959 695.104 161654 1110.45
2.036 154631 393.231 0.144152 161566 706.764 162273 -7642.12
2.038 164554 405.653 0.151301 162782 730.639 163512 1041.84
2.039 184955 430.064 0.155003 163390 742.861 164133 20821.9
2.041 201014 448.346 0.162674 164610 767.883 165378 35635.5
2.043 191390 437.481 0.170714 165832 793.699 166626 24763.8
2.044 183812 428.733 0.174877 166444 806.911 167251 16560.8
2.046 181140 425.605 0.183502 167670 833.961 168504 12635.5
2.048 191796 437.946 0.19254 168898 861.862 169760 22036.1
2.05 219202 468.19 0.20201 170128 890.641 171019 48182.6
2.051 215661 464.393 0.206913 170744 905.368 171650 44010.9
2.053 233446 483.163 0.217069 171978 935.512 172914 60532.6
2.055 245269 495.246 0.227709 173213 966.598 174180 71089
2.056 236109 485.911 0.233217 173832 982.504 174814 61294.8
2.058 209823 458.064 0.244624 175070 1015.06 176085 33737.4
2.06 184475 429.505 0.256573 176310 1048.62 177359 7116.15
2.061 196422 443.195 0.262759 176931 1065.79 177997 18424.9
2.063 201658 449.064 0.275567 178173 1100.93 179274 22383.8
2.065 195461 442.11 0.288981 179417 1137.16 180555 14906.3
2.066 190943 436.97 0.295923 180040 1155.69 181196 9746.95
2.068 191982 438.158 0.310298 181286 1193.6 182480 9502.29
2.07 190155 436.067 0.32535 182534 1232.68 183767 6387.92
2.072 197366 444.259 0.341111 183783 1272.97 185056 12310.4
2.073 202456 449.951 0.349266 184408 1293.57 185702 16754.1
2.075 193438 439.816 0.36615 185658 1335.71 186994 6444.03
2.077 184731 429.804 0.383824 186910 1379.14 188289 -3558.2
2.079 202077 449.53 0.402326 188163 1423.9 189587 12490.5
2.08 193774 440.198 0.411899 188789 1446.78 190236 3537.57
2.082 198227 445.227 0.431713 190043 1493.59 191537 6690.2
2.084 217480 466.348 0.45245 191297 1541.81 192840 24640.7
2.085 235220 484.995 0.463178 191925 1566.47 193492 41728.3
2.087 209989 458.245 0.48538 193180 1616.89 194798 15191.1
2.089 207142 455.129 0.508614 194436 1668.84 196105 11036.9
2.091 196459 443.236 0.532925 195692 1722.34 197415 -956.464
2.092 205630 453.464 0.5455 196320 1749.69 198071 7559.26
2.094 218949 467.92 0.571519 197577 1805.62 199383 19566.2
2.096 219029 468.005 0.59874 198833 1863.22 200697 18331.8
2.098 201143 448.49 0.627218 200090 1922.53 202013 -869.981
2.1 201275 448.637 0.657007 201347 1983.61 203331 -2055.61
2.101 194750 441.305 0.672412 201975 2014.82 203990 -9240.57
2.103 212577 461.061 0.704281 203231 2078.64 205310 7266.7
2.105 224423 473.733 0.737612 204487 2144.34 206632 17790.7
2.107 197598 444.52 0.77247 205742 2211.97 207955 -10357
2.108 193831 440.262 0.790493 206370 2246.53 208617 -14786.4
2.11 197110 443.971 0.827771 207624 2317.18 209942 -12832.1
2.112 235195 484.969 0.866751 208878 2389.89 211269 23926
2.114 277956 527.216 0.907508 210131 2464.73 212597 65359.6
2.116 252261 502.256 0.95012 211383 2541.75 213926 38335.3
2.117 200615 447.9 0.972147 212009 2581.1 214591 -13976.4
2.119 185700 430.929 1.0177 213259 2661.51 215922 -30222.3
2.121 183360 428.206 1.06531 214509 2744.25 217254 -33894.1
2.123 209798 458.037 1.11508 215757 2829.39 218587 -8789.37
2.125 249590 499.59 1.1671 217004 2916.98 219922 29668.6
2.126 252121 502.117 1.19398 217626 2961.72 220589 31532.2
2.128 235730 485.521 1.24956 218871 3053.12 221925 13805.3
2.13 223473 472.729 1.30765 220113 3147.15 223262 211.225
2.132 191017 437.055 1.36834 221354 3243.87 224599 -33582.1
2.134 175105 418.455 1.43176 222593 3343.35 225938 -50833.5
2.136 192221 438.431 1.49802 223830 3445.66 227277 -35056
2.137 203967 451.628 1.53226 224448 3497.9 227947 -23980
2.139 243910 493.873 1.60302 225682 3604.61 229288 14622
2.141 268081 517.766 1.67694 226913 3714.33 230629 37451.9
2.143 263148 512.979 1.75415 228143 3827.16 231972 31176
2.145 237915 487.766 1.8348 229369 3943.16 233314 4601.16
2.147 216799 465.617 1.91903 230593 4062.43 234658 -17858.3
2.149 216441 465.232 2.00701 231815 4185.04 236002 -19561.2
2.15 234537 484.29 2.05244 232424 4247.62 236674 -2137.05
2.152 259571 509.481 2.14633 233641 4375.41 238019 21552.1
2.154 253828 503.813 2.24436 234856 4506.75 239365 14463.1
2.156 233806 483.535 2.34671 236067 4641.75 240711 -6904.43
2.158 223990 473.276 2.45358 237274 4780.49 242057 -18067.4
2.16 231672 481.323 2.56515 238479 4923.07 243404 -11732.1
2.162 238765 488.636 2.68161 239680 5069.58 244752 -5986.83
2.163 251221 501.219 2.74175 240279 5144.34 245426 5794.94
2.165 267619 517.319 2.86596 241474 5296.94 246774 20844.9
2.167 250933 500.932 2.9956 242666 5453.72 248123 2810.2
2.169 245571 495.551 3.13091 243854 5614.79 249472 -3901.25
2.171 244667 494.638 3.27211 245038 5780.26 250822 -6154.61
2.173 260464 510.357 3.41947 246218 5950.22 252172 8292.55
2.175 267960 517.648 3.57323 247394 6124.8 253522 14437.5
2.177 240300 490.204 3.73366 248565 6304.1 254873 -14573
2.179 242076 492.013 3.90105 249733 6488.25 256225 -14148.2
2.181 247046 497.037 4.07567 250895 6677.35 257576 -10530.7
2.183 262482 512.329 4.25784 252053 6871.53 258929 3552.78
2.184 268736 518.397 4.35185 252630 6970.57 259605 9130.64
2.186 253007 502.998 4.54593 253781 7172.6 260958 -7950.75
2.188 253496 503.484 4.74835 254927 7380.03 262311 -8815.22
2.19 241340 491.263 4.95946 256067 7592.97 263665 -22325.7
2.192 240865 490.78 5.17963 257203 7811.57 265020 -24154.7
2.194 246997 496.988 5.40923 258333 8035.96 266374 -19377
2.196 275584 524.961 5.64863 259458 8266.27 267730 7854.21
2.198 283906 532.828 5.89826 260577 8502.65 269086 14819.9
2.2 258039 507.975 6.15851 261691 8745.24 270443 -12403.7
2.202 259179 509.096 6.42984 262799 8994.19 271800 -12620.7
2.204 268725 518.387 6.71269 263902 9249.64 273158 -4432.41
2.206 270853 520.435 7.00752 264998 9511.75 274517 -3663.65
2.208 290418 538.905 7.31484 266088 9780.67 275876 14542.1
2.21 332920 576.992 7.63514 267172 10056.6 277236 55684
2.212 310487 557.214 7.96896 268250 10339.6 278597 31889.6
2.214 292823 541.131 8.31683 269321 10629.9 279959 12863.4
2.216 283384 532.338 8.67933 270386 10927.7 281322 2061.17
2.218 265917 515.672 9.05704 271444 11233.1 282686 -16769.1
2.22 273475 522.948 9.45058 272496 11546.3 284052 -10576.6
2.222 309856 556.647 9.86059 273540 11867.6 285418 24438.5
2.224 301889 549.445 10.2877 274578 12197 286785 15104.1
2.226 297134 545.1 10.7327 275609 12534.7 288154 8979.68
2.228 288936 537.527 11.1961 276632 12881 289524 -588.633
2.23 275304 524.694 11.6789 277648 13236 290896 -15592
2.232 295951 544.014 12.1816 278657 13600 292269 3681.98
2.234 294730 542.891 12.7052 279659 13973 293644 1086.11
2.236 282079 531.111 13.2504 280652 14355.5 295021 -12942.3
2.238 279512 528.689 13.8181 281638 14747.4 296400 -16887.8
2.24 278573 527.8 14.4093 282616 15149.1 297780 -19206.8
2.242 283954 532.874 15.0247 283587 15560.8 299163 -15208.3
2.244 297465 545.403 15.6654 284549 15982.6 300547 -3082.8
2.246 300851 548.499 16.3324 285503 16414.9 301934 -1083.72
2.248 284453 533.342 17.0267 286449 16857.8 303324 -18870.6
2.25 269628 519.257 17.7494 287387 17311.5 304716 -35087.8
2.252 273816 523.275 18.5015 288316 17776.3 306111 -32294.4
2.254 296759 544.756 19.2843 289236 18252.5 307508 -10749.3
2.256 303525 550.931 20.0989 290148 18740.3 308909 -5384.19
2.258 299487 547.254 20.9466 291052 19239.8 310312 -10825.8
2.26 297678 545.599 21.8286 291946 19751.5 311719 -14041.4
2.262 304610 551.914 22.7463 292831 20275.5 313130 -8520.11
2.265 291804 540.189 24.1927 294143 21085.1 315252 -23447.6
2.267 332769 576.861 25.2057 295005 21641.1 316672 16096.9
2.269 363266 602.716 26.2594 295859 22210.3 318095 45171.2
2.271 389382 624.005 27.3554 296703 22793.1 319523 69858.7
2.273 384558 620.127 28.4953 297537 23389.6 320956 63602.4
2.275 355928 596.597 29.6808 298362 24000.3 322392 33535.3
2.277 348285 590.157 30.9137 299178 24625.4 323834 24450.8
2.279 312190 558.739 32.1956 299983 25265.2 325281 -13091
2.281 304984 552.253 33.5286 300779 25920 326733 -21748.9
2.283 337097 580.601 34.9145 301565 26590 328190 8907.37
2.286 372188 610.072 37.097 302725 27624.5 330387 41801.2
2.288 353681 594.711 38.6242 303486 28334.2 331859 21822.1
2.29 384648 620.2 40.2117 304236 29060.2 333337 51311
2.292 372183 610.068 41.8617 304976 29803.1 334821 37361.8
2.294 344198 586.684 43.5766 305706 30562.9 336313 7884.95
2.296 330069 574.516 45.3588 306425 31340.2 337811 -7742.34
2.298 331778 576.001 47.2109 307134 32135.3 339317 -7538.95
2.301 324797 569.91 50.1257 308177 33361.8 341589 -16792.3
2.303 319909 565.605 52.164 308859 34202.8 343114 -23205.2
2.305 325335 570.382 54.2817 309530 35062.7 344647 -19312
2.307 332677 576.782 56.4817 310190 35942 346189 -13511.5
2.309 323855 569.082 58.7671 310840 36841 347739 -23884.9
2.311 356256 596.872 61.1411 311478 37760.2 349299 6957.31
2.313 358793 598.993 63.6068 312105 38699.8 350868 7924.71
2.316 354622 595.501 67.485 313024 40148.6 353240 1381.77
2.318 339058 582.287 70.1952 313623 41141.2 354834 -15776.1
2.32 327711 572.461 73.0096 314210 42155.7 356439 -28728
2.322 326804 571.668 75.932 314786 43192.5 358055 -31250.8
2.324 351383 592.775 78.9662 315351 44252 359682 -8299.27
2.327 371305 609.348 83.7363 316176 45884.8 362144 9160.89
2.329 371931 609.862 87.0683 316711 47003 363801 8130.04
2.331 367693 606.377 90.5271 317235 48145.4 365471 2222.64
2.333 380741 617.042 94.1173 317746 49312.4 367153 13588
2.335 383495 619.27 97.8435 318246 50504.6 368849 14646.2
2.338 416752 645.563 103.699 318974 52340.9 371418 45333.3
2.34 394765 628.303 107.787 319444 53597.9 373149 21615.8
2.342 381364 617.546 112.029 319902 54881.6 374895 6468.35
2.344 393198 627.055 116.431 320347 56192.5 376656 16542
2.347 412810 642.503 123.344 320993 58211 379328 33482.2
2.349 436616 660.769 128.17 321408 59592.1 381129 55486.8
2.351 420262 648.276 133.176 321811 61002.1 382947 37315.5
2.353 380909 617.178 138.368 322202 62441.5 384782 -3873.11
2.356 339805 582.928 146.521 322765 64657 387568 -47763.3
2.358 373333 611.01 152.209 323124 66172.3 389449 -16115.7
2.36 406840 637.84 158.107 323471 67718.8 391348 15491.7
2.362 379562 616.086 164.224 323805 69297.2 393267 -13704.5
2.365 364438 603.687 173.825 324284 71725.5 396183 -31745
2.367 384283 619.905 180.52 324586 73385.6 398153 -13870
2.369 381706 617.823 187.462 324877 75079.5 400144 -18438.1
2.372 370496 608.684 198.354 325288 77684.8 403171 -32675.4
2.374 417034 645.782 205.948 325547 79465.4 405218 11816.5
2.376 418820 647.163 213.819 325792 81281.8 407288 11532.2
2.378 431971 657.245 221.976 326025 83134.4 409381 22589.4
2.381 434759 659.363 234.771 326350 85982.7 412567 22191.7
2.383 417905 646.456 243.689 326550 87928.6 414723 3182.25
2.385 460302 678.456 252.929 326738 89913 416904 43398
2.388 456999 676.017 267.418 326995 92962.8 420226 36773.4
2.39 413461 643.01 277.513 327151 95045.8 422474 -9012.61
2.392 414755 644.015 287.97 327293 97169.4 424750 -9995.47
2.395 440302 663.552 304.363 327482 100432 428219 12083
2.397 429961 655.714 315.782 327592 102660 430568 -606.225
2.399 444328 666.579 327.608 327689 104931 432947 11381.3
2.402 480529 693.202 346.14 327809 108418 436574 43955.1
2.404 497628 705.428 359.045 327873 110799 439031 58597.2
2.407 481621 693.99 379.264 327945 114454 442779 38842.7
2.409 473584 688.175 393.34 327976 116949 445319 28265.4
2.411 443893 666.253 407.912 327995 119491 447893 -4000.88
2.414 475570 689.616 430.737 327998 123393 451821 23749.1
2.416 514051 716.974 446.623 327983 126054 454484 59567.1
2.418 526772 725.791 463.065 327956 128765 457184 69587.7
2.421 534504 731.098 488.811 327890 132926 461305 73199.1
2.423 503649 709.682 506.724 327830 135764 464100 39548.5
2.426 490712 700.508 534.768 327715 140118 468367 22344.5
2.428 492935 702.093 554.276 327622 143086 471263 21672.2
2.43 508094 712.807 574.459 327516 146108 474199 33894.9
2.433 562974 750.316 606.046 327333 150744 478684 84290.2
2.435 540559 735.227 628.013 327195 153904 481727 58832
2.438 531482 729.028 662.385 326963 158750 486375 45107.3
2.44 544609 737.976 686.283 326792 162052 489530 55078.3
2.443 585546 765.21 723.67 326511 167115 494350 91196.4
2.445 581378 762.481 749.658 326308 170564 497622 83755.6
2.447 577819 760.144 776.53 326092 174074 500943 76876.1
2.45 531151 728.801 818.555 325744 179453 506016 25135.2
2.452 537236 732.964 847.76 325496 183117 509461 27774.8
2.455 514651 717.392 893.424 325100 188731 514724 -73.3327
2.457 525032 724.591 925.151 324820 192554 518299 6733.28
2.46 577706 760.069 974.748 324376 198411 523761 53944.1
2.462 583130 763.629 1009.2 324064 202398 527471 55658.2
2.465 546325 739.138 1063.05 323573 208505 533141 13183.7
2.467 579175 761.036 1100.44 323229 212662 536992 42183.9
2.47 627941 792.427 1158.88 322691 219027 542877 85063.9
2.472 665051 815.507 1199.45 322317 223358 546874 118177
2.475 633155 795.71 1262.84 321732 229989 552984 80171.2
2.477 596076 772.06 1306.84 321326 234500 557133 38943.1
2.48 566725 752.811 1375.57 320695 241405 563476 3249.03
2.482 573956 757.599 1423.27 320259 246101 567784 6172.33
2.485 587433 766.442 1497.76 319582 253288 574368 13064.8
2.487 596181 772.128 1549.45 319116 258175 578841 17340.2
2.49 676744 822.645 1630.15 318394 265652 585676 91068.3
2.492 645124 803.196 1686.13 317898 270735 590319 54805.7
2.495 604936 777.776 1773.52 317131 278510 597414 7522.02
2.498 640346 800.216 1865.17 316338 286467 604670 35676.5
2.5 697461 835.141 1928.73 315794 291875 609598 87863.1
2.503 719678 848.338 2027.91 314957 300144 617128 102550
2.505 774066 879.81 2096.68 314384 305762 622243 151824
2.508 808445 899.136 2203.96 313504 314349 630058 178388
2.51 677011 822.807 2278.33 312903 320183 635365 41646.6
2.513 638074 798.795 2394.33 311980 329098 643473 -5398.95
2.516 742817 861.868 2515.87 311032 338214 651762 91054.7
2.518 791967 889.925 2600.1 310386 344404 657390 134577
2.521 757065 870.095 2731.42 309397 353860 665989 91076.2
2.523 736364 858.117 2822.41 308724 360280 671826 64538.2
2.526 658696 811.601 2964.25 307693 370085 680742 -22046
2.529 583493 763.867 3112.76 306639 380103 689854 -106362
2.531 503725 709.736 3215.62 305923 386901 696040 -192314
2.534 587208 766.295 3375.91 304829 397280 705486 -118278
2.537 606332 778.673 3543.68 303712 407881 715136 -108804
2.539 625812 791.083 3659.83 302954 415072 721686 -95873.8
2.542 871951 933.783 3840.78 301799 426046 731686 140265
2.544 1.22164e+006 1105.28 3966.03 301016 433489 738471 483172
2.547 1.29296e+006 1137.08 4161.12 299823 444846 748830 544130
2.55 1.1619e+006 1077.92 4365.16 298608 456435 759408 402495
2.552 979991 989.945 4506.35 297786 464292 766584 213406
2.555 906364 952.031 4726.18 296535 476276 777537 128827
2.558 892727 944.842 4956.02 295262 488500 788718 104008
2.561 948902 974.116 5196.27 293969 500967 800132 148770
2.563 1.01217e+006 1006.07 5362.45 293095 509415 807872 204301
2.566 856906 925.692 5621.05 291768 522292 819681 37224.8
2.569 846485 920.046 5891.27 290420 535419 831731 14754.2
2.571 1.05212e+006 1025.73 6078.1 289511 544311 839900 212222
2.574 1.15671e+006 1075.51 6368.75 288131 557860 852360 304355
2.577 900344 948.864 6672.33 286731 571666 865069 35274.2
2.58 993493 996.741 6989.37 285313 585730 878033 115461
2.582 1.04046e+006 1020.03 7208.48 284357 595252 886817 153640
2.585 954482 976.976 7549.16 282908 609753 900210 54271.7
2.588 838028 915.438 7904.81 281442 624519 913865 -75837.5
2.591 833048 912.715 8276 279957 639552 927785 -94737.1
2.593 797792 893.192 8532.41 278958 649723 937214 -139421
2.596 913614 955.832 8930.92 277446 665206 951583 -37968.5
2.599 1.03137e+006 1015.56 9346.69 275917 680961 966225 65144.5
2.602 1.25337e+006 1119.54 9780.39 274371 696991 981143 272228
2.604 1.39758e+006 1182.19 10079.8 273332 707832 991243 406335
2.607 1.13481e+006 1065.28 10545 271760 724323 1.00663e+006 128184
2.61 1.11656e+006 1056.67 11030.1 270174 741095 1.0223e+006 94257.1
2.613 1.17012e+006 1081.72 11535.7 268572 758147 1.03825e+006 131861
2.616 1.23552e+006 1111.54 12062.8 266956 775482 1.0545e+006 181022
2.618 1.35974e+006 1166.08 12426.6 265870 787197 1.06549e+006 294244
2.621 1.32796e+006 1152.37 12991.2 264231 805006 1.08223e+006 245733
2.624 1.2422e+006 1114.54 13579.6 262578 823102 1.09926e+006 142937
2.627 1.34104e+006 1158.03 14192.6 260912 841486 1.11659e+006 224447
2.63 1.18966e+006 1090.72 14831 259233 860158 1.13422e+006 55439.2
2.633 954067 976.763 15496 257542 879121 1.15216e+006 -198092
2.636 1.12738e+006 1061.78 16188.4 255840 898374 1.1704e+006 -43026.7
2.638 1.19754e+006 1094.32 16665.7 254698 911372 1.18274e+006 14807
2.641 1.04213e+006 1020.85 17406.2 252976 931112 1.20149e+006 -159367
2.644 1.05639e+006 1027.81 18177 251243 951146 1.22057e+006 -164175
2.647 1.46906e+006 1212.05 18979.1 249499 971473 1.23995e+006 229106
2.65 1.15328e+006 1073.91 19813.7 247746 992094 1.25965e+006 -106373
2.653 1.14091e+006 1068.14 20682 245983 1.01301e+006 1.27967e+006 -138760
2.656 1.24179e+006 1114.36 21585.3 244210 1.03422e+006 1.30001e+006 -58223.3
2.659 1.43323e+006 1197.18 22524.7 242428 1.05572e+006 1.32068e+006 112551
2.662 1.57973e+006 1256.87 23501.6 240638 1.07752e+006 1.34166e+006 238063
2.664 1.51459e+006 1230.69 24174.4 239440 1.09222e+006 1.35583e+006 158757
2.667 1.46929e+006 1212.14 25216.8 237636 1.11451e+006 1.37736e+006 91922.6
2.67 1.39281e+006 1180.18 26300.3 235825 1.1371e+006 1.39922e+006 -6405.96
2.673 1.53489e+006 1238.91 27426.3 234006 1.15997e+006 1.42141e+006 113485
2.676 1.61266e+006 1269.91 28596.5 232181 1.18315e+006 1.44392e+006 168740
2.679 1.50952e+006 1228.63 29812.2 230349 1.20661e+006 1.46677e+006 42752.4
2.682 1.3253e+006 1151.22 31075.1 228511 1.23036e+006 1.48995e+006 -164648
2.685 1.17283e+006 1082.97 32386.9 226667 1.25441e+006 1.51346e+006 -340630
2.688 1.50228e+006 1225.68 33749.1 224818 1.27874e+006 1.53731e+006 -35027
2.691 1.79728e+006 1340.63 35163.4 222965 1.30336e+006 1.56149e+006 235787
2.694 1.69044e+006 1300.17 36631.8 221106 1.32827e+006 1.58601e+006 104431
2.697 1.22153e+006 1105.23 38155.9 219244 1.35346e+006 1.61086e+006 -389335
2.7 1.33982e+006 1157.51 39737.7 217377 1.37894e+006 1.63605e+006 -296232
2.703 1.31097e+006 1144.97 41379.1 215507 1.40469e+006 1.66158e+006 -350614
2.706 1.52171e+006 1233.57 43082 213634 1.43073e+006 1.68744e+006 -165738
2.709 1.64983e+006 1284.46 44848.5 211759 1.45704e+006 1.71365e+006 -63813.5
2.712 1.48953e+006 1220.46 46680.6 209881 1.48362e+006 1.74018e+006 -250656
2.715 1.95399e+006 1397.85 48580.6 208001 1.51048e+006 1.76706e+006 186935
2.718 2.0345e+006 1426.36 50550.5 206119 1.5376e+006 1.79427e+006 240224
2.721 1.80904e+006 1345.01 52592.7 204236 1.56499e+006 1.82182e+006 -12782.1
2.724 1.72923e+006 1315 54709.4 202352 1.59265e+006 1.84971e+006 -120477
2.727 1.69768e+006 1302.95 56903.1 200467 1.62056e+006 1.87793e+006 -180252
2.731 1.53094e+006 1237.31 59952 197954 1.65817e+006 1.91608e+006 -385137
2.734 1.5572e+006 1247.88 62334.8 196069 1.68668e+006 1.94508e+006 -387877
2.737 1.91738e+006 1384.7 64802.9 194185 1.71543e+006 1.97442e+006 -57035.2
2.74 1.94883e+006 1396 67359 192301 1.74442e+006 2.00408e+006 -55255.8
2.743 2.06018e+006 1435.33 70005.7 190419 1.77366e+006 2.03408e+006 26098.1
2.746 2.26782e+006 1505.93 72745.9 188538 1.80313e+006 2.06441e+006 203409
2.749 1.94005e+006 1392.86 75582.4 186660 1.83283e+006 2.09507e+006 -155022
2.752 2.21943e+006 1489.78 78518.1 184783 1.86275e+006 2.12605e+006 93379.6
2.755 1.96606e+006 1402.16 81556 182908 1.8929e+006 2.15736e+006 -191307
2.759 1.93289e+006 1390.28 85770.7 180414 1.93343e+006 2.19961e+006 -266719
2.762 1.9222e+006 1386.43 89059.1 178546 1.96407e+006 2.23167e+006 -309476
2.765 1.94425e+006 1394.36 92460.1 176682 1.99491e+006 2.26405e+006 -319809
2.768 1.79254e+006 1338.86 95977.1 174822 2.02596e+006 2.29675e+006 -504212
2.771 1.76376e+006 1328.07 99613.4 172966 2.05719e+006 2.32977e+006 -566006
2.774 2.11942e+006 1455.82 103372 171114 2.08861e+006 2.3631e+006 -243676
2.778 2.67806e+006 1636.48 108582 168652 2.13078e+006 2.40802e+006 270046
2.781 2.51626e+006 1586.27 112641 166812 2.16261e+006 2.44207e+006 74196.9
2.784 2.23203e+006 1494 116835 164977 2.19461e+006 2.47642e+006 -244389
2.787 2.42502e+006 1557.25 121168 163147 2.22676e+006 2.51108e+006 -86059.1
2.79 2.69292e+006 1641.01 125643 161323 2.25907e+006 2.54604e+006 146886
2.794 2.66028e+006 1631.04 131839 158901 2.30237e+006 2.59311e+006 67171.7
2.797 2.38504e+006 1544.36 136662 157091 2.335e+006 2.62875e+006 -243709
2.8 3.08818e+006 1757.32 141641 155288 2.36776e+006 2.66469e+006 423491
2.803 3.17666e+006 1782.32 146780 153493 2.40064e+006 2.70091e+006 475748
2.807 2.66891e+006 1633.68 153889 151109 2.44465e+006 2.74965e+006 -80737.6
2.81 2.62169e+006 1619.16 159418 149331 2.47778e+006 2.78653e+006 -164842
2.813 3.2005e+006 1788.99 165122 147560 2.511e+006 2.82369e+006 376810
2.816 3.12412e+006 1767.52 171006 145797 2.54431e+006 2.86112e+006 263001
2.82 2.78431e+006 1668.63 179138 143458 2.58884e+006 2.91144e+006 -127126
2.823 2.60153e+006 1612.93 185458 141715 2.62232e+006 2.94949e+006 -347961
2.826 2.91594e+006 1707.61 191973 139979 2.65585e+006 2.9878e+006 -71865.7
2.83 3.66836e+006 1915.3 200972 137680 2.70064e+006 3.03929e+006 629073
2.833 2.88862e+006 1699.59 207962 135965 2.73427e+006 3.0782e+006 -189580
2.836 2.56551e+006 1601.72 215164 134260 2.76793e+006 3.11735e+006 -551837
2.84 2.68819e+006 1639.57 225105 132002 2.81283e+006 3.16994e+006 -481745
2.843 2.77958e+006 1667.21 232822 130319 2.84652e+006 3.20966e+006 -430083
2.846 2.84231e+006 1685.92 240769 128646 2.8802e+006 3.24962e+006 -407305
2.85 3.05473e+006 1747.78 251731 126432 2.92509e+006 3.30325e+006 -248518
2.853 3.5639e+006 1887.83 260234 124783 2.95872e+006 3.34374e+006 220160
2.856 3.15446e+006 1776.08 268986 123145 2.99232e+006 3.38445e+006 -229994
2.86 2.49118e+006 1578.35 281051 120976 3.03705e+006 3.43908e+006 -947893
2.863 2.7965e+006 1672.27 290405 119363 3.07052e+006 3.48029e+006 -683788
2.867 4.21476e+006 2052.99 303294 117229 3.11505e+006 3.53557e+006 679188
2.87 4.78847e+006 2188.26 313282 115641 3.14834e+006 3.57726e+006 1.21121e+006
2.874 4.30721e+006 2075.38 327039 113541 3.19259e+006 3.63317e+006 674044
2.877 4.4638e+006 2112.77 337695 111980 3.22565e+006 3.67532e+006 788482
2.88 3.97927e+006 1994.81 348647 110430 3.25859e+006 3.71766e+006 261606
2.884 3.43846e+006 1854.31 363722 108382 3.30231e+006 3.77441e+006 -335955
2.887 3.96535e+006 1991.32 375392 106860 3.33493e+006 3.81718e+006 148167
2.891 3.87601e+006 1968.76 391447 104849 3.37818e+006 3.87448e+006 1527.82
2.894 2.9552e+006 1719.07 403869 103355 3.41043e+006 3.91765e+006 -962452
2.898 3.11797e+006 1765.78 420952 101381 3.45315e+006 3.97548e+006 -857514
2.901 3.8919e+006 1972.79 434164 99915.2 3.48496e+006 4.01904e+006 -127136
2.905 3.05677e+006 1748.36 452324 97980 3.52705e+006 4.07736e+006 -1.02059e+006
2.908 3.06268e+006 1750.05 466362 96543.1 3.55837e+006 4.12128e+006 -1.0586e+006
2.912 3.61578e+006 1901.52 485650 94646.8 3.59977e+006 4.18007e+006 -564287
2.915 3.82547e+006 1955.88 500553 93239.3 3.63054e+006 4.22433e+006 -398859
2.919 4.04665e+006 2011.63 521020 91382.3 3.67116e+006 4.28356e+006 -236916
2.922 4.03716e+006 2009.27 536827 90004.4 3.70131e+006 4.32814e+006 -290980
2.926 3.52379e+006 1877.18 558525 88187.3 3.74108e+006 4.38779e+006 -864004
2.929 4.22248e+006 2054.87 575275 86839.4 3.77056e+006 4.43268e+006 -210195
2.933 3.89451e+006 1973.45 598257 85062.4 3.8094e+006 4.49272e+006 -598204
2.937 4.3797e+006 2092.77 621997 83308.4 3.84767e+006 4.55297e+006 -173273
2.94 5.01408e+006 2239.21 640309 82008.1 3.87598e+006 4.5983e+006 415785
2.944 4.11611e+006 2028.82 665418 80294.7 3.91319e+006 4.65891e+006 -542799
2.947 4.45082e+006 2109.7 684777 79024.9 3.94069e+006 4.70449e+006 -253666
2.951 4.01961e+006 2004.9 711308 77352.2 3.97677e+006 4.76543e+006 -745819
2.955 3.47653e+006 1864.54 738676 75702.8 4.01218e+006 4.82656e+006 -1.35003e+006
2.958 3.77633e+006 1943.28 759763 74481.1 4.03827e+006 4.87252e+006 -1.09619e+006
2.962 4.93826e+006 2222.22 788640 72872.6 4.07244e+006 4.93395e+006 4313.34
2.965 4.60076e+006 2144.94 810878 71681.5 4.09757e+006 4.98013e+006 -379366
2.969 4.06801e+006 2016.93 841318 70113.9 4.13041e+006 5.04185e+006 -973839
2.973 3.62784e+006 1904.69 872675 68569.6 4.16248e+006 5.10372e+006 -1.47588e+006
2.977 3.67292e+006 1916.49 904968 67048.6 4.19373e+006 5.16575e+006 -1.49283e+006
2.98 4.30417e+006 2074.65 929812 65923.2 4.21663e+006 5.21237e+006 -908193
2.984 4.84584e+006 2201.33 963784 64442.9 4.24642e+006 5.27465e+006 -428809
2.988 4.46836e+006 2113.85 998740 62985.8 4.27535e+006 5.33708e+006 -868720
2.991 4.38112e+006 2093.11 1.02561e+006 61908.2 4.29647e+006 5.38399e+006 -1.00287e+006
2.995 5.26485e+006 2294.53 1.06233e+006 60491.5 4.32383e+006 5.44666e+006 -181806
2.999 5.87797e+006 2424.45 1.10008e+006 59097.8 4.35028e+006 5.50946e+006 368510
3.003 6.67455e+006 2583.52 1.13888e+006 57727 4.37579e+006 5.5724e+006 1.10216e+006
3.006 5.31344e+006 2305.09 1.16867e+006 56713.8 4.39429e+006 5.61968e+006 -306242
3.01 5.08252e+006 2254.44 1.20935e+006 55382.9 4.41811e+006 5.68284e+006 -600321
3.014 5.07332e+006 2252.4 1.25111e+006 54074.5 4.44095e+006 5.74613e+006 -672812
3.018 5.1572e+006 2270.95 1.29398e+006 52788.6 4.46278e+006 5.80955e+006 -652349
3.021 5.2191e+006 2284.54 1.32687e+006 51838.9 4.47848e+006 5.85719e+006 -638090
3.025 5.26656e+006 2294.9 1.37172e+006 50592 4.49851e+006 5.92083e+006 -654265
3.029 5.40871e+006 2325.66 1.41772e+006 49367.3 4.5175e+006 5.98459e+006 -575883
3.033 5.33327e+006 2309.39 1.46489e+006 48164.5 4.53543e+006 6.04848e+006 -715204
3.037 5.93974e+006 2437.16 1.51323e+006 46983.5 4.55228e+006 6.11249e+006 -172754
3.041 6.09042e+006 2467.88 1.56277e+006 45824.2 4.56805e+006 6.17664e+006 -86217.1
3.044 6.34282e+006 2518.5 1.60071e+006 44968.8 4.57915e+006 6.22483e+006 117991
3.048 7.20526e+006 2684.26 1.65236e+006 43846.9 4.59299e+006 6.2892e+006 916064
3.052 7.21271e+006 2685.65 1.70524e+006 42746.2 4.60571e+006 6.3537e+006 859005
3.056 7.0975e+006 2664.11 1.75936e+006 41666.5 4.61731e+006 6.41834e+006 679158
3.06 6.72107e+006 2592.5 1.81473e+006 40607.6 4.62777e+006 6.48311e+006 237966
3.064 5.82527e+006 2413.56 1.87136e+006 39569.2 4.63709e+006 6.54802e+006 -722749
3.068 6.63986e+006 2576.79 1.92926e+006 38551.3 4.64526e+006 6.61307e+006 26793.4
3.072 5.89153e+006 2427.25 1.98843e+006 37553.6 4.65227e+006 6.67826e+006 -786735
3.076 5.18397e+006 2276.83 2.0489e+006 36575.8 4.65813e+006 6.7436e+006 -1.55963e+006
3.079 5.43815e+006 2331.98 2.0951e+006 35855.5 4.66175e+006 6.7927e+006 -1.35455e+006
3.083 6.05532e+006 2460.76 2.15783e+006 34912.2 4.66556e+006 6.8583e+006 -802979
3.087 5.5612e+006 2358.22 2.22187e+006 33988.3 4.6682e+006 6.92406e+006 -1.36286e+006
3.091 5.91666e+006 2432.42 2.28722e+006 33083.5 4.66967e+006 6.98997e+006 -1.07331e+006
3.095 6.04851e+006 2459.37 2.35388e+006 32197.7 4.66996e+006 7.05604e+006 -1.00754e+006
3.099 6.8522e+006 2617.67 2.42186e+006 31330.7 4.66908e+006 7.12228e+006 -270081
3.103 8.43062e+006 2903.55 2.49117e+006 30482.1 4.66703e+006 7.18868e+006 1.24194e+006
3.107 8.15319e+006 2855.38 2.5618e+006 29651.7 4.6638e+006 7.25525e+006 897944
3.111 7.47505e+006 2734.05 2.63375e+006 28839.4 4.65941e+006 7.32199e+006 153060
3.115 7.96405e+006 2822.06 2.70702e+006 28044.9 4.65384e+006 7.38891e+006 575143
3.12 8.60161e+006 2932.85 2.80047e+006 27076.3 4.64526e+006 7.4728e+006 1.12881e+006
3.124 8.84469e+006 2974 2.87671e+006 26320.9 4.63709e+006 7.54012e+006 1.30457e+006
3.128 8.25733e+006 2873.56 2.95426e+006 25582.5 4.62777e+006 7.60762e+006 649714
3.132 8.12377e+006 2850.22 3.03313e+006 24860.8 4.61731e+006 7.6753e+006 448474
3.136 7.91341e+006 2813.08 3.11329e+006 24155.6 4.60571e+006 7.74316e+006 170251
3.14 8.49016e+006 2913.79 3.19475e+006 23466.7 4.59299e+006 7.81121e+006 678947
3.144 8.19916e+006 2863.42 3.2775e+006 22793.8 4.57915e+006 7.87945e+006 319707
3.148 7.28778e+006 2699.59 3.36153e+006 22136.6 4.56421e+006 7.94787e+006 -660087
3.152 9.30047e+006 3049.67 3.44682e+006 21495 4.54817e+006 8.01648e+006 1.28399e+006
3.156 1.01774e+007 3190.21 3.53336e+006 20868.6 4.53105e+006 8.08527e+006 2.09215e+006
3.161 9.28752e+006 3047.54 3.64328e+006 20106.7 4.50814e+006 8.17152e+006 1.116e+006
3.165 8.35708e+006 2890.86 3.73258e+006 19513.8 4.48863e+006 8.24073e+006 116354
3.169 8.06253e+006 2839.46 3.8231e+006 18935.3 4.46808e+006 8.31011e+006 -247580
3.173 7.56836e+006 2751.06 3.91479e+006 18371.1 4.4465e+006 8.37967e+006 -811309
3.177 8.77067e+006 2961.53 4.00766e+006 17820.8 4.42392e+006 8.44939e+006 321275
3.182 8.88077e+006 2980.06 4.12534e+006 17152.2 4.39429e+006 8.53679e+006 343985
3.186 9.1963e+006 3032.54 4.22075e+006 16632.5 4.3695e+006 8.60689e+006 589415
3.19 9.3455e+006 3057.04 4.31725e+006 16125.9 4.34376e+006 8.67714e+006 668366
3.194 9.08769e+006 3014.58 4.41482e+006 15632.3 4.31708e+006 8.74754e+006 340155
3.199 9.50886e+006 3083.64 4.53825e+006 15033.1 4.28245e+006 8.83573e+006 673131
3.203 9.11178e+006 3018.57 4.63812e+006 14567.7 4.25374e+006 8.90643e+006 205352
3.207 8.94049e+006 2990.07 4.73897e+006 14114.4 4.22416e+006 8.97724e+006 -36749
3.211 9.32366e+006 3053.47 4.84076e+006 13673.1 4.19373e+006 9.04816e+006 275495
3.216 1.09015e+007 3301.75 4.96928e+006 13137.8 4.15453e+006 9.13695e+006 1.76458e+006
3.22 1.08539e+007 3294.53 5.07308e+006 12722.5 4.12228e+006 9.20807e+006 1.64587e+006
3.224 8.53999e+006 2922.33 5.1777e+006 12318.3 4.08924e+006 9.27926e+006 -739274
3.229 8.42278e+006 2902.2 5.3096e+006 11828.4 4.04688e+006 9.36832e+006 -945541
3.233 9.51329e+006 3084.36 5.41597e+006 11448.4 4.01218e+006 9.4396e+006 73693.9
3.238 1.06192e+007 3258.71 5.54991e+006 10988.2 3.96781e+006 9.52872e+006 1.09048e+006
3.242 1.0607e+007 3256.83 5.65781e+006 10631.5 3.93156e+006 9.6e+006 1.00695e+006
3.246 1.20914e+007 3477.27 5.76631e+006 10284.7 3.89466e+006 9.67126e+006 2.42011e+006
3.251 9.95797e+006 3155.63 5.90273e+006 9864.81 3.84767e+006 9.76027e+006 197703
3.255 1.31185e+007 3621.95 6.01245e+006 9539.6 3.8094e+006 9.83139e+006 3.28715e+006
3.26 1.96949e+007 4437.9 6.15023e+006 9146.05 3.76077e+006 9.92015e+006 9.77479e+006
3.264 1.38669e+007 3723.83 6.26091e+006 8841.36 3.72126e+006 9.99101e+006 3.87589e+006
3.268 1.08813e+007 3298.68 6.37194e+006 8545.44 3.68124e+006 1.00617e+007 819549
3.273 9.36652e+006 3060.48 6.51114e+006 8187.6 3.63054e+006 1.01499e+007 -783345
3.277 9.72667e+006 3118.76 6.62276e+006 7910.73 3.58946e+006 1.02201e+007 -493469
3.282 9.53583e+006 3088.01 6.76253e+006 7576.07 3.53752e+006 1.03076e+007 -771801
3.286 9.75234e+006 3122.87 6.87448e+006 7317.25 3.49552e+006 1.03773e+007 -624977
3.291 1.04865e+007 3238.28 7.01447e+006 7004.55 3.4425e+006 1.0464e+007 22513
3.295 1.0705e+007 3271.85 7.12645e+006 6762.82 3.3997e+006 1.05329e+007 172080
3.3 1.25955e+007 3549.01 7.26631e+006 6470.91 3.34577e+006 1.06185e+007 1.97696e+006
3.305 1.39217e+007 3731.18 7.40592e+006 6190.06 3.2914e+006 1.07035e+007 3.21822e+006
3.309 1.34476e+007 3667.1 7.51736e+006 5973.1 3.24762e+006 1.0771e+007 2.67666e+006
3.314 1.25604e+007 3544.07 7.65625e+006 5711.29 3.19259e+006 1.08545e+007 1.70587e+006
3.318 1.40963e+007 3754.51 7.76695e+006 5509.14 3.14834e+006 1.09208e+007 3.17552e+006
3.323 1.36291e+007 3691.77 7.90471e+006 5265.3 3.0928e+006 1.10028e+007 2.62635e+006
3.328 1.37483e+007 3707.86 8.04168e+006 5030.99 3.03705e+006 1.10838e+007 2.6645e+006
3.332 1.58071e+007 3975.81 8.15059e+006 4850.21 2.99232e+006 1.11478e+007 4.65933e+006
3.337 1.50142e+007 3874.82 8.28581e+006 4632.3 2.9363e+006 1.12267e+007 3.78748e+006
3.342 1.13415e+007 3367.72 8.41987e+006 4423.07 2.8802e+006 1.13045e+007 37018.2
3.346 1.16045e+007 3406.54 8.52621e+006 4261.75 2.83529e+006 1.13658e+007 238760
3.351 1.27939e+007 3576.85 8.65788e+006 4067.44 2.77915e+006 1.14411e+007 1.35277e+006
3.356 1.20977e+007 3478.17 8.78805e+006 3881.02 2.72305e+006 1.1515e+007 582693
3.36 1.08583e+007 3295.2 8.89101e+006 3737.38 2.67823e+006 1.1573e+007 -714656
3.365 1.09071e+007 3302.59 9.01814e+006 3564.48 2.62232e+006 1.1644e+007 -736950
3.37 1.31448e+007 3625.57 9.1434e+006 3398.74 2.56656e+006 1.17134e+007 1.43142e+006
3.375 1.38864e+007 3726.45 9.26667e+006 3239.89 2.511e+006 1.17809e+007 2.10551e+006
3.379 1.24594e+007 3529.79 9.36376e+006 3117.62 2.46673e+006 1.18336e+007 625831
3.384 1.25179e+007 3538.07 9.48312e+006 2970.58 2.41162e+006 1.18977e+007 620205
3.389 1.24994e+007 3535.45 9.60014e+006 2829.77 2.35683e+006 1.19598e+007 539632
3.394 1.22529e+007 3500.42 9.71468e+006 2694.96 2.30237e+006 1.20197e+007 233188
3.399 1.3484e+007 3672.05 9.82663e+006 2565.93 2.24829e+006 1.20775e+007 1.40648e+006
3.403 1.35777e+007 3684.8 9.91424e+006 2466.73 2.20531e+006 1.2122e+007 1.45571e+006
3.408 1.3953e+007 3735.38 1.00212e+007 2347.58 2.15199e+006 1.21755e+007 1.7775e+006
3.413 1.55451e+007 3942.72 1.01253e+007 2233.62 2.09912e+006 1.22266e+007 3.31844e+006
3.418 1.51024e+007 3886.18 1.02263e+007 2124.67 2.04676e+006 1.22752e+007 2.82724e+006
3.423 1.37125e+007 3703.03 1.03241e+007 2020.53 1.99491e+006 1.23211e+007 1.39138e+006
3.428 1.25884e+007 3548.01 1.04187e+007 1921.01 1.94362e+006 1.23643e+007 224071
3.433 1.32837e+007 3644.68 1.051e+007 1825.94 1.8929e+006 1.24047e+007 878987
3.438 1.49374e+007 3864.89 1.05977e+007 1735.14 1.84278e+006 1.24422e+007 2.49511e+006
3.443 1.30673e+007 3614.87 1.06819e+007 1648.45 1.79328e+006 1.24768e+007 590444
3.448 1.20307e+007 3468.53 1.07624e+007 1565.69 1.74442e+006 1.25084e+007 -477717
3.453 1.09535e+007 3309.61 1.08392e+007 1486.72 1.69623e+006 1.25369e+007 -1.58339e+006
3.458 1.22526e+007 3500.37 1.09121e+007 1411.38 1.64873e+006 1.25622e+007 -309678
3.463 1.59809e+007 3997.61 1.09811e+007 1339.53 1.60192e+006 1.25843e+007 3.39657e+006
3.468 1.56608e+007 3957.38 1.1046e+007 1271.01 1.55583e+006 1.26031e+007 3.05769e+006
3.473 1.42958e+007 3780.98 1.11069e+007 1205.7 1.51048e+006 1.26186e+007 1.67722e+006
3.478 1.19915e+007 3462.88 1.11636e+007 1143.46 1.46587e+006 1.26306e+007 -639093
3.483 1.26281e+007 3553.6 1.12161e+007 1084.17 1.42202e+006 1.26392e+007 -11098.4
3.488 1.37403e+007 3706.78 1.12643e+007 1027.69 1.37894e+006 1.26442e+007 1.09602e+006
3.493 1.2883e+007 3589.28 1.13081e+007 973.909 1.33664e+006 1.26457e+007 237250
3.498 1.42383e+007 3773.37 1.13475e+007 922.714 1.29512e+006 1.26436e+007 1.59475e+006
3.503 1.42857e+007 3779.64 1.13825e+007 873.992 1.25441e+006 1.26378e+007 1.64786e+006
3.508 1.30407e+007 3611.19 1.1413e+007 827.637 1.21449e+006 1.26283e+007 412369
3.514 1.34408e+007 3666.17 1.14436e+007 774.989 1.16767e+006 1.2612e+007 828768
3.519 1.53026e+007 3911.85 1.14641e+007 733.482 1.12954e+006 1.25944e+007 2.7082e+006
3.524 1.52685e+007 3907.49 1.148e+007 694.025 1.09222e+006 1.25729e+007 2.69555e+006
3.529 1.26575e+007 3557.75 1.14913e+007 656.526 1.05572e+006 1.25477e+007 109884
3.534 1.08747e+007 3297.68 1.1498e+007 620.899 1.02005e+006 1.25186e+007 -1.64396e+006
3.54 1.13647e+007 3371.16 1.14998e+007 580.498 978314 1.24787e+007 -1.11401e+006
3.545 1.27957e+007 3577.11 1.14963e+007 548.696 944435 1.24413e+007 354378
3.55 1.2085e+007 3476.34 1.14882e+007 518.506 911372 1.24001e+007 -315109
3.556 1.12694e+007 3356.99 1.14723e+007 484.304 872768 1.23456e+007 -1.07619e+006
3.561 1.39564e+007 3735.83 1.1454e+007 457.406 841486 1.2296e+007 1.66048e+006
3.566 1.44492e+007 3801.22 1.14311e+007 431.895 811006 1.22426e+007 2.20666e+006
3.572 1.28441e+007 3583.87 1.13977e+007 403.02 775482 1.21736e+007 670545
3.577 1.20413e+007 3470.05 1.13649e+007 380.333 746748 1.2112e+007 -70729.9
3.582 1.20995e+007 3478.44 1.13276e+007 358.834 718795 1.20467e+007 52798
3.588 1.42033e+007 3768.73 1.1277e+007 334.523 686274 1.19636e+007 2.23976e+006
3.593 1.26505e+007 3556.75 1.123e+007 315.44 660015 1.18903e+007 760147
3.599 1.17348e+007 3425.61 1.1168e+007 293.875 629500 1.17978e+007 -62956
3.604 1.24592e+007 3529.76 1.11116e+007 276.959 604890 1.17168e+007 742421
3.609 1.23916e+007 3520.16 1.10511e+007 260.952 581013 1.16323e+007 759223
3.615 9.60225e+006 3098.75 1.0973e+007 242.879 553315 1.15266e+007 -1.92432e+006
3.62 9.71985e+006 3117.67 1.09036e+007 228.716 531016 1.14348e+007 -1.71496e+006
3.626 1.0653e+007 3263.9 1.0815e+007 212.736 505177 1.13204e+007 -667418
3.631 1.19859e+007 3462.07 1.07371e+007 200.221 484399 1.12217e+007 764241
3.637 1.34658e+007 3669.57 1.06386e+007 186.109 460350 1.10991e+007 2.36663e+006
3.643 1.42973e+007 3781.18 1.05349e+007 172.93 437249 1.09723e+007 3.32502e+006
3.648 1.13009e+007 3361.69 1.04446e+007 162.619 418705 1.08635e+007 437444
3.654 9.25631e+006 3042.42 1.03318e+007 151.003 397280 1.07293e+007 -1.47295e+006
3.659 8.82673e+006 2970.98 1.02342e+007 141.922 380103 1.06145e+007 -1.78775e+006
3.665 9.65768e+006 3107.68 1.01129e+007 131.698 360280 1.04734e+007 -815674
3.671 9.17639e+006 3029.26 9.9873e+006 122.167 341298 1.03287e+007 -1.15232e+006
3.676 8.8848e+006 2980.74 9.87941e+006 114.722 326104 1.02056e+007 -1.32083e+006
3.682 9.27641e+006 3045.72 9.74629e+006 106.35 308603 1.0055e+007 -778587
3.688 9.77129e+006 3125.91 9.60939e+006 98.5529 291875 9.90137e+006 -130074
3.693 1.11638e+007 3341.23 9.49257e+006 92.4686 278510 9.77117e+006 1.39262e+006
3.699 1.11154e+007 3333.97 9.34929e+006 85.6331 263140 9.61251e+006 1.50284e+006
3.705 1.01713e+007 3189.25 9.20283e+006 79.2743 248478 9.45138e+006 719961
3.711 8.60245e+006 2932.99 9.05341e+006 73.3614 234500 9.28798e+006 -685527
3.716 9.43029e+006 3070.88 8.92679e+006 68.7535 223358 9.15021e+006 280080
3.722 1.0006e+007 3163.22 8.77251e+006 63.5834 210575 8.98315e+006 1.02283e+006
3.728 1.03361e+007 3214.99 8.61591e+006 58.781 198411 8.81438e+006 1.52177e+006
3.734 1.03277e+007 3213.68 8.45719e+006 54.3219 186844 8.64408e+006 1.68366e+006
3.74 9.04353e+006 3007.25 8.29657e+006 50.1829 175852 8.47248e+006 571051
3.746 9.56458e+006 3092.67 8.13429e+006 46.3427 165413 8.29975e+006 1.26483e+006
3.752 9.12944e+006 3021.5 7.97056e+006 42.781 155505 8.12611e+006 1.00333e+006
3.758 8.38109e+006 2895.01 7.8056e+006 39.4789 146108 7.95174e+006 429349
3.763 7.86736e+006 2804.88 7.66734e+006 36.9125 138653 7.80603e+006 61336.8
3.769 7.57532e+006 2752.33 7.50066e+006 34.0409 130140 7.63084e+006 -55517.9
3.775 7.76513e+006 2786.6 7.33336e+006 31.3814 122080 7.45547e+006 309656
3.781 8.80557e+006 2967.42 7.16563e+006 28.9194 114454 7.28011e+006 1.52546e+006
3.787 1.08729e+007 3297.41 6.99767e+006 26.6409 107245 7.10494e+006 3.76799e+006
3.793 7.71482e+006 2777.56 6.82969e+006 24.5331 100432 6.93015e+006 784673
3.8 5.84959e+006 2418.59 6.63394e+006 22.2737 92962.8 6.72692e+006 -877327
3.806 5.97791e+006 2444.98 6.46655e+006 20.4955 86950.9 6.55352e+006 -575617
3.812 5.75301e+006 2398.54 6.29974e+006 18.8525 81281.8 6.38104e+006 -628027
3.818 6.00146e+006 2449.79 6.13366e+006 17.335 75939.3 6.20962e+006 -208162
3.824 6.11806e+006 2473.47 5.96851e+006 15.9339 70907.8 6.03943e+006 78635.6
3.83 8.48689e+006 2913.23 5.80443e+006 14.6408 66172.3 5.87061e+006 2.61627e+006
3.836 9.15593e+006 3025.88 5.64158e+006 13.4477 61718.1 5.70331e+006 3.45261e+006
3.843 6.8423e+006 2615.78 5.45337e+006 12.1727 56858.3 5.51024e+006 1.33206e+006
3.849 5.92971e+006 2435.1 5.29371e+006 11.1721 52966.1 5.34669e+006 583017
3.855 5.73644e+006 2395.09 5.13576e+006 10.2501 49312.4 5.18508e+006 551362
3.861 5.93053e+006 2435.27 4.97962e+006 9.40077 45884.8 5.02552e+006 905012
3.868 6.21304e+006 2492.6 4.79993e+006 8.49458 42155.7 4.8421e+006 1.37094e+006
3.874 5.85748e+006 2420.22 4.64816e+006 7.78468 39177.4 4.68735e+006 1.17013e+006
3.88 4.33017e+006 2080.91 4.49858e+006 7.13154 36389 4.53497e+006 -204806
3.887 4.16344e+006 2040.45 4.32696e+006 6.43555 33361.8 4.36033e+006 -196890
3.893 4.7045e+006 2168.99 4.18246e+006 5.89102 30949.4 4.21341e+006 491087
3.899 5.66734e+006 2380.62 4.04043e+006 5.39062 28695.1 4.06913e+006 1.59821e+006
3.906 4.9423e+006 2223.13 3.87797e+006 4.85809 26253.1 3.90423e+006 1.03807e+006
3.912 3.30893e+006 1819.05 3.74158e+006 4.44198 24311.1 3.7659e+006 -456964
3.919 3.32314e+006 1822.95 3.58588e+006 3.99953 22210.3 3.60809e+006 -284957
3.925 4.02551e+006 2006.37 3.45541e+006 3.65411 20542.2 3.47596e+006 549546
3.932 3.62346e+006 1903.54 3.30677e+006 3.28715 18740.3 3.32551e+006 297950
3.938 3.3259e+006 1823.71 3.18245e+006 3.00092 17311.5 3.19977e+006 126137
3.945 3.59021e+006 1894.78 3.04108e+006 2.69711 15770.4 3.05686e+006 533350
3.951 4.31404e+006 2077.03 2.92308e+006 2.46034 14550.2 2.93764e+006 1.37641e+006
3.958 4.4384e+006 2106.75 2.78914e+006 2.20925 13236 2.80238e+006 1.63602e+006
3.964 2.57817e+006 1605.67 2.67755e+006 2.01374 12197 2.68975e+006 -111581
3.971 2.38398e+006 1544.02 2.55112e+006 1.80659 11079.4 2.5622e+006 -178214
3.978 3.07356e+006 1753.16 2.42874e+006 1.61995 10056.6 2.43879e+006 634769
3.984 3.95144e+006 1987.82 2.32706e+006 1.47483 9249.64 2.33631e+006 1.61513e+006
3.991 2.22833e+006 1492.76 2.21218e+006 1.32127 8383.7 2.22056e+006 7766.93
3.998 2.17993e+006 1476.46 2.10131e+006 1.18312 7592.97 2.1089e+006 71026.1
4.004 1.92376e+006 1387 2.00945e+006 1.07584 6970.57 2.01642e+006 -92658.3
4.011 1.94237e+006 1393.69 1.90595e+006 0.962474 6304.1 1.91225e+006 30118.9
4.018 2.20436e+006 1484.71 1.80634e+006 0.860636 5696.97 1.81204e+006 392317
4.025 3.33433e+006 1826.01 1.7106e+006 0.769196 5144.34 1.71574e+006 1.61859e+006
4.032 2.13294e+006 1460.46 1.61865e+006 0.687136 4641.75 1.62329e+006 509646
4.038 1.87412e+006 1368.99 1.54281e+006 0.62356 4247.62 1.54706e+006 327065
4.045 1.22592e+006 1107.21 1.45774e+006 0.556532 3827.16 1.46156e+006 -235642
4.052 1.00231e+006 1001.16 1.37627e+006 0.496465 3445.66 1.37972e+006 -377402
4.059 977984 988.931 1.29833e+006 0.442666 3099.81 1.30143e+006 -323446
4.066 1.14489e+006 1070 1.22384e+006 0.394503 2786.52 1.22662e+006 -81733.4
4.073 1.61149e+006 1269.44 1.15271e+006 0.351409 2502.96 1.15521e+006 456278
4.08 1.25505e+006 1120.29 1.08486e+006 0.312869 2246.53 1.0871e+006 167944
4.087 1.04722e+006 1023.34 1.02019e+006 0.27842 2014.82 1.02221e+006 25013.3
4.094 820945 906.06 958626 0.247643 1805.62 960432 -139487
4.101 609566 780.747 900064 0.22016 1616.89 901681 -292115
4.108 751149 866.689 844412 0.195632 1446.78 845859 -94709.6
4.116 1.03148e+006 1015.62 784252 0.170825 1272.97 785525 245955
4.123 765070 874.683 734517 0.151635 1137.16 735654 29415.6
4.13 600130 774.681 687393 0.134534 1015.06 688408 -88277.7
4.137 668897 817.861 642785 0.119304 905.368 643690 25206.9
4.144 626743 791.671 600597 0.105746 806.911 601404 25339.7
4.152 471371 686.565 555224 0.0920722 706.764 555931 -84559.8
4.159 465342 682.16 517906 0.0815235 628.866 518535 -53193.3
4.166 412328 642.128 482715 0.0721481 559.124 483274 -70945.5
4.173 409855 640.199 449560 0.0638197 496.733 450056 -40201.9
4.181 328099 572.8 414047 0.0554389 433.499 414480 -86380.9
4.188 307755 554.757 384956 0.048988 384.491 385341 -77585.2
4.196 370248 608.48 353861 0.042504 334.913 354196 16051.5
4.203 351095 592.533 328443 0.0375189 296.561 328740 22355.5
4.211 282659 531.657 301330 0.032514 257.834 301588 -18928.7
4.218 264653 514.444 279212 0.0286705 227.932 279440 -14787.6
4.226 214655 463.308 255668 0.0248162 197.794 255866 -41211.6
4.233 198394 445.414 236502 0.0218598 174.567 236676 -38282.4
4.241 179269 423.402 216141 0.0188985 151.2 216292 -37022.9
4.248 166057 407.5 199599 0.0166296 133.224 199733 -33676
4.256 225570 474.942 182063 0.0143596 115.173 182178 43391.9
4.264 242133 492.07 165896 0.0123916 99.4684 165996 76136.9
4.271 259954 509.857 152803 0.0108864 87.4215 152891 107064
4.279 207285 455.286 138966 0.00938315 75.3584 139041 68244.4
4.287 141264 375.852 126251 0.00808231 64.8946 126316 14948.7
4.294 134187 366.316 115985 0.00708918 56.8909 116042 18144.8
4.302 153824 392.204 105170 0.00609905 48.8991 105219 48605.5
4.31 165903 407.312 95264.2 0.00524387 41.9877 95306.2 70597.1
4.318 135639 368.292 86202.8 0.00450572 36.0169 86238.8 49400.5
4.326 110667 332.667 77922.9 0.003869 30.8641 77953.7 32713.6
4.334 86450.1 294.024 70365.6 0.00332014 26.4219 70392 16058.1
4.342 144751 380.462 63475.8 0.00284732 22.5963 63498.4 81252.7
4.35 181780 426.357 57201.6 0.00244028 19.3052 57220.9 124560
4.358 165829 407.221 51494.4 0.00209009 16.4769 51510.9 114318
4.366 125970 354.922 46308.8 0.00178902 14.0488 46322.9 79646.8
4.374 106968 327.06 41602.5 0.00153033 11.9664 41614.5 65353.5
4.382 85069.4 291.667 37336 0.00130822 10.1825 37346.2 47723.2
4.39 105910 325.438 33472.5 0.00111763 8.65581 33481.2 72429
4.398 161668 402.079 29977.8 0.000954193 7.35062 29985.2 131682
4.406 237837 487.686 26820.4 0.000814139 6.23595 26826.6 211011
4.414 343150 585.79 23970.7 0.000694198 5.285 23976 319174
4.423 372045 609.955 21099.1 0.00057981 4.38211 21103.5 350941
