1.772 461349 679.227 8.55761e-005 32328.4 185.115 32513.5 428836
1.773 457027 676.038 8.80501e-005 32598.5 187.889 32786.4 424241
1.774 453867 673.697 9.05942e-005 32870.3 190.702 33061 420806
1.775 452494 672.677 9.32104e-005 33143.7 193.555 33337.3 419157
1.777 452806 672.908 9.86667e-005 33695.9 199.383 33895.3 418911
1.778 454204 673.947 0.000101511 33974.5 202.359 34176.9 420027
1.779 455973 675.258 0.000104436 34254.9 205.377 34460.3 421513
1.78 457576 676.444 0.000107443 34537 208.438 34745.4 422831
1.781 458753 677.313 0.000110535 34820.9 211.542 35032.4 423720
1.783 459414 677.801 0.000116983 35393.8 217.882 35611.7 423802
1.784 459511 677.872 0.000120344 35682.9 221.12 35904.1 423607
1.785 459012 677.504 0.000123799 35973.8 224.403 36198.2 422814
1.786 454478 674.15 0.000127352 36266.4 227.732 36494.2 417984
1.788 424581 651.599 0.000134759 36857 234.532 37091.5 387489
1.789 349117 590.861 0.000138619 37155 238.003 37393 311724
1.79 336970 580.491 0.000142588 37454.7 241.523 37696.2 299274
1.791 373523 611.165 0.000146668 37756.2 245.093 38001.3 335522
1.793 398320 631.126 0.000155173 38364.6 252.382 38617 359703
1.794 429517 655.376 0.000159606 38671.5 256.104 38927.7 390590
1.795 479691 692.597 0.000164162 38980.3 259.877 39240.1 440451
1.796 489331 699.522 0.000168846 39290.8 263.703 39554.5 449777
1.798 445479 667.442 0.000178609 39917.2 271.516 40188.8 405290
1.799 376700 613.759 0.000183696 40233.2 275.504 40508.7 336192
1.8 374995 612.369 0.000188925 40551 279.547 40830.5 334165
1.801 439591 663.017 0.000194299 40870.6 283.647 41154.3 398437
1.803 463140 680.544 0.000205501 41515.3 292.018 41807.3 421333
1.804 416123 645.076 0.000211337 41840.4 296.291 42136.7 373987
1.805 377451 614.37 0.000217335 42167.4 300.622 42468 334983
1.807 369585 607.935 0.000229836 42826.8 309.467 43136.3 326448
1.808 380926 617.192 0.000236347 43159.3 313.981 43473.3 337453
1.809 377883 614.722 0.00024304 43493.7 318.557 43812.2 334071
1.81 396858 629.967 0.000249918 43829.9 323.196 44153.1 352705
1.812 405587 636.857 0.00026425 44507.9 332.667 44840.6 360747
1.813 385491 620.88 0.000271715 44849.7 337.501 45187.2 340304
1.814 393845 627.57 0.000279386 45193.3 342.4 45535.7 348309
1.816 415538 644.622 0.00029537 45886.3 352.403 46238.7 369299
1.817 421079 648.906 0.000303695 46235.6 357.507 46593.1 374485
1.818 375991 613.181 0.000312249 46586.8 362.681 46949.4 329042
1.819 360940 600.783 0.000321039 46939.8 367.926 47307.7 313633
1.821 394573 628.151 0.000339351 47651.6 378.632 48030.2 346543
1.822 408987 639.521 0.000348887 48010.3 384.094 48394.4 360593
1.823 385020 620.5 0.000358686 48370.9 389.631 48760.5 336260
1.825 366693 605.552 0.000379097 49097.8 400.933 49498.7 317194
1.826 409393 639.838 0.000389725 49464 406.699 49870.7 359523
1.827 496555 704.666 0.000400644 49832.2 412.544 50244.8 446310
1.829 457690 676.528 0.000423389 50574.3 424.472 50998.8 406691
1.83 356791 597.32 0.00043523 50948.2 430.557 51378.8 305413
1.831 382771 618.685 0.000447396 51324 436.725 51760.7 331010
1.832 353460 594.525 0.000459894 51701.7 442.976 52144.7 301316
1.834 339977 583.075 0.000485924 52462.9 455.733 52918.6 287058
1.835 369681 608.014 0.000499475 52846.3 462.241 53308.5 316372
1.836 388144 623.012 0.000513395 53231.6 468.836 53700.5 334443
1.838 359200 599.333 0.000542384 54008.1 482.295 54490.4 304709
1.839 396059 629.332 0.000557473 54399.2 489.16 54888.3 341170
1.84 403776 635.434 0.000572972 54792.2 496.118 55288.3 348488
1.842 361824 601.518 0.000605247 55583.9 510.314 56094.3 305730
1.843 330349 574.76 0.000622045 55982.7 517.555 56500.3 273849
1.844 340470 583.498 0.000639299 56383.4 524.892 56908.3 283562
1.846 414584 643.882 0.000675223 57190.5 539.863 57730.4 356854
1.847 446034 667.858 0.000693918 57596.9 547.499 58144.4 387889
1.848 404213 635.777 0.00071312 58005.3 555.237 58560.5 345653
1.85 383656 619.4 0.000753095 58827.7 571.022 59398.7 324257
1.851 405947 637.14 0.000773897 59241.8 579.073 59820.9 346126
1.852 338458 581.771 0.000795261 59657.8 587.23 60245.1 278213
1.854 361986 601.653 0.000839733 60495.6 603.871 61099.5 300887
1.855 372111 610.009 0.000862872 60917.4 612.357 61529.7 310582
1.856 373994 611.55 0.000886635 61341.1 620.956 61962 312032
1.858 389728 624.282 0.000936096 62194.2 638.496 62832.7 326895
1.859 377660 614.541 0.000961829 62623.6 647.439 63271 314389
1.861 382969 618.845 0.00101539 63488.2 665.683 64153.8 318815
1.862 379851 616.321 0.00104325 63923.3 674.985 64598.3 315253
1.863 363526 602.931 0.00107186 64360.4 684.409 65044.8 298481
1.865 346991 589.059 0.0011314 65240.2 703.631 65943.8 281047
1.866 360446 600.371 0.00116237 65682.9 713.431 66396.4 294050
1.867 343444 586.041 0.00119417 66127.6 723.36 66850.9 276593
1.869 376248 613.39 0.00126034 67022.6 743.609 67766.2 308481
1.87 356776 597.307 0.00129476 67472.9 753.933 68226.9 288549
1.871 347881 589.814 0.00133009 67925.2 764.391 68689.6 279191
1.873 398837 631.536 0.00140362 68835.3 785.719 69621 329216
1.874 303888 551.26 0.00144186 69293.2 796.591 70089.8 233798
1.876 275553 524.932 0.00152141 70214.6 818.762 71033.3 204520
1.877 268121 517.804 0.00156278 70678.1 830.064 71508.2 196613
1.878 274319 523.755 0.00160525 71143.5 841.513 71985 202334
1.88 273780 523.24 0.0016936 72079.8 864.856 72944.7 200836
1.881 287268 535.974 0.00173954 72550.8 876.755 73427.6 213841
1.883 307545 554.567 0.00183511 73498.3 901.016 74399.3 233145
1.884 352166 593.436 0.0018848 73974.9 913.382 74888.2 277278
1.885 364025 603.345 0.0019358 74453.2 925.907 75379.1 288646
1.887 399306 631.906 0.00204189 75415.5 951.444 76366.9 322939
1.888 454478 674.15 0.00209704 75899.4 964.458 76863.8 377614
1.89 310804 557.498 0.00221175 76872.6 990.991 77863.6 232941
1.891 317079 563.098 0.00227138 77362 1004.51 78366.5 238713
1.892 313322 559.752 0.00233258 77853.1 1018.21 78871.4 234451
1.894 324284 569.459 0.00245986 78840.9 1046.13 79887 244397
1.895 353047 594.178 0.00252602 79337.5 1060.35 80397.8 272649
1.897 360365 600.304 0.00266359 80336 1089.35 81425.3 278940
1.898 276838 526.154 0.0027351 80837.9 1104.13 81942 194896
1.899 281761 530.812 0.00280848 81341.6 1119.1 82460.7 199301
1.901 284122 533.031 0.00296106 82354.3 1149.6 83503.9 200618
1.902 266203 515.948 0.00304035 82863.3 1165.14 84028.5 182174
1.904 267641 517.341 0.00320522 83886.6 1196.82 85083.4 182558
1.905 268967 518.62 0.0032909 84400.8 1212.96 85613.8 183353
1.907 276177 525.525 0.00346901 85434.5 1245.86 86680.3 189496
1.908 293138 541.422 0.00356157 85953.9 1262.62 87216.5 205921
1.91 293694 541.935 0.00375397 86997.8 1296.77 88294.6 205399
1.911 270944 520.522 0.00385395 87522.3 1314.17 88836.5 182107
1.912 273407 522.883 0.00395652 88048.6 1331.79 89380.4 184026
1.914 258501 508.43 0.00416972 89106 1367.7 90473.7 168028
1.915 258573 508.501 0.00428049 89637.3 1385.99 91023.3 167550
1.917 266363 516.104 0.00451072 90704.7 1423.26 92128 174235
1.918 280376 529.505 0.00463032 91240.9 1442.24 92683.1 187693
1.92 297993 545.887 0.0048789 92318.2 1480.93 93799.1 204194
1.921 282321 531.339 0.00500802 92859.2 1500.63 94359.9 187962
1.923 273870 523.326 0.00527637 93946.2 1540.77 95487 178383
1.924 247361 497.354 0.00541575 94492.1 1561.22 96053.3 151308
1.925 230605 480.214 0.00555873 95039.5 1581.92 96621.4 133984
1.927 236916 486.74 0.00585582 96139.1 1624.1 97763.2 139153
1.928 257947 507.885 0.00601013 96691.3 1645.58 98336.8 159611
1.93 279221 528.414 0.00633074 97800.2 1689.34 99489.5 179732
1.931 266066 515.816 0.00649725 98356.9 1711.62 100069 165998
1.933 248877 498.875 0.00684318 99474.9 1757.02 101232 147645
1.934 260043 509.944 0.00702283 100036 1780.14 101816 158227
1.936 292419 540.758 0.00739604 101163 1827.23 102990 189428
1.937 238502 488.367 0.00758983 101729 1851.21 103580 134922
1.939 246180 496.165 0.0079924 102865 1900.05 104765 141415
1.94 234127 483.867 0.00820142 103435 1924.93 105359 128767
1.942 216666 465.474 0.0086356 104579 1975.58 106554 110111
1.943 223495 472.753 0.00886102 105153 2001.38 107154 116341
1.945 209816 458.057 0.00932921 106306 2053.91 108360 101456
1.946 195382 442.021 0.00957227 106884 2080.65 108965 86417.5
1.948 222794 472.011 0.0100771 108045 2135.12 110180 112614
1.949 245277 495.255 0.0103391 108627 2162.85 110790 134487
1.951 254314 504.296 0.0108833 109796 2219.32 112015 142299
1.952 268812 518.471 0.0111658 110382 2248.07 112630 156182
1.954 263190 513.02 0.0117524 111558 2306.61 113865 149325
1.955 259742 509.649 0.0120568 112148 2336.41 114485 145257
1.957 226053 475.451 0.012689 113332 2397.1 115729 110324
1.958 219370 468.37 0.0130171 113926 2427.98 116354 103016
1.96 252873 502.864 0.0136982 115117 2490.88 117608 135265
1.961 217202 466.049 0.0140517 115714 2522.89 118237 98965.2
1.963 244615 494.586 0.0147856 116912 2588.07 119500 125115
1.964 261147 511.026 0.0151665 117513 2621.24 120134 141013
1.966 254631 504.61 0.0159571 118717 2688.78 121406 133225
1.968 227911 477.4 0.0167878 119926 2757.93 122684 105227
1.969 204812 452.561 0.0172188 120532 2793.13 123325 81486.3
1.971 226461 475.879 0.0181135 121748 2864.77 124612 101848
1.972 195132 441.737 0.0185776 122357 2901.23 125258 69874
1.974 195366 442.003 0.019541 123578 2975.45 126553 68813
1.975 209982 458.238 0.0200408 124190 3013.22 127203 82778.4
1.977 229378 478.934 0.021078 125417 3090.1 128507 100871
1.978 238296 488.156 0.021616 126032 3129.22 129161 109135
1.98 242672 492.617 0.0227326 127264 3208.84 130473 112199
1.981 217322 466.178 0.0233117 127882 3249.35 131131 86191.1
1.983 210717 459.04 0.0245135 129119 3331.81 132451 78266.4
1.985 210738 459.062 0.0257756 130360 3416.2 133776 76962.2
1.986 205641 453.477 0.0264301 130981 3459.14 134441 71200.5
1.988 203174 450.749 0.0277882 132227 3546.52 135773 67401
1.989 216011 464.77 0.0284925 132851 3590.98 136442 79569.7
1.991 188138 433.749 0.0299536 134100 3681.44 137782 50356
1.992 187257 432.732 0.0307113 134726 3727.46 138454 48803.2
1.994 234771 484.532 0.0322831 135980 3821.11 139801 94970.1
1.996 276994 526.302 0.0339332 137236 3916.93 141153 135841
1.997 223170 472.409 0.0347888 137865 3965.68 141831 81339.7
1.999 229343 478.897 0.0365634 139125 4064.85 143190 86153.1
2 229093 478.636 0.0374835 139755 4115.3 143871 85222
2.002 211356 459.734 0.0393918 141018 4217.93 145236 66119.6
2.004 200147 447.378 0.0413946 142283 4322.94 146606 53541.5
2.005 193095 439.425 0.0424328 142916 4376.34 147292 45802.7
2.007 195977 442.693 0.0445859 144183 4484.99 148668 47309.5
2.008 197879 444.835 0.045702 144817 4540.24 149357 48521.2
2.01 202676 450.196 0.0480164 146086 4652.64 150739 51936.9
2.012 220917 470.019 0.0504447 147357 4767.61 152125 68792.8
2.013 221111 470.224 0.0517033 147993 4826.08 152819 68291.9
2.015 240682 490.593 0.0543128 149265 4945 154210 86471.8
2.017 208143 456.227 0.0570503 150538 5066.63 155605 52538.1
2.018 198891 445.972 0.058469 151175 5128.48 156304 42587.9
2.02 201383 448.757 0.0614102 152449 5254.27 157703 43679.6
2.021 193189 439.532 0.0629342 153086 5318.22 158405 34784
2.023 194482 441.001 0.0660936 154361 5448.3 159809 34672.2
2.025 187072 432.518 0.0694071 155636 5581.31 161217 25854.5
2.026 201022 448.354 0.071124 156273 5648.93 161922 39099.1
2.028 209861 458.106 0.0746825 157548 5786.45 163335 46526.2
2.03 205331 453.135 0.078414 158823 5927.05 164750 40581.1
2.031 200788 448.094 0.0803471 159460 5998.53 165459 35329.4
2.033 199122 446.231 0.0843535 160734 6143.87 166878 32243.5
2.035 174059 417.204 0.088554 162008 6292.46 168300 5758.61
2.036 164953 406.144 0.0907298 162644 6367.98 169012 -4059.13
2.038 175300 418.689 0.0952387 163916 6521.55 170438 4862.75
2.039 197275 444.157 0.0975741 164552 6599.6 171151 26123.9
2.041 215295 463.999 0.102413 165822 6758.3 172580 42714.9
2.043 206242 454.139 0.107485 167091 6920.51 174012 32230.4
2.044 199301 446.431 0.110112 167725 7002.94 174728 24572.6
2.046 197234 444.11 0.115554 168991 7170.54 176162 21071.8
2.048 209039 457.208 0.121258 170256 7341.82 177598 31441.3
2.05 238330 488.19 0.127235 171519 7516.85 179036 59294
2.051 233356 483.069 0.13033 172149 7605.8 179755 53600.6
2.053 251205 501.204 0.13674 173409 7786.6 181196 70009.8
2.055 262671 512.514 0.143457 174666 7971.34 182637 80033.6
2.056 252055 502.05 0.146935 175293 8065.22 183358 68696
2.058 223647 472.914 0.154138 176546 8256.02 184802 38845.2
2.06 196570 443.362 0.161683 177796 8450.96 186247 10322.8
2.061 209360 457.559 0.165589 178420 8550 186970 22390.3
2.063 214997 463.677 0.173679 179665 8751.29 188416 26580.4
2.065 208381 456.488 0.182151 180906 8956.92 189864 18517.6
2.066 203560 451.176 0.186537 181526 9061.39 190588 12972.1
2.068 204803 452.551 0.195618 182762 9273.68 192036 12766.8
2.07 203208 450.786 0.205129 183995 9490.52 193485 9723.21
2.072 211460 459.848 0.215087 185223 9712 194935 16525
2.073 217499 466.368 0.220241 185835 9824.51 195660 21838.6
2.075 208271 456.368 0.230911 187057 10053.1 197110 11161.1
2.077 199198 446.316 0.242083 188274 10286.6 198561 636.651
2.079 218107 467.019 0.253778 189487 10525 200012 18094.9
2.08 209293 457.485 0.25983 190091 10646.1 200737 8555.44
2.082 214286 462.91 0.272357 191296 10892.1 202188 12097.6
2.084 235364 485.144 0.285469 192496 11143.3 203639 31725.1
2.085 254858 504.835 0.292253 193094 11270.8 204365 50493.7
2.087 227702 477.181 0.306294 194285 11530 205815 21886.3
2.089 224654 473.977 0.320988 195471 11794.6 207266 17388.5
2.091 212958 461.473 0.336366 196651 12064.7 208716 4242.07
2.092 222637 471.845 0.344321 197238 12201.9 209441 13196.8
2.094 236660 486.478 0.360782 198409 12480.5 210890 25770.7
2.096 236334 486.142 0.378006 199573 12764.9 212338 23996
2.098 216787 465.604 0.396027 200731 13055.2 213786 3000.92
2.1 216924 465.751 0.414879 201881 13351.5 215233 1690.51
2.101 210130 458.399 0.42463 202454 13501.9 215957 -5826.66
2.103 229795 479.369 0.444801 203595 13807.4 217402 12392.3
2.105 243072 493.023 0.465901 204727 14119.2 218847 24224.7
2.107 214306 462.932 0.487971 205853 14437.4 220291 -5985.13
2.108 210252 458.533 0.499382 206413 14599 221012 -10759.9
2.11 213525 462.088 0.522987 207527 14927 222454 -8929.2
2.112 254149 504.132 0.547673 208633 15261.6 223895 30254.4
2.114 299598 547.356 0.573487 209731 15603.1 225334 74263.9
2.116 271588 521.141 0.600479 210820 15951.6 226772 44815.6
2.117 216214 464.988 0.614433 211362 16128.4 227491 -11277.1
2.119 200724 448.023 0.64329 212439 16487.5 228927 -28202.4
2.121 198863 445.94 0.673459 213506 16853.7 230361 -31498
2.123 228029 477.524 0.704998 214565 17227.4 231793 -3764.47
2.125 271273 520.839 0.737966 215615 17608.5 233224 38049.1
2.126 273416 522.892 0.755006 216136 17802 233939 39476.5
2.128 254668 504.646 0.790237 217172 18194.6 235367 19300.4
2.13 240329 490.233 0.827058 218198 18595.1 236794 3534.71
2.132 204538 452.258 0.86554 219214 19003.5 238219 -33680.9
2.134 186926 432.35 0.905754 220220 19420.1 239641 -52715
2.136 205004 452.774 0.947775 221216 19844.8 241062 -36058.1
2.137 217840 466.733 0.969488 221710 20060.4 241772 -23932
2.139 261379 511.253 1.01437 222691 20497.8 243190 18189.8
2.141 288582 537.198 1.06126 223661 20943.8 244605 43976.2
2.143 284642 533.518 1.11024 224619 21398.5 246019 38622.6
2.145 258506 508.435 1.16142 225567 21862.2 247431 11075.4
2.147 236403 486.212 1.21487 226504 22334.9 248840 -12437.8
2.149 236487 486.3 1.2707 227430 22816.8 250248 -13760.4
2.15 256266 506.227 1.29954 227888 23061.2 250951 5315.08
2.152 283084 532.057 1.35913 228796 23557.2 252355 30729.3
2.154 275997 525.355 1.42136 229693 24062.8 253757 22240.4
2.156 253552 503.539 1.48635 230577 24578.1 255157 -1604.91
2.158 242694 492.64 1.55421 231450 25103.4 256555 -13860.7
2.16 251440 501.438 1.62506 232310 25638.7 257950 -6510.55
2.162 260116 510.016 1.69903 233158 26184.3 259344 772.49
2.163 274858 524.269 1.73723 233577 26460.9 260040 14817.9
2.165 293636 541.882 1.81613 234406 27022.2 261430 32206
2.167 275360 524.748 1.89849 235222 27594.1 262818 12542.5
2.169 268718 518.38 1.98447 236025 28176.9 264204 4514.27
2.171 266427 516.166 2.0742 236815 28770.7 265588 839.181
2.173 282108 531.138 2.16785 237592 29375.7 266970 15137.8
2.175 289015 537.602 2.26558 238355 29992 268350 20665.9
2.177 258749 508.674 2.36757 239105 30620 269727 -10978.5
2.179 261013 510.895 2.47398 239841 31259.6 271103 -10090.1
2.181 267448 517.154 2.58502 240564 31911.3 272477 -5029.27
2.183 285788 534.591 2.70086 241272 32575 273850 11938.4
2.184 294368 542.557 2.76065 241621 32911.5 274535 19833.2
2.186 278522 527.752 2.88409 242308 33593.8 275905 2617.06
2.188 279853 529.011 3.01286 242981 34288.7 277273 2580.3
2.19 266431 516.17 3.14717 243639 34996.4 278639 -12207.4
2.192 265054 514.833 3.28725 244283 35717.1 280004 -14950.1
2.194 270084 519.696 3.43335 244912 36451 281367 -11282.7
2.196 298746 546.577 3.58572 245527 37198.4 282729 16017.6
2.198 304871 552.151 3.7446 246126 37959.4 284089 20781.5
2.2 274746 524.162 3.91027 246711 38734.2 285449 -10702.8
2.202 274259 523.697 4.08302 247280 39523 286807 -12548
2.204 283462 532.411 4.26311 247834 40326.2 288164 -4702.46
2.206 285686 534.496 4.45087 248373 41143.8 289521 -3834.25
2.208 307145 554.207 4.6466 248896 41976.1 290876 16268.9
2.21 353740 594.761 4.85062 249403 42823.3 292231 61508.9
2.212 331695 575.929 5.06327 249895 43685.6 293586 38108.8
2.214 314303 560.627 5.28491 250371 44563.4 294940 19362.7
2.216 305055 552.318 5.51589 250831 45456.7 296294 8761.02
2.218 286480 535.239 5.7566 251276 46365.9 297647 -11166.9
2.22 294416 542.601 6.00743 251704 47291.1 299001 -4584.78
2.222 333230 577.261 6.26879 252116 48232.7 300355 32875
2.224 324551 569.694 6.54109 252512 49190.8 301709 22841.8
2.226 319746 565.461 6.82478 252891 50165.7 303064 16682.1
2.228 311606 558.217 7.12032 253254 51157.6 304419 7187.1
2.23 297720 545.638 7.42818 253601 52166.8 305775 -8054.91
2.232 320771 566.367 7.74886 253931 53193.5 307133 13638.6
2.234 319696 565.417 8.08285 254245 54238 308491 11205.2
2.236 305601 552.812 8.4307 254542 55300.6 309851 -4249.87
2.238 301894 549.449 8.79296 254822 56381.4 311212 -9318.16
2.24 299602 547.359 9.17019 255086 57480.8 312576 -12974.1
2.242 303977 551.341 9.56299 255332 58599 313941 -9963.59
2.244 317110 563.125 9.97198 255562 59736.3 315309 1801.12
2.246 319770 565.482 10.3978 255775 60892.9 316679 3091.21
2.248 302000 549.545 10.8411 255971 62069.2 318051 -16051.4
2.25 286511 535.267 11.3025 256150 63265.3 319427 -32916.1
2.252 291667 540.062 11.7829 256312 64481.6 320806 -29139.1
2.254 317054 563.075 12.2829 256457 65718.4 322188 -5134.11
2.256 325083 570.161 12.8032 256585 66975.9 323574 1509.63
2.258 321137 566.689 13.3448 256696 68254.4 324964 -3826.73
2.26 319149 564.933 13.9084 256789 69554.1 326357 -7208.26
2.262 326323 571.247 14.4948 256866 70875.5 327756 -1432.63
2.265 312478 558.998 15.4193 256948 72898.7 329862 -17384.2
2.267 356614 597.172 16.0669 256982 74275.3 331273 25340.6
2.269 390106 624.585 16.7405 256998 75674.5 332689 57416.4
2.271 419381 647.596 17.4413 256997 77096.6 334111 85269.6
2.273 415450 644.554 18.1703 256979 78541.9 335539 79910.1
2.275 385461 620.855 18.9286 256944 80010.8 336974 48487.3
2.277 377675 614.553 19.7172 256892 81503.4 338415 39260.5
2.279 338458 581.771 20.5373 256822 83020.3 339863 -1404.86
2.281 330022 574.475 21.3902 256735 84561.5 341318 -11296.6
2.283 363594 602.987 22.277 256631 86127.5 342781 20812.5
2.286 399945 632.412 23.6739 256444 88523.7 344991 54953.9
2.288 378855 615.512 24.6515 256297 90153 346474 32380.3
2.29 411277 641.309 25.6678 256133 91808.2 347967 63309.7
2.292 397792 630.708 26.7243 255952 93489.6 349469 48323.6
2.294 368001 606.631 27.8224 255755 95197.5 350980 17021.4
2.296 352855 594.016 28.9639 255540 96932.3 352501 353.82
2.298 354126 595.085 30.1502 255309 98694.3 354033 93.2257
2.301 345517 587.807 32.0176 254930 101389 356351 -10833.6
2.303 338758 582.029 33.3237 254656 103220 357910 -19151.7
2.305 342910 585.585 34.6808 254366 105080 359481 -16570.6
2.307 349526 591.207 36.0908 254059 106969 361064 -11537.9
2.309 340059 583.146 37.5558 253735 108887 362659 -22599.9
2.311 374970 612.348 39.0777 253395 110834 364268 10701.9
2.313 379341 615.906 40.6587 253038 112810 365890 13451
2.316 376837 613.871 43.1457 252473 115832 368348 8488.88
2.318 361805 601.503 44.8841 252075 117885 370005 -8199.93
2.32 350543 592.067 46.6894 251662 119969 371677 -21134.1
2.322 349714 591.366 48.5643 251232 122084 373365 -23650.7
2.324 375459 612.747 50.5113 250786 124231 375068 391.188
2.327 395606 628.972 53.5725 250087 127512 377653 17953.1
2.329 394926 628.432 55.7112 249602 129740 379397 15529.2
2.331 389293 623.933 57.9317 249101 132001 381159 8133.6
2.333 402421 634.367 60.2367 248584 134295 382939 19482.3
2.335 405169 636.529 62.6294 248051 136623 384737 20432.5
2.338 440506 663.706 66.3899 247224 140179 387469 53036.4
2.34 417535 646.17 69.0159 246653 142593 389315 28220.3
2.342 403477 635.198 71.7412 246067 145042 391181 12295.4
2.344 415873 644.883 74.5693 245466 147527 393068 22805.7
2.347 436288 660.521 79.0124 244537 151322 395937 40350.9
2.349 461042 679.001 82.114 243899 153897 397877 63164.8
2.351 443451 665.921 85.3318 243246 156508 399840 43611.4
2.353 401759 633.845 88.67 242579 159157 401825 -65.8383
2.356 358410 598.673 93.9125 241551 163202 404847 -46437.2
2.358 394001 627.695 97.5707 240849 165945 406892 -12891.1
2.36 429900 655.667 101.365 240132 168728 408961 20938.8
2.362 401835 633.905 105.3 239401 171549 411056 -9220.44
2.365 386686 621.841 111.477 238280 175855 414246 -27559.9
2.367 408576 639.2 115.786 237515 178776 416406 -7830.02
2.369 406348 637.454 120.254 236737 181737 418594 -12245.7
2.372 394436 628.041 127.266 235545 186255 421927 -27490.6
2.374 443419 665.897 132.155 234734 189318 424184 19234.7
2.376 444281 666.544 137.223 233910 192424 426471 17810
2.378 456994 676.014 142.477 233073 195571 428787 28207.3
2.381 458981 677.481 150.719 231795 200373 432319 26662.3
2.383 440880 663.988 156.464 230928 203627 434712 6168.72
2.385 485991 697.131 162.418 230048 206926 437136 48854.9
2.388 483258 695.167 171.756 228706 211956 440834 42423.8
2.39 437781 661.65 178.263 227797 215365 443340 -5559.4
2.392 439244 662.755 185.005 226876 218820 445881 -6636.86
2.395 465760 682.466 195.575 225473 224087 449755 16004.2
2.397 453715 673.584 202.938 224524 227655 452382 1332.42
2.399 467261 683.565 210.566 223564 231271 455045 12215.2
2.402 503270 709.415 222.521 222104 236782 459108 44161.6
2.404 519052 720.453 230.848 221117 240515 461863 57189
2.407 500804 707.675 243.896 219618 246205 466067 34737.2
2.409 491953 701.394 252.981 218606 250059 468917 23035.6
2.411 461861 679.603 262.388 217584 253962 471808 -9946.74
2.414 496672 704.749 277.126 216032 259909 476218 20453.6
2.416 539228 734.322 287.384 214986 263936 479209 60019.1
2.418 554466 744.624 298.004 213931 268013 482242 72223.4
2.421 563343 750.562 314.635 212331 274225 486871 76472.9
2.423 530266 728.194 326.209 211254 278430 490010 40256.6
2.426 515160 717.747 344.332 209621 284835 494801 20359.2
2.428 515559 718.024 356.941 208523 289171 498051 17508.2
2.43 529474 727.649 369.987 207416 293560 501345 28128.2
2.433 584922 764.802 390.41 205741 300242 506374 78548
2.435 560429 748.618 404.616 204615 304765 509784 50645.2
2.438 550202 741.756 426.847 202911 311651 514989 35213.6
2.44 563177 750.451 442.307 201767 316309 518518 44658.5
2.443 604901 777.754 466.497 200037 323402 523905 80995.8
2.445 599811 774.475 483.315 198875 328200 527558 72252.5
2.447 594955 771.333 500.707 197707 333054 531262 63692.9
2.45 545359 738.484 527.913 195943 340442 536913 8445.76
2.452 549767 741.462 546.822 194760 345438 540745 9021.53
2.455 525037 724.595 576.395 192974 353041 546592 -21554.6
2.457 534537 731.12 596.945 191777 358183 550556 -16019.7
2.46 587723 766.631 629.076 189970 366005 556605 31118.1
2.462 593337 770.283 651.399 188760 371294 560705 32631.4
2.465 556120 745.735 686.296 186935 379339 566960 -10839.9
2.467 589677 767.904 710.536 185713 384777 571201 18476.3
2.47 639258 799.536 748.42 183871 393049 577669 61589.6
2.472 676932 822.759 774.73 182639 398639 582052 94879.7
2.475 644581 802.858 815.841 180782 407140 588738 55842.5
2.477 607308 779.3 844.385 179540 412885 593269 14038.9
2.48 578221 760.408 888.977 177671 421619 600179 -21957.7
2.482 586677 765.948 919.932 176421 427520 604860 -18183.7
2.485 601586 775.62 968.28 174540 436490 611998 -10412.3
2.487 611398 781.919 1001.84 173283 442550 616835 -5436.63
2.49 694147 833.155 1054.23 171393 451760 624207 69940
2.492 660531 812.731 1090.59 170130 457980 629201 31330.3
2.495 616794 785.363 1147.36 168232 467433 636812 -20017.7
2.498 648827 805.498 1206.9 166330 477033 644569 4257.37
2.5 701691 837.67 1248.21 165060 483515 649823 51868.4
2.503 719570 848.275 1312.67 163153 493362 657828 61742.4
2.505 771100 878.123 1357.37 161880 500010 663248 107852
2.508 804946 897.188 1427.13 159970 510108 671505 133442
2.51 675560 821.925 1475.49 158696 516923 677095 -1534.47
2.513 639005 799.378 1550.94 156783 527274 685609 -46603.5
2.516 746606 864.064 1630.02 154871 537778 694279 52327.1
2.518 798052 893.338 1684.83 153596 544866 700147 97905.2
2.521 763482 873.775 1770.3 151685 555627 709082 54400.2
2.523 741674 861.205 1829.53 150411 562888 715128 26545.8
2.526 661488 813.319 1921.88 148502 573908 724332 -62844
2.529 583807 764.072 2018.6 146594 585086 733699 -149893
2.531 502393 708.797 2085.6 145325 592625 740036 -237643
2.534 584632 764.613 2190.04 143422 604066 749679 -165046
2.537 603607 776.921 2299.37 141524 615666 759489 -155882
2.539 623577 789.669 2375.08 140260 623488 766123 -142546
2.542 869605 932.526 2493.04 138369 635354 776216 93389.5
2.544 1.21811e+006 1103.68 2574.72 137110 643354 783039 435076
2.547 1.28697e+006 1134.45 2701.94 135227 655488 793418 493556
2.55 1.1531e+006 1073.82 2835.05 133350 667784 803969 349128
2.552 969359 984.56 2927.18 132102 676071 811101 158258
2.555 894061 945.548 3070.64 130236 688638 821944 72116.3
2.558 878993 937.546 3220.67 128376 701367 832964 46028.3
2.561 933211 966.028 3377.53 126524 714260 844162 89048.4
2.563 994277 997.134 3486.05 125294 722947 851727 142550
2.566 840234 916.643 3654.97 123456 736113 863223 -22989.4
2.569 827712 909.787 3831.51 121626 749443 874901 -47189.1
2.571 1.02501e+006 1012.43 3953.6 120411 758422 882786 142228
2.574 1.12227e+006 1059.37 4143.57 118597 772027 894767 227501
2.577 870172 932.83 4342.04 116792 785797 906931 -36758.6
2.58 957609 978.575 4549.36 114997 799732 919279 38330
2.582 1.00208e+006 1001.04 4692.66 113807 809114 927613 74464.2
2.585 920591 959.475 4915.54 112030 823324 940270 -19678.4
2.588 810964 900.535 5148.25 110265 837700 953113 -142149
2.591 809537 899.743 5391.2 108510 852241 966142 -156605
2.593 778169 882.139 5559.06 107348 862026 974933 -196764
2.596 893066 945.022 5820 105613 876842 988276 -95209.9
2.599 1.00835e+006 1004.17 6092.3 103892 891824 1.00181e+006 6540.13
2.602 1.22349e+006 1106.11 6376.42 102182 906969 1.01553e+006 207959
2.604 1.36058e+006 1166.44 6572.62 101050 917158 1.02478e+006 335802
2.607 1.10116e+006 1049.36 6877.49 99362.9 932577 1.03882e+006 62343.7
2.61 1.07967e+006 1039.07 7195.45 97689 948161 1.05304e+006 26626.4
2.613 1.12755e+006 1061.86 7527.02 96028.9 963907 1.06746e+006 60089.9
2.616 1.18677e+006 1089.39 7872.73 94382.8 979817 1.08207e+006 104696
2.618 1.30243e+006 1141.24 8111.33 93293.3 990513 1.09192e+006 210515
2.621 1.26893e+006 1126.47 8481.84 91671 1.00669e+006 1.10685e+006 162080
2.624 1.18428e+006 1088.25 8867.99 90063.4 1.02303e+006 1.12197e+006 62317
2.627 1.27546e+006 1129.36 9270.37 88470.7 1.03954e+006 1.13728e+006 138183
2.63 1.12854e+006 1062.33 9689.61 86893.1 1.0562e+006 1.15278e+006 -24237.3
2.633 902660 950.084 10126.4 85330.8 1.07302e+006 1.16848e+006 -265816
2.636 1.06415e+006 1031.58 10581.2 83783.9 1.09e+006 1.18436e+006 -120209
2.638 1.12859e+006 1062.35 10894.9 82761.4 1.1014e+006 1.19506e+006 -66467.2
2.641 981654 990.785 11381.6 81240.7 1.11865e+006 1.21127e+006 -229613
2.644 995890 997.943 11888.3 79736 1.13604e+006 1.22767e+006 -231775
2.647 1.38747e+006 1177.91 12415.7 78247.4 1.15359e+006 1.24425e+006 143220
2.65 1.09148e+006 1044.74 12964.7 76775 1.1713e+006 1.26103e+006 -169558
2.653 1.08098e+006 1039.7 13536 75318.9 1.18915e+006 1.27801e+006 -197025
2.656 1.17573e+006 1084.31 14130.4 73879.4 1.20716e+006 1.29517e+006 -119442
2.659 1.35339e+006 1163.35 14748.8 72456.5 1.22531e+006 1.31252e+006 40869.6
2.662 1.48593e+006 1218.99 15392.1 71050.3 1.24362e+006 1.33006e+006 155869
2.664 1.41889e+006 1191.17 15835.1 70122.1 1.2559e+006 1.34186e+006 77032.5
2.667 1.37188e+006 1171.27 16521.8 68743.9 1.27445e+006 1.35971e+006 12171.8
2.67 1.29756e+006 1139.11 17235.7 67382.7 1.29314e+006 1.37776e+006 -80193.2
2.673 1.42785e+006 1194.93 17977.8 66038.5 1.31197e+006 1.39599e+006 31861.1
2.676 1.49831e+006 1224.06 18749.2 64711.4 1.33094e+006 1.4144e+006 83908.1
2.679 1.40032e+006 1183.35 19550.9 63401.4 1.35005e+006 1.43301e+006 -32683.6
2.682 1.22706e+006 1107.73 20383.9 62108.5 1.3693e+006 1.4518e+006 -224740
2.685 1.08359e+006 1040.96 21249.3 60832.9 1.38869e+006 1.47077e+006 -387178
2.688 1.38511e+006 1176.91 22148.3 59574.5 1.4082e+006 1.48992e+006 -104816
2.691 1.65398e+006 1286.07 23081.9 58333.3 1.42785e+006 1.50926e+006 144714
2.694 1.55313e+006 1246.25 24051.4 57109.4 1.44762e+006 1.52878e+006 24347.1
2.697 1.12091e+006 1058.73 25058.1 55902.8 1.46752e+006 1.54848e+006 -427576
2.7 1.22852e+006 1108.38 26103 54713.4 1.48755e+006 1.56836e+006 -339846
2.703 1.20167e+006 1096.2 27187.6 53541.3 1.50769e+006 1.58842e+006 -386755
2.706 1.39465e+006 1180.95 28313.2 52386.4 1.52796e+006 1.60866e+006 -214001
2.709 1.51159e+006 1229.47 29481.2 51248.7 1.54834e+006 1.62907e+006 -117478
2.712 1.36336e+006 1167.63 30692.8 50128.1 1.56883e+006 1.64965e+006 -286298
2.715 1.78479e+006 1335.96 31949.7 49024.7 1.58944e+006 1.67041e+006 114379
2.718 1.85237e+006 1361.02 33253.2 47938.4 1.61016e+006 1.69135e+006 161021
2.721 1.64047e+006 1280.81 34604.9 46869 1.63098e+006 1.71245e+006 -71980.9
2.724 1.56148e+006 1249.59 36006.3 45816.7 1.6519e+006 1.73372e+006 -172247
2.727 1.52731e+006 1235.84 37459 44781.2 1.67292e+006 1.75516e+006 -227854
2.731 1.37383e+006 1172.11 39478.7 43426.7 1.70111e+006 1.78401e+006 -410178
2.734 1.39606e+006 1181.55 41057.7 42430.3 1.72235e+006 1.80584e+006 -409782
2.737 1.71985e+006 1311.43 42693.7 41450.5 1.74369e+006 1.82783e+006 -107986
2.74 1.75056e+006 1323.09 44388.4 40487.3 1.76511e+006 1.84999e+006 -99425.7
2.743 1.85346e+006 1361.42 46143.7 39540.5 1.78662e+006 1.8723e+006 -18838.7
2.746 2.04219e+006 1429.05 47961.6 38610 1.8082e+006 1.89477e+006 147412
2.749 1.7469e+006 1321.71 49843.8 37695.8 1.82987e+006 1.91741e+006 -170501
2.752 1.99652e+006 1412.98 51792.4 36797.6 1.8516e+006 1.94019e+006 56325
2.755 1.76613e+006 1328.96 53809.3 35915.5 1.87341e+006 1.96313e+006 -197000
2.759 1.73428e+006 1316.92 56608.6 34764 1.90258e+006 1.99395e+006 -259671
2.762 1.72364e+006 1312.88 58793.3 33918.6 1.92454e+006 2.01725e+006 -293605
2.765 1.74322e+006 1320.31 61053.5 33088.9 1.94655e+006 2.04069e+006 -297469
2.768 1.60698e+006 1267.67 63391.4 32274.6 1.96861e+006 2.06428e+006 -457301
2.771 1.57978e+006 1256.89 65809.3 31475.6 1.99073e+006 2.08801e+006 -508236
2.774 1.89423e+006 1376.31 68309.5 30691.8 2.01289e+006 2.11189e+006 -217656
2.778 2.38514e+006 1544.39 71775.4 29670 2.0425e+006 2.14394e+006 241196
2.781 2.2311e+006 1493.69 74477.2 28921 2.06475e+006 2.16815e+006 62952.6
2.784 1.96986e+006 1403.52 77269.5 28186.6 2.08703e+006 2.19249e+006 -222627
2.787 2.1314e+006 1459.93 80154.9 27466.7 2.10935e+006 2.21697e+006 -85572.6
2.79 2.35981e+006 1536.17 83136 26761.3 2.13168e+006 2.24158e+006 118232
2.794 2.32725e+006 1525.53 87264.3 25842.6 2.16149e+006 2.2746e+006 52646.9
2.797 2.08497e+006 1443.94 90479.3 25170 2.18387e+006 2.29952e+006 -214546
2.8 2.69889e+006 1642.83 93799.2 24511.2 2.20626e+006 2.32457e+006 374324
2.803 2.77523e+006 1665.9 97226.8 23866.1 2.22865e+006 2.34974e+006 425489
2.807 2.32992e+006 1526.41 101970 23026.8 2.2585e+006 2.3835e+006 -53573.8
2.81 2.28606e+006 1511.97 105660 22412.8 2.28088e+006 2.40896e+006 -122896
2.813 2.78696e+006 1669.42 109468 21812 2.30326e+006 2.43454e+006 352423
2.816 2.71692e+006 1648.31 113397 21224 2.32562e+006 2.46024e+006 256683
2.82 2.41888e+006 1555.28 118830 20459.9 2.3554e+006 2.49469e+006 -75811.6
2.823 2.25828e+006 1502.76 123053 19901.4 2.37771e+006 2.52067e+006 -262384
2.826 2.52936e+006 1590.4 127409 19355.2 2.39999e+006 2.54675e+006 -17389.4
2.83 3.17921e+006 1783.03 133426 18645.8 2.42964e+006 2.58171e+006 597495
2.833 2.50043e+006 1581.27 138102 18127.8 2.45183e+006 2.60806e+006 -107626
2.836 2.21743e+006 1489.1 142921 17621.4 2.47397e+006 2.63451e+006 -417082
2.84 2.3196e+006 1523.02 149575 16964.3 2.50341e+006 2.66995e+006 -350348
2.843 2.39431e+006 1547.36 154742 16484.6 2.52543e+006 2.69665e+006 -302342
2.846 2.44401e+006 1563.33 160065 16016.1 2.54738e+006 2.72346e+006 -279447
2.85 2.62192e+006 1619.23 167409 15408.5 2.57654e+006 2.75936e+006 -137443
2.853 3.05346e+006 1747.42 173109 14965.4 2.59833e+006 2.7864e+006 267062
2.856 2.69814e+006 1642.6 178977 14532.8 2.62004e+006 2.81355e+006 -115410
2.86 2.12775e+006 1458.68 187069 13972.1 2.64885e+006 2.84989e+006 -722142
2.863 2.38598e+006 1544.66 193345 13563.5 2.67035e+006 2.87726e+006 -491274
2.867 3.59385e+006 1895.74 201996 13034.1 2.69887e+006 2.9139e+006 679951
2.87 4.0821e+006 2020.42 208702 12648.4 2.72014e+006 2.94149e+006 1.14061e+006
2.874 3.6714e+006 1916.09 217942 12149 2.74832e+006 2.97842e+006 692984
2.877 3.8036e+006 1950.28 225101 11785.4 2.76933e+006 3.00622e+006 797379
2.88 3.3881e+006 1840.68 232462 11431 2.79022e+006 3.03411e+006 353985
2.884 2.92407e+006 1709.99 242598 10972.3 2.81788e+006 3.07145e+006 -147374
2.887 3.36716e+006 1834.98 250447 10638.6 2.83846e+006 3.09955e+006 267612
2.891 3.28625e+006 1812.8 261249 10207 2.8657e+006 3.13716e+006 149096
2.894 2.50185e+006 1581.72 269610 9893.03 2.88596e+006 3.16546e+006 -663611
2.898 2.63589e+006 1623.54 281113 9487.2 2.91274e+006 3.20334e+006 -567444
2.901 3.28549e+006 1812.59 290012 9192.18 2.93264e+006 3.23185e+006 53640.2
2.905 2.57659e+006 1605.18 302249 8810.98 2.95893e+006 3.26999e+006 -693397
2.908 2.57716e+006 1605.35 311711 8533.99 2.97845e+006 3.29869e+006 -721535
2.912 3.03627e+006 1742.49 324718 8176.25 3.0042e+006 3.3371e+006 -300828
2.915 3.20398e+006 1789.97 334771 7916.43 3.02331e+006 3.366e+006 -162015
2.919 3.37851e+006 1838.07 348583 7581.03 3.0485e+006 3.40466e+006 -26156.8
2.922 3.35875e+006 1832.69 359253 7337.54 3.06717e+006 3.43376e+006 -75006.4
2.926 2.92152e+006 1709.25 373907 7023.38 3.09176e+006 3.47269e+006 -551164
2.929 3.49046e+006 1868.28 385223 6795.42 3.10996e+006 3.50198e+006 -11516.5
2.933 3.21245e+006 1792.33 400755 6501.42 3.13391e+006 3.54116e+006 -328715
2.937 3.60819e+006 1899.52 416806 6218.48 3.15747e+006 3.5805e+006 27691.2
2.94 4.12898e+006 2031.99 429193 6013.32 3.17489e+006 3.6101e+006 518877
2.944 3.38974e+006 1841.12 446183 5748.93 3.19777e+006 3.6497e+006 -259961
2.947 3.66625e+006 1914.75 459287 5557.31 3.21465e+006 3.6795e+006 -13250
2.951 3.31134e+006 1819.71 477253 5310.48 3.2368e+006 3.71936e+006 -408022
2.955 2.86306e+006 1692.06 495795 5073.25 3.25852e+006 3.75939e+006 -896327
2.958 3.10719e+006 1762.72 510086 4901.45 3.27452e+006 3.7895e+006 -682312
2.962 4.05699e+006 2014.2 529664 4680.3 3.29545e+006 3.8298e+006 227192
2.965 3.77183e+006 1942.12 544748 4520.22 3.31086e+006 3.86012e+006 -88298.1
2.969 3.32714e+006 1824.04 565402 4314.25 3.33098e+006 3.9007e+006 -573561
2.973 2.96024e+006 1720.53 586689 4116.57 3.35063e+006 3.94144e+006 -981198
2.977 2.991e+006 1729.45 608620 3926.89 3.3698e+006 3.98234e+006 -991339
2.98 3.49944e+006 1870.68 625500 3789.73 3.38384e+006 4.01313e+006 -513696
2.984 3.93489e+006 1983.66 648590 3613.42 3.40213e+006 4.05433e+006 -119439
2.988 3.62465e+006 1903.85 672360 3444.39 3.4199e+006 4.09571e+006 -471056
2.991 3.55051e+006 1884.28 690641 3322.24 3.43289e+006 4.12686e+006 -576345
2.995 4.26227e+006 2064.53 715630 3165.35 3.44975e+006 4.16854e+006 93726.1
2.999 4.75255e+006 2180.04 741332 3015.06 3.46607e+006 4.21041e+006 542142
3.003 5.38781e+006 2321.17 767760 2871.14 3.48184e+006 4.25247e+006 1.13534e+006
3.006 4.28028e+006 2068.88 788065 2767.24 3.4933e+006 4.28413e+006 -3858.71
3.01 4.08413e+006 2020.92 815792 2633.91 3.5081e+006 4.32652e+006 -242393
3.014 4.06546e+006 2016.3 844277 2506.34 3.52233e+006 4.36911e+006 -303649
3.018 4.12089e+006 2030 873532 2384.31 3.53598e+006 4.4119e+006 -291005
3.021 4.159e+006 2039.36 895986 2296.29 3.54584e+006 4.44412e+006 -285123
3.025 4.18661e+006 2046.12 926616 2183.47 3.55847e+006 4.48727e+006 -300666
3.029 4.2907e+006 2071.4 958047 2075.63 3.57051e+006 4.53063e+006 -239935
3.033 4.22344e+006 2055.1 990289 1972.58 3.58195e+006 4.57421e+006 -350773
3.037 4.6962e+006 2167.07 1.02335e+006 1874.16 3.59278e+006 4.61801e+006 78196.9
3.041 4.80757e+006 2192.62 1.05725e+006 1780.16 3.603e+006 4.66203e+006 145548
3.044 4.99819e+006 2235.66 1.08322e+006 1712.47 3.61026e+006 4.69519e+006 303001
3.048 5.66756e+006 2380.66 1.1186e+006 1625.83 3.61939e+006 4.73962e+006 927940
3.052 5.66321e+006 2379.75 1.15483e+006 1543.15 3.6279e+006 4.78428e+006 878931
3.056 5.56325e+006 2358.66 1.19193e+006 1464.29 3.63578e+006 4.82918e+006 734077
3.06 5.25994e+006 2293.46 1.22991e+006 1389.09 3.64302e+006 4.87432e+006 385618
3.064 4.55232e+006 2133.62 1.26877e+006 1317.39 3.64963e+006 4.91972e+006 -367401
3.068 5.18207e+006 2276.42 1.30852e+006 1249.06 3.65559e+006 4.96536e+006 216709
3.072 4.59272e+006 2143.06 1.34917e+006 1183.96 3.66091e+006 5.01127e+006 -418549
3.076 4.03731e+006 2009.31 1.39073e+006 1121.95 3.66558e+006 5.05743e+006 -1.02012e+006
3.079 4.23213e+006 2057.21 1.42249e+006 1077.4 3.66865e+006 5.09223e+006 -860093
3.083 4.7096e+006 2170.16 1.46565e+006 1020.49 3.67218e+006 5.13885e+006 -429254
3.087 4.32275e+006 2079.12 1.50972e+006 966.335 3.67506e+006 5.18575e+006 -863005
3.091 4.59582e+006 2143.79 1.55472e+006 914.806 3.67728e+006 5.23292e+006 -637102
3.095 4.69392e+006 2166.55 1.60065e+006 865.793 3.67884e+006 5.28036e+006 -586439
3.099 5.31137e+006 2304.64 1.64752e+006 819.187 3.67975e+006 5.32809e+006 -16711.8
3.103 6.52553e+006 2554.51 1.69532e+006 774.882 3.67999e+006 5.37609e+006 1.14944e+006
3.107 6.30048e+006 2510.08 1.74406e+006 732.778 3.67958e+006 5.42437e+006 876111
3.111 5.76614e+006 2401.28 1.79373e+006 692.775 3.67851e+006 5.47294e+006 293198
3.115 6.13194e+006 2476.27 1.84435e+006 654.781 3.67679e+006 5.52179e+006 610143
3.12 6.61083e+006 2571.15 1.90895e+006 609.976 3.6737e+006 5.58326e+006 1.02757e+006
3.124 6.78677e+006 2605.14 1.96168e+006 576.176 3.6705e+006 5.63276e+006 1.15401e+006
3.128 6.32826e+006 2515.6 2.01536e+006 544.104 3.66665e+006 5.68255e+006 645709
3.132 6.22067e+006 2494.13 2.06997e+006 513.679 3.66214e+006 5.73262e+006 488049
3.136 6.05599e+006 2460.89 2.12551e+006 484.826 3.65698e+006 5.78297e+006 273013
3.14 6.49341e+006 2548.22 2.18198e+006 457.471 3.65118e+006 5.83362e+006 659795
3.144 6.26552e+006 2503.1 2.23938e+006 431.543 3.64473e+006 5.88454e+006 380974
3.148 5.5625e+006 2358.5 2.29769e+006 406.977 3.63765e+006 5.93575e+006 -373247
3.152 7.08843e+006 2662.41 2.35692e+006 383.706 3.62993e+006 5.98723e+006 1.1012e+006
3.156 7.7446e+006 2782.91 2.41705e+006 361.669 3.62158e+006 6.03899e+006 1.70561e+006
3.161 7.05626e+006 2656.36 2.49348e+006 335.768 3.61026e+006 6.10407e+006 952189
3.165 6.33952e+006 2517.84 2.55561e+006 316.293 3.6005e+006 6.15643e+006 183086
3.169 6.10673e+006 2471.18 2.61863e+006 297.869 3.59013e+006 6.20905e+006 -102320
3.173 5.72387e+006 2392.46 2.6825e+006 280.443 3.57914e+006 6.26193e+006 -538055
3.177 6.62412e+006 2573.74 2.74723e+006 263.965 3.56756e+006 6.31505e+006 309064
3.182 6.70003e+006 2588.44 2.82932e+006 244.631 3.55223e+006 6.38179e+006 318235
3.186 6.93342e+006 2633.14 2.89591e+006 230.119 3.53931e+006 6.43545e+006 497972
3.19 7.04398e+006 2654.05 2.96331e+006 216.41 3.5258e+006 6.48933e+006 554654
3.194 6.84928e+006 2617.11 3.0315e+006 203.463 3.51171e+006 6.54342e+006 305863
3.199 7.16591e+006 2676.92 3.11782e+006 188.293 3.4933e+006 6.61131e+006 554594
3.203 6.86376e+006 2619.88 3.18772e+006 176.921 3.47795e+006 6.66584e+006 197915
3.207 6.72881e+006 2593.99 3.25835e+006 166.193 3.46204e+006 6.72055e+006 8254.07
3.211 7.00786e+006 2647.24 3.32969e+006 156.072 3.44558e+006 6.77543e+006 232435
3.216 8.18052e+006 2860.16 3.41982e+006 144.23 3.42427e+006 6.84424e+006 1.33629e+006
3.22 8.13103e+006 2851.5 3.49268e+006 135.366 3.40662e+006 6.89943e+006 1.2316e+006
3.224 6.38744e+006 2527.34 3.56616e+006 127.012 3.38846e+006 6.95475e+006 -567312
3.229 6.29064e+006 2508.11 3.65887e+006 117.248 3.36505e+006 7.02404e+006 -733407
3.233 7.09494e+006 2663.63 3.7337e+006 109.946 3.34577e+006 7.07957e+006 15368
3.238 7.9074e+006 2812.01 3.828e+006 101.417 3.32098e+006 7.14908e+006 758322
3.242 7.88476e+006 2807.98 3.90402e+006 95.044 3.30062e+006 7.20473e+006 680027
3.246 8.97283e+006 2995.47 3.98052e+006 89.0477 3.27979e+006 7.26041e+006 1.71242e+006
3.251 7.37905e+006 2716.44 4.0768e+006 82.0505 3.25313e+006 7.33001e+006 49042
3.255 9.71176e+006 3116.37 4.15428e+006 76.8277 3.2313e+006 7.38567e+006 2.32609e+006
3.26 1.4573e+007 3817.45 4.25168e+006 70.7375 3.20342e+006 7.45518e+006 7.11778e+006
3.264 1.02579e+007 3202.8 4.32999e+006 66.1949 3.18065e+006 7.51071e+006 2.7472e+006
3.268 8.04714e+006 2836.75 4.40861e+006 61.9275 3.15747e+006 7.56614e+006 481002
3.273 6.92388e+006 2631.33 4.50726e+006 56.9565 3.12796e+006 7.63527e+006 -711392
3.277 7.18547e+006 2680.57 4.58644e+006 53.2525 3.10391e+006 7.6904e+006 -504934
3.282 7.03878e+006 2653.07 4.68568e+006 48.941 3.07335e+006 7.75907e+006 -720293
3.286 7.19188e+006 2681.77 4.76523e+006 45.7308 3.0485e+006 7.81378e+006 -621897
3.291 7.72521e+006 2779.43 4.86482e+006 41.9967 3.01696e+006 7.88182e+006 -156613
3.295 7.87689e+006 2806.58 4.94456e+006 39.2183 2.99136e+006 7.93596e+006 -59068.9
3.3 9.25548e+006 3042.28 5.04424e+006 35.9889 2.95893e+006 8.00321e+006 1.25228e+006
3.305 1.02145e+007 3196.02 5.14387e+006 33.0115 2.92602e+006 8.06993e+006 2.1446e+006
3.309 9.85079e+006 3138.6 5.22348e+006 30.7988 2.89938e+006 8.12289e+006 1.72789e+006
3.314 9.18647e+006 3030.92 5.3228e+006 28.2296 2.8657e+006 8.18853e+006 997944
3.318 1.02954e+007 3208.64 5.40205e+006 26.3215 2.83846e+006 8.24054e+006 2.05485e+006
3.323 9.94205e+006 3153.1 5.50078e+006 24.1076 2.80408e+006 8.30489e+006 1.63717e+006
3.328 1.00175e+007 3165.04 5.59907e+006 22.0707 2.76933e+006 8.36843e+006 1.64902e+006
3.332 1.15035e+007 3391.68 5.67733e+006 20.5596 2.7413e+006 8.41864e+006 3.08487e+006
3.337 1.09114e+007 3303.24 5.77459e+006 18.8083 2.70597e+006 8.48058e+006 2.4308e+006
3.342 8.22968e+006 2868.74 5.87116e+006 17.1991 2.67035e+006 8.54153e+006 -311846
3.346 8.40714e+006 2899.51 5.94786e+006 16.0065 2.64166e+006 8.58954e+006 -182398
3.351 9.25429e+006 3042.09 6.04296e+006 14.6259 2.60557e+006 8.64855e+006 605741
3.356 8.73749e+006 2955.92 6.13711e+006 13.3589 2.56926e+006 8.70639e+006 31095.1
3.36 7.83069e+006 2798.34 6.2117e+006 12.421 2.54007e+006 8.75178e+006 -921085
3.365 7.85398e+006 2802.49 6.30392e+006 11.3364 2.50341e+006 8.80734e+006 -953363
3.37 9.45105e+006 3074.26 6.39494e+006 10.3421 2.46659e+006 8.86154e+006 589511
3.375 9.97038e+006 3157.59 6.48467e+006 9.43117 2.42964e+006 8.91431e+006 1.05607e+006
3.379 8.9357e+006 2989.26 6.55546e+006 8.75789 2.39999e+006 8.95546e+006 -19758.2
3.384 8.97085e+006 2995.14 6.64263e+006 7.98046 2.36284e+006 9.00548e+006 -34635.8
3.389 8.95425e+006 2992.36 6.72826e+006 7.269 2.32562e+006 9.05389e+006 -99644
3.394 8.77679e+006 2962.56 6.81226e+006 6.6182 2.28834e+006 9.10061e+006 -323822
3.399 9.65807e+006 3107.74 6.89454e+006 6.02315 2.25104e+006 9.14558e+006 512495
3.403 9.72219e+006 3118.04 6.95906e+006 5.58419 2.22118e+006 9.18025e+006 541944
3.408 9.98232e+006 3159.48 7.03801e+006 5.07828 2.18387e+006 9.22189e+006 760430
3.413 1.11043e+007 3332.31 7.11501e+006 4.61628 2.14658e+006 9.2616e+006 1.84267e+006
3.418 1.0766e+007 3281.15 7.18995e+006 4.19455 2.10935e+006 9.2993e+006 1.46665e+006
3.423 9.75348e+006 3123.06 7.26277e+006 3.80976 2.07217e+006 9.33495e+006 418528
3.428 8.93589e+006 2989.3 7.33338e+006 3.45882 2.03509e+006 9.36847e+006 -432576
3.433 9.41438e+006 3068.29 7.4017e+006 3.1389 1.99811e+006 9.39981e+006 14568.4
3.438 1.0574e+007 3251.77 7.46765e+006 2.84737 1.96125e+006 9.42891e+006 1.14513e+006
3.443 9.24295e+006 3040.22 7.53117e+006 2.58184 1.92454e+006 9.45571e+006 -212761
3.448 8.5058e+006 2916.47 7.59217e+006 2.3401 1.88798e+006 9.48016e+006 -974354
3.453 7.74305e+006 2782.63 7.6506e+006 2.1201 1.8516e+006 9.5022e+006 -1.75915e+006
3.458 8.66248e+006 2943.21 7.70638e+006 1.91998 1.81542e+006 9.52179e+006 -859312
3.463 1.13019e+007 3361.83 7.75944e+006 1.73803 1.77944e+006 9.53888e+006 1.763e+006
3.468 1.10788e+007 3328.49 7.80973e+006 1.57266 1.74369e+006 9.55342e+006 1.5254e+006
3.473 1.01139e+007 3180.24 7.8572e+006 1.42243 1.70818e+006 9.56538e+006 548533
3.478 8.48104e+006 2912.22 7.90177e+006 1.28601 1.67292e+006 9.5747e+006 -1.09366e+006
3.483 8.92488e+006 2987.45 7.94341e+006 1.16219 1.63794e+006 9.58135e+006 -656470
3.488 9.70161e+006 3114.74 7.98205e+006 1.04986 1.60324e+006 9.58529e+006 116322
3.493 9.08776e+006 3014.59 8.01767e+006 0.947981 1.56883e+006 9.5865e+006 -498737
3.498 1.00367e+007 3168.08 8.0502e+006 0.855634 1.53474e+006 9.58494e+006 451788
3.503 1.00657e+007 3172.65 8.07962e+006 0.771959 1.50096e+006 9.58059e+006 485102
3.508 9.18592e+006 3030.83 8.1059e+006 0.696177 1.46752e+006 9.57342e+006 -387500
3.514 9.4652e+006 3076.56 8.13322e+006 0.614653 1.42785e+006 9.56107e+006 -95867.8
3.519 1.07728e+007 3282.19 8.15246e+006 0.553803 1.39518e+006 9.54764e+006 1.22513e+006
3.524 1.07453e+007 3278 8.16846e+006 0.498769 1.36287e+006 9.53133e+006 1.21396e+006
3.529 8.90605e+006 2984.3 8.1812e+006 0.449016 1.33094e+006 9.51215e+006 -606095
3.534 7.65163e+006 2766.16 8.19067e+006 0.404057 1.2994e+006 9.49007e+006 -1.83845e+006
3.54 7.99813e+006 2828.1 8.19771e+006 0.355811 1.26207e+006 9.45977e+006 -1.46165e+006
3.545 9.00818e+006 3001.36 8.19995e+006 0.31989 1.2314e+006 9.43134e+006 -423163
3.55 8.51088e+006 2917.34 8.19889e+006 0.287475 1.20114e+006 9.40003e+006 -889147
3.556 7.93905e+006 2817.63 8.19328e+006 0.252744 1.16538e+006 9.35866e+006 -1.41961e+006
3.561 9.83443e+006 3135.99 8.18499e+006 0.226924 1.13604e+006 9.32103e+006 513397
3.566 1.01832e+007 3191.11 8.17342e+006 0.203657 1.10713e+006 9.28056e+006 902646
3.572 9.05279e+006 3008.79 8.15524e+006 0.178765 1.07302e+006 9.22826e+006 -175464
3.577 8.48795e+006 2913.41 8.13652e+006 0.160288 1.04507e+006 9.18159e+006 -693639
3.582 8.53114e+006 2920.81 8.11458e+006 0.143661 1.01757e+006 9.13215e+006 -601008
3.588 1.00185e+007 3165.2 8.08404e+006 0.125899 985156 9.0692e+006 949270
3.593 8.92719e+006 2987.84 8.05512e+006 0.112736 958640 9.01376e+006 -86573.5
3.599 8.28394e+006 2878.18 8.0163e+006 0.0986886 927419 8.94372e+006 -659777
3.604 8.79645e+006 2965.88 7.98056e+006 0.0882888 901902 8.88247e+006 -86020.3
3.609 8.74762e+006 2957.64 7.9418e+006 0.0789518 876842 8.81864e+006 -71024.3
3.615 6.77631e+006 2603.13 7.89134e+006 0.0690034 847375 8.73871e+006 -1.9624e+006
3.62 6.856e+006 2618.4 7.84607e+006 0.0616493 823324 8.66939e+006 -1.81339e+006
3.626 7.50983e+006 2740.41 7.78795e+006 0.0538217 795068 8.58302e+006 -1.07319e+006
3.631 8.44426e+006 2905.9 7.73643e+006 0.0480413 772027 8.50846e+006 -64201.3
3.637 9.48193e+006 3079.27 7.67099e+006 0.0418953 744982 8.41597e+006 1.06596e+006
3.643 1.00647e+007 3172.48 7.6017e+006 0.0365135 718594 8.32029e+006 1.74437e+006
3.648 7.95571e+006 2820.59 7.5411e+006 0.0325457 697106 8.23821e+006 -282496
3.654 6.51894e+006 2553.22 7.46506e+006 0.0283336 671919 8.13698e+006 -1.61804e+006
3.659 6.22091e+006 2494.18 7.39901e+006 0.0252315 651425 8.05043e+006 -1.82952e+006
3.665 6.81321e+006 2610.21 7.31664e+006 0.0219418 627425 7.94406e+006 -1.13085e+006
3.671 6.48111e+006 2545.8 7.231e+006 0.0190696 604066 7.83506e+006 -1.35395e+006
3.676 6.28296e+006 2506.58 7.15724e+006 0.0169576 585086 7.74232e+006 -1.45936e+006
3.682 6.56816e+006 2562.84 7.06596e+006 0.0147215 562888 7.62885e+006 -1.06069e+006
3.688 6.92641e+006 2631.81 6.97182e+006 0.0127726 541314 7.51313e+006 -586724
3.693 7.9197e+006 2814.2 6.89128e+006 0.0113419 523807 7.41509e+006 504613
3.699 7.88691e+006 2808.36 6.79226e+006 0.00982955 503359 7.29562e+006 591297
3.705 7.21374e+006 2685.84 6.69078e+006 0.00851372 483515 7.1743e+006 39445.3
3.711 6.09543e+006 2468.89 6.58701e+006 0.00736961 464266 7.05128e+006 -955849
3.716 6.67589e+006 2583.77 6.4989e+006 0.00653153 448674 6.94757e+006 -271678
3.722 7.08072e+006 2660.96 6.39132e+006 0.00564755 430494 6.82181e+006 258906
3.728 7.31804e+006 2705.19 6.28189e+006 0.00488027 412885 6.69477e+006 623262
3.734 7.3224e+006 2705.99 6.17076e+006 0.0042147 395836 6.5666e+006 755807
3.74 6.42494e+006 2534.75 6.05809e+006 0.0036377 379339 6.43743e+006 -12494.5
3.746 6.81032e+006 2609.66 5.94404e+006 0.00313781 363383 6.30742e+006 502892
3.752 6.51377e+006 2552.21 5.82876e+006 0.00270498 347958 6.17672e+006 337045
3.758 5.98899e+006 2447.24 5.71242e+006 0.00233045 333054 6.04547e+006 -56476.5
3.763 5.62647e+006 2372.02 5.61475e+006 0.00205733 321024 5.93578e+006 -309307
3.769 5.4184e+006 2327.75 5.49684e+006 0.00177052 307046 5.80389e+006 -385486
3.775 5.5536e+006 2356.61 5.3783e+006 0.00152278 293560 5.67186e+006 -118255
3.781 6.29976e+006 2509.93 5.25926e+006 0.00130891 280552 5.53982e+006 759940
3.787 7.78923e+006 2790.92 5.13989e+006 0.00112441 268013 5.4079e+006 2.38133e+006
3.793 5.54092e+006 2353.92 5.02032e+006 0.000965325 255931 5.27625e+006 264664
3.8 4.21584e+006 2053.25 4.88077e+006 0.000807333 242399 5.12316e+006 -907329
3.806 4.32434e+006 2079.51 4.76125e+006 0.000692209 231271 4.99252e+006 -668178
3.812 4.17527e+006 2043.35 4.64198e+006 0.000593144 220564 4.86254e+006 -687277
3.818 4.36582e+006 2089.45 4.52308e+006 0.00050795 210268 4.73334e+006 -367525
3.824 4.4568e+006 2111.11 4.40467e+006 0.000434732 200373 4.60504e+006 -148238
3.83 6.18732e+006 2487.43 4.28688e+006 0.000371843 190866 4.47775e+006 1.70957e+006
3.836 6.68067e+006 2584.7 4.16983e+006 0.00031786 181737 4.35157e+006 2.32911e+006
3.843 4.99998e+006 2236.06 4.03435e+006 0.000264502 171549 4.2059e+006 794076
3.849 4.34382e+006 2084.18 3.91928e+006 0.000225808 163202 4.08248e+006 261343
3.855 4.2166e+006 2053.44 3.80529e+006 0.000192658 155198 3.96049e+006 256112
3.861 4.3771e+006 2092.15 3.69247e+006 0.000164277 147527 3.84e+006 537097
3.868 4.60608e+006 2146.18 3.56247e+006 0.0001363 138985 3.70146e+006 904622
3.874 4.36225e+006 2088.6 3.45253e+006 0.000116069 132001 3.58453e+006 777722
3.88 3.23884e+006 1799.68 3.34404e+006 9.87818e-005 125317 3.46936e+006 -230521
3.887 3.12635e+006 1768.15 3.21942e+006 8.17772e-005 117885 3.3373e+006 -210949
3.893 3.54503e+006 1882.83 3.11435e+006 6.95064e-005 111818 3.22617e+006 318866
3.899 4.28486e+006 2069.99 3.01096e+006 5.90413e-005 106021 3.11699e+006 1.16787e+006
3.906 3.74972e+006 1936.42 2.89256e+006 4.87692e-005 99585.6 2.99215e+006 757574
3.912 2.51995e+006 1587.43 2.79304e+006 4.13723e-005 94340.2 2.88738e+006 -367433
3.919 2.54067e+006 1593.95 2.67929e+006 3.41223e-005 88523.7 2.76781e+006 -227140
3.925 3.08938e+006 1757.66 2.58386e+006 2.89092e-005 83787.8 2.66765e+006 421729
3.932 2.79068e+006 1670.53 2.47501e+006 2.38069e-005 78541.9 2.55355e+006 237127
3.938 2.57002e+006 1603.13 2.38387e+006 2.01435e-005 74275.3 2.45814e+006 111877
3.945 2.78322e+006 1668.3 2.2801e+006 1.65631e-005 69554.1 2.34965e+006 433567
3.951 3.35495e+006 1831.65 2.19339e+006 1.39961e-005 65718.4 2.2591e+006 1.09584e+006
3.958 3.46197e+006 1860.64 2.09484e+006 1.14908e-005 61478.6 2.15632e+006 1.30565e+006
3.964 2.0165e+006 1420.04 2.01265e+006 9.69729e-006 58037.5 2.07069e+006 -54187.8
3.971 1.86961e+006 1367.34 1.91942e+006 7.9494e-006 54238 1.97366e+006 -104050
3.978 2.41772e+006 1554.9 1.82907e+006 6.51123e-006 50659.5 1.87973e+006 537990
3.984 3.12033e+006 1766.44 1.75392e+006 5.4839e-006 47759.9 1.80168e+006 1.31865e+006
3.991 1.76844e+006 1329.83 1.66891e+006 4.48494e-006 44563.4 1.71348e+006 54964.7
3.998 1.74039e+006 1319.24 1.58678e+006 3.66495e-006 41558.1 1.62834e+006 112051
4.004 1.54563e+006 1243.23 1.51865e+006 3.08052e-006 39126.8 1.55778e+006 -12150.9
4.011 1.56963e+006 1252.85 1.4418e+006 2.51347e-006 36451 1.47825e+006 91378.7
4.018 1.78932e+006 1337.66 1.36776e+006 2.04913e-006 33939.6 1.4017e+006 387620
4.025 2.71439e+006 1647.54 1.2965e+006 1.6692e-006 31584 1.32809e+006 1.3863e+006
4.032 1.73932e+006 1318.83 1.22799e+006 1.35859e-006 29375.7 1.25737e+006 481950
4.038 1.53024e+006 1237.03 1.17142e+006 1.13805e-006 27594.1 1.19901e+006 331222
4.045 1.00269e+006 1001.35 1.1079e+006 9.24879e-007 25638.7 1.13354e+006 -130843
4.052 822038 906.663 1.04699e+006 7.51019e-007 23808.8 1.0708e+006 -248763
4.059 805363 897.42 988657 6.09341e-007 22097.4 1.01075e+006 -205391
4.066 948080 973.694 932838 4.93986e-007 20497.8 953335 -5255.3
4.073 1.34364e+006 1159.16 879477 4.0014e-007 19003.5 898480 445163
4.08 1.05425e+006 1026.77 828515 3.23858e-007 17608.5 846124 208131
4.087 885973 941.261 779893 2.61903e-007 16307 796200 89772.9
4.094 698954 836.035 733546 2.11627e-007 15093.5 748639 -49684.8
4.101 521945 722.458 689410 1.70862e-007 13962.5 703372 -181427
4.108 646643 804.141 647419 1.37836e-007 12909.3 660329 -13685.5
4.116 892476 944.71 601972 1.07726e-007 11794.6 613767 278710
4.123 664862 815.391 564354 8.67513e-008 10892.1 575246 89615.4
4.13 523281 723.381 528671 6.98033e-008 10053.1 538724 -15443.2
4.137 584696 764.654 494854 5.61203e-008 9273.68 504127 80568.4
4.144 548984 740.934 462835 4.50825e-008 8550 471385 77598.6
4.152 413703 643.198 428358 3.50649e-008 7786.6 436144 -22441.3
4.159 409175 639.668 399966 2.81189e-008 7170.54 407137 2038.69
4.166 363192 602.655 373162 2.25303e-008 6599.6 379762 -16569.5
4.173 361731 601.441 347881 1.80377e-008 6070.8 353952 7779.43
4.181 290441 538.926 320768 1.39753e-008 5514.44 326283 -35842.2
4.188 273670 523.135 298532 1.11689e-008 5066.63 303599 -29929.1
4.196 331141 575.449 274736 8.63613e-009 4596.12 279332 51809.5
4.203 315763 561.928 255260 6.88981e-009 4217.93 259477 56285.1
4.211 255084 505.058 234460 5.31671e-009 3821.11 238281 16803.2
4.218 238805 488.677 217471 4.23417e-009 3502.58 220974 17831.2
4.226 192966 439.279 199366 3.26087e-009 3168.8 202535 -9568.92
4.233 177186 420.934 184609 2.59236e-009 2901.23 187510 -10324.3
4.241 158725 398.403 168913 1.99246e-009 2621.24 171534 -12809.3
4.248 145438 381.363 156146 1.58121e-009 2397.1 158543 -13105.1
4.256 194903 441.478 142595 1.21286e-009 2162.85 144758 50144.6
4.264 205816 453.67 130086 9.29324e-010 1950.1 132036 73779.7
4.271 216955 465.784 119943 7.35525e-010 1780.14 121723 95231.3
4.279 169869 412.152 109211 5.62448e-010 1602.88 110814 59055.7
4.287 113958 337.577 99336.3 4.29638e-010 1442.24 100779 13179.8
4.294 107010 327.123 91354.2 3.39128e-010 1314.17 92668.4 14341.1
4.302 121800 348.999 82934.2 2.5853e-010 1180.88 84115.1 37685
4.31 130872 361.762 75212.8 1.96877e-010 1060.35 76273.2 54598.7
4.318 106825 326.841 68140.2 1.49766e-010 951.444 69091.7 37733.2
4.326 87164.9 295.237 61669.2 1.13807e-010 853.109 62522.3 24642.6
4.334 68238 261.224 55755.4 8.63886e-011 764.391 56519.8 11718.2
4.342 114778 338.789 50356.8 6.55059e-011 684.409 51041.2 63736.5
4.35 145044 380.846 45434.2 4.9618e-011 612.357 46046.6 98997.1
4.358 133131 364.871 40950.7 3.75434e-011 547.499 41498.2 91632.7
4.366 101523 318.627 36871.7 2.83768e-011 489.16 37360.8 64162.3
4.374 86234.1 293.656 33164.8 2.14253e-011 436.725 33601.5 52632.6
4.382 68372.7 261.482 29799.9 1.61595e-011 389.631 30189.6 38183.1
4.39 84697.8 291.029 26749 1.21748e-011 347.368 27096.3 57601.4
4.398 128543 358.529 23985.7 9.16286e-012 309.467 24295.1 104248
4.406 187947 433.528 21485.7 6.88868e-012 275.504 21761.2 166185
4.414 269372 519.011 19226.5 5.1734e-012 245.093 19471.6 249900
4.423 289964 538.483 16946.8 3.74383e-012 214.69 17161.5 272802
