1.772 406632 637.677 1.43825e-006 14.067 31757.7 31771.8 374860
1.773 414229 643.606 1.48539e-006 14.3295 32003.4 32017.7 382211
1.774 420191 648.221 1.53404e-006 14.5968 32250.6 32265.2 387926
1.775 423657 650.89 1.58427e-006 14.8688 32499.3 32514.1 391143
1.777 424698 651.689 1.68961e-006 15.4275 33001.2 33016.6 391682
1.778 424048 651.189 1.74483e-006 15.7144 33254.5 33270.2 390777
1.779 422673 650.133 1.80182e-006 16.0064 33509.3 33525.3 389147
1.78 421448 649.19 1.86065e-006 16.3036 33765.6 33781.9 387666
1.781 420945 648.803 1.92135e-006 16.6061 34023.5 34040.1 386905
1.783 421305 649.08 2.04867e-006 17.2273 34543.9 34561.1 386743
1.784 422235 649.796 2.1154e-006 17.5462 34806.4 34824 387411
1.785 423225 650.558 2.18427e-006 17.8707 35070.6 35088.4 388137
1.786 420621 648.553 2.25534e-006 18.2011 35336.3 35354.5 385267
1.788 394277 627.915 2.40436e-006 18.8794 35872.4 35891.3 358386
1.789 325060 570.14 2.48246e-006 19.2276 36142.8 36162 288898
1.79 314303 560.628 2.56304e-006 19.5819 36414.9 36434.4 277869
1.791 348655 590.47 2.6462e-006 19.9425 36688.5 36708.4 311947
1.793 371696 609.669 2.82055e-006 20.6829 37240.6 37261.3 334435
1.794 400380 632.756 2.9119e-006 21.0629 37519.1 37540.1 362840
1.795 446541 668.238 3.00617e-006 21.4496 37799.1 37820.6 408721
1.796 455055 674.578 3.10342e-006 21.8432 38080.9 38102.7 416953
1.798 414270 643.638 3.30731e-006 22.651 38649.2 38671.8 375598
1.799 350812 592.294 3.41413e-006 23.0657 38935.8 38958.9 311853
1.8 350258 591.826 3.52433e-006 23.4875 39224.1 39247.6 311011
1.801 412277 642.088 3.63803e-006 23.9168 39514 39537.9 372739
1.803 436272 660.509 3.87635e-006 24.798 40098.8 40123.6 396148
1.804 393396 627.213 4.00119e-006 25.2502 40393.7 40419 352977
1.805 357508 597.92 4.12998e-006 25.7103 40690.3 40716 316792
1.807 349963 591.576 4.3999e-006 26.6548 41288.5 41315.2 308647
1.808 359913 599.927 4.54128e-006 27.1393 41590.1 41617.3 318296
1.809 355891 596.566 4.68713e-006 27.6324 41893.5 41921.1 313970
1.81 372669 610.466 4.83757e-006 28.1339 42198.5 42226.6 330443
1.812 380325 616.705 5.15281e-006 29.1634 42813.6 42842.8 337482
1.813 361687 601.404 5.31791e-006 29.6916 43123.8 43153.4 318533
1.814 370255 608.486 5.48821e-006 30.2289 43435.6 43465.8 326789
1.816 391421 625.636 5.84503e-006 31.3317 44064.5 44095.8 347325
1.817 396861 629.969 6.03188e-006 31.8974 44381.5 44413.4 352448
1.818 353861 594.862 6.2246e-006 32.4729 44700.3 44732.8 309128
1.819 338725 582.001 6.42336e-006 33.0583 45020.8 45053.8 293671
1.821 369171 607.594 6.83976e-006 34.2596 45667 45701.3 323470
1.822 381906 617.985 7.05779e-006 34.8758 45992.8 46027.7 335878
1.823 359408 599.506 7.28264e-006 35.5026 46320.3 46355.8 313052
1.825 342701 585.406 7.75364e-006 36.7888 46980.6 47017.4 295683
1.826 383433 619.22 8.00023e-006 37.4484 47313.4 47350.9 336082
1.827 466287 682.852 8.25452e-006 38.1194 47648 47686.1 418601
1.829 430895 656.426 8.78712e-006 39.4961 48322.6 48362.1 382533
1.83 336521 580.104 9.06594e-006 40.2021 48662.5 48702.7 287818
1.831 361140 600.949 9.35343e-006 40.9202 49004.2 49045.2 312095
1.832 332929 577 9.64988e-006 41.6505 49347.8 49389.4 283540
1.834 319198 564.976 1.02707e-005 43.1489 50040.2 50083.4 269115
1.835 345984 588.204 1.05956e-005 43.9172 50389.2 50433.1 295551
1.836 362905 602.416 1.09307e-005 44.6986 50740 50784.7 312120
1.838 336766 580.315 1.16322e-005 46.3016 51447 51493.3 285273
1.839 373724 611.329 1.19994e-005 47.1235 51803.2 51850.3 321873
1.84 384265 619.891 1.2378e-005 47.9594 52161.3 52209.2 332056
1.842 347180 589.219 1.31705e-005 49.6738 52882.9 52932.6 294247
1.843 318838 564.657 1.35853e-005 50.5529 53246.5 53297 265541
1.844 329400 573.934 1.40129e-005 51.4468 53611.9 53663.3 275737
1.846 400690 633.001 1.4908e-005 53.2801 54348.3 54401.6 346288
1.847 429472 655.341 1.53764e-005 54.2201 54719.3 54773.5 374699
1.848 387095 622.17 1.58592e-005 55.1758 55092.1 55147.3 331948
1.85 365191 604.311 1.687e-005 57.1359 55843.4 55900.5 309291
1.851 384267 619.892 1.73987e-005 58.1407 56221.8 56279.9 327987
1.852 319129 564.915 1.79438e-005 59.1623 56602.1 56661.3 262467
1.854 340838 583.813 1.90846e-005 61.2573 57368.4 57429.6 283409
1.855 350844 592.32 1.96814e-005 62.3312 57754.3 57816.7 293027
1.856 353834 594.84 2.02966e-005 63.4231 58142.2 58205.6 295629
1.858 370274 608.501 2.15839e-005 65.6618 58923.5 58989.2 311284
1.859 360041 600.034 2.22573e-005 66.8093 59317 59383.8 300657
1.861 365711 604.74 2.36665e-005 69.1619 60109.8 60178.9 305532
1.862 362751 602.288 2.44036e-005 70.3677 60509 60579.4 302172
1.863 347029 589.092 2.51632e-005 71.5935 60910.1 60981.7 286048
1.865 331428 575.698 2.67525e-005 74.1066 61718.1 61792.2 269636
1.866 344988 587.357 2.75838e-005 75.3945 62125 62200.4 282787
1.867 329728 574.22 2.84403e-005 76.7037 62533.8 62610.5 267118
1.869 362371 601.973 3.02324e-005 79.3875 63357.2 63436.5 298935
1.87 344518 586.956 3.11695e-005 80.7628 63771.7 63852.5 280665
1.871 336593 580.167 3.21351e-005 82.1608 64188.2 64270.4 272323
1.873 386541 621.724 3.41552e-005 85.0263 65027 65112 321429
1.874 294980 543.121 3.52114e-005 86.4946 65449.3 65535.8 229444
1.876 267768 517.463 3.74208e-005 89.504 66299.7 66389.2 201379
1.877 260492 510.384 3.8576e-005 91.0459 66727.8 66818.9 193673
1.878 265936 515.689 3.97661e-005 92.6131 67157.9 67250.5 198685
1.88 264334 514.135 4.22553e-005 95.8249 68023.9 68119.7 196215
1.881 275949 525.309 4.35566e-005 97.4704 68459.8 68557.2 207392
1.883 294009 542.226 4.62782e-005 100.843 69337.4 69438.3 224571
1.884 335517 579.238 4.77008e-005 102.57 69779.2 69881.8 265635
1.885 346314 588.484 4.91663e-005 104.326 70222.9 70327.3 275986
1.887 380110 616.531 5.2231e-005 107.923 71116.3 71224.2 308886
1.888 433690 658.551 5.38328e-005 109.766 71565.9 71675.7 362014
1.89 297718 545.635 5.71822e-005 113.542 72471 72584.5 225133
1.891 305080 552.341 5.89327e-005 115.476 72926.5 73042 232038
1.892 302742 550.22 6.07358e-005 117.441 73384 73501.4 229241
1.894 314366 560.683 6.45055e-005 121.468 74304.8 74426.3 239940
1.895 342955 585.624 6.64755e-005 123.53 74768.2 74891.7 268064
1.897 350469 592.004 7.05941e-005 127.756 75700.9 75828.6 274640
1.898 269495 519.129 7.27461e-005 129.919 76170.2 76300.1 193195
1.899 274646 524.067 7.49624e-005 132.118 76641.4 76773.6 197873
1.901 277390 526.678 7.95954e-005 136.622 77589.9 77726.5 199663
1.902 260256 510.153 8.20161e-005 138.929 78067.1 78206 182050
1.904 261798 511.662 8.70758e-005 143.653 79027.4 79171.1 182627
1.905 262834 512.674 8.97191e-005 146.072 79510.5 79656.6 183178
1.907 269087 518.736 9.52439e-005 151.027 80482.7 80633.8 188454
1.908 284212 533.116 9.81299e-005 153.565 80971.8 81125.4 203087
1.91 282977 531.956 0.000104162 158.761 81955.8 82114.6 200862
1.911 259422 509.335 0.000107312 161.421 82450.8 82612.2 176810
1.912 260556 510.447 0.000110556 164.124 82947.8 83111.9 177444
1.914 245911 495.895 0.000117335 169.659 83947.6 84117.3 161794
1.915 246385 496.372 0.000120875 172.493 84450.5 84623 161762
1.917 255039 505.014 0.000128273 178.296 85462.3 85640.6 169398
1.918 270386 519.986 0.000132136 181.267 85971.1 86152.3 184233
1.92 289710 538.247 0.000140208 187.35 86994.6 87182 202528
1.921 276501 525.833 0.000144423 190.463 87509.4 87699.8 188801
1.923 269632 519.261 0.00015323 196.839 88544.8 88741.6 180890
1.924 244151 494.117 0.000157828 200.102 89065.4 89265.5 154886
1.925 227675 477.153 0.000162561 203.417 89588 89791.4 137884
1.927 233710 483.436 0.000172449 210.203 90639.2 90849.4 142861
1.928 254247 504.229 0.000177612 213.676 91167.7 91381.3 162866
1.93 275093 524.493 0.000188395 220.787 92230.6 92451.4 182642
1.931 261987 511.847 0.000194024 224.426 92765 92989.4 168998
1.933 244701 494.673 0.000205782 231.875 93839.6 94071.5 150630
1.934 254978 504.953 0.000211919 235.687 94379.9 94615.6 160362
1.936 285739 534.546 0.000224737 243.491 95466.3 95709.8 190029
1.937 232408 482.088 0.000231428 247.484 96012.4 96259.9 136149
1.939 239693 489.584 0.0002454 255.657 97110.4 97366.1 142327
1.94 228286 477.793 0.000252692 259.839 97662.4 97922.2 130364
1.942 211831 460.251 0.00026792 268.398 98772.1 99040.5 112790
1.943 218959 467.931 0.000275867 272.777 99329.8 99602.6 119357
1.945 205502 453.324 0.000292459 281.74 100451 100733 104769
1.946 190794 436.799 0.000301118 286.325 101015 101301 89492.8
1.948 216633 465.439 0.000319195 295.708 102147 102443 114190
1.949 237783 487.63 0.000328628 300.509 102717 103017 134766
1.951 246667 496.656 0.000348319 310.332 103861 104171 142496
1.952 261906 511.767 0.000358594 315.357 104436 104751 157154
1.954 258270 508.203 0.000380041 325.639 105592 105917 152353
1.955 256802 506.757 0.00039123 330.898 106172 106503 150299
1.957 224766 474.095 0.000414584 341.659 107340 107681 117085
1.958 218687 467.64 0.000426768 347.163 107926 108273 110414
1.96 251886 501.882 0.000452195 358.424 109104 109463 142423
1.961 215572 464.297 0.000465459 364.183 109696 110060 105511
1.963 241537 491.464 0.00049314 375.965 110886 111262 130276
1.964 256606 506.563 0.000507578 381.99 111483 111865 144740
1.966 249403 499.402 0.000537706 394.316 112684 113078 136324
1.968 223017 472.246 0.000569582 407.018 113892 114299 108718
1.969 200634 447.922 0.000586206 413.513 114499 114912 85721.4
1.971 222453 471.649 0.00062089 426.798 115718 116145 106308
1.972 192450 438.691 0.000638978 433.591 116330 116764 75686.3
1.974 193590 439.989 0.000676713 447.485 117560 118008 75582.5
1.975 208990 457.155 0.000696389 454.589 118178 118632 90358
1.977 228943 478.48 0.000737436 469.118 119418 119888 109055
1.978 237904 487.754 0.000758838 476.546 120042 120518 117386
1.98 241646 491.575 0.00080348 491.736 121293 121785 119861
1.981 215388 464.099 0.000826754 499.501 121921 122421 92967.5
1.983 207771 455.819 0.000875299 515.382 123183 123699 84072.7
1.985 207079 455.059 0.000926628 531.738 124452 124984 82094.6
1.986 202065 449.517 0.000953385 540.098 125089 125629 76436.1
1.988 200396 447.656 0.00100919 557.193 126369 126926 73469.9
1.989 214395 463.028 0.00103827 565.931 127011 127577 86817.9
1.991 187937 433.517 0.00109892 583.796 128300 128884 59052.5
1.992 187934 433.513 0.00113053 592.927 128948 129541 58392.9
1.994 236156 485.958 0.00119645 611.595 130248 130859 105297
1.996 278747 527.965 0.00126611 630.816 131554 132185 146562
1.997 224475 473.788 0.00130242 640.639 132210 132850 91624.7
1.999 230486 480.089 0.00137811 660.719 133526 134187 96299.2
2 229942 479.522 0.00141755 670.98 134186 134857 95084.2
2.002 211746 460.159 0.00149977 691.955 135513 136204 75541.6
2.004 200094 447.319 0.00158665 713.546 136845 137559 62535.9
2.005 192757 439.04 0.00163192 724.579 137514 138238 54518.3
2.007 195615 442.284 0.00172627 747.127 138856 139603 56012.1
2.008 197759 444.702 0.00177542 758.648 139529 140288 57471.9
2.01 202903 450.448 0.00187786 782.193 140880 141662 61240.5
2.012 221431 470.565 0.00198608 806.426 142238 143044 78386.8
2.013 221709 470.86 0.00204245 818.805 142919 143738 77971.4
2.015 241364 491.289 0.00215992 844.103 144285 145129 96235
2.017 208905 457.061 0.00228398 870.135 145658 146528 62377.1
2.018 200038 447.256 0.0023486 883.433 146346 147230 52808.3
2.02 203181 450.756 0.00248324 910.604 147728 148638 54542.6
2.021 195545 442.205 0.00255335 924.482 148420 149345 46200.4
2.023 197291 444.174 0.00269944 952.838 149810 150763 46527.6
2.025 189898 435.773 0.00285368 982.01 151206 152188 37710.5
2.026 203962 451.621 0.002934 996.909 151906 152903 51059.1
2.028 212814 461.318 0.00310131 1027.35 153309 154337 58477.6
2.03 208281 456.378 0.00327794 1058.66 154719 155777 52503.4
2.031 203938 451.595 0.0033699 1074.65 155425 156500 47438.3
2.033 202618 450.131 0.00356144 1107.31 156843 157950 44667.8
2.035 177398 421.186 0.00376359 1140.9 158265 159406 17992.1
2.036 168221 410.148 0.00386883 1158.05 158978 160136 8085.16
2.038 178621 422.635 0.00408801 1193.09 160408 161601 17019.6
2.039 200521 447.795 0.00420209 1210.97 161125 162336 38184.9
2.041 218012 466.917 0.00443967 1247.51 162562 163810 54201.8
2.043 207904 455.965 0.00469035 1285.07 164005 165290 42614.2
2.044 200059 447.28 0.00482082 1304.25 164727 166032 34027.4
2.046 197466 444.371 0.00509247 1343.42 166177 167520 29945.6
2.048 209300 457.493 0.00537905 1383.68 167631 169014 40286
2.05 239358 489.242 0.00568136 1425.08 169089 170514 68843.7
2.051 235630 485.418 0.00583867 1446.21 169820 171266 64364.4
2.053 255309 505.281 0.00616615 1489.35 171284 172774 82535.2
2.055 268633 518.298 0.00651153 1533.7 172753 174287 94345.8
2.056 259007 508.927 0.00669123 1556.34 173489 175046 83961
2.058 230371 479.969 0.00706528 1602.55 174964 176567 53803.6
2.06 202417 449.908 0.0074597 1650.05 176444 178094 24323.8
2.061 215019 463.701 0.00766489 1674.29 177184 178859 36159.8
2.063 219953 468.992 0.00809192 1723.77 178669 180393 39560.5
2.065 212403 460.872 0.00854214 1774.61 180157 181932 30471
2.066 207002 454.974 0.00877632 1800.56 180903 182704 24298.1
2.068 208147 456.231 0.00926363 1853.52 182397 184250 23896.5
2.07 206746 454.693 0.0097773 1907.94 183893 185801 20944.1
2.072 215637 464.368 0.0103187 1963.85 185394 187358 28279.8
2.073 222474 471.672 0.0106003 1992.37 186145 188137 34336.9
2.075 213692 462.268 0.0111861 2050.58 187650 189700 23991.6
2.077 204811 452.561 0.0118034 2110.38 189157 191268 13543.4
2.079 224303 473.606 0.012454 2171.81 190668 192840 31463.3
2.08 214817 463.483 0.0127922 2203.14 191424 193627 21189.3
2.082 219147 468.131 0.0134958 2267.09 192939 195206 23940.7
2.084 239726 489.618 0.0142371 2332.76 194456 196789 42937.7
2.085 258784 508.708 0.0146224 2366.25 195215 197581 61202.2
2.087 230975 480.598 0.0154239 2434.6 196736 199170 31804.5
2.089 228187 477.689 0.0162682 2504.78 198258 200763 27423.6
2.091 216977 465.808 0.0171575 2576.85 199783 202360 14617.1
2.092 227703 477.183 0.0176197 2613.6 200546 203160 24543.7
2.094 242870 492.819 0.0185809 2688.58 202073 204762 38108.4
2.096 243038 492.989 0.0195931 2765.56 203603 206368 36669.8
2.098 222957 472.184 0.020659 2844.59 205133 207978 14979.6
2.1 222648 471.856 0.0217813 2925.72 206665 209591 13057.2
2.101 214897 463.57 0.0223646 2967.08 207432 210399 4498.16
2.103 234040 483.777 0.0235771 3051.46 208966 212017 22022.4
2.105 246733 496.722 0.0248535 3138.06 210501 213639 33093.8
2.107 217204 466.051 0.0261972 3226.94 212037 215264 1939.68
2.108 213282 461.824 0.0268953 3272.26 212805 216078 -2795.98
2.11 217291 466.145 0.0283464 3364.67 214342 217707 -416.172
2.112 259865 509.77 0.0298736 3459.51 215880 219340 40525.6
2.114 307916 554.902 0.0314809 3556.82 217418 220975 86940.8
2.116 280320 529.452 0.0331722 3656.67 218956 222613 57706.5
2.117 223726 472.997 0.0340508 3707.57 219726 223433 292.814
2.119 207820 455.873 0.0358765 3811.34 221264 225075 -17255
2.121 205721 453.565 0.0377973 3917.81 222802 226720 -20998.9
2.123 235570 485.356 0.0398181 4027.03 224340 228368 7202.88
2.125 279944 529.097 0.0419441 4139.07 225878 230017 49926.3
2.126 282047 531.081 0.0430481 4196.17 226647 230843 51204.5
2.128 262767 512.608 0.0453416 4312.57 228184 232496 30271
2.13 248072 498.068 0.0477539 4431.95 229720 234152 13920.5
2.132 211144 459.504 0.0502911 4554.4 231255 235809 -24665.1
2.134 192849 439.146 0.0529592 4679.97 232788 237468 -44619.4
2.136 211227 459.594 0.0557649 4808.74 234321 239130 -27902.9
2.137 224072 473.362 0.0572215 4874.35 235087 239961 -15889.7
2.139 268408 518.081 0.0602467 5008.06 236617 241625 26782.8
2.141 295949 544.012 0.0634272 5145.16 238146 243291 52657.5
2.143 291624 540.022 0.066771 5285.73 239673 244959 46665
2.145 264630 514.422 0.070286 5429.85 241198 246628 18001.6
2.147 241818 491.75 0.0739808 5577.59 242721 248299 -6480.71
2.149 241788 491.719 0.0778643 5729.04 244241 249971 -8182.87
2.15 262047 511.905 0.0798797 5806.18 245001 250807 11239.6
2.152 289708 538.245 0.0840638 5963.35 246518 252481 37226.6
2.154 282754 531.747 0.0884609 6124.44 248032 254156 28598.4
2.156 259918 509.821 0.0930814 6289.54 249543 255832 4085.51
2.158 248705 498.703 0.0979362 6458.74 251051 257510 -8804.94
2.16 257360 507.307 0.103037 6632.14 252556 259188 -1827.91
2.162 265882 515.638 0.108396 6809.82 254057 260867 5015.12
2.163 280796 529.902 0.111176 6900.29 254806 261707 19089.3
2.165 300240 547.941 0.116945 7084.58 256303 263387 36852.3
2.167 282181 531.207 0.123005 7273.4 257795 265068 17112.3
2.169 276213 525.56 0.12937 7466.84 259283 266750 9463.14
2.171 274733 524.15 0.136055 7665.01 260767 268432 6300.57
2.173 291685 540.078 0.143075 7868.01 262247 270115 21569.3
2.175 299276 547.061 0.150446 8075.95 263723 271799 27477.3
2.177 267856 517.548 0.158186 8288.93 265193 273482 -5626.13
2.179 269571 519.203 0.166313 8507.07 266659 275166 -5595.03
2.181 275093 524.493 0.174844 8730.48 268120 276851 -1758.28
2.183 292456 540.792 0.1838 8959.27 269576 278535 13920.9
2.184 299672 547.423 0.188444 9075.71 270302 279378 20294.5
2.186 282318 531.336 0.198075 9312.79 271750 281063 1255.66
2.188 282922 531.904 0.208184 9555.54 273192 282747 174.509
2.19 269245 518.888 0.218794 9804.09 274628 284432 -15187.6
2.192 268432 518.104 0.229928 10058.5 276059 286117 -17685.8
2.194 274823 524.236 0.241611 10319.1 277483 287802 -12979.2
2.196 306012 553.184 0.25387 10585.7 278901 289487 16525.3
2.198 314521 560.821 0.266731 10858.7 280313 291172 23349
2.2 285129 533.974 0.280225 11138.1 281718 292856 -7727.35
2.202 285610 534.425 0.29438 11424.1 283116 294540 -8930.34
2.204 295363 543.473 0.309229 11716.8 284507 296224 -861.73
2.206 297126 545.092 0.324803 12016.4 285891 297908 -782.28
2.208 318404 564.273 0.341137 12322.9 287268 299591 18812.5
2.21 365471 604.542 0.358267 12636.6 288638 301275 64196.4
2.212 341889 584.713 0.376231 12957.5 289999 302957 38931.9
2.214 323731 568.973 0.395068 13285.9 291353 304640 19091.1
2.216 314450 560.759 0.414818 13621.8 292699 306322 8128.5
2.218 295763 543.841 0.435524 13965.5 294037 308003 -12240
2.22 304422 551.745 0.457232 14317.1 295367 309684 -5262.18
2.222 344915 587.295 0.479987 14676.8 296688 311365 33550.1
2.224 336076 579.72 0.503839 15044.6 298000 313045 23030.3
2.226 330996 575.323 0.528839 15420.9 299304 314725 16270.7
2.228 322137 567.571 0.55504 15805.7 300599 316405 5731.81
2.23 306998 554.074 0.582498 16199.2 301884 318084 -11086.4
2.232 329636 574.14 0.61127 16601.6 303160 319763 9873.78
2.234 327419 572.206 0.641419 17013.1 304427 321441 5978.55
2.236 312282 558.822 0.673006 17433.8 305684 323119 -10836.9
2.238 308414 555.35 0.706099 17864 306932 324796 -16382.7
2.24 306690 553.796 0.740766 18303.8 308169 326474 -19783.6
2.242 312437 558.961 0.77708 18753.4 309396 328150 -15713.5
2.244 327692 572.444 0.815117 19213 310613 329827 -2135.3
2.246 332228 576.392 0.854954 19682.8 311820 331503 724.603
2.248 314951 561.205 0.896675 20163 313016 333180 -18228.7
2.25 299042 546.848 0.940365 20653.8 314201 334856 -35813.3
2.252 303674 551.066 0.986114 21155.4 315375 336531 -32857.4
2.254 328473 573.126 1.03401 21668 316538 338207 -9734.28
2.256 334778 578.6 1.08417 22191.8 317690 339883 -5104.86
2.258 328902 573.5 1.13667 22727 318831 341559 -12656.8
2.26 325620 570.632 1.19163 23273.9 319960 343235 -17614.6
2.262 332401 576.542 1.24916 23832.6 321077 344911 -12510
2.265 318426 564.292 1.34052 24693.5 322731 347426 -29000.4
2.267 364037 603.355 1.40499 25282.9 323819 349103 14934
2.269 399141 631.776 1.47245 25884.9 324894 350781 48360.9
2.271 430021 655.76 1.54305 26499.9 325957 352459 77562.6
2.273 426613 653.156 1.61691 27128 327008 354137 72475.6
2.275 395931 629.23 1.69419 27769.5 328045 355817 40114
2.277 387471 622.472 1.77503 28424.5 329071 357497 29973.9
2.279 346358 588.522 1.8596 29093.5 330083 359178 -12820
2.281 336645 580.211 1.94806 29776.6 331082 360860 -24215.5
2.283 369798 608.11 2.04059 30474.1 332068 362544 7253.78
2.286 405970 637.158 2.18739 31547.9 333522 365072 40898.6
2.288 384323 619.938 2.29088 32282.5 334474 366759 17564
2.29 417543 646.175 2.39909 33032.4 335413 368448 49095.1
2.292 404697 636.158 2.51223 33797.8 336338 370138 34558.9
2.294 375536 612.81 2.63052 34579.2 337249 371831 3705.12
2.296 361337 601.113 2.75419 35376.7 338146 373525 -12188
2.298 363828 603.182 2.88347 36190.6 339029 375222 -11393.6
2.301 355868 596.546 3.08844 37442.9 340326 377772 -21904.4
2.303 349375 591.079 3.23283 38299.2 341173 379475 -30100.6
2.305 353703 594.729 3.38373 39172.9 342005 381181 -27478.8
2.307 360211 600.176 3.54143 40064.4 342823 382891 -22679.4
2.309 349937 591.554 3.7062 40973.9 343625 384603 -34666.5
2.311 385242 620.679 3.87838 41901.8 344413 386319 -1076.67
2.313 389238 623.89 4.05826 42848.4 345186 388038 1199.79
2.316 386423 621.63 4.34326 44304 346317 390625 -4201.66
2.318 371024 609.117 4.5439 45298.8 347051 392355 -21330.9
2.32 359660 599.717 4.75347 46313.3 347770 394089 -34428.1
2.322 359058 599.214 4.97234 47348 348474 395827 -36769.3
2.324 385730 621.072 5.20093 48403.2 349162 397571 -11840.6
2.327 406610 637.66 5.56293 50025.1 350165 400195 6414.18
2.329 406038 637.211 5.81763 51133 350813 401952 4086.27
2.331 400376 632.753 6.08356 52262.6 351446 403715 -3338.85
2.333 414085 643.494 6.3612 53414.2 352063 405483 8601.95
2.335 417218 645.924 6.65104 54588.3 352663 407258 9959.78
2.338 453963 673.768 7.1098 56392.2 353533 409933 44030.7
2.34 430505 656.129 7.43242 57623.9 354093 411724 18780.5
2.342 415967 644.955 7.76913 58879.3 354636 413523 2443.22
2.344 428431 654.547 8.12052 60158.8 355163 415330 13101.2
2.347 448946 670.034 8.67648 62124 355922 418055 30890.8
2.349 473815 688.342 9.0673 63465.4 356407 419882 53932.9
2.351 455212 674.694 9.47505 64832.2 356876 421717 33494.8
2.353 412087 641.94 9.90043 66224.9 357327 423562 -11475.2
2.356 367560 606.267 10.5732 68363.2 357973 426347 -58787
2.358 404328 635.868 11.0459 69822.3 358382 428216 -23887.7
2.36 441813 664.69 11.5389 71308.6 358774 430095 11718.5
2.362 413721 643.212 12.0531 72822.6 359150 431984 -18263.1
2.365 398684 631.414 12.866 75146.4 359680 434839 -36155.5
2.367 421333 649.101 13.4369 76731.5 360012 436757 -15424.4
2.369 418390 646.831 14.0322 78345.7 360327 438687 -20296.4
2.372 404830 636.263 14.9729 80822.8 360766 441604 -36773.9
2.374 453250 673.239 15.6334 82511.9 361038 443565 9685.04
2.376 452429 672.629 16.322 84231.7 361292 445540 6889.38
2.378 464285 681.385 17.0396 85982.7 361528 447528 16757.4
2.381 466058 682.684 18.1732 88668.7 361850 450537 15520.8
2.383 448097 669.4 18.9689 90499.7 362043 452561 -4464.55
2.385 494783 703.408 19.798 92363.5 362218 454601 40181.5
2.388 492959 702.111 21.1072 95221.7 362447 457690 35269
2.39 447514 668.965 22.0259 97169.5 362578 459770 -12256
2.392 450065 670.869 22.9829 99151.8 362692 461866 -11801.3
2.395 478429 691.685 24.4936 102191 362828 465044 13384.9
2.397 467151 683.484 25.5533 104261 362898 467185 -33.7212
2.399 481977 694.246 26.657 106368 362949 469344 12633
2.402 519658 720.873 28.3986 109597 362993 472619 47039
2.404 536009 732.126 29.6199 111797 363000 474826 61182.9
2.407 516689 718.811 31.5467 115167 362977 478176 38512.8
2.409 506505 711.692 32.8975 117462 362940 480435 26069.9
2.411 473956 688.445 34.3037 119797 362885 482716 -8760.31
2.414 507507 712.395 36.5217 123373 362770 486179 21327.7
2.416 548546 740.639 38.076 125808 362670 488517 60029.1
2.418 562119 749.746 39.6937 128284 362554 490877 71241.7
2.421 570433 755.27 42.2444 132076 362345 494464 75968.9
2.423 537813 733.358 44.0313 134657 362184 496886 40927.8
2.426 524652 724.329 46.8482 138610 361910 500566 24086.1
2.428 527931 726.589 48.8213 141299 361705 503053 24878.3
2.43 545046 738.272 50.8738 144033 361482 505566 39479.6
2.433 604387 777.423 54.1083 148218 361116 509388 94998.3
2.435 579869 761.491 56.373 151066 360850 511972 67897.2
2.438 568559 754.028 59.9412 155424 360418 515901 52657.5
2.44 579903 761.514 62.439 158388 360108 518559 61344.8
2.443 619796 787.271 66.3734 162924 359611 522602 97193.8
2.445 611424 781.936 69.127 166009 359259 525336 86088
2.447 603972 777.157 71.9897 169143 358889 528103 75869.2
2.45 552379 743.222 76.4974 173937 358302 532315 20063.7
2.452 556723 746.138 79.6512 177197 357889 535165 21557.2
2.455 532333 729.612 84.6161 182182 357238 539505 -7171.87
2.457 542907 736.822 88.0889 185571 356783 542443 464.164
2.46 597825 773.191 93.5548 190754 356069 546917 50908.5
2.462 604150 777.271 97.3773 194276 355573 549945 54204.3
2.465 566630 752.748 103.392 199660 354796 554560 12070
2.467 601149 775.338 107.597 203319 354258 557685 43464.3
2.47 652041 807.491 114.213 208912 353419 562446 89595.1
2.472 690710 831.09 118.837 212712 352840 565671 125039
2.475 657540 810.889 126.11 218519 351941 570585 86954.9
2.477 618731 786.595 131.193 222463 351321 573915 44816.4
2.48 587632 766.572 139.185 228489 350361 578990 8642.38
2.482 594135 770.801 144.769 232582 349701 582428 11707
2.485 606810 778.98 153.547 238834 348682 587670 19140.8
2.487 614471 783.882 159.679 243078 347983 591221 23249.8
2.49 696033 834.286 169.316 249562 346906 596637 99396.7
2.492 662277 813.804 176.046 253963 346168 600307 61970
2.495 620016 787.411 186.621 260683 345033 605903 14113.8
2.498 655342 809.532 197.8 267549 343863 611610 43731.5
2.5 712688 844.209 205.604 272208 343065 615479 97209.6
2.503 734010 856.744 217.862 279321 341840 621378 112632
2.505 787644 887.493 226.418 284146 341005 625377 162267
2.508 820426 905.773 239.853 291511 339725 631476 188950
2.51 685149 827.737 249.227 296507 338853 635609 49539.6
2.513 644157 802.594 263.945 304130 337519 641914 2243.51
2.516 748636 865.238 279.488 311912 336154 648345 100291
2.518 797737 893.161 290.329 317188 335226 652705 145032
2.521 762999 873.498 307.344 325238 333809 659354 103645
2.523 742952 861.947 319.209 330695 332847 663861 79091.1
2.526 665206 815.602 337.826 339018 331379 670735 -5528.27
2.529 589438 767.749 357.471 347508 329881 677747 -88309
2.531 508694 713.228 371.166 353262 328867 682500 -173806
2.534 592609 769.811 392.646 362035 327320 689748 -97138.9
2.537 611473 781.967 415.302 370981 325745 697141 -85668.8
2.539 630647 794.133 431.09 377041 324680 702152 -71505.3
2.542 877717 936.865 455.843 386279 323059 709794 167923
2.544 1.2273e+006 1107.84 473.088 392536 321963 714972 512327
2.547 1.29492e+006 1137.95 500.12 402072 320296 722869 572052
2.55 1.15906e+006 1076.6 528.611 411789 318604 730921 428138
2.552 973524 986.673 548.453 418369 317461 736378 237146
2.555 897011 947.107 579.544 428392 315725 744697 152314
2.558 880890 938.557 612.299 438603 313965 753180 127710
2.561 934433 966.661 646.803 449001 312180 761828 172606
2.563 995829 997.912 670.819 456039 310976 767686 228143
2.566 843235 918.278 708.431 466756 309152 776616 66618.8
2.569 833709 913.076 748.033 477667 307304 785719 47989.8
2.571 1.03685e+006 1018.26 775.587 485049 306060 791884 244970
2.574 1.1391e+006 1067.29 818.725 496286 304175 801279 337825
2.577 884471 940.463 864.124 507722 302268 810854 73617.1
2.58 972466 986.137 911.894 519357 300340 820609 151857
2.582 1.01487e+006 1007.41 945.115 527226 299044 827215 187656
2.585 928974 963.833 997.097 539199 297083 837278 91696
2.588 815305 902.942 1051.77 551376 295102 847529 -32224.1
2.591 811149 900.638 1109.26 563759 293102 857970 -46820.5
2.593 777533 881.778 1149.23 572130 291758 865037 -87504.2
2.596 890290 943.552 1211.72 584860 289728 875800 14490.4
2.599 1.00332e+006 1001.66 1277.42 597801 287680 886758 116566
2.602 1.21551e+006 1102.5 1346.46 610953 285615 897915 317590
2.604 1.35004e+006 1161.91 1394.42 619840 284229 905464 444573
2.607 1.09174e+006 1044.86 1469.39 633348 282138 916955 174781
2.61 1.07023e+006 1034.52 1548.14 647072 280031 928650 141580
2.613 1.11835e+006 1057.52 1630.86 661012 277909 940552 177796
2.616 1.17859e+006 1085.63 1717.72 675170 275773 952660 225932
2.618 1.29565e+006 1138.27 1778.02 684730 274341 960849 334805
2.621 1.26446e+006 1124.48 1872.22 699254 272183 973309 291147
2.624 1.18158e+006 1087.01 1971.09 713998 270012 985981 195603
2.627 1.27317e+006 1128.35 2074.85 728965 267828 998868 274303
2.63 1.1261e+006 1061.18 2183.73 744154 265634 1.01197e+006 114131
2.633 899725 948.538 2297.95 759567 263428 1.02529e+006 -125568
2.636 1.05898e+006 1029.07 2417.77 775204 261212 1.03883e+006 20149.9
2.638 1.12084e+006 1058.7 2500.87 785754 259729 1.04798e+006 72851.1
2.641 972509 986.159 2630.56 801768 257497 1.06189e+006 -89386.3
2.644 983768 991.851 2766.53 818007 255256 1.07603e+006 -92261.8
2.647 1.36644e+006 1168.95 2909.07 834474 253006 1.09039e+006 276047
2.65 1.07223e+006 1035.49 3058.46 851168 250749 1.10498e+006 -32746.2
2.653 1.06069e+006 1029.9 3215.01 868091 248485 1.11979e+006 -59095.9
2.656 1.15449e+006 1074.47 3379.03 885241 246214 1.13483e+006 19659.4
2.659 1.33205e+006 1154.14 3550.85 902620 243938 1.15011e+006 181941
2.662 1.46671e+006 1211.08 3730.82 920228 241655 1.16561e+006 301099
2.664 1.40345e+006 1184.67 3855.49 932094 240131 1.17608e+006 227365
2.667 1.35736e+006 1165.06 4049.81 950083 237841 1.19197e+006 165389
2.67 1.28178e+006 1132.16 4253.25 968301 235546 1.2081e+006 73677.6
2.673 1.40647e+006 1185.95 4466.2 986749 233248 1.22446e+006 182012
2.676 1.47133e+006 1212.98 4689.05 1.00542e+006 230948 1.24106e+006 230266
2.679 1.3716e+006 1171.15 4922.24 1.02433e+006 228644 1.2579e+006 113706
2.682 1.19982e+006 1095.36 5166.2 1.04346e+006 226339 1.27497e+006 -75149.6
2.685 1.05843e+006 1028.8 5421.39 1.06282e+006 224033 1.29227e+006 -233843
2.688 1.35215e+006 1162.82 5688.27 1.08241e+006 221726 1.30982e+006 42326.3
2.691 1.61428e+006 1270.54 5967.33 1.10222e+006 219418 1.3276e+006 286679
2.694 1.51624e+006 1231.36 6259.09 1.12226e+006 217110 1.34563e+006 170612
2.697 1.09504e+006 1046.44 6564.06 1.14252e+006 214804 1.36389e+006 -268847
2.7 1.20126e+006 1096.02 6882.79 1.16301e+006 212498 1.38239e+006 -181130
2.703 1.1759e+006 1084.39 7215.84 1.18372e+006 210194 1.40113e+006 -225230
2.706 1.36511e+006 1168.38 7563.8 1.20465e+006 207892 1.4201e+006 -54990.8
2.709 1.47899e+006 1216.14 7927.27 1.2258e+006 205593 1.43932e+006 39670.6
2.712 1.33269e+006 1154.42 8306.89 1.24717e+006 203297 1.45877e+006 -126081
2.715 1.74269e+006 1320.11 8703.28 1.26876e+006 201004 1.47847e+006 264223
2.718 1.80721e+006 1344.33 9117.14 1.29056e+006 198715 1.4984e+006 308818
2.721 1.60032e+006 1265.04 9549.15 1.31258e+006 196431 1.51856e+006 81755.5
2.724 1.52419e+006 1234.58 10000 1.33481e+006 194152 1.53897e+006 -14774.8
2.727 1.4921e+006 1221.52 10470.5 1.35726e+006 191878 1.5596e+006 -67502.6
2.731 1.34254e+006 1158.68 11129.7 1.3875e+006 188856 1.58749e+006 -244949
2.734 1.36291e+006 1167.44 11649 1.41043e+006 186596 1.60867e+006 -245768
2.737 1.67484e+006 1294.16 12190.6 1.43356e+006 184343 1.63009e+006 44749.5
2.74 1.69866e+006 1303.33 12755.3 1.45689e+006 182098 1.65174e+006 46916.6
2.743 1.79168e+006 1338.54 13344.1 1.48042e+006 179860 1.67362e+006 118060
2.746 1.96826e+006 1402.95 13957.8 1.50415e+006 177629 1.69573e+006 272531
2.749 1.68152e+006 1296.73 14597.4 1.52806e+006 175408 1.71807e+006 -36553.7
2.752 1.92317e+006 1386.78 15263.8 1.55218e+006 173195 1.74063e+006 182533
2.755 1.70523e+006 1305.84 15958.2 1.57647e+006 170991 1.76342e+006 -58192.1
2.759 1.67955e+006 1295.97 16929.1 1.60916e+006 168068 1.79415e+006 -114606
2.762 1.67355e+006 1293.66 17692.6 1.63388e+006 165886 1.81746e+006 -143907
2.765 1.69473e+006 1301.82 18487.6 1.65878e+006 163716 1.84099e+006 -146257
2.768 1.56179e+006 1249.72 19315.2 1.68386e+006 161556 1.86473e+006 -302937
2.771 1.53288e+006 1238.09 20176.6 1.70911e+006 159406 1.88869e+006 -355813
2.774 1.8338e+006 1354.18 21073.1 1.73452e+006 157269 1.91286e+006 -79064.7
2.778 2.30385e+006 1517.84 22325.1 1.76866e+006 154436 1.94542e+006 358429
2.781 2.15149e+006 1466.8 23308.3 1.79444e+006 152326 1.97008e+006 181412
2.784 1.89805e+006 1377.7 24331 1.82038e+006 150228 1.99494e+006 -96889
2.787 2.05369e+006 1433.07 25394.4 1.84647e+006 148143 2.02001e+006 33682.1
2.79 2.27497e+006 1508.3 26500.1 1.87271e+006 146071 2.04528e+006 229695
2.794 2.24519e+006 1498.4 28042.7 1.9079e+006 143328 2.07927e+006 165919
2.797 2.01269e+006 1418.69 29252.8 1.93446e+006 141287 2.105e+006 -92304.7
2.8 2.60608e+006 1614.34 30510.2 1.96115e+006 139259 2.13092e+006 475166
2.803 2.67955e+006 1636.93 31816.6 1.98796e+006 137246 2.15702e+006 522530
2.807 2.24892e+006 1499.64 33637.6 2.02389e+006 134584 2.19211e+006 56801.1
2.81 2.20612e+006 1485.3 35064.8 2.05098e+006 132604 2.21865e+006 -12527.7
2.813 2.68979e+006 1640.06 36546.8 2.07817e+006 130639 2.24536e+006 444432
2.816 2.62312e+006 1619.6 38085.3 2.10547e+006 128689 2.27224e+006 350878
2.82 2.33594e+006 1528.38 40227.8 2.14201e+006 126112 2.30835e+006 27582.9
2.823 2.18018e+006 1476.54 41905.7 2.16953e+006 124198 2.33563e+006 -155459
2.826 2.43915e+006 1561.78 43646.5 2.19713e+006 122299 2.36308e+006 76074.3
2.83 3.06022e+006 1749.35 46069.2 2.23406e+006 119792 2.39992e+006 660303
2.833 2.40184e+006 1549.79 47965.1 2.26184e+006 117930 2.42773e+006 -25894.7
2.836 2.12627e+006 1458.17 49931 2.28968e+006 116085 2.4557e+006 -329424
2.84 2.2221e+006 1490.67 52665.1 2.3269e+006 113650 2.49321e+006 -271115
2.843 2.29341e+006 1514.4 54803.3 2.35487e+006 111843 2.52152e+006 -228106
2.846 2.34203e+006 1530.37 57019.1 2.38289e+006 110052 2.54996e+006 -207928
2.85 2.51378e+006 1585.49 60098.6 2.42031e+006 107691 2.5881e+006 -74317
2.853 2.92819e+006 1711.19 62505.2 2.44841e+006 105940 2.61685e+006 311337
2.856 2.58708e+006 1608.44 64997.9 2.47653e+006 104206 2.64573e+006 -58650.9
2.86 2.03934e+006 1428.05 68459.6 2.51405e+006 101920 2.68443e+006 -645092
2.863 2.28552e+006 1511.79 71163.2 2.5422e+006 100226 2.71359e+006 -428075
2.867 3.43993e+006 1854.71 74916 2.57974e+006 97994.5 2.75265e+006 687280
2.87 3.90355e+006 1975.74 77845.5 2.60789e+006 96341 2.78207e+006 1.12147e+006
2.874 3.507e+006 1872.7 81910 2.64539e+006 94163.6 2.82146e+006 685537
2.877 3.62959e+006 1905.15 85081.2 2.67349e+006 92551 2.85112e+006 778474
2.88 3.23078e+006 1797.44 88361.1 2.70155e+006 90956 2.88087e+006 349908
2.884 2.78737e+006 1669.54 92908.7 2.73891e+006 88856.9 2.92068e+006 -133314
2.887 3.20955e+006 1791.52 96454.3 2.76688e+006 87303.2 2.95064e+006 258913
2.891 3.13238e+006 1769.85 101368 2.80408e+006 85259.3 2.99071e+006 141670
2.894 2.38425e+006 1544.1 105197 2.8319e+006 83747 3.02085e+006 -636599
2.898 2.51084e+006 1584.56 110501 2.86888e+006 81758.4 3.06114e+006 -550305
2.901 3.12756e+006 1768.49 114633 2.89653e+006 80287.7 3.09145e+006 36115.3
2.905 2.45117e+006 1565.62 120353 2.93324e+006 78354.4 3.13194e+006 -680778
2.908 2.45086e+006 1565.52 124806 2.96065e+006 76925.2 3.16239e+006 -711528
2.912 2.88798e+006 1699.4 130969 2.99704e+006 75047.2 3.20306e+006 -315078
2.915 3.04971e+006 1746.34 135764 3.02419e+006 73659.4 3.23361e+006 -183905
2.919 3.21921e+006 1794.22 142397 3.06019e+006 71836.6 3.27443e+006 -55215.6
2.922 3.20364e+006 1789.87 147555 3.08704e+006 70490.1 3.30508e+006 -101447
2.926 2.78846e+006 1669.87 154687 3.1226e+006 68722.2 3.34601e+006 -557548
2.929 3.33215e+006 1825.42 160232 3.1491e+006 67416.9 3.37674e+006 -44594.3
2.933 3.06591e+006 1750.97 167893 3.18416e+006 65703.6 3.41776e+006 -351854
2.937 3.44104e+006 1855.01 175870 3.21892e+006 64021.4 3.45882e+006 -17771.4
2.94 3.93285e+006 1983.14 182067 3.24478e+006 62780 3.48963e+006 443219
2.944 3.22321e+006 1795.33 190623 3.27896e+006 61151.7 3.53073e+006 -307523
2.947 3.47905e+006 1865.22 197266 3.30435e+006 59950.6 3.56157e+006 -82519.1
2.951 3.13577e+006 1770.81 206434 3.33789e+006 58375.8 3.6027e+006 -466930
2.955 2.70649e+006 1645.14 215966 3.37103e+006 56831.2 3.64383e+006 -937341
2.958 2.93385e+006 1712.85 223361 3.39562e+006 55692.5 3.67468e+006 -740828
2.962 3.82888e+006 1956.75 233559 3.42804e+006 54200.4 3.71579e+006 113081
2.965 3.56022e+006 1886.85 241467 3.45206e+006 53100.8 3.74662e+006 -186407
2.969 3.14194e+006 1772.55 252366 3.48368e+006 51660.5 3.78771e+006 -645766
2.973 2.79685e+006 1672.38 263682 3.51484e+006 50249.4 3.82877e+006 -1.03192e+006
2.977 2.82673e+006 1681.29 275427 3.5455e+006 48867.3 3.8698e+006 -1.04306e+006
2.98 3.30711e+006 1818.55 284524 3.56817e+006 47849.6 3.90054e+006 -593430
2.984 3.71723e+006 1928.01 297050 3.59793e+006 46517.7 3.94149e+006 -224267
2.988 3.42202e+006 1849.87 310039 3.62715e+006 45213.9 3.9824e+006 -560380
2.991 3.34981e+006 1830.25 320093 3.6487e+006 44254.5 4.01305e+006 -663240
2.995 4.01945e+006 2004.86 333923 3.67693e+006 42999.5 4.05386e+006 -34406.6
2.999 4.48119e+006 2116.88 348252 3.70458e+006 41771.9 4.09461e+006 386578
3.003 5.0809e+006 2254.08 363093 3.73163e+006 40571.5 4.1353e+006 945601
3.006 4.03738e+006 2009.32 374567 3.75151e+006 39688.8 4.16577e+006 -128393
3.01 3.85269e+006 1962.83 390336 3.77747e+006 38535 4.20634e+006 -353646
3.014 3.83427e+006 1958.13 406652 3.80278e+006 37407.5 4.24683e+006 -412562
3.018 3.88462e+006 1970.94 423530 3.82742e+006 36305.9 4.28726e+006 -402642
3.021 3.91812e+006 1979.42 436565 3.84546e+006 35496.4 4.31752e+006 -399407
3.025 3.94208e+006 1985.47 454459 3.86892e+006 34439.3 4.35781e+006 -415737
3.029 4.03888e+006 2009.7 472951 3.89167e+006 33407.2 4.39802e+006 -359148
3.033 3.9751e+006 1993.77 492056 3.9137e+006 32399.6 4.43816e+006 -463055
3.037 4.41966e+006 2102.3 511788 3.935e+006 31416.3 4.47821e+006 -58545.9
3.041 4.52326e+006 2126.79 532159 3.95557e+006 30456.9 4.51818e+006 5073.77
3.044 4.69984e+006 2167.91 547866 3.97049e+006 29752.8 4.54811e+006 151728
3.048 5.32439e+006 2307.46 569391 3.98972e+006 28834.3 4.58795e+006 736443
3.052 5.31432e+006 2305.28 591593 4.00817e+006 27938.8 4.62771e+006 686611
3.056 5.21441e+006 2283.51 614486 4.02584e+006 27065.7 4.66739e+006 547023
3.06 4.92512e+006 2219.26 638083 4.0427e+006 26214.8 4.707e+006 218116
3.064 4.25968e+006 2063.9 662399 4.05876e+006 25385.8 4.74654e+006 -486861
3.068 4.84781e+006 2201.77 687446 4.07399e+006 24578.1 4.78601e+006 61794.3
3.072 4.29695e+006 2072.91 713237 4.08839e+006 23791.5 4.82542e+006 -528464
3.076 3.77819e+006 1943.76 739786 4.10195e+006 23025.5 4.86476e+006 -1.08657e+006
3.079 3.96083e+006 1990.18 760202 4.11156e+006 22464.4 4.89423e+006 -933405
3.083 4.40654e+006 2099.18 788107 4.12364e+006 21733.8 4.93348e+006 -526936
3.087 4.0421e+006 2010.5 816804 4.13484e+006 21022.8 4.97267e+006 -930574
3.091 4.29404e+006 2072.21 846305 4.14518e+006 20331.1 5.01182e+006 -717775
3.095 4.38281e+006 2093.52 876623 4.15464e+006 19658.3 5.05093e+006 -668116
3.099 4.95814e+006 2226.69 907769 4.16322e+006 19004.1 5.09e+006 -131862
3.103 6.09334e+006 2468.47 939755 4.17092e+006 18368 5.12904e+006 964300
3.107 5.88725e+006 2426.37 972591 4.17771e+006 17749.8 5.16806e+006 719199
3.111 5.392e+006 2322.07 1.00629e+006 4.18362e+006 17149 5.20705e+006 184948
3.115 5.73665e+006 2395.13 1.04086e+006 4.18862e+006 16565.4 5.24604e+006 490609
3.12 6.18411e+006 2486.79 1.08531e+006 4.19359e+006 15859.3 5.29476e+006 889350
3.124 6.34434e+006 2518.8 1.12188e+006 4.19655e+006 15312.8 5.33374e+006 1.0106e+006
3.128 5.90893e+006 2430.83 1.15935e+006 4.1986e+006 14782.2 5.37273e+006 536197
3.132 5.80076e+006 2408.48 1.19773e+006 4.19974e+006 14267.3 5.41174e+006 389022
3.136 5.64045e+006 2374.96 1.23703e+006 4.19997e+006 13767.5 5.45076e+006 189686
3.14 6.04264e+006 2458.18 1.27725e+006 4.19929e+006 13282.7 5.48982e+006 552822
3.144 5.8275e+006 2414.02 1.31841e+006 4.19769e+006 12812.5 5.52891e+006 298589
3.148 5.17188e+006 2274.18 1.36051e+006 4.19519e+006 12356.5 5.56805e+006 -396168
3.152 6.58848e+006 2566.8 1.40355e+006 4.19177e+006 11914.4 5.60724e+006 981244
3.156 7.19545e+006 2682.43 1.44755e+006 4.18745e+006 11485.9 5.64648e+006 1.54896e+006
3.161 6.55306e+006 2559.89 1.50388e+006 4.18078e+006 10968.8 5.69563e+006 857430
3.165 5.88538e+006 2425.98 1.55003e+006 4.17443e+006 10569.7 5.73503e+006 150348
3.169 5.66821e+006 2380.8 1.59714e+006 4.16718e+006 10183 5.77451e+006 -106303
3.173 5.31256e+006 2304.9 1.64522e+006 4.15905e+006 9808.64 5.81407e+006 -501515
3.177 6.14792e+006 2479.5 1.69426e+006 4.15002e+006 9446.16 5.85373e+006 294194
3.182 6.21754e+006 2493.5 1.75692e+006 4.13751e+006 9009.37 5.90344e+006 314106
3.186 6.43213e+006 2536.16 1.80813e+006 4.12652e+006 8672.62 5.94332e+006 488804
3.19 6.53163e+006 2555.7 1.86031e+006 4.11466e+006 8346.82 5.98332e+006 548306
3.194 6.34786e+006 2519.5 1.91345e+006 4.10195e+006 8031.7 6.02343e+006 324426
3.199 6.63893e+006 2576.61 1.98122e+006 4.08487e+006 7652.37 6.07374e+006 565192
3.203 6.35882e+006 2521.67 2.03651e+006 4.07026e+006 7360.23 6.11413e+006 244691
3.207 6.236e+006 2497.2 2.09275e+006 4.05482e+006 7077.86 6.15465e+006 81343.7
3.211 6.49853e+006 2549.22 2.14994e+006 4.03856e+006 6804.99 6.1953e+006 303223
3.216 7.59039e+006 2755.07 2.22273e+006 4.01711e+006 6476.87 6.24631e+006 1.34408e+006
3.22 7.54656e+006 2747.1 2.282e+006 3.99905e+006 6224.44 6.28727e+006 1.25929e+006
3.224 5.92703e+006 2434.55 2.34219e+006 3.9802e+006 5980.67 6.32837e+006 -401348
3.229 5.83304e+006 2415.17 2.4187e+006 3.95557e+006 5687.79 6.37995e+006 -546914
3.233 6.57217e+006 2563.63 2.48091e+006 3.935e+006 5462.64 6.42137e+006 150800
3.238 7.31758e+006 2705.1 2.5599e+006 3.90826e+006 5192.27 6.47335e+006 844235
3.242 7.29186e+006 2700.34 2.62406e+006 3.88605e+006 4984.54 6.51509e+006 776771
3.246 8.29615e+006 2880.3 2.68906e+006 3.86312e+006 4784.19 6.55697e+006 1.73918e+006
3.251 6.82275e+006 2612.04 2.77148e+006 3.83348e+006 4543.8 6.60951e+006 213242
3.255 8.97966e+006 2996.61 2.83833e+006 3.809e+006 4359.25 6.65168e+006 2.32797e+006
3.26 1.34709e+007 3670.28 2.92298e+006 3.77747e+006 4137.93 6.70459e+006 6.76634e+006
3.264 9.47629e+006 3078.36 2.99157e+006 3.75151e+006 3968.12 6.74705e+006 2.72924e+006
3.268 7.42712e+006 2725.27 3.06089e+006 3.72493e+006 3804.54 6.78962e+006 637502
3.273 6.38391e+006 2526.64 3.14855e+006 3.69083e+006 3608.52 6.84299e+006 -459082
3.277 6.61952e+006 2572.84 3.21945e+006 3.66289e+006 3458.24 6.8858e+006 -266275
3.282 6.48142e+006 2545.86 3.309e+006 3.62715e+006 3278.26 6.93943e+006 -458010
3.286 6.62223e+006 2573.37 3.38135e+006 3.59793e+006 3140.35 6.98242e+006 -360191
3.291 7.11538e+006 2667.47 3.47264e+006 3.56064e+006 2975.28 7.03625e+006 79127.3
3.295 7.25805e+006 2694.08 3.5463e+006 3.53023e+006 2848.87 7.07938e+006 178667
3.3 8.53128e+006 2920.83 3.63912e+006 3.49152e+006 2697.64 7.13334e+006 1.39794e+006
3.305 9.41686e+006 3068.69 3.73272e+006 3.45206e+006 2553.66 7.18733e+006 2.22953e+006
3.309 9.08084e+006 3013.44 3.80811e+006 3.41997e+006 2443.49 7.23053e+006 1.85031e+006
3.314 8.46548e+006 2909.55 3.90293e+006 3.37925e+006 2311.8 7.2845e+006 1.18098e+006
3.318 9.48146e+006 3079.2 3.97922e+006 3.34621e+006 2211.09 7.32764e+006 2.15382e+006
3.323 9.14856e+006 3024.66 4.07504e+006 3.30435e+006 2090.78 7.38149e+006 1.76708e+006
3.328 9.20997e+006 3034.79 4.17132e+006 3.26191e+006 1976.41 7.43521e+006 1.77476e+006
3.332 1.05684e+007 3250.91 4.24863e+006 3.22756e+006 1889.03 7.47808e+006 3.09034e+006
3.337 1.00196e+007 3165.37 4.34553e+006 3.18416e+006 1784.71 7.53148e+006 2.4881e+006
3.342 7.55596e+006 2748.81 4.44268e+006 3.14028e+006 1685.65 7.58465e+006 -28683.1
3.346 7.72059e+006 2778.59 4.52051e+006 3.10485e+006 1610.01 7.62698e+006 93611
3.351 8.50344e+006 2916.07 4.61788e+006 3.06019e+006 1519.81 7.67959e+006 823847
3.356 8.03555e+006 2834.71 4.71525e+006 3.01515e+006 1434.22 7.73184e+006 303717
3.36 7.20904e+006 2684.96 4.79309e+006 2.97887e+006 1368.93 7.77333e+006 -564293
3.365 7.23754e+006 2690.27 4.89024e+006 2.93324e+006 1291.13 7.82477e+006 -587227
3.37 8.71522e+006 2952.16 4.98715e+006 2.88732e+006 1217.38 7.87569e+006 839533
3.375 9.19603e+006 3032.5 5.08372e+006 2.84116e+006 1147.49 7.92603e+006 1.27e+006
3.379 8.23893e+006 2870.35 5.16067e+006 2.80408e+006 1094.24 7.96585e+006 273082
3.384 8.26424e+006 2874.76 5.2564e+006 2.75756e+006 1030.85 8.015e+006 249239
3.389 8.23818e+006 2870.22 5.35153e+006 2.7109e+006 970.844 8.0634e+006 174775
3.394 8.06168e+006 2839.31 5.44596e+006 2.66412e+006 914.049 8.111e+006 -49322.6
3.399 8.85539e+006 2975.8 5.5396e+006 2.61726e+006 860.313 8.15773e+006 697665
3.403 8.89987e+006 2983.26 5.61388e+006 2.57974e+006 819.428 8.19444e+006 705430
3.408 9.12809e+006 3021.27 5.70584e+006 2.53282e+006 770.831 8.23943e+006 888662
3.413 1.01505e+007 3185.98 5.79674e+006 2.48591e+006 724.895 8.28337e+006 1.86712e+006
3.418 9.84446e+006 3137.59 5.88647e+006 2.43904e+006 681.489 8.32619e+006 1.51827e+006
3.423 8.92496e+006 2987.47 5.97494e+006 2.39224e+006 640.486 8.36781e+006 557144
3.428 8.18288e+006 2860.57 6.06204e+006 2.34554e+006 601.767 8.40818e+006 -225303
3.433 8.62564e+006 2936.94 6.14769e+006 2.29897e+006 565.216 8.44723e+006 178419
3.438 9.69049e+006 3112.95 6.23177e+006 2.25257e+006 530.723 8.48487e+006 1.20562e+006
3.443 8.47042e+006 2910.4 6.31421e+006 2.20635e+006 498.183 8.52106e+006 -50635.2
3.448 7.7934e+006 2791.67 6.39489e+006 2.16035e+006 467.495 8.55571e+006 -762302
3.453 7.09293e+006 2663.26 6.47373e+006 2.11459e+006 438.564 8.58876e+006 -1.49582e+006
3.458 7.93403e+006 2816.74 6.55063e+006 2.06909e+006 411.297 8.62014e+006 -686112
3.463 1.03515e+007 3217.38 6.62551e+006 2.02389e+006 385.609 8.64979e+006 1.70173e+006
3.468 1.01487e+007 3185.7 6.69826e+006 1.97901e+006 361.414 8.67763e+006 1.47104e+006
3.473 9.26683e+006 3044.15 6.76881e+006 1.93446e+006 338.634 8.70361e+006 563217
3.478 7.77271e+006 2787.96 6.83707e+006 1.89027e+006 317.193 8.72766e+006 -954951
3.483 8.18185e+006 2860.39 6.90295e+006 1.84647e+006 297.019 8.74972e+006 -567865
3.488 8.89704e+006 2982.79 6.96637e+006 1.80307e+006 278.043 8.76972e+006 127319
3.493 8.33761e+006 2887.49 7.02725e+006 1.76009e+006 260.2 8.78761e+006 -450004
3.498 9.21268e+006 3035.24 7.08552e+006 1.71756e+006 243.428 8.80333e+006 409350
3.503 9.24408e+006 3040.41 7.1411e+006 1.67548e+006 227.668 8.81681e+006 427261
3.508 8.44038e+006 2905.23 7.19393e+006 1.63388e+006 212.863 8.82802e+006 -387640
3.514 8.70022e+006 2949.61 7.25358e+006 1.58461e+006 196.283 8.83839e+006 -138171
3.519 9.90287e+006 3146.88 7.3001e+006 1.54412e+006 183.395 8.8444e+006 1.05847e+006
3.524 9.87457e+006 3142.38 7.34366e+006 1.50415e+006 171.302 8.84797e+006 1.0266e+006
3.529 8.17915e+006 2859.92 7.38419e+006 1.46471e+006 159.957 8.84907e+006 -669915
3.534 7.02176e+006 2649.86 7.42166e+006 1.42583e+006 149.318 8.84764e+006 -1.82587e+006
3.54 7.33511e+006 2708.34 7.4625e+006 1.37991e+006 137.426 8.84254e+006 -1.50743e+006
3.545 8.25871e+006 2873.8 7.49304e+006 1.34227e+006 128.199 8.83544e+006 -576730
3.55 7.80271e+006 2793.33 7.52037e+006 1.30522e+006 119.556 8.82571e+006 -1.023e+006
3.556 7.28008e+006 2698.16 7.54887e+006 1.26154e+006 109.905 8.81052e+006 -1.53044e+006
3.561 9.02145e+006 3003.57 7.569e+006 1.2258e+006 102.426 8.79491e+006 226544
3.566 9.34583e+006 3057.1 7.58582e+006 1.19067e+006 95.4268 8.77659e+006 569242
3.572 8.31299e+006 2883.23 7.6016e+006 1.14932e+006 87.6209 8.75101e+006 -438022
3.577 7.79879e+006 2792.63 7.61106e+006 1.11555e+006 81.5787 8.72669e+006 -927904
3.582 7.84244e+006 2800.44 7.61714e+006 1.08241e+006 75.93 8.69962e+006 -857185
3.588 9.21305e+006 3035.3 7.61998e+006 1.04346e+006 69.6374 8.66351e+006 549533
3.593 8.211e+006 2865.49 7.61863e+006 1.0117e+006 64.772 8.6304e+006 -419390
3.599 7.61949e+006 2760.34 7.61254e+006 974425 59.3562 8.58703e+006 -967543
3.604 8.0902e+006 2844.33 7.60376e+006 944061 55.1721 8.54788e+006 -457683
3.609 8.0446e+006 2836.3 7.59162e+006 914333 51.2673 8.506e+006 -461399
3.615 6.23174e+006 2496.35 7.57263e+006 879499 46.9256 8.45218e+006 -2.22044e+006
3.62 6.30573e+006 2511.12 7.55316e+006 851168 43.5752 8.40437e+006 -2.09864e+006
3.626 6.90822e+006 2628.35 7.52545e+006 818007 39.8529 8.34349e+006 -1.43527e+006
3.631 7.76877e+006 2787.25 7.49877e+006 791067 36.9826 8.28987e+006 -521100
3.637 8.72369e+006 2953.59 7.4625e+006 759567 33.7962 8.2221e+006 501588
3.643 9.25947e+006 3042.94 7.42166e+006 728965 30.8707 8.15066e+006 1.10881e+006
3.648 7.31922e+006 2705.41 7.38419e+006 704144 28.6177 8.08837e+006 -769150
3.654 5.99821e+006 2449.12 7.33518e+006 675170 26.1194 8.01038e+006 -2.01217e+006
3.659 5.72581e+006 2392.87 7.29103e+006 651694 24.1969 7.94275e+006 -2.21693e+006
3.665 6.27395e+006 2504.79 7.23415e+006 624319 22.0668 7.85849e+006 -1.58455e+006
3.671 5.9714e+006 2443.64 7.17313e+006 597801 20.1153 7.77095e+006 -1.79955e+006
3.676 5.79184e+006 2406.62 7.1192e+006 576350 18.6154 7.69557e+006 -1.90373e+006
3.682 6.05718e+006 2461.13 7.05088e+006 551376 16.9555 7.60227e+006 -1.5451e+006
3.688 6.38929e+006 2527.7 6.97875e+006 527226 15.4369 7.50599e+006 -1.1167e+006
3.693 7.30725e+006 2703.19 6.91583e+006 507722 14.271 7.42357e+006 -116316
3.699 7.27944e+006 2698.04 6.83707e+006 485049 12.9823 7.32213e+006 -42688.8
3.705 6.66152e+006 2580.99 6.75489e+006 463163 11.8048 7.21806e+006 -556536
3.711 5.63227e+006 2373.24 6.66942e+006 442048 10.7294 7.11148e+006 -1.47921e+006
3.716 6.17203e+006 2484.36 6.59581e+006 425031 9.90513 7.02085e+006 -848816
3.722 6.54871e+006 2559.05 6.50473e+006 405291 8.99553 6.91003e+006 -361315
3.728 6.7694e+006 2601.81 6.41081e+006 386279 8.16588 6.7971e+006 -27698.6
3.734 6.7741e+006 2602.71 6.31421e+006 367979 7.40948 6.68219e+006 91909.1
3.74 5.94487e+006 2438.21 6.21508e+006 350375 6.72019 6.56547e+006 -620601
3.746 6.30352e+006 2510.68 6.11361e+006 333451 6.09235 6.44707e+006 -143550
3.752 6.03167e+006 2455.95 6.00995e+006 317188 5.52074 6.32714e+006 -295467
3.758 5.54828e+006 2355.48 5.90427e+006 301572 5.00056 6.20584e+006 -657564
3.763 5.21474e+006 2283.58 5.81478e+006 289039 4.60318 6.10383e+006 -889086
3.769 5.02412e+006 2241.45 5.70584e+006 274562 4.1661 5.98041e+006 -956291
3.775 5.15188e+006 2269.78 5.59537e+006 260683 3.76886 5.85605e+006 -704173
3.781 5.84725e+006 2418.11 5.48352e+006 247385 3.408 5.73091e+006 116336
3.787 7.23492e+006 2689.78 5.37048e+006 234650 3.08034 5.60513e+006 1.62979e+006
3.793 5.15151e+006 2269.69 5.2564e+006 222463 2.78296 5.47887e+006 -327354
3.8 3.92404e+006 1980.92 5.12223e+006 208912 2.47073 5.33115e+006 -1.40711e+006
3.806 4.02983e+006 2007.44 5.00649e+006 197852 2.23008 5.20435e+006 -1.17452e+006
3.812 3.89513e+006 1973.61 4.89024e+006 187285 2.01198 5.07753e+006 -1.1824e+006
3.818 4.07666e+006 2019.07 4.77363e+006 177197 1.81442 4.95083e+006 -874172
3.824 4.16492e+006 2040.81 4.65683e+006 167569 1.63554 4.8244e+006 -659478
3.83 5.78615e+006 2405.44 4.53998e+006 158388 1.47364 4.69837e+006 1.08778e+006
3.836 6.25121e+006 2500.24 4.42324e+006 149636 1.32719 4.57287e+006 1.67834e+006
3.843 4.68052e+006 2163.45 4.28735e+006 139949 1.17396 4.4273e+006 253216
3.849 4.06706e+006 2016.69 4.17132e+006 132076 1.05629 4.3034e+006 -236342
3.855 3.94758e+006 1986.85 4.05584e+006 124586 0.949988 4.18042e+006 -232840
3.861 4.09615e+006 2023.9 3.94103e+006 117462 0.854011 4.05849e+006 37659.4
3.868 4.30721e+006 2075.38 3.80811e+006 109597 0.753804 3.91771e+006 389505
3.874 4.07527e+006 2018.73 3.69519e+006 103222 0.677002 3.79841e+006 276857
3.88 3.02313e+006 1738.71 3.58333e+006 97169.5 0.607759 3.6805e+006 -657371
3.887 2.9172e+006 1707.98 3.45431e+006 90499.7 0.535576 3.54481e+006 -627602
3.893 3.31011e+006 1819.37 3.3451e+006 85103.3 0.48034 3.43021e+006 -120091
3.899 4.00842e+006 2002.1 3.23728e+006 79989.6 0.430611 3.31727e+006 691151
3.906 3.51787e+006 1875.6 3.11335e+006 74364.7 0.378853 3.18772e+006 330154
3.912 2.37203e+006 1540.14 3.00883e+006 69822.3 0.339307 3.07865e+006 -706625
3.919 2.39935e+006 1548.98 2.88898e+006 64832.2 0.298192 2.95381e+006 -554456
3.925 2.92588e+006 1710.52 2.78812e+006 60807.7 0.266812 2.84893e+006 76949.9
3.932 2.64904e+006 1627.59 2.67274e+006 56392.2 0.234221 2.72913e+006 -80082.8
3.938 2.44364e+006 1563.21 2.57586e+006 52835.6 0.209374 2.62869e+006 -185058
3.945 2.64915e+006 1627.62 2.46527e+006 48938.5 0.183594 2.51421e+006 134935
3.951 3.19537e+006 1787.56 2.37263e+006 45803.5 0.163962 2.41843e+006 776942
3.958 3.2991e+006 1816.34 2.2671e+006 42372.8 0.143614 2.30947e+006 989630
3.964 1.92307e+006 1386.75 2.17888e+006 39616.4 0.128135 2.2185e+006 -295430
3.971 1.78484e+006 1335.98 2.07861e+006 36603.8 0.112109 2.11521e+006 -330369
3.978 2.31084e+006 1520.14 1.98122e+006 33797.8 0.0980285 2.01502e+006 295814
3.984 2.98544e+006 1727.84 1.90008e+006 31547.9 0.0873344 1.93162e+006 1.05382e+006
3.991 1.69307e+006 1301.18 1.80813e+006 29093.5 0.076281 1.83723e+006 -144158
3.998 1.66664e+006 1290.98 1.71914e+006 26812.3 0.0665866 1.74595e+006 -79314.8
4.004 1.48042e+006 1216.72 1.64522e+006 24986.6 0.0592357 1.67021e+006 -189788
4.011 1.50432e+006 1226.51 1.56172e+006 22999 0.0516502 1.58472e+006 -80395
4.018 1.71728e+006 1310.45 1.48117e+006 21155.4 0.0450092 1.50233e+006 214954
4.025 2.61089e+006 1615.83 1.40355e+006 19446.6 0.0391985 1.423e+006 1.18789e+006
4.032 1.67757e+006 1295.21 1.32885e+006 17864 0.0341177 1.34671e+006 330864
4.038 1.48021e+006 1216.64 1.26711e+006 16601.6 0.0302757 1.28371e+006 196503
4.045 972821 986.317 1.19773e+006 15231.7 0.0263221 1.21296e+006 -240137
4.052 800070 894.466 1.13116e+006 13965.5 0.0228712 1.14512e+006 -345055
4.059 786315 886.744 1.06736e+006 12796.1 0.0198607 1.08016e+006 -293844
4.066 927992 963.323 1.00629e+006 11716.8 0.0172363 1.01801e+006 -90013.4
4.073 1.31665e+006 1147.45 947884 10721.4 0.0149496 958605 358046
4.08 1.03246e+006 1016.1 892092 9804.09 0.0129586 901896 130564
4.087 866017 930.6 838854 8959.27 0.011226 847813 18203.4
4.094 681641 825.616 788107 8181.8 0.00971931 796289 -114647
4.101 508041 712.77 739786 7466.84 0.00840977 747253 -239211
4.108 628683 792.895 693823 6809.82 0.00727232 700633 -71950.6
4.116 867296 931.287 644095 6124.44 0.006155 650219 217077
4.123 646118 803.815 602952 5577.59 0.0053157 608530 37588.6
4.13 508696 713.23 563947 5076.19 0.0045881 569023 -60326.5
4.137 568869 754.234 527006 4616.79 0.00395772 531623 37246.4
4.144 535075 731.488 492056 4196.17 0.00341192 496253 38822.8
4.152 404412 635.934 454459 3759.12 0.00287757 458218 -53805.5
4.159 401448 633.599 423530 3411.78 0.00247755 426942 -25493.8
4.166 357522 597.931 394363 3094.48 0.00213186 397457 -39935.1
4.173 356763 597.296 366885 2804.81 0.00183331 369690 -12926.7
4.181 286357 535.124 337458 2504.78 0.00154182 339963 -53605.5
4.188 269062 518.712 313360 2267.09 0.0013242 315627 -46565.4
4.196 323991 569.202 287613 2021.28 0.00111203 289634 34356.4
4.203 307157 554.218 266577 1826.86 0.000953851 268404 38753.4
4.211 246770 496.76 244153 1626.14 0.000799846 245779 990.765
4.218 230030 479.614 225874 1467.63 0.000685194 227342 2688.11
4.226 185369 430.545 206434 1304.25 0.000573724 207738 -22369
4.233 170021 412.336 190623 1175.45 0.000490855 191798 -21777.2
4.241 152383 390.363 173846 1042.89 0.0004104 174888 -22505
4.248 139916 374.053 160232 938.559 0.000350672 161170 -21254.6
4.256 188143 433.754 145818 831.364 0.000292765 146649 41493.3
4.264 199574 446.737 132550 735.772 0.000244229 133286 66287.6
4.271 211506 459.898 121821 660.719 0.000208275 122482 89024.2
4.279 166547 408.102 110501 583.796 0.000173492 111085 55462.3
4.287 112251 335.039 100119 515.382 0.000144405 100635 11616.2
4.294 105596 324.956 91752.7 461.8 0.000122905 92214.5 13382
4.302 119921 346.296 82955.2 407.018 0.000102149 83362.2 36558.7
4.31 128051 357.843 74916 358.424 8.48325e-005 75274.5 52776.8
4.318 103576 321.832 67579.1 315.357 7.03964e-005 67894.4 35681.3
4.326 83655.1 289.232 60891.4 277.224 5.83713e-005 61168.7 22486.5
4.334 64894.4 254.744 54803.3 243.491 4.83625e-005 55046.8 9847.6
4.342 108505 329.401 49267.8 213.676 4.00386e-005 49481.5 59023.6
4.35 136877 369.969 44241.1 187.35 3.31215e-005 44428.5 92448.7
4.358 125865 354.774 39682.2 164.124 2.7378e-005 39846.3 86018.4
4.366 96339.3 310.386 35552.6 143.653 2.26128e-005 35696.3 60643
4.374 82165.4 286.645 31816.6 125.626 1.86624e-005 31942.3 50223.1
4.382 65394.5 255.723 28440.9 109.766 1.53901e-005 28550.6 36843.8
4.39 81306.4 285.143 25394.4 95.8249 1.26817e-005 25490.2 55816.2
4.398 123899 351.993 22648.5 83.5819 1.04417e-005 22732.1 101167
4.406 182041 426.663 20176.6 72.8397 8.59067e-006 20249.4 161792
4.414 262408 512.257 17954 63.4231 7.06226e-006 18017.5 244390
4.423 284266 533.166 15723.6 54.2201 5.66004e-006 15777.8 268488
