1.772 249135 499.135 2.55587e-006 16.5393 42071 42087.6 207048
1.773 249125 499.124 2.63514e-006 16.8347 42360.4 42377.2 206748
1.774 249312 499.312 2.71682e-006 17.1352 42651.4 42668.5 206644
1.775 249762 499.762 2.80099e-006 17.4408 42943.9 42961.3 206801
1.777 250348 500.348 2.97708e-006 18.0677 43533.6 43551.7 206797
1.778 250858 500.857 3.06916e-006 18.3892 43830.9 43849.3 207009
1.779 251150 501.149 3.16403e-006 18.7161 44129.8 44148.5 207002
1.78 251260 501.259 3.26179e-006 19.0487 44430.2 44449.3 206811
1.781 251384 501.382 3.3625e-006 19.3868 44732.3 44751.7 206632
1.783 251766 501.763 3.57318e-006 20.0806 45341.2 45361.3 206405
1.784 252540 502.534 3.68333e-006 20.4363 45648.1 45668.5 206872
1.785 253601 503.588 3.79681e-006 20.798 45956.6 45977.4 207624
1.786 252685 502.678 3.91372e-006 21.1659 46266.7 46287.9 206397
1.788 237370 487.206 4.15825e-006 21.9204 46891.9 46913.8 190456
1.789 195851 442.55 4.28607e-006 22.3073 47206.9 47229.2 148622
1.79 189239 435.017 4.41776e-006 22.7006 47523.6 47546.3 141693
1.791 209656 457.882 4.55341e-006 23.1007 47841.9 47865 161791
1.793 223390 472.642 4.8371e-006 23.921 48483.5 48507.4 174883
1.794 240927 490.843 4.98538e-006 24.3416 48806.8 48831.2 192095
1.795 269615 519.244 5.13812e-006 24.7693 49131.8 49156.6 220458
1.796 276190 525.537 5.29545e-006 25.2041 49458.4 49483.6 226706
1.798 252962 502.954 5.62443e-006 26.0958 50116.8 50142.9 202820
1.799 215361 464.07 5.79636e-006 26.5528 50448.4 50475 164886
1.8 215633 464.363 5.97345e-006 27.0176 50781.8 50808.8 164824
1.801 253595 503.583 6.15585e-006 27.4901 51116.9 51144.4 202451
1.803 267165 516.88 6.53719e-006 28.4589 51792.1 51820.6 215345
1.804 239317 489.2 6.73647e-006 28.9555 52132.3 52161.3 187155
1.805 215980 464.737 6.9417e-006 29.4604 52474.2 52503.7 163477
1.807 210247 458.527 7.37075e-006 30.4955 53163.2 53193.7 157053
1.808 215594 464.321 7.59493e-006 31.026 53510.2 53541.3 162053
1.809 213310 461.855 7.82579e-006 31.5653 53859 53890.6 159419
1.81 224320 473.625 8.06354e-006 32.1136 54209.6 54241.7 170079
1.812 230601 480.209 8.5605e-006 33.2376 54915.8 54949.1 175652
1.813 221317 470.443 8.82013e-006 33.8136 55271.6 55305.4 166011
1.814 228816 478.347 9.08748e-006 34.3992 55629.1 55663.5 173152
1.816 244259 494.226 9.64627e-006 35.5995 56349.4 56385 187874
1.817 249792 499.792 9.93816e-006 36.2145 56712.2 56748.4 193044
1.818 224186 473.483 1.02387e-005 36.8397 57076.7 57113.6 167073
1.819 215436 464.15 1.05482e-005 37.4752 57443.1 57480.6 157955
1.821 235156 484.929 1.11949e-005 38.7778 58181.1 58219.9 176936
1.822 243342 493.297 1.15327e-005 39.4452 58552.7 58592.2 184750
1.823 229207 478.755 1.18805e-005 40.1236 58926.2 58966.3 170240
1.825 219230 468.22 1.26073e-005 41.5139 59678.5 59720 159510
1.826 246746 496.736 1.29868e-005 42.2262 60057.4 60099.6 186647
1.827 302423 549.93 1.33776e-005 42.9501 60438 60481 241942
1.829 281651 530.708 1.4194e-005 44.4337 61204.8 61249.2 220402
1.83 221290 470.415 1.46204e-005 45.1938 61590.9 61636.1 159654
1.831 238356 488.217 1.50593e-005 45.9662 61978.8 62024.7 176331
1.832 220170 469.222 1.55111e-005 46.7512 62368.5 62415.3 157754
1.834 211350 459.728 1.6455e-005 48.3599 63153.5 63201.8 148148
1.835 229298 478.85 1.69479e-005 49.1838 63548.7 63597.9 165700
1.836 240589 490.499 1.74552e-005 50.0212 63945.8 63995.8 176594
1.838 223101 472.336 1.85149e-005 51.737 64745.4 64797.2 158304
1.839 247165 497.157 1.90682e-005 52.6158 65148 65200.6 181964
1.84 253614 503.601 1.96377e-005 53.5088 65552.5 65606 188008
1.842 228795 478.325 2.08272e-005 55.3384 66367 66422.3 162372
1.843 210125 458.394 2.14481e-005 56.2754 66777 66833.3 143292
1.844 217621 466.499 2.20872e-005 57.2276 67188.9 67246.1 150375
1.846 266155 515.902 2.34219e-005 59.1782 68018.3 68077.5 198078
1.847 287628 536.31 2.41186e-005 60.1771 68435.8 68496 219132
1.848 261905 511.767 2.48357e-005 61.1921 68855.2 68916.4 192989
1.85 249812 499.812 2.6333e-005 63.2712 69699.6 69762.9 180049
1.851 265652 515.415 2.71145e-005 64.3358 70124.7 70189 195463
1.852 222657 471.866 2.79187e-005 65.4176 70551.6 70617 152040
1.854 239500 489.388 2.95979e-005 67.6332 71411.2 71478.8 168021
1.855 247651 497.646 3.04743e-005 68.7677 71843.8 71912.6 175739
1.856 250182 500.182 3.13761e-005 69.9203 72278.3 72348.2 177833
1.858 261501 511.372 3.32588e-005 72.2809 73153.1 73225.4 188276
1.859 253378 503.366 3.42413e-005 73.4895 73593.3 73666.8 179711
1.861 256076 506.04 3.62923e-005 75.9647 74479.6 74555.6 181521
1.862 252623 502.616 3.73626e-005 77.2319 74925.6 75002.8 177620
1.863 240507 490.415 3.84637e-005 78.5192 75373.5 75452 165055
1.865 228918 478.454 4.07623e-005 81.1554 76275.2 76356.3 152562
1.866 237956 487.807 4.19615e-005 82.5048 76728.9 76811.4 161144
1.867 227620 477.096 4.31953e-005 83.8757 77184.5 77268.4 150352
1.869 250913 500.913 4.57705e-005 86.6826 78101.6 78188.3 172725
1.87 239789 489.683 4.7114e-005 88.1194 78563 78651.1 161138
1.871 235945 485.742 4.8496e-005 89.5789 79026.4 79116 156829
1.873 273191 522.677 5.13804e-005 92.567 79959 80051.6 193140
1.874 210139 458.41 5.2885e-005 94.0965 80428.2 80522.3 129617
1.876 192025 438.207 5.60249e-005 97.2277 81372.5 81469.8 110555
1.877 187884 433.456 5.76626e-005 98.8303 81847.6 81946.5 105938
1.878 193097 439.428 5.93472e-005 100.458 82324.7 82425.1 110672
1.88 193819 440.249 6.28623e-005 103.79 83284.6 83388.4 110431
1.881 205144 452.928 6.46956e-005 105.495 83767.5 83873 121271
1.883 222214 471.396 6.85207e-005 108.986 84739.2 84848.2 137366
1.884 257753 507.694 7.05155e-005 110.772 85228 85338.8 172415
1.885 269510 519.143 7.25671e-005 112.587 85718.8 85831.4 183678
1.887 298110 545.995 7.68473e-005 116.3 86706.3 86822.6 211288
1.888 340961 583.919 7.90792e-005 118.2 87203 87321.2 253640
1.89 233620 483.342 8.37352e-005 122.089 88202.3 88324.3 145295
1.891 238211 488.068 8.61629e-005 124.078 88704.9 88828.9 149382
1.892 234738 484.498 8.86595e-005 126.099 89209.5 89335.6 145403
1.894 241773 491.704 9.3867e-005 130.234 90224.6 90354.8 151418
1.895 261552 511.422 9.6582e-005 132.35 90735.1 90867.4 170685
1.897 265244 515.018 0.000102245 136.679 91762.1 91898.8 173345
1.898 202771 450.301 0.000105197 138.894 92278.6 92417.5 110353
1.899 206001 453.874 0.000108232 141.143 92797 92938.2 113063
1.901 208075 456.152 0.000114563 145.745 93839.9 93985.7 114089
1.902 195808 442.502 0.000117862 148.099 94364.3 94512.4 101295
1.904 197949 444.915 0.000124744 152.916 95419.2 95572.1 102377
1.905 199903 447.106 0.00012833 155.38 95949.5 96104.9 103798
1.907 205900 453.762 0.000135809 160.421 97016.3 97176.7 108723
1.908 218774 467.733 0.000139707 162.999 97552.6 97715.6 121059
1.91 219118 468.1 0.000147834 168.274 98631.3 98799.6 120318
1.911 202068 449.52 0.00015207 170.972 99173.7 99344.6 102723
1.912 204093 451.766 0.000156424 173.711 99718 99891.7 104201
1.914 193564 439.959 0.000165501 179.314 100813 100992 92572.3
1.915 194696 441.244 0.000170232 182.179 101363 101545 93151.3
1.917 202137 449.597 0.000180093 188.041 102469 102657 99479.7
1.918 214776 463.439 0.000185231 191.038 103026 103217 111559
1.92 230492 480.096 0.000195941 197.17 104144 104341 126150
1.921 220240 469.297 0.000201521 200.305 104706 104907 115333
1.923 215005 463.687 0.000213152 206.717 105837 106044 108962
1.924 194965 441.548 0.000219211 209.996 106405 106615 88349.7
1.925 182161 426.804 0.000225439 213.324 106975 107189 74972.8
1.927 187440 432.943 0.000238418 220.13 108122 108342 79098.3
1.928 204463 452.176 0.000245179 223.61 108698 108921 95541.7
1.93 221856 471.016 0.000259269 230.726 109856 110087 111769
1.931 211849 460.271 0.000266609 234.364 110438 110672 101177
1.933 198272 445.277 0.000281902 241.804 111608 111850 86421.6
1.934 206817 454.772 0.000289867 245.608 112196 112442 94375.6
1.936 231814 481.471 0.000306464 253.385 113378 113632 118182
1.937 188533 434.204 0.000315108 257.36 113972 114230 74303.3
1.939 194563 441.092 0.000333117 265.488 115166 115432 79131
1.94 185778 431.019 0.000342495 269.643 115766 116036 69742.1
1.942 173371 416.378 0.000362033 278.137 116972 117250 56121.3
1.943 180905 425.329 0.000372207 282.479 117577 117860 63045.2
1.945 171922 414.635 0.000393401 291.355 118795 119086 52836.2
1.946 161766 402.202 0.000404436 295.892 119406 119702 42063.8
1.948 185761 430.999 0.000427422 305.165 120636 120941 64819.7
1.949 205319 453.121 0.00043939 309.905 121253 121563 83755.5
1.951 213471 462.029 0.000464316 319.593 122494 122814 90657
1.952 226499 475.919 0.000477293 324.543 123117 123442 103057
1.954 223162 472.4 0.000504319 334.663 124370 124705 98457.4
1.955 222188 471.368 0.000518388 339.834 124999 125339 96848.9
1.957 195323 441.954 0.000547686 350.403 126263 126614 68709.2
1.958 191316 437.397 0.000562937 355.803 126898 127254 64061.8
1.96 221959 471.126 0.000594694 366.84 128174 128541 93418.5
1.961 191061 437.105 0.000611223 372.478 128815 129187 61873.2
1.963 214665 463.32 0.000645639 384.003 130102 130486 84178.9
1.964 227856 477.342 0.000663551 389.89 130749 131138 96717.1
1.966 220588 469.668 0.000700844 401.922 132047 132449 88139
1.968 196179 442.921 0.000740183 414.303 133354 133768 62411
1.969 175561 419 0.000760654 420.627 134010 134430 41131
1.971 193849 440.283 0.000803271 433.551 135327 135761 58088.2
1.972 167218 408.923 0.000825446 440.152 135989 136429 30789
1.974 167912 409.771 0.000871606 453.64 137318 137771 30141
1.975 181217 425.696 0.000895622 460.529 137985 138446 42771.8
1.977 198902 445.984 0.000945612 474.605 139325 139800 59102.2
1.978 207671 455.709 0.000971619 481.793 139998 140480 67191.2
1.98 212524 461.004 0.00102575 496.48 141349 141846 70678.7
1.981 191210 437.276 0.00105391 503.98 142028 142532 48678.9
1.983 186234 431.549 0.00111251 519.302 143390 143909 42325
1.985 187125 432.579 0.00117429 535.062 144759 145294 41830.5
1.986 183555 428.433 0.00120643 543.11 145447 145990 37564.6
1.988 182443 427.134 0.0012733 559.549 146827 147387 35056.4
1.989 195308 441.936 0.00130808 567.943 147520 148088 47219.2
1.991 171454 414.07 0.00138045 585.088 148912 149497 21956.9
1.992 172227 415.002 0.00141808 593.842 149610 150204 22022.9
1.994 218241 467.163 0.00149638 611.721 151012 151624 66617.5
1.996 260517 510.408 0.00157891 630.105 152421 153051 107465
1.997 212258 460.714 0.00162182 639.491 153128 153768 58490.1
1.999 219930 468.967 0.00171109 658.659 154548 155206 64723.1
2 220294 469.354 0.0017575 668.444 155260 155929 64365
2.002 202476 449.973 0.00185406 688.425 156690 157379 45097.2
2.004 190075 435.976 0.00195578 708.967 158127 158836 31238.7
2.005 181567 426.106 0.00200867 719.453 158848 159568 21999.1
2.007 182993 427.777 0.00211867 740.863 160295 161036 21956.8
2.008 184469 429.499 0.00217585 751.791 161021 161773 22696.2
2.01 189639 435.475 0.00229477 774.103 162479 163253 26385.9
2.012 208197 456.286 0.00242004 797.035 163942 164740 43457.6
2.013 210175 458.449 0.00248515 808.739 164677 165486 44689.7
2.015 230712 480.325 0.00262054 832.632 166151 166983 63728.4
2.017 200986 448.315 0.00276313 857.187 167631 168488 32498.2
2.018 193163 439.503 0.00283723 869.718 168374 169243 23919.5
2.02 196391 443.161 0.00299131 895.296 169864 170759 25632.4
2.021 188909 434.636 0.00307138 908.348 170611 171519 17389.1
2.023 190462 436.42 0.00323785 934.99 172111 173046 17416.7
2.025 183295 428.13 0.00341311 962.362 173616 174579 8716.49
2.026 196890 443.723 0.00350418 976.329 174372 175348 21541.6
2.028 205390 453.2 0.00369349 1004.83 175887 176892 28498.7
2.03 200896 448.214 0.00389277 1034.12 177408 178442 22453.4
2.031 196669 443.474 0.00399631 1049.06 178171 179220 17449.4
2.033 195651 442.324 0.0042115 1079.54 179701 180781 14870
2.035 171885 414.59 0.00443799 1110.86 181237 182348 -10463.4
2.036 163856 404.792 0.00455565 1126.83 182008 183135 -19278.2
2.038 175060 418.402 0.00480017 1159.43 183553 184712 -9652.2
2.039 197650 444.579 0.00492719 1176.06 184327 185504 12147
2.041 215789 464.531 0.00519113 1209.98 185881 187091 28697.9
2.043 206212 454.105 0.00546884 1244.82 187440 188685 17526.5
2.044 198432 445.457 0.00561309 1262.59 188222 189485 8947.11
2.046 195527 442.185 0.00591278 1298.84 189790 191088 4438.91
2.048 206649 454.587 0.00622807 1336.07 191363 192699 13950.6
2.05 235497 485.281 0.00655973 1374.29 192941 194315 41182.2
2.051 230977 480.6 0.00673196 1393.78 193732 195126 35850.6
2.053 249358 499.358 0.00708975 1433.54 195318 196752 52606.5
2.055 261452 511.324 0.00746606 1474.35 196910 198384 63067.5
2.056 251273 501.271 0.00766144 1495.17 197707 199203 52070
2.058 222958 472.184 0.00806729 1537.62 199307 200844 22113.8
2.06 195767 442.455 0.00849407 1581.19 200910 202492 -6725.12
2.061 208334 456.436 0.00871563 1603.41 201714 203318 5016.17
2.063 214139 462.751 0.00917579 1648.72 203326 204974 9164.36
2.065 208358 456.462 0.0096596 1695.22 204941 206637 1721.2
2.066 204989 452.758 0.00991075 1718.92 205751 207470 -2480.65
2.068 208168 456.254 0.0104323 1767.27 207374 209141 -973.703
2.07 208522 456.642 0.0109805 1816.87 209001 210818 -2296.43
2.072 218652 467.603 0.0115568 1867.78 210633 212501 6151.43
2.073 225842 475.228 0.0118559 1893.73 211451 213344 12497.3
2.075 216269 465.048 0.0124768 1946.63 213089 215035 1233.9
2.077 206053 453.931 0.0131295 2000.91 214731 216732 -10678.9
2.079 224157 473.452 0.0138153 2056.59 216377 218434 5722.54
2.08 213564 462.129 0.0141712 2084.97 217202 219287 -5723.65
2.082 217384 466.244 0.0149099 2142.83 218854 220997 -3613.75
2.084 238015 487.868 0.0156862 2202.18 220511 222713 15302.1
2.085 257718 507.659 0.0160889 2232.42 221340 223572 34145.7
2.087 230859 480.478 0.0169248 2294.07 223002 225296 5563.68
2.089 228739 478.267 0.017803 2357.3 224667 227024 1715.06
2.091 217846 466.74 0.0187255 2422.14 226335 228757 -10911.4
2.092 228681 478.206 0.019204 2455.19 227171 229626 -944.828
2.094 243812 493.773 0.0201971 2522.53 228844 231367 12444.9
2.096 243950 493.913 0.0212401 2591.58 230521 233113 10837.6
2.098 224081 473.372 0.0223355 2662.39 232201 234863 -10782.1
2.1 224510 473.825 0.0234858 2734.98 233883 236618 -12108.7
2.101 217767 466.655 0.0240824 2771.97 234726 237498 -19730.7
2.103 238431 488.294 0.0253201 2847.33 236413 239260 -828.599
2.105 252440 502.434 0.0266197 2924.59 238102 241027 11412.9
2.107 222756 471.97 0.0279841 3003.79 239794 242798 -20042.3
2.108 218834 467.797 0.0286916 3044.13 240641 243685 -24851.4
2.11 222756 471.97 0.0301592 3126.32 242337 245463 -22707.6
2.112 266044 515.794 0.0316998 3210.56 244035 247245 18798.2
2.114 314923 561.18 0.0333168 3296.91 245735 249032 65890.7
2.116 286692 535.436 0.035014 3385.39 247437 250822 35869.2
2.117 229108 478.652 0.0358939 3430.46 248289 251719 -22611.6
2.119 213379 461.929 0.0377186 3522.26 249994 253516 -40137.1
2.121 211987 460.421 0.0396334 3616.32 251700 255317 -43329.2
2.123 243703 493.663 0.0416427 3712.71 253408 257121 -13418
2.125 290625 539.097 0.0437509 3811.46 255118 258929 31696
2.126 293545 541.798 0.0448436 3861.74 255973 259835 33710
2.128 273849 523.306 0.0471092 3964.15 257685 261649 12200.4
2.13 258656 508.582 0.0494859 4069.07 259397 263466 -4810.59
2.132 220162 469.214 0.0519791 4176.54 261111 265288 -45125.7
2.134 201091 448.431 0.0545943 4286.63 262825 267112 -66021.6
2.136 220321 469.383 0.0573372 4399.39 264541 268940 -48619.4
2.137 233914 483.646 0.0587585 4456.79 265399 269855 -35941.5
2.139 280635 529.75 0.0617044 4573.67 267115 271688 8946.16
2.141 310143 556.905 0.0647938 4693.37 268831 273525 36618.1
2.143 306470 553.598 0.0680333 4815.95 270548 275364 31106.1
2.145 278889 528.1 0.07143 4941.47 272265 277207 1682.61
2.147 255417 505.388 0.0749913 5070.01 273982 279052 -23634.9
2.149 255656 505.625 0.0787249 5201.61 275699 280901 -25244.1
2.15 276967 526.277 0.0806589 5268.59 276557 281826 -4858.5
2.152 305705 552.906 0.0846662 5404.93 278274 283679 22026.9
2.154 297718 545.636 0.0888668 5544.51 279989 285534 12184.1
2.156 273102 522.592 0.0932695 5687.39 281705 287392 -14289.7
2.158 260860 510.745 0.0978838 5833.66 283419 289253 -28392.7
2.16 269528 519.161 0.10272 5983.37 285133 291116 -21587.9
2.162 278106 527.358 0.107787 6136.61 286845 292982 -14876.1
2.163 293531 541.785 0.110411 6214.57 287701 293916 -384.92
2.165 314055 560.406 0.115846 6373.23 289412 295785 18269.8
2.167 295813 543.887 0.121541 6535.6 291121 297657 -1844.49
2.169 290544 539.022 0.127508 6701.76 292829 299531 -8986.73
2.171 290017 538.533 0.133758 6871.78 294535 301407 -11389.9
2.173 308664 555.575 0.140305 7045.76 296240 303286 5378.12
2.175 316872 562.914 0.147163 7223.76 297942 305166 11706.2
2.177 283263 532.225 0.154346 7405.87 299642 307048 -23784.7
2.179 284482 533.369 0.161869 7592.17 301340 308932 -24450.3
2.181 289780 538.313 0.169747 7782.76 303035 310818 -21038
2.183 307881 554.87 0.177997 7977.72 304728 312706 -4825.27
2.184 315787 561.949 0.182266 8076.86 305574 313651 2136.18
2.186 298209 546.085 0.191105 8278.54 307263 315541 -17332.5
2.188 299778 547.519 0.20036 8484.81 308948 317433 -17655.8
2.19 286119 534.901 0.210048 8695.77 310631 319327 -33208.3
2.192 285784 534.588 0.220191 8911.5 312311 321222 -35437.8
2.194 292691 541.009 0.230807 9132.12 313987 323119 -30428.1
2.196 325591 570.606 0.24192 9357.71 315659 325017 573.868
2.198 334119 578.031 0.25355 9588.37 317328 326917 7202.84
2.2 302526 550.023 0.265723 9824.21 318993 328817 -26291.5
2.202 303018 550.471 0.27846 10065.3 320654 330719 -27701.4
2.204 313833 560.208 0.29179 10311.8 322311 332623 -18789.8
2.206 316570 562.646 0.305736 10563.8 323963 334527 -17957
2.208 340222 583.286 0.320328 10821.4 325611 336433 3789.65
2.21 391128 625.402 0.335595 11084.6 327254 338339 52788.9
2.212 365576 604.629 0.351565 11353.7 328893 340247 25329
2.214 344998 587.365 0.368271 11628.8 330527 342156 2842.5
2.216 333526 577.517 0.385745 11909.8 332155 344065 -10539.5
2.218 312358 558.89 0.404021 12197 333778 345976 -33618
2.22 320733 566.333 0.423135 12490.5 335396 347887 -27154
2.222 363345 602.781 0.443124 12790.4 337009 349800 13545
2.224 354508 595.406 0.464026 13096.8 338615 351713 2795.39
2.226 349758 591.404 0.485881 13409.9 340216 353627 -3868.3
2.228 340920 583.883 0.508733 13729.7 341811 355541 -14621.6
2.23 325336 570.382 0.532623 14056.4 343400 357456 -32120.9
2.232 349830 591.464 0.557598 14390.1 344982 359372 -9542.97
2.234 348066 589.971 0.583706 14731 346558 361289 -13223.5
2.236 332594 576.71 0.610995 15079.2 348127 363207 -30612.1
2.238 329067 573.644 0.639517 15434.8 349689 365124 -36057
2.24 327708 572.458 0.669327 15798 351244 367043 -39334.9
2.242 334140 578.048 0.700479 16168.9 352793 368962 -34822.6
2.244 350477 592.011 0.733032 16547.6 354334 370882 -20405
2.246 355066 595.874 0.767047 16934.3 355867 372802 -17736.6
2.248 336208 579.834 0.802587 17329.1 357393 374723 -38515.7
2.25 318909 564.721 0.839718 17732.3 358912 376645 -57735.5
2.252 323715 568.96 0.878508 18143.8 360422 378567 -54851.7
2.254 350168 591.75 0.919029 18564 361925 380489 -30321.3
2.256 356908 597.418 0.961355 18992.8 363419 382413 -25504.6
2.258 350537 592.062 1.00556 19430.6 364905 384336 -33798.8
2.26 346836 588.928 1.05173 19877.5 366382 386261 -39424.8
2.262 353900 594.895 1.09995 20333.5 367851 388185 -34285.4
2.265 339067 582.294 1.17631 21035.2 370037 391074 -52007.3
2.267 387957 622.862 1.23003 21515.1 371484 393000 -5042.84
2.269 425890 652.603 1.28612 22004.7 372921 394927 30963.2
2.271 459349 677.753 1.34469 22504.3 374349 396855 62493.8
2.273 455984 675.266 1.40582 23014 375768 398783 57200.4
2.275 423226 650.558 1.46963 23534 377177 400712 22513.5
2.277 414162 643.554 1.53624 24064.6 378576 402642 11519.9
2.279 370362 608.574 1.60577 24605.8 379965 404573 -34210.6
2.281 360449 600.374 1.67832 25157.9 381344 406504 -46054.7
2.283 396906 630.005 1.75404 25721 382713 408436 -11530
2.286 437207 661.216 1.87383 26586.8 384747 411336 25870.8
2.288 415541 644.625 1.95805 27178.4 386090 413271 2270.82
2.29 453320 673.29 2.04591 27781.7 387422 415206 38113.9
2.292 441068 664.129 2.13757 28396.9 388743 417143 23925.1
2.294 410626 640.801 2.23319 29024.2 390054 419080 -8454.12
2.296 396066 629.338 2.33293 29663.9 391353 421019 -24953.3
2.298 399358 631.948 2.43696 30316 392641 422959 -23600.7
2.301 390728 625.082 2.60145 31318.2 394551 425872 -35143.9
2.303 383266 619.085 2.71701 32002.5 395810 427815 -44549.5
2.305 387214 622.265 2.8375 32700.1 397057 429760 -42546.2
2.307 392995 626.893 2.96315 33411.2 398293 431707 -38712
2.309 379941 616.394 3.09415 34136 399516 433655 -53713.6
2.311 415808 644.832 3.23074 34874.6 400727 435605 -19796.9
2.313 417563 646.191 3.37312 35627.4 401926 437557 -19994
2.316 412409 642.191 3.5981 36783.6 403701 440488 -28079.1
2.318 394696 628.248 3.75605 37572.7 404868 442445 -47749
2.32 382296 618.301 3.92067 38376.7 406023 444404 -62107.9
2.322 382211 618.232 4.09224 39195.9 407165 446365 -64154.1
2.324 411837 641.745 4.27103 40030.5 408294 448328 -36491.9
2.327 435652 660.04 4.5534 41311.8 409962 451279 -15626.3
2.329 436347 660.566 4.75154 42186 411058 453249 -16901.3
2.331 431046 656.541 4.95798 43076.4 412140 455222 -24175.3
2.333 445975 667.814 5.17304 43983.3 413209 457197 -11222.3
2.335 448915 670.011 5.39707 44907 414264 459176 -10261
2.338 487512 698.221 5.75073 46324.5 415821 462151 25361.2
2.34 461284 679.179 5.99878 47291.1 416841 464138 -2853.93
2.342 444920 667.023 6.25711 48275.5 417847 466129 -21208.9
2.344 457940 676.713 6.52614 49277.7 418839 468123 -10183
2.347 480107 692.897 6.95065 50815.3 420300 471122 8984.63
2.349 507336 712.275 7.24829 51863.5 421256 473126 34209.8
2.351 488082 698.628 7.55817 52930.6 422197 475135 12946.5
2.353 442244 665.014 7.88077 54016.9 423124 477148 -34904
2.356 394495 628.088 8.38963 55682.7 424486 480177 -85682.2
2.358 433569 658.459 8.74627 56818.1 425375 482202 -48632.9
2.36 472904 687.68 9.11746 57973.5 426249 484232 -11327.7
2.362 441780 664.665 9.50377 59149.4 427108 486267 -44487.3
2.365 424725 651.709 10.1129 60952.1 428368 489330 -64605.3
2.367 448106 669.407 10.5396 62180.3 429189 491379 -43273.7
2.369 444715 666.869 10.9836 63429.9 429994 493435 -48720
2.372 430511 656.133 11.6835 65345.3 431172 496529 -66018
2.374 482582 694.682 12.1737 66649.8 431938 498600 -16017.7
2.376 482386 694.54 12.6835 67976.9 432688 500678 -18291.4
2.378 495612 703.997 13.2139 69326.7 433422 502762 -7150.12
2.381 497860 705.592 14.0496 71395 434494 505903 -8042.61
2.383 478765 691.928 14.6346 72803.3 435188 508006 -29240.7
2.385 528477 726.965 15.243 74235.5 435865 510116 18361.3
2.388 526075 725.31 16.2014 76429.3 436851 513297 12778.1
2.39 476860 690.551 16.8721 77922.7 437488 515428 -38567.7
2.392 478576 691.792 17.5694 79441.1 438109 517567 -38991.4
2.395 507545 712.422 18.6675 81766.4 439008 520793 -13248.7
2.397 494538 703.234 19.4357 83348.8 439587 522955 -28417.1
2.399 509461 713.765 20.2343 84957.5 440149 525127 -15665.8
2.402 548839 740.837 21.4914 87420.3 440961 528403 20436.2
2.404 566030 752.35 22.3707 89096 441481 530599 35431.2
2.407 545941 738.878 23.7546 91660.9 442229 533914 12027.4
2.409 535890 732.045 24.7224 93405.6 442707 536137 -246.992
2.411 502425 708.82 25.7279 95178.6 443167 538371 -35946
2.414 539098 734.233 27.3099 97891.9 443825 541745 -2646.64
2.416 583449 763.838 28.4159 99737.1 444243 544008 39440.2
2.418 597638 773.071 29.5647 101612 444643 546284 51354
2.421 604846 777.719 31.3717 104480 445211 549722 55124.3
2.423 567529 753.345 32.6346 106430 445568 552030 15499.1
2.426 550298 741.821 34.6206 109412 446070 555517 -5218.76
2.428 550311 741.83 36.0083 111440 446383 557859 -7547.87
2.43 565083 751.72 37.4491 113499 446678 560215 4867.96
2.433 624097 789.998 39.7142 116648 447089 563777 60320.3
2.435 597400 772.917 41.2964 118788 447340 566170 31230.3
2.438 585394 765.111 43.7833 122060 447685 569788 15606
2.44 597555 773.017 45.5201 124283 447892 572220 25334.8
2.443 639777 799.861 48.2492 127681 448170 575899 63878.1
2.445 632538 795.322 50.1548 129990 448333 578372 54165.2
2.447 626287 791.383 52.1321 132333 448478 580863 45423.7
2.45 574059 757.667 55.2384 135914 448663 584632 -10572.5
2.452 579727 761.398 57.4066 138346 448763 587167 -7439.93
2.455 555261 745.159 60.812 142062 448881 591004 -35742.8
2.457 566965 752.971 63.1885 144586 448937 593586 -26620.8
2.46 624575 790.301 66.9201 148440 448988 597495 27079.6
2.462 630775 794.213 69.5237 151057 449000 600127 30648.2
2.465 590539 768.465 73.6111 155054 448984 604112 -13572.7
2.467 624788 790.435 76.4623 157767 448951 606794 17993.5
2.47 675483 821.878 80.9374 161910 448868 610859 64624
2.472 713362 844.607 84.0584 164722 448790 613596 99765.7
2.475 677651 823.196 88.9559 169014 448640 617743 59907.6
2.477 637152 798.218 92.3707 171927 448518 620537 16614.7
2.48 605452 778.108 97.728 176372 448302 624772 -19319.5
2.482 613000 782.943 101.463 179388 448135 627625 -14624.8
2.485 626991 791.828 107.321 183991 447852 631950 -4959.38
2.487 635333 797.078 111.403 187113 447641 634865 467.97
2.49 719059 847.973 117.806 191877 447291 639286 79772.9
2.492 682306 826.018 122.267 195107 447036 642265 40040.7
2.495 635860 797.409 129.261 200035 446621 646785 -10924.4
2.498 668239 817.459 136.635 205063 446166 651366 16873.1
2.5 722452 849.972 141.772 208472 445840 654454 67997.9
2.503 740449 860.493 149.822 213671 445320 659140 81308.6
2.505 792135 890.02 155.429 217194 444951 662300 129835
2.508 824261 907.888 164.214 222567 444365 667096 157164
2.51 688781 829.928 170.33 226208 443953 670331 18449.9
2.513 648574 805.341 179.912 231759 443302 675240 -26665.9
2.516 754975 868.893 190.005 237418 442612 680220 74755
2.518 805078 897.261 197.03 241251 442132 683580 121498
2.521 769285 877.089 208.031 247093 441378 688680 80605.7
2.523 746762 864.154 215.686 251050 440855 692121 54641
2.526 665200 815.598 227.672 257080 440038 697346 -32145.8
2.529 585637 765.269 240.288 263224 439184 702647 -117010
2.531 502058 708.56 249.064 267383 438593 706225 -204168
2.534 581582 762.615 262.8 273719 437676 711658 -130076
2.537 597847 773.206 277.252 280173 436722 717172 -119325
2.539 615632 784.622 287.301 284541 436066 720894 -105262
2.542 857075 925.783 303.025 291193 435050 726546 130529
2.544 1.20013e+006 1095.51 313.956 295695 434353 730361 469772
2.547 1.26839e+006 1126.23 331.056 302548 433277 736156 532232
2.55 1.13672e+006 1066.17 349.034 309524 432165 742038 394682
2.552 955154 977.32 361.529 314244 431404 746009 209145
2.555 879698 937.922 381.067 321427 430232 752040 127658
2.558 862934 928.942 401.601 328735 429026 758163 104772
2.561 913847 955.954 423.179 336171 427784 764378 149469
2.563 971458 985.626 438.167 341199 426938 768574 202884
2.566 819551 905.291 461.594 348848 425639 774948 44603.4
2.569 806297 897.94 486.2 356627 424306 781419 24878
2.571 997271 998.634 503.287 361885 423399 785787 211484
2.574 1.09019e+006 1044.12 529.983 369882 422010 792422 297769
2.577 843411 918.374 558.012 378012 420588 799158 44253
2.58 925280 961.915 587.436 386275 419134 805997 119283
2.582 964460 982.069 607.858 391859 418146 810613 153848
2.585 882092 939.197 639.749 400347 416638 817624 64467.6
2.588 773459 879.465 673.214 408970 415098 824741 -51282.6
2.591 768678 876.743 708.322 417731 413527 831966 -63288
2.593 735966 857.885 732.678 423647 412462 836842 -100876
2.596 841783 917.487 770.696 432638 410840 844248 -2465.2
2.599 947724 973.511 810.564 441767 409187 851765 95959.6
2.602 1.14696e+006 1070.96 852.367 451036 407505 859393 287563
2.604 1.27225e+006 1127.94 881.354 457293 406367 864542 407709
2.607 1.02714e+006 1013.48 926.576 466797 404636 872360 154784
2.61 1.00498e+006 1002.48 973.974 476442 402876 880292 124684
2.613 1.04797e+006 1023.7 1023.64 486230 401088 888342 159629
2.616 1.10196e+006 1049.74 1075.68 496161 399272 896509 205453
2.618 1.20837e+006 1099.26 1111.74 502861 398046 902019 306356
2.621 1.17584e+006 1084.36 1167.97 513031 396185 910384 265460
2.624 1.09528e+006 1046.56 1226.86 523345 394298 918870 176411
2.627 1.17656e+006 1084.69 1288.52 533805 392384 927477 249083
2.63 1.03793e+006 1018.79 1353.08 544409 390445 936207 101719
2.633 827438 909.636 1420.66 555159 388480 945060 -117622
2.636 971799 985.799 1491.4 566055 386491 954038 17761.8
2.638 1.02609e+006 1012.96 1540.37 573400 385151 960092 65995.1
2.641 887926 942.298 1616.66 584540 383122 969279 -81353.2
2.644 895731 946.431 1696.48 595827 381069 978593 -82861.1
2.647 1.24082e+006 1113.92 1779.96 607260 378994 988034 252784
2.65 971134 985.462 1867.28 618840 376896 997603 -26468.7
2.653 958153 978.853 1958.59 630567 374776 1.0073e+006 -49149
2.656 1.03988e+006 1019.75 2054.05 642441 372635 1.01713e+006 22752.7
2.659 1.19605e+006 1093.64 2153.85 654462 370472 1.02709e+006 168960
2.662 1.3129e+006 1145.82 2258.15 666630 368290 1.03718e+006 275718
2.664 1.25303e+006 1119.39 2330.29 674823 366824 1.04398e+006 209056
2.667 1.20976e+006 1099.89 2442.53 687235 364608 1.05429e+006 155473
2.67 1.14124e+006 1068.29 2559.79 699793 362374 1.06473e+006 76515.6
2.673 1.25152e+006 1118.72 2682.28 712497 360121 1.0753e+006 176224
2.676 1.30848e+006 1143.89 2810.21 725347 357850 1.08601e+006 222473
2.679 1.21877e+006 1103.98 2943.8 738342 355561 1.09685e+006 121924
2.682 1.06484e+006 1031.91 3083.28 751482 353256 1.10782e+006 -42979.9
2.685 937851 968.427 3228.88 764766 350934 1.11893e+006 -181078
2.688 1.19555e+006 1093.41 3380.86 778194 348596 1.13017e+006 65378.8
2.691 1.42317e+006 1192.97 3539.45 791765 346243 1.14155e+006 281623
2.694 1.33146e+006 1153.89 3704.93 805478 343875 1.15306e+006 178406
2.697 956801 978.162 3877.57 819332 341492 1.1647e+006 -207901
2.7 1.04366e+006 1021.6 4057.64 833327 339096 1.17648e+006 -132823
2.703 1.01582e+006 1007.88 4245.44 847462 336687 1.18839e+006 -172578
2.706 1.17342e+006 1083.24 4441.27 861735 334264 1.20044e+006 -27025.7
2.709 1.26649e+006 1125.39 4645.43 876147 331830 1.21262e+006 53871.8
2.712 1.13829e+006 1066.91 4858.25 890695 329384 1.22494e+006 -86648.2
2.715 1.48592e+006 1218.98 5080.06 905378 326926 1.23738e+006 248540
2.718 1.53868e+006 1240.43 5311.21 920196 324458 1.24996e+006 288712
2.721 1.35998e+006 1166.18 5552.03 935146 321980 1.26268e+006 97304.8
2.724 1.29184e+006 1136.59 5802.91 950228 319492 1.27552e+006 16319.7
2.727 1.26035e+006 1122.65 6064.21 965440 316994 1.2885e+006 -28152.5
2.731 1.12981e+006 1062.93 6429.52 985923 313652 1.306e+006 -176190
2.734 1.1429e+006 1069.06 6716.69 1.00143e+006 311135 1.31928e+006 -176386
2.737 1.40005e+006 1183.24 7015.64 1.01707e+006 308611 1.33269e+006 67353.8
2.74 1.41588e+006 1189.91 7326.79 1.03282e+006 306081 1.34623e+006 69647.9
2.743 1.48917e+006 1220.31 7650.6 1.0487e+006 303544 1.3599e+006 129268
2.746 1.63092e+006 1277.07 7987.53 1.0647e+006 301001 1.37369e+006 257227
2.749 1.3886e+006 1178.39 8338.04 1.08082e+006 298452 1.38761e+006 987.87
2.752 1.58234e+006 1257.91 8702.63 1.09705e+006 295899 1.40165e+006 180687
2.755 1.39769e+006 1182.24 9081.8 1.11339e+006 293341 1.41582e+006 -18125
2.759 1.37142e+006 1171.08 9610.95 1.13536e+006 289925 1.43489e+006 -63471.8
2.762 1.36157e+006 1166.86 10026.2 1.15196e+006 287359 1.44934e+006 -87768.6
2.765 1.37428e+006 1172.3 10457.8 1.16866e+006 284790 1.46391e+006 -89628.5
2.768 1.26305e+006 1123.86 10906.4 1.18547e+006 282219 1.4786e+006 -215547
2.771 1.23733e+006 1112.35 11372.5 1.20238e+006 279646 1.4934e+006 -256069
2.774 1.47894e+006 1216.12 11856.7 1.21939e+006 277072 1.50832e+006 -29379.8
2.778 1.85812e+006 1363.13 12531.7 1.24222e+006 273639 1.52839e+006 329729
2.781 1.73599e+006 1317.57 13060.7 1.25944e+006 271063 1.54357e+006 192424
2.784 1.53141e+006 1237.5 13610 1.27676e+006 268488 1.55886e+006 -27446.6
2.787 1.65467e+006 1286.34 14180.4 1.29416e+006 265913 1.57426e+006 80413.1
2.79 1.82726e+006 1351.76 14772.4 1.31165e+006 263340 1.58976e+006 237503
2.794 1.7952e+006 1339.85 15596.7 1.33509e+006 259911 1.6106e+006 184601
2.797 1.60099e+006 1265.3 16242.1 1.35276e+006 257342 1.62634e+006 -25358.2
2.8 2.06264e+006 1436.19 16911.7 1.3705e+006 254776 1.64219e+006 420456
2.803 2.11169e+006 1453.17 17606.3 1.38831e+006 252212 1.65813e+006 453561
2.807 1.76613e+006 1328.96 18572.7 1.41217e+006 248800 1.67954e+006 86584.8
2.81 1.72739e+006 1314.3 19328.8 1.43013e+006 246245 1.69571e+006 31683.4
2.813 2.10014e+006 1449.19 20112.6 1.44815e+006 243695 1.71196e+006 388181
2.816 2.0419e+006 1428.95 20925.1 1.46623e+006 241150 1.72831e+006 313598
2.82 1.81231e+006 1346.22 22054.5 1.49041e+006 237764 1.75023e+006 62076.7
2.823 1.68542e+006 1298.24 22937.4 1.50861e+006 235232 1.76677e+006 -81353.2
2.826 1.8787e+006 1370.66 23852.1 1.52684e+006 232705 1.7834e+006 95302.2
2.83 2.34854e+006 1532.49 25122.8 1.55122e+006 229347 1.80569e+006 542850
2.833 1.8369e+006 1355.32 26115.4 1.56954e+006 226836 1.82249e+006 14408.2
2.836 1.62082e+006 1273.11 27143.3 1.58789e+006 224333 1.83937e+006 -218545
2.84 1.68848e+006 1299.41 28570.3 1.6124e+006 221008 1.86198e+006 -173497
2.843 1.7371e+006 1317.99 29684.4 1.6308e+006 218524 1.87901e+006 -141910
2.846 1.76813e+006 1329.71 30837.3 1.64923e+006 216048 1.89611e+006 -127981
2.85 1.89143e+006 1375.29 32436.9 1.67381e+006 212761 1.91901e+006 -27583.7
2.853 2.19563e+006 1481.77 33684.9 1.69226e+006 210306 1.93625e+006 259381
2.856 1.93291e+006 1390.29 34975.7 1.71071e+006 207862 1.95355e+006 -20632.2
2.86 1.518e+006 1232.07 36765.5 1.7353e+006 204618 1.97669e+006 -458684
2.863 1.69481e+006 1301.85 38161 1.75374e+006 202197 1.9941e+006 -299288
2.867 2.54149e+006 1594.2 40095.1 1.77831e+006 198986 2.01739e+006 524096
2.87 2.87421e+006 1695.35 41602.5 1.79672e+006 196591 2.03491e+006 839299
2.874 2.57426e+006 1604.45 43690.6 1.82122e+006 193416 2.05833e+006 515932
2.877 2.65651e+006 1629.88 45317.3 1.83957e+006 191048 2.07593e+006 580580
2.88 2.35768e+006 1535.47 46997.5 1.85788e+006 188692 2.09357e+006 264110
2.884 2.02771e+006 1423.98 49323.6 1.88224e+006 185570 2.11713e+006 -89416
2.887 2.32687e+006 1525.41 51134.5 1.90046e+006 183243 2.13483e+006 192040
2.891 2.2626e+006 1504.19 53640.4 1.92467e+006 180162 2.15847e+006 104126
2.894 1.71563e+006 1309.82 55590.3 1.94277e+006 177866 2.17622e+006 -460588
2.898 1.79989e+006 1341.6 58287.3 1.9668e+006 174826 2.19992e+006 -400029
2.901 2.23401e+006 1494.66 60385.1 1.98475e+006 172562 2.2177e+006 16312.8
2.905 1.74525e+006 1321.08 63285.2 2.00858e+006 169565 2.24143e+006 -496175
2.908 1.73998e+006 1319.08 65539.9 2.02636e+006 167334 2.25923e+006 -519248
2.912 2.04475e+006 1429.95 68655.7 2.04993e+006 164383 2.28297e+006 -238216
2.915 2.15365e+006 1467.53 71076.9 2.06751e+006 162187 2.30077e+006 -147126
2.919 2.26782e+006 1505.93 74421.1 2.0908e+006 159282 2.3245e+006 -56683.3
2.922 2.25199e+006 1500.66 77018.7 2.10816e+006 157121 2.34229e+006 -90300.3
2.926 1.95645e+006 1398.73 80605 2.13113e+006 154263 2.366e+006 -409543
2.929 2.33362e+006 1527.62 83389.3 2.14823e+006 152139 2.38376e+006 -50140.2
2.933 2.14258e+006 1463.75 87231.5 2.17085e+006 149330 2.40741e+006 -264831
2.937 2.39826e+006 1548.63 91226.4 2.19324e+006 146551 2.43102e+006 -32760.8
2.94 2.73204e+006 1652.89 94325.8 2.20989e+006 144485 2.4487e+006 283338
2.944 2.23102e+006 1493.66 98599.7 2.23188e+006 141756 2.47224e+006 -241220
2.947 2.3997e+006 1549.1 101914 2.24821e+006 139729 2.48985e+006 -90154
2.951 2.15642e+006 1468.48 106482 2.26975e+006 137051 2.51328e+006 -356860
2.955 1.85683e+006 1362.66 111225 2.29102e+006 134404 2.53665e+006 -679817
2.958 2.00911e+006 1417.43 114901 2.30679e+006 132438 2.55413e+006 -545017
2.962 2.6176e+006 1617.9 119963 2.32756e+006 129844 2.57736e+006 40232.8
2.965 2.42914e+006 1558.57 123884 2.34294e+006 127918 2.59474e+006 -165595
2.969 2.13829e+006 1462.29 129282 2.36317e+006 125378 2.61783e+006 -479541
2.973 1.8973e+006 1377.43 134879 2.38308e+006 122868 2.64083e+006 -743526
2.977 1.91039e+006 1382.17 140681 2.40266e+006 120389 2.66373e+006 -753342
2.98 2.22615e+006 1492.03 145170 2.41712e+006 118551 2.68084e+006 -454688
2.984 2.49246e+006 1578.75 151344 2.43609e+006 116127 2.70356e+006 -211099
2.988 2.28619e+006 1512.02 157739 2.45469e+006 113734 2.72617e+006 -439977
2.991 2.23048e+006 1493.48 162683 2.46841e+006 111961 2.74305e+006 -512566
2.995 2.668e+006 1633.4 169478 2.48635e+006 109624 2.76545e+006 -97450.8
2.999 2.96555e+006 1722.08 176509 2.50391e+006 107318 2.78774e+006 177817
3.003 3.35271e+006 1831.04 183784 2.52106e+006 105045 2.80989e+006 542819
3.006 2.6569e+006 1630 189402 2.53366e+006 103360 2.82642e+006 -169523
3.01 2.52908e+006 1590.31 197116 2.55009e+006 101143 2.84835e+006 -319269
3.014 2.51128e+006 1584.7 205089 2.56609e+006 98956.5 2.87014e+006 -358859
3.018 2.53865e+006 1593.31 213328 2.58165e+006 96802.3 2.89178e+006 -353137
3.021 2.55442e+006 1598.25 219686 2.59303e+006 95207.6 2.90793e+006 -353508
3.025 2.5627e+006 1600.84 228405 2.60781e+006 93109.1 2.92932e+006 -366618
3.029 2.61663e+006 1617.6 237406 2.62212e+006 91042.4 2.95057e+006 -333939
3.033 2.56542e+006 1601.69 246697 2.63597e+006 89007.4 2.97167e+006 -406248
3.037 2.84122e+006 1685.59 256283 2.64933e+006 87004 2.99262e+006 -151399
3.041 2.89732e+006 1702.15 266171 2.66221e+006 85032.3 3.01341e+006 -116088
3.044 3.00086e+006 1732.3 273789 2.67154e+006 83574.1 3.0289e+006 -28044.3
3.048 3.39005e+006 1841.21 284219 2.68355e+006 81657.4 3.04942e+006 340627
3.052 3.37486e+006 1837.08 294969 2.69505e+006 79771.9 3.06979e+006 305073
3.056 3.30335e+006 1817.51 306043 2.70603e+006 77917.5 3.08999e+006 213359
3.06 3.11293e+006 1764.35 317449 2.71649e+006 76094.2 3.11004e+006 2898.08
3.064 2.68642e+006 1639.03 329192 2.72643e+006 74301.7 3.12992e+006 -443507
3.068 3.05044e+006 1746.55 341278 2.73583e+006 72539.9 3.14965e+006 -99208.9
3.072 2.69717e+006 1642.31 353715 2.74469e+006 70808.7 3.16922e+006 -472048
3.076 2.365e+006 1537.85 366506 2.75301e+006 69107.7 3.18863e+006 -823631
3.079 2.47176e+006 1572.18 376337 2.75889e+006 67851.8 3.20308e+006 -731321
3.083 2.74105e+006 1655.61 389765 2.76624e+006 66203.5 3.22221e+006 -481157
3.087 2.50621e+006 1583.1 403565 2.77304e+006 64584.9 3.24119e+006 -734979
3.091 2.65402e+006 1629.11 417742 2.77927e+006 62995.9 3.26001e+006 -605990
3.095 2.70058e+006 1643.34 432302 2.78493e+006 61436.2 3.27867e+006 -578095
3.099 3.04575e+006 1745.21 447250 2.79003e+006 59905.6 3.29718e+006 -251436
3.103 3.73139e+006 1931.68 462592 2.79455e+006 58403.9 3.31555e+006 415845
3.107 3.59374e+006 1895.72 478333 2.7985e+006 56930.7 3.33376e+006 259978
3.111 3.28132e+006 1811.44 494478 2.80187e+006 55485.9 3.35183e+006 -70515.6
3.115 3.48134e+006 1865.84 511032 2.80466e+006 54069.1 3.36976e+006 111586
3.12 3.7439e+006 1934.92 532306 2.80732e+006 52337.3 3.39197e+006 351932
3.124 3.83303e+006 1957.81 549796 2.8088e+006 50982.7 3.40958e+006 423449
3.128 3.56343e+006 1887.7 567710 2.80969e+006 49655.2 3.42706e+006 136371
3.132 3.49207e+006 1868.71 586052 2.81e+006 48354.7 3.44441e+006 47661.8
3.136 3.38951e+006 1841.06 604825 2.80972e+006 47080.7 3.46163e+006 -72120.8
3.14 3.62432e+006 1903.77 624033 2.80886e+006 45833 3.47872e+006 145597
3.144 3.48813e+006 1867.65 643680 2.80741e+006 44611.3 3.4957e+006 -7568.93
3.148 3.08889e+006 1757.52 663769 2.80538e+006 43415.2 3.51256e+006 -423670
3.152 3.9257e+006 1981.34 684302 2.80276e+006 42244.5 3.52931e+006 396386
3.156 4.27644e+006 2067.95 705283 2.79957e+006 41098.8 3.54595e+006 730485
3.161 3.88379e+006 1970.73 732141 2.79476e+006 39701.4 3.5666e+006 317186
3.165 3.47765e+006 1864.85 754136 2.79027e+006 38610.9 3.58302e+006 -105366
3.169 3.33927e+006 1827.37 776586 2.7852e+006 37544.3 3.59933e+006 -260064
3.173 3.12122e+006 1766.7 799490 2.77956e+006 36501.4 3.61556e+006 -494333
3.177 3.60413e+006 1898.46 822851 2.77336e+006 35481.9 3.63169e+006 -27560.1
3.182 3.63928e+006 1907.69 852695 2.76482e+006 34239.7 3.65175e+006 -12471.3
3.186 3.76079e+006 1939.28 877085 2.75735e+006 33271.4 3.66771e+006 93083.9
3.19 3.81534e+006 1953.29 901933 2.74934e+006 32325.4 3.68359e+006 131744
3.194 3.70354e+006 1924.46 927237 2.74077e+006 31401.2 3.69941e+006 4126.84
3.199 3.86645e+006 1966.33 959509 2.72931e+006 30276.3 3.71909e+006 147357
3.203 3.69376e+006 1921.92 985837 2.71953e+006 29400.3 3.73477e+006 -41006.3
3.207 3.6101e+006 1900.03 1.01262e+006 2.70922e+006 28545 3.75039e+006 -140291
3.211 3.74703e+006 1935.72 1.03985e+006 2.6984e+006 27710.2 3.76596e+006 -18927.2
3.216 4.35835e+006 2087.67 1.07452e+006 2.68413e+006 26695 3.78535e+006 572996
3.22 4.31649e+006 2077.62 1.10276e+006 2.67215e+006 25905 3.80081e+006 515673
3.224 3.37926e+006 1838.28 1.13143e+006 2.65967e+006 25134.4 3.81624e+006 -436981
3.229 3.31729e+006 1821.34 1.16789e+006 2.64338e+006 24197.9 3.83547e+006 -518177
3.233 3.73017e+006 1931.37 1.19754e+006 2.62979e+006 23469.7 3.85081e+006 -120635
3.238 4.14613e+006 2036.2 1.23521e+006 2.61215e+006 22585.2 3.86995e+006 276183
3.242 4.12488e+006 2030.98 1.26581e+006 2.59751e+006 21897.7 3.88522e+006 239652
3.246 4.68544e+006 2164.59 1.29683e+006 2.58242e+006 21227.7 3.90048e+006 784965
3.251 3.84709e+006 1961.4 1.33617e+006 2.56292e+006 20414.5 3.91951e+006 -72415.5
3.255 5.05512e+006 2248.36 1.36809e+006 2.54684e+006 19782.8 3.93471e+006 1.12041e+006
3.26 7.57099e+006 2751.54 1.40853e+006 2.52613e+006 19016.4 3.95368e+006 3.61731e+006
3.264 5.31659e+006 2305.77 1.44132e+006 2.5091e+006 18421.4 3.96884e+006 1.34775e+006
3.268 4.15901e+006 2039.36 1.47447e+006 2.49166e+006 17842.2 3.98398e+006 175030
3.273 3.56751e+006 1888.78 1.51642e+006 2.46931e+006 17139.9 4.00288e+006 -435370
3.277 3.69115e+006 1921.24 1.55038e+006 2.451e+006 16595.1 4.01797e+006 -326822
3.282 3.60601e+006 1898.95 1.59329e+006 2.4276e+006 15934.7 4.03682e+006 -430810
3.286 3.67592e+006 1917.27 1.62799e+006 2.40847e+006 15422.7 4.05188e+006 -375962
3.291 3.94064e+006 1985.11 1.6718e+006 2.38407e+006 14802.4 4.07067e+006 -130030
3.295 4.01075e+006 2002.69 1.70719e+006 2.36417e+006 14321.6 4.08568e+006 -74934
3.3 4.70462e+006 2169.01 1.75182e+006 2.33885e+006 13739.4 4.10441e+006 600204
3.305 5.18359e+006 2276.75 1.79687e+006 2.31305e+006 13177.6 4.1231e+006 1.06049e+006
3.309 4.99112e+006 2234.08 1.83319e+006 2.29208e+006 12742.5 4.13801e+006 853113
3.314 4.64719e+006 2155.73 1.87893e+006 2.26546e+006 12216.1 4.1566e+006 490585
3.318 5.19927e+006 2280.19 1.91576e+006 2.24387e+006 11808.5 4.17144e+006 1.02783e+006
3.323 5.01113e+006 2238.56 1.96208e+006 2.21652e+006 11315.5 4.18991e+006 821220
3.328 5.03842e+006 2244.64 2.00869e+006 2.18878e+006 10840.5 4.20831e+006 830101
3.332 5.77326e+006 2402.76 2.04616e+006 2.16634e+006 10472.9 4.22297e+006 1.55029e+006
3.337 5.46485e+006 2337.7 2.0932e+006 2.13798e+006 10028.8 4.24121e+006 1.22364e+006
3.342 4.11434e+006 2028.38 2.14043e+006 2.10931e+006 9601.04 4.25933e+006 -144990
3.346 4.1969e+006 2048.63 2.17832e+006 2.08616e+006 9270.38 4.27375e+006 -76851.8
3.351 4.61455e+006 2148.15 2.2258e+006 2.05697e+006 8871.04 4.29165e+006 322905
3.356 4.35298e+006 2086.38 2.27337e+006 2.02754e+006 8486.79 4.30939e+006 43583.1
3.36 3.89803e+006 1974.34 2.31146e+006 2.00382e+006 8189.94 4.32348e+006 -425442
3.365 3.90583e+006 1976.32 2.3591e+006 1.97399e+006 7831.69 4.34092e+006 -435087
3.37 4.6938e+006 2166.52 2.40671e+006 1.94397e+006 7487.25 4.35817e+006 335631
3.375 4.94279e+006 2223.24 2.45426e+006 1.91378e+006 7156.18 4.3752e+006 567588
3.379 4.42003e+006 2102.39 2.49223e+006 1.88953e+006 6900.66 4.38866e+006 31366.4
3.384 4.42661e+006 2103.95 2.53957e+006 1.8591e+006 6592.58 4.40526e+006 21354
3.389 4.40776e+006 2099.47 2.58673e+006 1.82856e+006 6296.69 4.42159e+006 -13823.6
3.394 4.31088e+006 2076.27 2.63367e+006 1.79794e+006 6012.58 4.43762e+006 -126741
3.399 4.73489e+006 2175.98 2.68035e+006 1.76726e+006 5739.87 4.45334e+006 281542
3.403 4.75968e+006 2181.67 2.71747e+006 1.74268e+006 5529.64 4.46568e+006 293997
3.408 4.88316e+006 2209.79 2.76356e+006 1.71194e+006 5276.48 4.48077e+006 402388
3.413 5.43106e+006 2330.46 2.80926e+006 1.68119e+006 5033.65 4.49549e+006 935572
3.418 5.26682e+006 2294.96 2.85454e+006 1.65046e+006 4800.8 4.50979e+006 757031
3.423 4.77261e+006 2184.63 2.89933e+006 1.61976e+006 4577.59 4.52367e+006 248944
3.428 4.37175e+006 2090.87 2.9436e+006 1.58911e+006 4363.67 4.53708e+006 -165333
3.433 4.60213e+006 2145.26 2.98731e+006 1.55854e+006 4158.72 4.55001e+006 52126.1
3.438 5.16192e+006 2271.99 3.0304e+006 1.52806e+006 3962.41 4.56242e+006 599498
3.443 4.50432e+006 2122.34 3.07284e+006 1.49769e+006 3774.42 4.5743e+006 -69979.5
3.448 4.13747e+006 2034.08 3.11457e+006 1.46744e+006 3594.47 4.5856e+006 -448132
3.453 3.75985e+006 1939.03 3.15556e+006 1.43733e+006 3422.24 4.59631e+006 -836461
3.458 4.19984e+006 2049.35 3.19575e+006 1.40739e+006 3257.45 4.6064e+006 -406563
3.463 5.47264e+006 2339.37 3.23512e+006 1.37762e+006 3099.83 4.61584e+006 856803
3.468 5.3596e+006 2315.08 3.2736e+006 1.34804e+006 2949.1 4.62459e+006 735012
3.473 4.8898e+006 2211.29 3.31117e+006 1.31867e+006 2805.01 4.63264e+006 257163
3.478 4.0992e+006 2024.65 3.34777e+006 1.28951e+006 2667.29 4.63995e+006 -540748
3.483 4.31397e+006 2077.01 3.38337e+006 1.2606e+006 2535.71 4.6465e+006 -332532
3.488 4.69102e+006 2165.88 3.41792e+006 1.23192e+006 2410.01 4.65225e+006 38762.8
3.493 4.39642e+006 2096.76 3.45139e+006 1.20351e+006 2289.98 4.6572e+006 -260776
3.498 4.85803e+006 2204.09 3.48374e+006 1.17537e+006 2175.39 4.66129e+006 196740
3.503 4.87415e+006 2207.75 3.51493e+006 1.14752e+006 2066.02 4.66452e+006 209633
3.508 4.44937e+006 2109.35 3.54492e+006 1.11996e+006 1961.65 4.66685e+006 -217479
3.514 4.58497e+006 2141.26 3.57929e+006 1.0873e+006 1842.75 4.66843e+006 -83452.5
3.519 5.21754e+006 2284.19 3.60653e+006 1.06042e+006 1748.71 4.6687e+006 548838
3.524 5.20238e+006 2280.87 3.63246e+006 1.03388e+006 1659.06 4.668e+006 534376
3.529 4.30982e+006 2076.01 3.65706e+006 1.00767e+006 1573.61 4.66631e+006 -356482
3.534 3.70083e+006 1923.76 3.68029e+006 981808 1492.2 4.66359e+006 -962761
3.54 3.86653e+006 1966.35 3.70633e+006 951238 1399.58 4.65897e+006 -792440
3.545 4.3533e+006 2086.46 3.72647e+006 926160 1326.44 4.65395e+006 -300658
3.55 4.11257e+006 2027.95 3.74515e+006 901449 1256.81 4.64786e+006 -535293
3.556 3.83716e+006 1958.87 3.76563e+006 872290 1177.68 4.6391e+006 -801942
3.561 4.75607e+006 2180.84 3.78105e+006 848409 1115.25 4.63057e+006 125494
3.566 4.92911e+006 2220.16 3.79495e+006 824913 1055.87 4.62092e+006 308191
3.572 4.38648e+006 2094.39 3.80961e+006 797233 988.443 4.60783e+006 -221346
3.577 4.11687e+006 2029.01 3.82012e+006 774599 935.301 4.59565e+006 -478777
3.582 4.14103e+006 2034.95 3.82906e+006 752363 884.797 4.58231e+006 -441273
3.588 4.86528e+006 2205.74 3.83771e+006 726209 827.507 4.56475e+006 300532
3.593 4.33622e+006 2082.36 3.84318e+006 704857 782.396 4.54882e+006 -212595
3.599 4.0242e+006 2006.04 3.84763e+006 679770 731.256 4.52813e+006 -503935
3.604 4.27393e+006 2067.35 3.84958e+006 659311 691.014 4.50959e+006 -235662
3.609 4.25168e+006 2061.96 3.84994e+006 639260 652.825 4.48985e+006 -238170
3.615 3.29536e+006 1815.31 3.84825e+006 615738 609.573 4.46459e+006 -1.16923e+006
3.62 3.33677e+006 1826.68 3.84508e+006 596584 575.569 4.44224e+006 -1.10547e+006
3.626 3.65898e+006 1912.85 3.83917e+006 574139 537.083 4.41384e+006 -754861
3.631 4.12017e+006 2029.82 3.8325e+006 555881 506.846 4.38888e+006 -268718
3.637 4.63473e+006 2152.84 3.82241e+006 534507 472.646 4.35738e+006 277345
3.643 4.92991e+006 2220.34 3.81006e+006 513714 440.595 4.32421e+006 605699
3.648 3.90585e+006 1976.32 3.79806e+006 496828 415.439 4.2953e+006 -389448
3.654 3.20767e+006 1791 3.78163e+006 477091 387.014 4.25911e+006 -1.05144e+006
3.659 3.0669e+006 1751.26 3.76628e+006 461078 364.718 4.22772e+006 -1.16082e+006
3.665 3.36375e+006 1834.05 3.74587e+006 442380 339.54 4.18859e+006 -824837
3.671 3.20315e+006 1789.74 3.72334e+006 424242 315.988 4.1479e+006 -944750
3.676 3.10815e+006 1762.99 3.70298e+006 409550 297.532 4.11283e+006 -1.00468e+006
3.682 3.25316e+006 1803.65 3.67667e+006 392421 276.712 4.06937e+006 -816210
3.688 3.43684e+006 1853.87 3.64836e+006 375831 257.257 4.02445e+006 -587605
3.693 3.94028e+006 1985.01 3.62328e+006 362414 242.027 3.98593e+006 -45657.2
3.699 3.93834e+006 1984.52 3.59143e+006 346795 224.862 3.93845e+006 -111.847
3.705 3.61855e+006 1902.25 3.55773e+006 331694 208.841 3.88964e+006 -271087
3.711 3.07309e+006 1753.02 3.52224e+006 317102 193.891 3.83953e+006 -766446
3.716 3.38271e+006 1839.21 3.49133e+006 305324 182.204 3.79684e+006 -414131
3.722 3.60362e+006 1898.32 3.45271e+006 291641 169.051 3.74452e+006 -140894
3.728 3.73685e+006 1933.09 3.41246e+006 278441 156.791 3.69106e+006 45786.3
3.734 3.74769e+006 1935.9 3.37067e+006 265713 145.368 3.63653e+006 111162
3.74 3.29416e+006 1814.98 3.32739e+006 253449 134.729 3.58098e+006 -286815
3.746 3.49873e+006 1870.49 3.2827e+006 241637 124.824 3.52446e+006 -25737.4
3.752 3.35626e+006 1832.01 3.23667e+006 230268 115.605 3.46706e+006 -110794
3.758 3.09933e+006 1760.49 3.18938e+006 219331 107.03 3.40882e+006 -309489
3.763 2.92872e+006 1711.35 3.14905e+006 210539 100.344 3.35969e+006 -430968
3.769 2.84001e+006 1685.23 3.09963e+006 200367 92.8392 3.30009e+006 -460078
3.775 2.93204e+006 1712.32 3.04916e+006 190597 85.8652 3.23984e+006 -307799
3.781 3.34806e+006 1829.77 2.99771e+006 181218 79.3866 3.17901e+006 169053
3.787 4.16138e+006 2039.95 2.94536e+006 172220 73.3707 3.11766e+006 1.04372e+006
3.793 2.9708e+006 1723.6 2.8922e+006 163592 67.7863 3.05586e+006 -85060.2
3.8 2.26518e+006 1505.05 2.82924e+006 153980 61.7782 2.98328e+006 -718100
3.806 2.32656e+006 1525.31 2.77457e+006 146117 57.032 2.92074e+006 -594178
3.812 2.24925e+006 1499.75 2.71932e+006 138591 52.6316 2.85796e+006 -608714
3.818 2.35649e+006 1535.08 2.66357e+006 131391 48.5533 2.79501e+006 -438529
3.824 2.41285e+006 1553.34 2.60741e+006 124507 44.775 2.73196e+006 -319113
3.83 3.3633e+006 1833.93 2.5509e+006 117928 41.276 2.66887e+006 694425
3.836 3.64844e+006 1910.09 2.49412e+006 111644 38.0367 2.60581e+006 1.04263e+006
3.843 2.74361e+006 1656.38 2.42764e+006 104673 34.5619 2.53235e+006 211258
3.849 2.39445e+006 1547.4 2.37053e+006 98995.5 31.8249 2.46955e+006 -75106.2
3.855 2.33452e+006 1527.91 2.31337e+006 93581.7 29.2942 2.40698e+006 -72463.9
3.861 2.43397e+006 1560.12 2.25624e+006 88422.4 26.9551 2.34469e+006 89286.5
3.868 2.57265e+006 1603.95 2.18971e+006 82712.7 24.45 2.27244e+006 300203
3.874 2.4472e+006 1564.35 2.13286e+006 78073.4 22.4803 2.21095e+006 236246
3.88 1.82475e+006 1350.83 2.07624e+006 73659.7 20.6618 2.14992e+006 -325174
3.887 1.76872e+006 1329.93 2.01056e+006 68784 18.7169 2.07936e+006 -310648
3.893 2.01416e+006 1419.21 1.95465e+006 64829.7 17.1895 2.0195e+006 -5342.93
3.899 2.44613e+006 1564.01 1.89916e+006 61074 15.7811 1.96025e+006 485885
3.906 2.15286e+006 1467.26 1.83501e+006 56932.7 14.2767 1.89196e+006 260896
3.912 1.45675e+006 1206.96 1.7806e+006 53580.1 13.0969 1.8342e+006 -377444
3.919 1.48047e+006 1216.74 1.71786e+006 49887.8 11.8377 1.76776e+006 -287295
3.925 1.81588e+006 1347.55 1.66476e+006 46902.4 10.8509 1.71168e+006 104204
3.932 1.65478e+006 1286.38 1.60367e+006 43618.5 9.7988 1.6473e+006 7482.66
3.938 1.53655e+006 1239.58 1.55208e+006 40966.6 8.97507 1.59306e+006 -56505.5
3.945 1.6762e+006 1294.68 1.49286e+006 38053.3 8.09749 1.53092e+006 145278
3.951 2.03355e+006 1426.03 1.44297e+006 35703.5 7.41104 1.47868e+006 554873
3.958 2.11128e+006 1453.03 1.38581e+006 33125.2 6.68035 1.41894e+006 692343
3.964 1.23779e+006 1112.56 1.33775e+006 31048.1 6.10929 1.36881e+006 -131022
3.971 1.15618e+006 1075.26 1.28282e+006 28771.8 5.50197 1.3116e+006 -155417
3.978 1.50802e+006 1228.01 1.22914e+006 26645.5 4.95261 1.25579e+006 252228
3.984 1.96514e+006 1401.83 1.18415e+006 24935.7 4.52384 1.20909e+006 756049
3.991 1.12544e+006 1060.87 1.13288e+006 23065.5 4.06847 1.15595e+006 -30511.6
3.998 1.11969e+006 1058.15 1.08295e+006 21322 3.65715 1.10427e+006 15415.3
4.004 1.00533e+006 1002.66 1.04122e+006 19922.7 3.33655 1.06115e+006 -55824.1
4.011 1.03203e+006 1015.89 993824 18394.9 2.99652 1.01222e+006 19811.2
4.018 1.18903e+006 1090.43 947809 16973.4 2.68983 964785 224250
4.025 1.82273e+006 1350.08 903187 15651.8 2.41335 918841 903886
4.032 1.18017e+006 1086.36 859964 14423.9 2.16424 874390 305785
4.038 1.04921e+006 1024.31 824031 13441.5 1.97052 837475 211737
4.045 694771 833.529 783409 12372.4 1.76552 795783 -101013
4.052 575581 758.671 744182 11381 1.58107 755565 -179984
4.059 569599 754.718 706343 10462.3 1.41521 716807 -147208
4.066 676774 822.663 669882 9611.72 1.26613 679495 -2720.79
4.073 967213 983.47 634785 8824.63 1.1322 643610 323602
4.08 764891 874.581 601036 8096.82 1.01195 609134 155758
4.087 647996 804.982 568617 7424.31 0.904027 576043 71953.2
4.094 515829 718.212 537509 6803.31 0.807222 544313 -28483.9
4.101 389287 623.928 507688 6230.27 0.720432 513919 -124633
4.108 488383 698.844 479131 5701.86 0.64266 484833 3549.98
4.116 683859 826.958 448008 5148.6 0.563668 453157 230702
4.123 517323 719.252 422070 4705.49 0.502295 426776 90547.7
4.13 413078 642.711 397309 4297.78 0.447386 401607 11471.2
4.137 467016 683.386 373695 3922.89 0.398286 377619 89397.3
4.144 442151 664.945 351199 3578.42 0.354402 354778 87373.4
4.152 335035 578.822 326816 3219.1 0.309953 330035 4999.57
4.159 332821 576.907 306605 2932.42 0.275514 309538 23283.4
4.166 296930 544.912 287410 2669.56 0.244782 290080 6849.59
4.173 297750 545.665 269197 2428.72 0.217372 271626 26124.1
4.181 241001 490.918 249542 2178.26 0.189671 251720 -10719.3
4.188 228909 478.444 233320 1979.03 0.168257 235299 -6390.89
4.196 278892 528.102 215853 1772.17 0.14664 217625 61266.6
4.203 267416 517.123 201469 1607.89 0.129949 203077 64339.4
4.211 217017 465.851 186014 1437.57 0.113119 187452 29565.1
4.218 203951 451.61 173315 1302.52 0.100138 174618 29333.3
4.226 165285 406.553 159701 1162.74 0.087065 160864 4421.3
4.233 152028 389.908 148539 1052.07 0.0769938 149591 2437.44
4.241 136269 369.146 136598 937.694 0.0668625 137535 -1266.72
4.248 124817 353.295 126828 847.285 0.0590665 127676 -2858.72
4.256 166980 408.632 116400 753.995 0.051233 117154 49826.3
4.264 175612 419.061 106715 670.417 0.0444101 107385 68226.6
4.271 183805 428.725 98817.7 604.51 0.0391693 99422.3 84382.5
4.279 142529 377.53 90415 536.663 0.0339126 90951.7 51577.6
4.287 94614.1 307.594 82638.7 476.034 0.0293426 83114.8 11499.3
4.294 88035.2 296.707 76318.4 428.337 0.0258386 76746.8 11288.4
4.302 99603 315.599 69615.3 379.353 0.02233 69994.7 29608.3
4.31 106726 326.69 63433.4 335.691 0.0192856 63769.1 42957
4.318 86982.8 294.928 57738.9 296.807 0.0166456 58035.7 28947.1
4.326 70730.1 265.951 52499.6 262.208 0.0143579 52761.8 17968.3
4.334 54938.5 234.39 47684.9 231.45 0.0123768 47916.4 7022.13
4.342 91234.5 302.051 43265.7 204.129 0.0106622 43469.8 47764.7
4.35 113407 336.76 39214.2 179.884 0.00917931 39394.1 74013
4.358 102199 319.686 35504.3 158.386 0.00789763 35662.7 66536.4
4.366 76515.5 276.614 32111.1 139.341 0.00679059 32250.5 44265.1
4.374 63929.4 252.843 29011.3 122.484 0.00583501 29133.8 34795.6
4.382 50038.7 223.693 26182.9 107.577 0.00501072 26290.4 23748.3
4.39 61457.7 247.907 23605 94.4052 0.00430013 23699.4 37758.3
4.398 92816.2 304.658 21258.3 82.7773 0.00368797 21341.1 71475.2
4.406 135332 367.876 19124.5 72.5211 0.00316095 19197 116135
4.414 193554 439.947 17186.5 63.4828 0.00270751 17250 176304
4.423 207891 455.95 15220.7 54.5995 0.00227294 15275.3 192615
