1.772 715307 845.758 1.20824e-006 9063.82 0.863632 9064.68 706242
1.773 713946 844.953 1.24968e-006 9154.31 0.883965 9155.19 704791
1.774 712520 844.109 1.29251e-006 9245.57 0.904762 9246.48 703273
1.775 711055 843.241 1.33679e-006 9337.6 0.926032 9338.53 701716
1.777 709729 842.454 1.42987e-006 9524 0.970034 9524.97 700204
1.778 708937 841.984 1.47877e-006 9618.38 0.992787 9619.37 699318
1.779 709097 842.079 1.52932e-006 9713.54 1.01606 9714.56 699383
1.78 710314 842.801 1.58156e-006 9809.5 1.03985 9810.54 700503
1.781 712187 843.912 1.63556e-006 9906.26 1.06419 9907.33 702280
1.783 713968 844.966 1.74904e-006 10102.2 1.11452 10103.3 703864
1.784 714916 845.527 1.80865e-006 10201.4 1.14054 10202.5 704714
1.785 714595 845.337 1.87026e-006 10301.4 1.16716 10302.6 704292
1.786 707510 841.136 1.93393e-006 10402.3 1.19437 10403.5 697106
1.788 660479 812.699 2.06773e-006 10606.4 1.25064 10607.7 649871
1.789 542358 736.449 2.138e-006 10709.8 1.27973 10711.1 531647
1.79 522592 722.905 2.21062e-006 10814 1.30948 10815.3 511777
1.791 578277 760.445 2.28566e-006 10919 1.33989 10920.4 567357
1.793 615798 784.728 2.44334e-006 11131.7 1.40278 11133.1 604665
1.794 663443 814.52 2.52613e-006 11239.3 1.43528 11240.8 652202
1.795 740737 860.661 2.61169e-006 11347.8 1.46851 11349.3 729388
1.796 755900 869.425 2.70009e-006 11457.2 1.50249 11458.7 744441
1.798 688872 829.983 2.88581e-006 11678.6 1.57273 11680.2 677192
1.799 583471 763.853 2.98332e-006 11790.7 1.60904 11792.3 571679
1.8 581985 762.879 3.08407e-006 11903.6 1.64615 11905.3 570080
1.801 683492 826.736 3.18816e-006 12017.5 1.68409 12019.2 671473
1.803 720842 849.024 3.40681e-006 12247.9 1.76252 12249.7 708593
1.804 647375 804.596 3.52159e-006 12364.5 1.80305 12366.3 635009
1.805 585883 765.43 3.64018e-006 12482 1.84448 12483.8 573399
1.807 571426 755.927 3.88924e-006 12719.8 1.93011 12721.7 558705
1.808 586105 765.575 4.01997e-006 12840.1 1.97436 12842.1 573263
1.809 578706 760.727 4.15502e-006 12961.4 2.01958 12963.4 565742
1.81 605707 778.272 4.29453e-006 13083.6 2.0658 13085.7 592621
1.812 618138 786.218 4.5875e-006 13330.9 2.16134 13333.1 604805
1.813 587750 766.648 4.74126e-006 13456 2.21069 13458.2 574292
1.814 601285 775.426 4.90008e-006 13582.1 2.26113 13584.3 587701
1.816 634877 796.792 5.23357e-006 13837.1 2.36537 13839.5 621037
1.817 642462 801.537 5.40858e-006 13966.1 2.41921 13968.6 628494
1.818 571212 755.786 5.58933e-006 14096.2 2.47424 14098.6 557113
1.819 544587 737.961 5.77602e-006 14227.2 2.53047 14229.7 530357
1.821 590526 768.457 6.16795e-006 14492.2 2.64667 14494.8 576031
1.822 607459 779.397 6.37361e-006 14626.2 2.70668 14628.9 592830
1.823 568596 754.053 6.58599e-006 14761.3 2.76801 14764.1 553832
1.825 539830 734.731 7.03183e-006 15034.5 2.89471 15037.4 524793
1.826 602367 776.123 7.26574e-006 15172.6 2.96014 15175.6 587191
1.827 731756 855.427 7.50728e-006 15311.8 3.027 15314.9 716441
1.829 676356 822.409 8.01428e-006 15593.4 3.16512 15596.5 660760
1.83 528760 727.159 8.28025e-006 15735.7 3.23644 15738.9 513021
1.831 568214 753.8 8.55487e-006 15879.1 3.30931 15882.4 552332
1.832 524357 724.125 8.83844e-006 16023.6 3.38376 16027 508330
1.834 502521 708.887 9.43356e-006 16315.8 3.53754 16319.3 486202
1.835 543002 736.886 9.74571e-006 16463.5 3.61694 16467.1 526534
1.836 565824 752.213 1.0068e-005 16612.3 3.69805 16616 549208
1.838 519990 721.103 1.07443e-005 16913.2 3.86558 16917.1 503073
1.839 570537 755.339 1.1099e-005 17065.4 3.95206 17069.3 553467
1.84 580266 761.752 1.14651e-005 17218.6 4.04042 17222.6 563043
1.842 519758 720.943 1.22334e-005 17528.4 4.22287 17532.6 502226
1.843 474704 688.988 1.26363e-005 17685 4.31705 17689.3 457015
1.844 489067 699.334 1.30522e-005 17842.7 4.41325 17847.1 471220
1.846 594101 770.78 1.39248e-005 18161.6 4.6119 18166.2 575935
1.847 635866 797.412 1.43823e-005 18322.8 4.71443 18327.5 617538
1.848 571735 756.131 1.48545e-005 18485.1 4.81916 18489.9 553245
1.85 537449 733.109 1.58451e-005 18813.2 5.03538 18818.3 518631
1.851 562948 750.298 1.63645e-005 18979.1 5.14696 18984.2 543964
1.852 464955 681.876 1.69006e-005 19146 5.26093 19151.3 445803
1.854 493246 702.315 1.80249e-005 19483.6 5.49621 19489.1 473757
1.855 503561 709.62 1.86143e-005 19654.1 5.61762 19659.8 483901
1.856 503159 709.337 1.92227e-005 19825.9 5.74161 19831.6 483327
1.858 521866 722.403 2.04984e-005 20173 5.99755 20179 501687
1.859 504125 710.017 2.11671e-005 20348.4 6.12961 20354.6 483770
1.861 510647 714.595 2.25694e-005 20702.9 6.40218 20709.3 489937
1.862 507034 712.063 2.33043e-005 20881.9 6.54281 20888.5 486145
1.863 486635 697.592 2.40627e-005 21062.2 6.68641 21068.9 465566
1.865 466205 682.792 2.56529e-005 21426.5 6.98277 21433.5 444772
1.866 485777 696.977 2.64863e-005 21610.6 7.13566 21617.7 464160
1.867 463435 680.761 2.73462e-005 21795.9 7.29177 21803.1 441632
1.869 507070 712.088 2.9149e-005 22170.2 7.6139 22177.8 484892
1.87 479105 692.174 3.00936e-005 22359.3 7.78007 22367.1 456738
1.871 464695 681.685 3.10683e-005 22549.7 7.94972 22557.6 442137
1.873 529482 727.655 3.31115e-005 22934.3 8.29977 22942.6 506540
1.874 400889 633.158 3.4182e-005 23128.5 8.48032 23137 377752
1.876 361333 601.11 3.64259e-005 23520.9 8.85281 23529.7 337803
1.877 349610 591.278 3.76014e-005 23719 9.04491 23728.1 325882
1.878 355674 596.384 3.88141e-005 23918.5 9.24103 23927.7 331746
1.88 352742 593.921 4.13558e-005 24321.4 9.6456 24331 328411
1.881 367347 606.091 4.26872e-005 24524.8 9.85422 24534.6 342812
1.883 389762 624.309 4.54774e-005 24935.7 10.2846 24945.9 364816
1.884 441772 664.659 4.69388e-005 25143.1 10.5065 25153.6 416618
1.885 451764 672.134 4.84462e-005 25351.9 10.733 25362.6 426401
1.887 490558 700.398 5.16051e-005 25773.6 11.2001 25784.8 464773
1.888 553766 744.155 5.32594e-005 25986.4 11.441 25997.9 527769
1.89 376614 613.689 5.67256e-005 26416.3 11.9377 26428.2 350186
1.891 383062 618.92 5.85408e-005 26633.3 12.1938 26645.5 356416
1.892 377905 614.74 6.04129e-005 26851.6 12.4552 26864.1 351041
1.894 390390 624.812 6.4335e-005 27292.6 12.9941 27305.6 363084
1.895 423493 650.764 6.63886e-005 27515.1 13.272 27528.4 395965
1.897 429677 655.497 7.06907e-005 27964.4 13.8448 27978.3 401698
1.898 327397 572.186 7.29431e-005 28191.2 14.1401 28205.4 299192
1.899 330193 574.624 7.52658e-005 28419.4 14.4414 28433.9 301759
1.901 330166 574.601 8.01311e-005 28880.1 15.0627 28895.1 301271
1.902 307369 554.409 8.2678e-005 29112.5 15.3829 29127.9 278241
1.904 307769 554.769 8.80124e-005 29581.8 16.043 29597.8 278171
1.905 308481 555.41 9.08048e-005 29818.6 16.3832 29835 278646
1.907 315943 562.088 9.66526e-005 30296.5 17.0844 30313.6 285630
1.908 334142 578.05 9.97134e-005 30537.7 17.4457 30555.1 303587
1.91 333101 577.149 0.000106123 31024.4 18.1906 31042.5 302059
1.911 305424 552.652 0.000109477 31269.9 18.5743 31288.5 274136
1.912 306134 553.293 0.000112936 31516.9 18.9659 31535.9 274598
1.914 287401 536.098 0.000120177 32015.4 19.7729 32035.2 255366
1.915 285407 534.235 0.000123967 32266.9 20.1886 32287.1 253120
1.917 291994 540.364 0.0001319 32774.3 21.0454 32795.4 259198
1.918 305585 552.797 0.000136052 33030.3 21.4868 33051.8 272533
1.92 323370 568.657 0.000144743 33546.7 22.3964 33569.1 289801
1.921 305324 552.561 0.00014929 33807.2 22.865 33830.1 271494
1.923 295198 543.321 0.000158808 34332.7 23.8304 34356.6 260842
1.924 265534 515.3 0.000163788 34597.8 24.3277 34622.1 230912
1.925 246226 496.211 0.000168921 34864.3 24.8349 34889.2 211336
1.927 251252 501.25 0.000179664 35402.1 25.8799 35428 215824
1.928 271320 520.884 0.000185284 35673.3 26.4181 35699.7 235620
1.93 290928 539.378 0.000197045 36220.3 27.5269 36247.8 254680
1.931 274308 523.744 0.000203197 36496.1 28.0979 36524.2 237784
1.933 253653 503.64 0.000216071 37052.4 29.2742 37081.7 216571
1.934 261826 511.69 0.000222804 37332.9 29.8799 37362.8 224464
1.936 290781 539.242 0.000236894 37898.6 31.1275 37929.7 252852
1.937 234288 484.033 0.000244262 38183.8 31.7698 38215.5 196072
1.939 239074 488.952 0.000259679 38758.9 33.0929 38792 200282
1.94 225039 474.382 0.000267741 39048.8 33.7741 39082.6 185956
1.942 206372 454.282 0.000284608 39633.4 35.177 39668.6 166703
1.943 211118 459.475 0.000293427 39928.1 35.8992 39964 171154
1.945 196575 443.368 0.000311877 40522.3 37.3864 40559.7 156015
1.946 181489 426.015 0.000321523 40821.8 38.152 40859.9 140629
1.948 205149 452.934 0.000341701 41425.5 39.7285 41465.3 163684
1.949 224007 473.294 0.000352249 41729.8 40.5399 41770.4 182237
1.951 230643 480.253 0.000374313 42343.3 42.2106 42385.5 188258
1.952 242438 492.38 0.000385846 42652.4 43.0705 42695.5 199743
1.954 236317 486.125 0.000409968 43275.5 44.8409 43320.4 192997
1.955 232287 481.962 0.000422576 43589.5 45.7519 43635.3 188652
1.957 201220 448.575 0.000448943 44222.4 47.6276 44270 156950
1.958 194010 440.465 0.000462724 44541.3 48.5927 44589.9 149420
1.96 221589 470.732 0.00049154 45183.9 50.5795 45234.5 176354
1.961 188041 433.637 0.0005066 45507.7 51.6019 45559.3 142482
1.963 208806 456.953 0.000538088 46160.2 53.7061 46213.9 162592
1.964 219732 468.756 0.000554543 46488.9 54.7888 46543.7 173188
1.966 211473 459.861 0.000588944 47151.3 57.0171 47208.3 164264
1.968 187193 432.658 0.000625432 47820.2 59.3318 47879.5 139313
1.969 166581 408.144 0.000644497 48157.2 60.5227 48217.7 118363
1.971 182411 427.096 0.000684349 48836 62.9732 48899 133512
1.972 155541 394.387 0.000705171 49177.9 64.2338 49242.2 106299
1.974 153983 392.407 0.00074869 49866.7 66.8276 49933.6 104050
1.975 163604 404.48 0.000771425 50213.6 68.1618 50281.8 113322
1.977 176718 420.379 0.000818941 50912.4 70.9069 50983.3 125735
1.978 181646 426.199 0.000843761 51264.3 72.3187 51336.6 130309
1.98 183172 427.986 0.000895631 51973 75.2234 52048.2 131123
1.981 162617 403.258 0.000922724 52329.9 76.7172 52406.6 110210
1.983 156535 395.644 0.000979337 53048.6 79.7903 53128.4 103406
1.985 155628 394.497 0.00103935 53774.1 82.9806 53857.1 101770
1.986 151079 388.689 0.00107068 54139.3 84.6211 54223.9 96855.3
1.988 148478 385.328 0.00113616 54874.8 87.9955 54962.7 93515.2
1.989 156893 396.097 0.00117035 55245 89.7305 55334.7 101558
1.991 135652 368.309 0.00124179 55990.5 93.2989 56083.8 79567.9
1.992 133893 365.914 0.00127909 56365.7 95.1335 56460.8 77432.4
1.994 166406 407.929 0.001357 57121.2 98.9065 57220.1 109186
1.996 194750 441.305 0.00143955 57883.4 102.822 57986.2 136763
1.997 155891 394.83 0.00148265 58267 104.835 58371.8 97519
1.999 159456 399.319 0.00157267 59039.2 108.974 59148.2 100308
2 158704 398.376 0.00161966 59427.8 111.101 59538.9 99164.8
2.002 145827 381.872 0.00171781 60210.1 115.475 60325.5 85501
2.004 137313 370.558 0.00182176 60999 120.013 61119 76193.9
2.005 131460 362.574 0.00187602 61395.9 122.346 61518.3 69941.5
2.007 132197 363.589 0.00198932 62194.8 127.14 62321.9 69875.2
2.008 132165 363.545 0.00204845 62596.7 129.604 62726.3 69438.9
2.01 134042 366.118 0.00217192 63405.6 134.67 63540.3 70501.9
2.012 144744 380.452 0.00230266 64221.1 139.923 64361 80382.6
2.013 143637 378.995 0.00237089 64631.3 142.623 64773.9 78863.3
2.015 155194 393.947 0.00251332 65456.7 148.171 65604.9 89589.5
2.017 133397 365.236 0.00266411 66288.8 153.925 66442.7 66954.5
2.018 126871 356.19 0.00274278 66707.2 156.881 66864.1 60007.1
2.02 128010 357.785 0.00290701 67549.1 162.956 67712.1 60298.3
2.021 122417 349.882 0.00299269 67972.5 166.076 68138.6 54278.6
2.023 122731 350.329 0.00317152 68824.3 172.489 68996.8 53733.8
2.025 117297 342.487 0.00336078 69682.5 179.137 69861.7 47435.6
2.026 124860 353.356 0.00345951 70114.1 182.552 70296.6 54563.7
2.028 128769 358.844 0.00366554 70982.1 189.568 71171.7 57597.1
2.03 124244 352.483 0.00388355 71856.6 196.841 72053.4 52191.1
2.031 119810 346.135 0.00399726 72296.2 200.576 72496.8 47312.9
2.033 117414 342.658 0.00423452 73180.4 208.248 73388.6 44025.7
2.035 101844 319.131 0.00448553 74070.9 216.2 74287.1 27557.4
2.036 96268.3 310.271 0.00461642 74518.6 220.283 74738.9 21529.4
2.038 102516 320.181 0.00488952 75418.7 228.67 75647.4 26868.8
2.039 115901 340.442 0.00503192 75871.1 232.976 76104.1 39796.5
2.041 127059 356.454 0.00532899 76780.7 241.822 77022.6 50036.7
2.043 121993 349.275 0.00564317 77696.6 250.985 77947.6 44045.2
2.044 117792 343.208 0.00580697 78156.9 255.69 78412.6 39379
2.046 116158 340.819 0.00614864 79082.2 265.351 79347.5 36810.1
2.048 122444 349.92 0.00650991 80013.6 275.359 80289 42154.8
2.05 138699 372.423 0.0068919 80951.2 285.724 81236.9 57461.6
2.051 134874 367.252 0.00709101 81422.3 291.044 81713.3 53160.6
2.053 144221 379.764 0.00750625 82369.1 301.968 82671 61549.6
2.055 149888 387.154 0.0079452 83321.9 313.281 83635.2 66252.8
2.056 143086 378.268 0.00817397 83800.5 319.086 84119.6 58966.8
2.058 126442 355.587 0.00865099 84762.4 331.006 85093.4 41348.5
2.06 110820 332.897 0.00915516 85730.1 343.346 86073.5 24746.9
2.061 117862 343.311 0.00941789 86216.2 349.679 86565.9 31296.4
2.063 121006 347.859 0.00996562 87192.8 362.678 87555.5 33450.6
2.065 117312 342.508 0.0105444 88175.2 376.134 88551.3 28760.6
2.066 114571 338.484 0.010846 88668.6 383.038 89051.6 25519.9
2.068 115115 339.285 0.0114746 89659.6 397.208 90056.8 25057.7
2.07 113949 337.564 0.0121388 90656.3 411.874 91068.2 22881
2.072 118276 343.913 0.0128404 91658.7 427.052 92085.7 26190.2
2.073 121432 348.471 0.0132059 92161.9 434.838 92596.8 28835.3
2.075 116185 340.859 0.0139676 93172.6 450.815 93623.5 22561.3
2.077 111087 333.297 0.0147721 94188.8 467.346 94656.2 16430.9
2.079 121550 348.641 0.0156218 95210.4 484.451 95694.9 25855.6
2.08 116440 341.233 0.0160644 95723.2 493.223 96216.4 20223.4
2.082 118848 344.744 0.0169865 96752.8 511.221 97264 21584.3
2.084 129941 360.473 0.0179602 97787.7 529.839 98317.5 31623.5
2.085 139895 374.025 0.0184672 98307.1 539.387 98846.5 41048.3
2.087 124235 352.47 0.0195236 99349.7 558.973 99908.7 24326.5
2.089 121955 349.22 0.0206388 100397 579.229 100977 20978.1
2.091 115273 339.519 0.0218161 101450 600.178 102050 13222.5
2.092 120524 347.166 0.0224291 101978 610.919 102589 17934.8
2.094 128556 358.547 0.0237058 103039 632.949 103671 24884.5
2.096 129240 359.5 0.0250533 104103 655.727 104759 24480.8
2.098 119688 345.959 0.0264754 105173 679.278 105852 13835.3
2.1 121192 348.127 0.0279762 106248 703.626 106951 14241.2
2.101 118983 344.939 0.0287573 106786 716.106 107503 11480.2
2.103 131934 363.227 0.030384 107868 741.697 108609 23324.6
2.105 141390 376.019 0.0321002 108953 768.149 109722 31668.5
2.107 126084 355.083 0.0339108 110044 795.489 110839 15245.1
2.108 124883 353.389 0.0348531 110590 809.5 111400 13483.7
2.11 127810 357.505 0.0368148 111687 838.225 112525 15285
2.112 152932 391.065 0.038884 112787 867.909 113655 39276.5
2.114 180467 424.814 0.0410664 113892 898.581 114791 65676.4
2.116 162697 403.357 0.0433681 115001 930.273 115931 46765.3
2.117 127823 357.523 0.0445656 115557 946.511 116503 11319.5
2.119 116360 341.116 0.047058 116671 979.792 117651 -1291.33
2.121 112745 335.775 0.0496861 117790 1014.17 118804 -6058.87
2.123 126699 355.948 0.052457 118912 1049.69 119961 6737.66
2.125 148543 385.412 0.0553782 120037 1086.37 121123 27419.2
2.126 148527 385.392 0.0568977 120601 1105.16 121706 26820.9
2.128 137990 371.47 0.0600594 121732 1143.66 122875 15114.9
2.13 130294 360.963 0.0633921 122866 1183.42 124049 6244.86
2.132 111053 333.246 0.0669046 124003 1224.48 125227 -14174.2
2.134 101590 318.731 0.0706065 125143 1266.87 126410 -24820.2
2.136 111423 333.801 0.0745076 126286 1310.64 127597 -16174
2.137 118358 344.032 0.076536 126859 1333.06 128192 -9833.52
2.139 142030 376.869 0.0807556 128006 1378.97 129385 12645.1
2.141 156989 396.218 0.0852013 129156 1426.37 130583 26405.9
2.143 155148 393.889 0.089885 130309 1475.29 131784 23363.9
2.145 141199 375.764 0.0948191 131464 1525.79 132990 8208.8
2.147 129355 359.659 0.100016 132622 1577.9 134200 -4844.84
2.149 129606 360.008 0.105491 133781 1631.69 135413 -5807.31
2.15 140709 375.112 0.108336 134362 1659.22 136021 4687.35
2.152 155822 394.743 0.114253 135525 1715.59 137241 18581.2
2.154 152365 390.34 0.120484 136690 1773.76 138464 13901.4
2.156 140336 374.615 0.127045 137857 1833.77 139690 645.745
2.158 134493 366.733 0.133953 139025 1895.68 140921 -6427.63
2.16 139245 373.155 0.141226 140195 1959.55 142155 -2909.78
2.162 143727 379.113 0.148883 141366 2025.42 143392 335.023
2.163 151465 389.185 0.152861 141952 2059.13 144012 7453.06
2.165 161503 401.874 0.161131 143126 2128.14 145254 16248.8
2.167 151385 389.082 0.169835 144300 2199.3 146500 4885.27
2.169 147887 384.561 0.178995 145475 2272.68 147748 138.785
2.171 146916 383.296 0.188636 146652 2348.35 149000 -2084.53
2.173 155903 394.846 0.198781 147829 2426.37 150255 5648.18
2.175 160021 400.026 0.209455 149006 2506.81 151513 8507.72
2.177 143455 378.755 0.220687 150184 2589.74 152774 -9318.96
2.179 144826 380.56 0.232503 151363 2675.22 154038 -9211.72
2.181 148443 385.283 0.244933 152541 2763.34 155305 -6861.78
2.183 158602 398.248 0.258008 153720 2854.15 156574 2027.61
2.184 163283 404.083 0.264797 154309 2900.6 157210 6073.25
2.186 154377 392.908 0.278902 155487 2995.62 158483 -4106.33
2.188 154971 393.663 0.293735 156665 3093.53 159759 -4788.01
2.19 147398 383.924 0.309333 157843 3194.43 161037 -13639.6
2.192 146542 382.808 0.325736 159020 3298.38 162318 -15776
2.194 149353 386.463 0.342982 160196 3405.48 163602 -14248.1
2.196 165430 406.73 0.361115 161371 3515.82 164887 542.341
2.198 169223 411.367 0.380177 162545 3629.48 166175 3047.73
2.2 152941 391.076 0.400215 163718 3746.55 167465 -14524.7
2.202 153117 391.301 0.421278 164890 3867.13 168758 -15640.9
2.204 158700 398.372 0.443416 166060 3991.32 170052 -11352
2.206 160375 400.468 0.466682 167229 4119.21 171349 -10974
2.208 172849 415.752 0.491132 168396 4250.9 172647 202.387
2.21 199502 446.656 0.516823 169561 4386.49 173948 25554.4
2.212 187390 432.886 0.543818 170723 4526.1 175250 12140.2
2.214 177781 421.641 0.57218 171884 4669.83 176554 1226.54
2.216 172690 415.56 0.601975 173042 4817.78 177860 -5170.38
2.218 162296 402.86 0.633274 174198 4970.08 179168 -16871.9
2.22 166991 408.646 0.66615 175350 5126.84 180478 -13486.5
2.222 189381 435.18 0.70068 176500 5288.18 181789 7592.04
2.224 184914 430.016 0.736944 177647 5454.21 183102 1811.65
2.226 182566 427.277 0.775027 178791 5625.07 184417 -1851.05
2.228 178043 421.952 0.815017 179932 5800.87 185733 -7690.24
2.23 169922 412.216 0.857005 181069 5981.76 187051 -17129.3
2.232 182684 427.415 0.901088 182202 6167.86 188371 -5686.89
2.234 181755 426.327 0.947368 183332 6359.3 189692 -7937.15
2.236 173734 416.815 0.995949 184457 6556.24 191014 -17279.9
2.238 171978 414.702 1.04694 185579 6758.8 192338 -20360.4
2.24 171270 413.848 1.10046 186696 6967.14 193664 -22394.2
2.242 174426 417.643 1.15663 187808 7181.4 194991 -20565
2.244 182471 427.166 1.21558 188917 7401.74 196320 -13849
2.246 184178 429.159 1.27743 190020 7628.31 197650 -13471.9
2.248 173764 416.85 1.34233 191118 7861.27 198981 -25216.9
2.25 164484 405.566 1.41042 192212 8100.78 200314 -35829.8
2.252 167133 408.819 1.48186 193300 8347.01 201648 -34515.2
2.254 181766 426.34 1.55679 194383 8600.13 202984 -21218.7
2.256 187212 432.68 1.63539 195460 8860.31 204322 -17110
2.258 186699 432.086 1.71783 196531 9127.72 205661 -18962.1
2.26 188194 433.813 1.80429 197597 9402.56 207001 -18807.1
2.262 195819 442.514 1.89495 198656 9684.99 208343 -12524.2
2.265 190998 437.034 2.03928 200234 10123.3 210359 -19361
2.267 221607 470.752 2.14135 201278 10425.6 211706 9901.94
2.269 245332 495.311 2.24836 202315 10736.2 213053 32279.1
2.271 265183 514.96 2.36054 203345 11055.2 214403 50780.5
2.273 262200 512.055 2.47813 204369 11382.9 215754 46445.6
2.275 241112 491.031 2.60138 205385 11719.6 217108 24004
2.277 232876 482.572 2.73056 206395 12065.3 218463 14413.3
2.279 205225 453.018 2.86593 207397 12420.4 219820 -14594.6
2.281 197077 443.934 3.00779 208391 12785.1 221179 -24101.6
2.283 214899 463.572 3.15643 209378 13159.5 222540 -7640.83
2.286 235495 485.279 3.3928 210843 13740.1 224586 10908.9
2.288 223521 472.78 3.5598 211810 14140.1 225953 -2432.51
2.29 243982 493.946 3.73474 212768 14550.7 227323 16659.7
2.292 237544 487.385 3.91798 213718 14972.2 228695 8849.41
2.294 221097 470.209 4.1099 214660 15404.8 230069 -8972.26
2.296 213038 461.56 4.31089 215593 15848.8 231446 -18408.4
2.298 214618 463.269 4.52138 216517 16304.5 232826 -18208.3
2.301 210085 458.35 4.85584 217887 17010.5 234902 -24817.6
2.303 206650 454.588 5.09198 218788 17496.6 236290 -29639.9
2.305 209866 458.111 5.33919 219681 17995.3 237681 -27815.7
2.307 214460 463.098 5.59798 220563 18506.9 239076 -24616.3
2.309 208848 456.999 5.86887 221436 19031.8 240474 -31625.7
2.311 230043 479.628 6.15241 222300 19570.2 241876 -11832.9
2.313 232112 481.78 6.44916 223153 20122.4 243282 -11170.2
2.316 229875 479.453 6.92036 224414 20977.4 245399 -15523.6
2.318 220227 469.284 7.25279 225243 21565.5 246815 -26588
2.32 213289 461.832 7.60061 226060 22168.7 248237 -34947.8
2.322 213108 461.637 7.9645 226867 22787.1 249662 -36554.2
2.324 229458 479.017 8.3452 227664 23421.2 251093 -21635.9
2.327 242577 492.521 8.94936 228838 24402.3 253250 -10672.7
2.329 242873 492.821 9.37536 229608 25077 254694 -11821.2
2.331 239934 489.83 9.8209 230366 25768.5 256144 -16210.4
2.333 248470 498.468 10.2868 231113 26477.2 257600 -9130.29
2.335 250730 500.729 10.7741 231848 27203.6 259063 -8333.27
2.338 273554 523.024 11.5469 232930 28326.9 261269 12285.5
2.34 260568 510.459 12.0915 233637 29099 262748 -2179.98
2.342 253218 503.208 12.6609 234332 29890 264235 -11016.4
2.344 262350 512.201 13.256 235015 30700.4 265728 -3378.22
2.347 276208 525.555 14.1997 236017 31953.2 267984 8223.8
2.349 292272 540.622 14.8644 236669 32813.8 269498 22773.9
2.351 280958 530.055 15.559 237310 33695.3 271021 9937.53
2.353 254195 504.178 16.2849 237938 34598.1 272552 -18357
2.356 226615 476.041 17.4353 238856 35993.1 274867 -48251.7
2.358 249400 499.4 18.2453 239453 36951 276422 -27021.9
2.36 272962 522.458 19.0914 240036 37931.7 277987 -5025.03
2.362 256203 506.165 19.9753 240607 38935.8 279563 -23359.8
2.365 247494 497.487 21.3755 241439 40486.8 281947 -34453.5
2.367 262119 511.976 22.3609 241977 41551.3 283551 -21431.4
2.369 260780 510.666 23.3901 242502 42640.8 285166 -24386.3
2.372 252793 502.785 25.0197 243264 44323.2 287613 -34819.5
2.374 283589 532.531 26.1662 243756 45477.5 289260 -5670.74
2.376 283657 532.595 27.3632 244234 46658.7 290920 -7262.6
2.378 291648 540.044 28.6128 244698 47867.2 292594 -946.52
2.381 293229 541.506 30.5908 245369 49732.5 295132 -1903.51
2.383 282292 531.312 31.9818 245799 51011.8 296843 -14550.9
2.385 312056 558.62 33.4335 246215 52320.4 298569 13486.7
2.388 311272 557.918 35.7305 246813 54339.4 301188 10083.8
2.39 282983 531.961 37.3453 247194 55723.7 302955 -19972.7
2.392 285128 533.974 39.0302 247561 57139.2 304740 -19611.7
2.395 303810 551.19 41.6952 248085 59322.6 307449 -3639.25
2.397 297462 545.4 43.5681 248416 60819 309279 -11817.5
2.399 307820 554.816 45.5217 248733 62348.9 311128 -3307.39
2.402 332948 577.017 48.6107 249182 64707.7 313938 19010.1
2.404 344616 587.04 50.7809 249463 66323.9 315838 28778.5
2.407 333451 577.452 54.2115 249857 68815.2 318726 14725
2.409 328222 572.907 56.621 250101 70521.7 320680 7542.61
2.411 308514 555.44 59.1331 250331 72265.6 322656 -14142.3
2.414 332025 576.216 63.103 250648 74952.8 325664 6361.03
2.416 360895 600.745 65.8903 250842 76792.8 327700 33194.3
2.418 371943 609.871 68.7955 251020 78672.6 329761 42181.6
2.421 379280 615.857 73.385 251259 81568.4 332901 46379.2
2.423 358669 598.889 76.6063 251401 83550.6 335028 23640.8
2.426 350133 591.721 81.6937 251585 86603.3 338270 11863.8
2.428 351844 593.165 85.2636 251689 88692.5 340466 11378.1
2.43 362325 601.934 88.9828 251778 90825.7 342692 19632.7
2.433 400746 633.045 94.8546 251883 94110 346088 54658
2.435 384017 619.691 98.9735 251935 96356.8 348391 35626.2
2.438 377005 614.007 105.475 251984 99815.1 351905 25100.1
2.44 386210 621.458 110.034 251998 102180 354289 31920.7
2.443 415779 644.809 117.229 251992 105820 357929 57849.4
2.445 413936 643.379 122.273 251969 108309 360400 53536.3
2.447 412873 642.552 127.525 251930 110849 362907 49966.3
2.45 380990 617.244 135.809 251845 114756 366736 14254.1
2.452 386838 621.963 141.616 251769 117426 369337 17500.7
2.455 372021 609.935 150.773 251628 121533 373312 -1290.53
2.457 381052 617.294 157.19 251515 124340 376012 5040.43
2.46 420902 648.77 167.307 251318 128655 380140 40762.3
2.462 426189 652.832 174.394 251168 131603 382945 43244
2.465 400100 632.534 185.566 250915 136135 387235 12864.6
2.467 424640 651.644 193.391 250727 139230 390151 34488.8
2.47 460901 678.897 205.721 250419 143988 394612 66289.2
2.472 489178 699.412 214.355 250195 147236 397646 91532.2
2.475 467471 683.718 227.958 249832 152227 402287 65183.9
2.477 442391 665.125 237.48 249571 155634 405443 36948
2.48 423065 650.434 252.479 249153 160868 410274 12790.8
2.482 430818 656.367 262.976 248856 164441 413560 17258.2
2.485 442877 665.49 279.507 248384 169926 418590 24287
2.487 450771 671.394 291.073 248051 173670 422012 28758.5
2.49 512305 715.755 309.281 247525 179417 427251 85053.3
2.492 488192 698.707 322.019 247157 183337 430816 57375.3
2.495 457086 676.082 342.067 246578 189355 436275 20811.7
2.498 482882 694.897 363.301 245967 195539 441870 41011.8
2.5 525045 724.6 378.149 245543 199757 445678 79367.1
2.503 541292 735.726 401.51 244880 206227 451509 89783.1
2.505 582374 763.134 417.841 244421 210639 455478 126896
2.508 609191 780.507 443.529 243707 217405 461556 147635
2.51 511523 715.208 461.482 243215 222018 465694 45829.5
2.513 483803 695.56 489.714 242450 229090 472030 11773.4
2.516 565490 751.991 519.584 241656 236351 478526 86963.5
2.518 605441 778.101 540.453 241110 241298 482948 122493
2.521 581107 762.304 573.257 240266 248881 489720 91387.2
2.523 567254 753.163 596.168 239688 254046 494330 72924.4
2.526 508919 713.386 632.175 238796 261961 501389 7530.02
2.529 451880 672.22 670.243 237875 270081 508627 -56747.4
2.531 390934 625.247 696.821 237246 275610 513553 -122619
2.534 456788 675.861 738.572 236279 284079 521097 -64308.9
2.537 472966 687.725 782.693 235285 292763 528830 -55864.3
2.539 489588 699.706 813.485 234606 298673 534093 -44504.5
2.542 683806 826.926 861.836 233567 307722 542151 141655
2.544 959244 979.41 895.573 232859 313880 547635 411609
2.547 1.01512e+006 1007.53 948.536 231775 323306 556030 459088
2.55 911353 954.648 1004.46 230666 332963 564634 346719
2.552 768116 876.422 1043.46 229912 339532 570488 197629
2.555 710822 843.103 1104.67 228761 349583 579448 131373
2.558 701843 837.761 1169.28 227585 359875 588629 113214
2.561 749163 865.542 1237.44 226384 370413 598035 151128
2.563 803414 896.334 1284.96 225571 377576 604432 198983
2.566 683986 827.034 1359.49 224331 388531 614221 69764.7
2.569 678973 823.998 1438.1 223068 399741 624247 54725.5
2.571 846804 920.22 1492.87 222214 407358 631065 215740
2.574 932514 965.668 1578.75 220914 419002 641495 291019
2.577 725977 852.043 1669.28 219592 430912 652173 73803.6
2.58 800844 894.899 1764.7 218249 443092 663105 137739
2.582 838954 915.944 1831.16 217342 451363 670535 168418
2.585 770832 877.97 1935.28 215964 463999 681898 88933.8
2.588 678642 823.797 2044.99 214566 476915 693526 -14884.7
2.591 676796 822.676 2160.54 213149 490114 705424 -28627.4
2.593 650034 806.247 2240.97 212194 499072 713507 -63472.8
2.596 745934 863.675 2366.93 210746 512751 725863 20070.8
2.599 843123 918.217 2499.55 209279 526722 738501 104623
2.602 1.02545e+006 1012.64 2639.15 207795 540989 751424 274023
2.604 1.14437e+006 1069.75 2736.26 206796 550667 760200 384166
2.607 930222 964.48 2888.27 205284 565436 773609 156613
2.61 916597 957.391 3048.2 203756 580511 787315 129283
2.613 962292 980.965 3216.43 202212 595894 801322 160970
2.616 1.0181e+006 1009.01 3393.38 200652 611590 815635 202465
2.618 1.12272e+006 1059.59 3516.39 199605 622228 825349 297375
2.621 1.09868e+006 1048.18 3708.8 198021 638451 840181 258495
2.624 1.0298e+006 1014.79 3911.06 196424 654995 855330 174466
2.627 1.11415e+006 1055.53 4123.66 194814 671862 870800 243352
2.63 990743 995.361 4347.08 193191 689057 886595 104148
2.633 796483 892.459 4581.82 191556 706580 902719 -106235
2.636 943244 971.208 4828.42 189910 724437 919175 24068.9
2.638 1.0037e+006 1001.85 4999.68 188806 736527 930333 73365.1
2.641 874604 935.203 5267.29 187141 754944 947353 -72748.8
2.644 887704 942.181 5548.27 185467 773701 964716 -77011.4
2.647 1.23654e+006 1112 5843.25 183782 792800 982425 254113
2.65 972980 986.397 6152.87 182089 812243 1.00048e+006 -27505.2
2.653 965177 982.434 6477.8 180387 832034 1.0189e+006 -53721.2
2.656 1.05324e+006 1026.28 6818.73 178677 852173 1.03767e+006 15576
2.659 1.21794e+006 1103.6 7176.39 176960 872664 1.0568e+006 161144
2.662 1.34394e+006 1159.28 7551.52 175235 893508 1.07629e+006 267641
2.664 1.28946e+006 1135.54 7811.71 174082 907601 1.08949e+006 199961
2.667 1.25205e+006 1118.95 8217.73 172347 929038 1.1096e+006 142450
2.67 1.18867e+006 1090.26 8643.39 170607 950832 1.13008e+006 58590.2
2.673 1.31258e+006 1145.68 9089.55 168862 972986 1.15094e+006 161645
2.676 1.38215e+006 1175.65 9557.13 167112 995501 1.17217e+006 209975
2.679 1.29636e+006 1138.58 10047 165358 1.01838e+006 1.19378e+006 102572
2.682 1.13995e+006 1067.69 10560.3 163601 1.04162e+006 1.21578e+006 -75827
2.685 1.00996e+006 1004.97 11097.9 161841 1.06522e+006 1.23816e+006 -228200
2.688 1.29474e+006 1137.87 11660.8 160078 1.08919e+006 1.26093e+006 33811.8
2.691 1.55006e+006 1245.01 12250.3 158313 1.11352e+006 1.28409e+006 265968
2.694 1.45894e+006 1207.87 12867.4 156547 1.13822e+006 1.30764e+006 151304
2.697 1.05514e+006 1027.2 13513.2 154780 1.16329e+006 1.33158e+006 -276440
2.7 1.15857e+006 1076.37 14189.1 153012 1.18872e+006 1.35592e+006 -197354
2.703 1.1351e+006 1065.41 14896.2 151245 1.21452e+006 1.38066e+006 -245561
2.706 1.31956e+006 1148.72 15635.9 149477 1.24069e+006 1.4058e+006 -86244.6
2.709 1.43299e+006 1197.07 16409.6 147711 1.26722e+006 1.43134e+006 1645.93
2.712 1.29576e+006 1138.31 17218.6 145946 1.29412e+006 1.45728e+006 -161521
2.715 1.70186e+006 1304.55 18064.5 144183 1.32138e+006 1.48362e+006 218235
2.718 1.77324e+006 1331.63 18948.7 142422 1.349e+006 1.51037e+006 262868
2.721 1.57733e+006 1255.92 19872.8 140663 1.37699e+006 1.53752e+006 39808.6
2.724 1.50843e+006 1228.18 20838.4 138908 1.40534e+006 1.56508e+006 -56655.5
2.727 1.48232e+006 1217.51 21847.3 137156 1.43405e+006 1.59305e+006 -110731
2.731 1.33901e+006 1157.16 23262.7 134827 1.47288e+006 1.63097e+006 -291958
2.734 1.36524e+006 1168.43 24379.2 133085 1.50242e+006 1.65989e+006 -294646
2.737 1.68554e+006 1298.28 25545.1 131349 1.53231e+006 1.68921e+006 -3671.07
2.74 1.71732e+006 1310.47 26762.1 129617 1.56256e+006 1.71894e+006 -1619.39
2.743 1.81853e+006 1348.53 28032.4 127891 1.59315e+006 1.74908e+006 69452.5
2.746 2.0038e+006 1415.55 29357.9 126172 1.62409e+006 1.77962e+006 224175
2.749 1.71557e+006 1309.8 30741 124458 1.65537e+006 1.81057e+006 -95001.4
2.752 1.96536e+006 1401.91 32183.7 122752 1.68699e+006 1.84193e+006 123434
2.755 1.74531e+006 1321.1 33688.4 121053 1.71895e+006 1.87369e+006 -128381
2.759 1.72185e+006 1312.19 35795.3 118799 1.76207e+006 1.91666e+006 -194815
2.762 1.71897e+006 1311.1 37454.1 117118 1.79479e+006 1.94937e+006 -230391
2.765 1.74478e+006 1320.9 39183 115446 1.82784e+006 1.98247e+006 -237692
2.768 1.61266e+006 1269.91 40984.9 113782 1.8612e+006 2.01597e+006 -403305
2.771 1.58882e+006 1260.48 42862.3 112127 1.89488e+006 2.04987e+006 -461050
2.774 1.90975e+006 1381.94 44818.1 110481 1.92887e+006 2.08416e+006 -174411
2.778 2.41259e+006 1553.25 47552.9 108301 1.97465e+006 2.1305e+006 282088
2.781 2.2663e+006 1505.42 49703.1 106679 2.00933e+006 2.16572e+006 100580
2.784 2.01054e+006 1417.93 51941.7 105066 2.04431e+006 2.20132e+006 -190776
2.787 2.18599e+006 1478.51 54271.9 103464 2.07957e+006 2.2373e+006 -51309.4
2.79 2.4313e+006 1559.26 56697 101873 2.1151e+006 2.27367e+006 157627
2.794 2.40779e+006 1551.7 60084 99768.2 2.1629e+006 2.32276e+006 85029.8
2.797 2.16563e+006 1471.61 62744 98203.1 2.19906e+006 2.36001e+006 -194378
2.8 2.81401e+006 1677.5 65510.7 96649.6 2.23548e+006 2.39764e+006 416377
2.803 2.90428e+006 1704.2 68387.7 95108 2.27214e+006 2.43563e+006 468649
2.807 2.44661e+006 1564.17 72402.2 93071.3 2.3214e+006 2.48687e+006 -40254.4
2.81 2.40771e+006 1551.68 75552 91558.2 2.35861e+006 2.52572e+006 -118012
2.813 2.94228e+006 1715.31 78825.4 90057.6 2.39604e+006 2.56493e+006 377356
2.816 2.87339e+006 1695.11 82226.8 88569.8 2.43369e+006 2.60449e+006 268907
2.82 2.5613e+006 1600.41 86968.3 86606.1 2.48421e+006 2.65778e+006 -96482.3
2.823 2.39331e+006 1547.03 90685.1 85148.8 2.52232e+006 2.69816e+006 -304851
2.826 2.68261e+006 1637.87 94544.7 83704.7 2.56062e+006 2.73887e+006 -56257.9
2.83 3.37491e+006 1837.09 99921.2 81800.3 2.61196e+006 2.79368e+006 581231
2.833 2.65796e+006 1630.32 104133 80387.9 2.65066e+006 2.83518e+006 -177220
2.836 2.36196e+006 1536.87 108503 78989.3 2.68951e+006 2.877e+006 -515037
2.84 2.47795e+006 1574.15 114587 77146.3 2.74153e+006 2.93326e+006 -455307
2.843 2.56728e+006 1602.27 119349 75780.5 2.78069e+006 2.97582e+006 -408541
2.846 2.6319e+006 1622.31 124288 74428.9 2.81998e+006 3.0187e+006 -386796
2.85 2.83632e+006 1684.14 131158 72649.1 2.87253e+006 3.07634e+006 -240016
2.853 3.31772e+006 1821.46 136532 71331.1 2.91205e+006 3.11992e+006 197801
2.856 2.94364e+006 1715.7 142101 70027.6 2.95166e+006 3.16379e+006 -220148
2.86 2.33028e+006 1526.53 149843 68312.4 3.00458e+006 3.22273e+006 -892452
2.863 2.62297e+006 1619.56 155894 67043.2 3.04433e+006 3.26727e+006 -644300
2.867 3.96568e+006 1991.4 164300 65373.9 3.09741e+006 3.32708e+006 638598
2.87 4.52054e+006 2126.16 170867 64139.2 3.13725e+006 3.37226e+006 1.14829e+006
2.874 4.07836e+006 2019.49 179985 62516.2 3.19039e+006 3.4329e+006 645462
2.877 4.23589e+006 2058.13 187105 61316.4 3.23025e+006 3.47868e+006 757213
2.88 3.78117e+006 1944.52 194474 60131.5 3.2701e+006 3.52471e+006 256458
2.884 3.26996e+006 1808.3 204698 58575.1 3.32319e+006 3.58646e+006 -316507
2.887 3.77387e+006 1942.64 212675 57425.3 3.36296e+006 3.63306e+006 140807
2.891 3.69257e+006 1921.61 223738 55915.6 3.4159e+006 3.69555e+006 -2982.1
2.894 2.81913e+006 1679.03 232365 54800.9 3.45552e+006 3.74268e+006 -923548
2.898 2.97904e+006 1725.99 244323 53338 3.50821e+006 3.80587e+006 -826830
2.901 3.72439e+006 1929.87 253644 52258.4 3.5476e+006 3.8535e+006 -129110
2.905 2.92968e+006 1711.63 266556 50842.2 3.59995e+006 3.91735e+006 -987662
2.908 2.9397e+006 1714.56 276616 49797.5 3.63905e+006 3.96546e+006 -1.02576e+006
2.912 3.47563e+006 1864.3 290544 48427.9 3.69095e+006 4.02992e+006 -554289
2.915 3.68208e+006 1918.87 301389 47418 3.72968e+006 4.07849e+006 -396411
2.919 3.89916e+006 1974.63 316398 46094.7 3.78104e+006 4.14353e+006 -244374
2.922 3.89317e+006 1973.11 328078 45119.4 3.81932e+006 4.19252e+006 -299347
2.926 3.4006e+006 1844.07 344235 43841.9 3.87003e+006 4.25811e+006 -857510
2.929 4.07883e+006 2019.61 356801 42900.9 3.9078e+006 4.3075e+006 -228672
2.933 3.7675e+006 1941 374175 41668.9 3.95776e+006 4.3736e+006 -606106
2.937 4.24521e+006 2060.39 392275 40462.6 4.00725e+006 4.43999e+006 -194780
2.94 4.87121e+006 2207.08 406343 39574.7 4.04403e+006 4.48995e+006 381260
2.944 4.00793e+006 2001.98 425775 38413.1 4.09261e+006 4.5568e+006 -548868
2.947 4.34248e+006 2083.86 440870 37558.4 4.12868e+006 4.60711e+006 -264632
2.951 3.92795e+006 1981.91 461709 36440.8 4.17625e+006 4.6744e+006 -746444
2.955 3.40138e+006 1844.28 483388 35348 4.22319e+006 4.74193e+006 -1.34054e+006
2.958 3.69839e+006 1923.12 500214 34544.6 4.25797e+006 4.79273e+006 -1.09434e+006
2.962 4.84092e+006 2200.21 523425 33494.8 4.30374e+006 4.86066e+006 -19733.9
2.965 4.51508e+006 2124.87 541429 32723.3 4.3376e+006 4.91175e+006 -396669
2.969 3.99822e+006 1999.56 566254 31715.6 4.3821e+006 4.98007e+006 -981846
2.973 3.57289e+006 1890.21 592037 30731.6 4.42582e+006 5.04859e+006 -1.4757e+006
2.977 3.62663e+006 1904.37 618808 29771.1 4.46875e+006 5.11733e+006 -1.49069e+006
2.98 4.26222e+006 2064.51 639552 29065.9 4.50039e+006 5.16901e+006 -906788
2.984 4.81227e+006 2193.69 668119 28145.8 4.54183e+006 5.2381e+006 -425820
2.988 4.44851e+006 2109.15 697751 27248.2 4.58238e+006 5.30738e+006 -858867
2.991 4.37059e+006 2090.6 720692 26589.8 4.61219e+006 5.35947e+006 -988879
2.995 5.26101e+006 2293.69 752259 25731.1 4.65111e+006 5.4291e+006 -168081
2.999 5.88236e+006 2425.36 784972 24894.3 4.68905e+006 5.49892e+006 383440
3.003 6.6887e+006 2586.25 818861 24079 4.72599e+006 5.56893e+006 1.11977e+006
3.006 5.33117e+006 2308.93 845067 23481.4 4.75302e+006 5.62157e+006 -290405
3.01 5.10401e+006 2259.21 881085 22702.9 4.78814e+006 5.69193e+006 -587920
3.014 5.09697e+006 2257.65 918361 21945 4.82218e+006 5.76249e+006 -665520
3.018 5.18129e+006 2276.24 956925 21207.3 4.85512e+006 5.83325e+006 -651964
3.021 5.24258e+006 2289.67 986712 20667.2 4.87908e+006 5.88646e+006 -643876
3.025 5.29034e+006 2300.07 1.0276e+006 19964.2 4.91002e+006 5.95758e+006 -667248
3.029 5.43607e+006 2331.54 1.06987e+006 19280.5 4.93978e+006 6.02893e+006 -592856
3.033 5.36689e+006 2316.65 1.11353e+006 18615.8 4.96834e+006 6.10049e+006 -733604
3.037 5.98831e+006 2447.1 1.15863e+006 17969.7 4.99569e+006 6.17229e+006 -183975
3.041 6.15394e+006 2480.71 1.2052e+006 17342 5.02178e+006 6.24432e+006 -90386.6
3.044 6.42359e+006 2534.48 1.2411e+006 16883 5.04053e+006 6.29851e+006 125083
3.048 7.31208e+006 2704.09 1.29029e+006 16286.4 5.0644e+006 6.37098e+006 941096
3.052 7.33214e+006 2707.79 1.34103e+006 15707.2 5.08698e+006 6.44372e+006 888424
3.056 7.22496e+006 2687.93 1.39335e+006 15144.9 5.10824e+006 6.51673e+006 708231
3.06 6.84993e+006 2617.24 1.44727e+006 14599.3 5.12816e+006 6.59003e+006 259902
3.064 5.94401e+006 2438.03 1.50282e+006 14070.1 5.14673e+006 6.66362e+006 -719609
3.068 6.78426e+006 2604.66 1.56004e+006 13556.8 5.16394e+006 6.73753e+006 46728.6
3.072 6.02898e+006 2455.4 1.61894e+006 13059.1 5.17976e+006 6.81176e+006 -782783
3.076 5.3142e+006 2305.25 1.67957e+006 12576.7 5.19419e+006 6.88634e+006 -1.57214e+006
3.079 5.58527e+006 2363.32 1.72618e+006 12224.7 5.20409e+006 6.9425e+006 -1.35723e+006
3.083 6.23143e+006 2496.28 1.78987e+006 11768.2 5.21606e+006 7.0177e+006 -786270
3.087 5.73484e+006 2394.75 1.85536e+006 11326.1 5.2266e+006 7.09328e+006 -1.35845e+006
3.091 6.11492e+006 2472.84 1.92266e+006 10898 5.23571e+006 7.16927e+006 -1.05435e+006
3.095 6.26564e+006 2503.13 1.9918e+006 10483.5 5.24338e+006 7.24566e+006 -980022
3.099 7.11412e+006 2667.23 2.0628e+006 10082.5 5.24961e+006 7.32249e+006 -208378
3.103 8.7697e+006 2961.37 2.13569e+006 9694.44 5.25438e+006 7.39977e+006 1.36993e+006
3.107 8.49309e+006 2914.29 2.2105e+006 9319.14 5.2577e+006 7.47752e+006 1.01557e+006
3.111 7.79387e+006 2791.75 2.28723e+006 8956.23 5.25956e+006 7.55574e+006 238128
3.115 8.30952e+006 2882.62 2.36591e+006 8605.4 5.25996e+006 7.63448e+006 675043
3.12 8.98226e+006 2997.04 2.46703e+006 8183.4 5.25841e+006 7.73362e+006 1.24863e+006
3.124 9.24784e+006 3041.03 2.55016e+006 7858.64 5.25553e+006 7.81355e+006 1.43429e+006
3.128 8.64944e+006 2940.99 2.63531e+006 7544.98 5.25119e+006 7.89404e+006 755392
3.132 8.52902e+006 2920.45 2.72247e+006 7242.11 5.2454e+006 7.97511e+006 553903
3.136 8.32917e+006 2886.03 2.81167e+006 6949.75 5.23817e+006 8.05678e+006 272383
3.14 8.95829e+006 2993.04 2.90291e+006 6667.6 5.22949e+006 8.13907e+006 819223
3.144 8.67005e+006 2944.5 2.99622e+006 6395.39 5.21937e+006 8.22198e+006 448071
3.148 7.72034e+006 2778.55 3.09158e+006 6132.83 5.20783e+006 8.30555e+006 -585211
3.152 9.86828e+006 3141.38 3.18903e+006 5879.66 5.19488e+006 8.38978e+006 1.4785e+006
3.156 1.08164e+007 3288.83 3.28855e+006 5635.59 5.18051e+006 8.4747e+006 2.34172e+006
3.161 9.8886e+006 3144.62 3.41588e+006 5342.92 5.1606e+006 8.58183e+006 1.30678e+006
3.165 8.91537e+006 2985.86 3.52009e+006 5118.4 5.14312e+006 8.66834e+006 247037
3.169 8.61783e+006 2935.61 3.62639e+006 4902.14 5.12428e+006 8.75557e+006 -137748
3.173 8.10434e+006 2846.81 3.73477e+006 4693.91 5.10409e+006 8.84356e+006 -739217
3.177 9.40828e+006 3067.29 3.84523e+006 4493.45 5.08257e+006 8.93229e+006 475990
3.182 9.54393e+006 3089.33 3.98622e+006 4253.45 5.05382e+006 9.0443e+006 499636
3.186 9.90314e+006 3146.92 4.10134e+006 4069.62 5.02937e+006 9.13477e+006 768361
3.19 1.00861e+007 3175.86 4.2185e+006 3892.81 5.00365e+006 9.22604e+006 860029
3.194 9.83008e+006 3135.3 4.33771e+006 3722.8 4.97667e+006 9.3181e+006 511977
3.199 1.03081e+007 3210.63 4.48955e+006 3519.51 4.94124e+006 9.43431e+006 873814
3.203 9.89748e+006 3146.03 4.61329e+006 3364 4.91153e+006 9.52818e+006 369299
3.207 9.7289e+006 3119.12 4.739e+006 3214.6 4.88065e+006 9.62286e+006 106040
3.211 1.01625e+007 3187.86 4.86667e+006 3071.11 4.84862e+006 9.71836e+006 444097
3.216 1.19011e+007 3449.8 5.02897e+006 2899.74 4.807e+006 9.83887e+006 2.06225e+006
3.22 1.18691e+007 3445.15 5.16095e+006 2768.81 4.77247e+006 9.93619e+006 1.93289e+006
3.224 9.35618e+006 3058.79 5.2948e+006 2643.17 4.73687e+006 1.00343e+007 -678133
3.229 9.2466e+006 3040.82 5.46468e+006 2493.27 4.69092e+006 1.01581e+007 -911492
3.233 1.04659e+007 3235.1 5.6026e+006 2378.86 4.65303e+006 1.0258e+007 207862
3.238 1.17072e+007 3421.58 5.77745e+006 2242.45 4.60429e+006 1.0384e+007 1.32325e+006
3.242 1.17189e+007 3423.28 5.91925e+006 2138.41 4.56424e+006 1.04856e+007 1.23325e+006
3.246 1.33897e+007 3659.19 6.0627e+006 2038.7 4.52329e+006 1.0588e+007 2.80168e+006
3.251 1.10557e+007 3325.01 6.24426e+006 1919.94 4.47087e+006 1.0717e+007 338668
3.255 1.46067e+007 3821.87 6.39124e+006 1829.45 4.42799e+006 1.08211e+007 3.78567e+006
3.26 2.19964e+007 4690.04 6.57706e+006 1721.72 4.37326e+006 1.0952e+007 1.10444e+007
3.264 1.55343e+007 3941.36 6.72731e+006 1639.69 4.32861e+006 1.10576e+007 4.47673e+006
3.268 1.22235e+007 3496.22 6.87892e+006 1561.2 4.28323e+006 1.11637e+007 1.05983e+006
3.273 1.05475e+007 3247.68 7.07025e+006 1467.85 4.22552e+006 1.12972e+007 -749785
3.277 1.09761e+007 3313.02 7.22469e+006 1396.84 4.17861e+006 1.14047e+007 -428562
3.282 1.07816e+007 3283.54 7.41934e+006 1312.44 4.11909e+006 1.15397e+007 -758112
3.286 1.10477e+007 3323.81 7.57625e+006 1248.28 4.07082e+006 1.16483e+007 -600600
3.291 1.19038e+007 3450.18 7.77378e+006 1172.07 4.00971e+006 1.17847e+007 119096
3.295 1.21788e+007 3489.81 7.93281e+006 1114.17 3.96024e+006 1.18942e+007 284606
3.3 1.43635e+007 3789.92 8.13273e+006 1045.45 3.89775e+006 1.20315e+007 2.33197e+006
3.305 1.59148e+007 3989.34 8.33376e+006 980.611 3.83458e+006 1.21693e+007 3.74551e+006
3.309 1.54106e+007 3925.63 8.49528e+006 931.395 3.7836e+006 1.22798e+007 3.13078e+006
3.314 1.44279e+007 3798.4 8.69789e+006 873.041 3.71937e+006 1.24181e+007 2.00974e+006
3.318 1.62273e+007 4028.31 8.86044e+006 828.78 3.66763e+006 1.25289e+007 3.69841e+006
3.323 1.57195e+007 3964.78 9.06407e+006 776.336 3.60256e+006 1.26674e+007 3.05209e+006
3.328 1.5883e+007 3985.35 9.26802e+006 726.941 3.53711e+006 1.28059e+007 3.07713e+006
3.332 1.82882e+007 4276.47 9.43127e+006 689.513 3.48452e+006 1.29165e+007 5.37172e+006
3.337 1.73962e+007 4170.88 9.6353e+006 645.21 3.41854e+006 1.30545e+007 4.34172e+006
3.342 1.31629e+007 3628.08 9.8391e+006 603.529 3.35236e+006 1.31921e+007 -29117.7
3.346 1.34964e+007 3673.75 1.00018e+007 571.979 3.29931e+006 1.33017e+007 194721
3.351 1.4918e+007 3862.38 1.02047e+007 534.671 3.23291e+006 1.34382e+007 1.47979e+006
3.356 1.41476e+007 3761.33 1.04069e+007 499.611 3.16648e+006 1.35738e+007 573793
3.36 1.27372e+007 3568.92 1.05678e+007 473.099 3.11334e+006 1.36817e+007 -944474
3.365 1.28319e+007 3582.17 1.0768e+007 441.781 3.04699e+006 1.38154e+007 -983508
3.37 1.55055e+007 3937.7 1.09668e+007 412.383 2.98075e+006 1.39479e+007 1.55753e+006
3.375 1.64186e+007 4051.99 1.1164e+007 384.798 2.91469e+006 1.40791e+007 2.33956e+006
3.379 1.47621e+007 3842.15 1.13204e+007 363.968 2.86201e+006 1.41828e+007 579336
3.384 1.48594e+007 3854.79 1.15142e+007 339.394 2.79639e+006 1.4311e+007 548456
3.389 1.48627e+007 3855.21 1.17058e+007 316.362 2.7311e+006 1.44372e+007 425448
3.394 1.45919e+007 3819.93 1.1895e+007 294.784 2.66618e+006 1.45614e+007 30448.5
3.399 1.60808e+007 4010.09 1.20815e+007 274.575 2.60167e+006 1.46834e+007 1.39734e+006
3.403 1.62152e+007 4026.81 1.22287e+007 259.341 2.55039e+006 1.47793e+007 1.4359e+006
3.408 1.66873e+007 4085.01 1.24099e+007 241.401 2.48674e+006 1.48969e+007 1.79041e+006
3.413 1.86193e+007 4315 1.25879e+007 224.618 2.42363e+006 1.50117e+007 3.60752e+006
3.418 1.81183e+007 4256.56 1.27624e+007 208.924 2.3611e+006 1.51237e+007 2.99462e+006
3.423 1.648e+007 4059.55 1.29332e+007 194.255 2.29918e+006 1.52326e+007 1.24736e+006
3.428 1.51582e+007 3893.35 1.31002e+007 180.548 2.23791e+006 1.53383e+007 -180106
3.433 1.6028e+007 4003.49 1.32631e+007 167.747 2.17734e+006 1.54406e+007 587406
3.438 1.80603e+007 4249.74 1.34216e+007 155.795 2.11748e+006 1.55392e+007 2.52103e+006
3.443 1.58315e+007 3978.88 1.35757e+007 144.641 2.05838e+006 1.56342e+007 197288
3.448 1.4606e+007 3821.78 1.3725e+007 134.235 2.00006e+006 1.57252e+007 -1.11925e+006
3.453 1.33279e+007 3650.74 1.38695e+007 124.532 1.94254e+006 1.58122e+007 -2.48425e+006
3.458 1.49453e+007 3865.92 1.40089e+007 115.487 1.88587e+006 1.58948e+007 -949532
3.463 1.95453e+007 4421 1.4143e+007 107.06 1.83005e+006 1.59731e+007 3.57215e+006
3.468 1.92065e+007 4382.53 1.42716e+007 99.2103 1.77512e+006 1.60469e+007 3.15968e+006
3.473 1.75784e+007 4192.66 1.43947e+007 91.9023 1.72109e+006 1.61159e+007 1.46252e+006
3.478 1.47792e+007 3844.37 1.4512e+007 85.1009 1.66798e+006 1.618e+007 -1.40086e+006
3.483 1.55945e+007 3948.99 1.46233e+007 78.7736 1.61581e+006 1.62392e+007 -644660
3.488 1.6998e+007 4122.86 1.47286e+007 72.8896 1.56459e+006 1.62932e+007 704726
3.493 1.59653e+007 3995.66 1.48276e+007 67.4201 1.51434e+006 1.6342e+007 -376716
3.498 1.76781e+007 4204.54 1.49203e+007 62.3378 1.46506e+006 1.63854e+007 1.29277e+006
3.503 1.77733e+007 4215.84 1.50064e+007 57.6173 1.41678e+006 1.64232e+007 1.35008e+006
3.508 1.62594e+007 4032.3 1.5086e+007 53.2344 1.36949e+006 1.64555e+007 -196063
3.514 1.67945e+007 4098.11 1.51725e+007 48.389 1.31407e+006 1.64867e+007 307884
3.519 1.91611e+007 4377.34 1.52372e+007 44.6716 1.269e+006 1.65062e+007 2.65487e+006
3.524 1.91579e+007 4376.97 1.52949e+007 41.2244 1.22494e+006 1.65198e+007 2.63804e+006
3.529 1.59149e+007 3989.35 1.53455e+007 38.0291 1.18191e+006 1.65275e+007 -612535
3.534 1.37024e+007 3701.68 1.53891e+007 35.0685 1.13988e+006 1.6529e+007 -2.82661e+006
3.54 1.43514e+007 3788.33 1.5432e+007 31.8027 1.0908e+006 1.65228e+007 -2.17141e+006
3.545 1.6195e+007 4024.3 1.54598e+007 29.3028 1.05102e+006 1.65108e+007 -315840
3.55 1.53311e+007 3915.5 1.54804e+007 26.9894 1.01224e+006 1.64926e+007 -1.16148e+006
3.556 1.43309e+007 3785.62 1.54954e+007 24.4412 967043 1.64625e+007 -2.1316e+006
3.561 1.77918e+007 4218.04 1.54999e+007 22.4932 930480 1.64304e+007 1.3614e+006
3.566 1.84665e+007 4297.27 1.54972e+007 20.6928 894910 1.63921e+007 2.07439e+006
3.572 1.6457e+007 4056.73 1.54842e+007 18.7123 853528 1.63378e+007 119265
3.577 1.54682e+007 3932.96 1.54654e+007 17.2004 820118 1.62855e+007 -817333
3.582 1.55833e+007 3947.57 1.54393e+007 15.8048 787673 1.6227e+007 -643706
3.588 1.83384e+007 4282.34 1.53985e+007 14.2718 750000 1.61485e+007 2.18988e+006
3.593 1.63692e+007 4045.89 1.53566e+007 13.1031 719643 1.60763e+007 292935
3.599 1.52102e+007 3900.02 1.5297e+007 11.8205 684439 1.59815e+007 -771275
3.604 1.61682e+007 4020.97 1.52396e+007 10.8437 656109 1.58957e+007 272508
3.609 1.60942e+007 4011.75 1.51753e+007 9.94394 628679 1.58039e+007 290214
3.615 1.24813e+007 3532.89 1.5089e+007 8.95779 596931 1.56859e+007 -3.2046e+006
3.62 1.26461e+007 3556.13 1.50097e+007 8.20778 571429 1.55812e+007 -2.93507e+006
3.626 1.38758e+007 3725.02 1.49059e+007 7.38656 541951 1.54478e+007 -1.57204e+006
3.631 1.56313e+007 3953.65 1.48122e+007 6.76258 518304 1.53305e+007 300853
3.637 1.75838e+007 4193.31 1.46914e+007 6.07999 491004 1.51824e+007 2.40142e+006
3.643 1.86933e+007 4323.58 1.45617e+007 5.46338 464851 1.50266e+007 3.66675e+006
3.648 1.47935e+007 3846.23 1.4447e+007 4.99554 443913 1.48909e+007 -97458.2
3.654 1.21309e+007 3482.95 1.43017e+007 4.4845 419788 1.47215e+007 -2.59058e+006
3.659 1.15811e+007 3403.1 1.41744e+007 4.09714 400497 1.45749e+007 -2.99379e+006
3.665 1.26869e+007 3561.86 1.40143e+007 3.6744 378298 1.43926e+007 -1.70578e+006
3.671 1.20721e+007 3474.5 1.38467e+007 3.29352 357107 1.42038e+007 -2.13169e+006
3.676 1.1709e+007 3421.85 1.37015e+007 3.00523 340195 1.40416e+007 -2.33262e+006
3.682 1.22492e+007 3499.89 1.35207e+007 2.69107 320770 1.38415e+007 -1.5923e+006
3.688 1.29273e+007 3595.46 1.33334e+007 2.40847 302266 1.36356e+007 -708284
3.693 1.47921e+007 3846.04 1.31724e+007 2.19487 287527 1.34599e+007 1.33216e+006
3.699 1.47409e+007 3839.39 1.29737e+007 1.96245 270630 1.32443e+007 1.49659e+006
3.705 1.34916e+007 3673.09 1.27693e+007 1.7537 254567 1.30239e+007 467727
3.711 1.14063e+007 3377.33 1.25596e+007 1.56632 239309 1.27989e+007 -1.3926e+006
3.716 1.24952e+007 3534.85 1.23811e+007 1.42497 227186 1.26083e+007 -113120
3.722 1.32475e+007 3639.71 1.21627e+007 1.27147 213324 1.2376e+007 871456
3.728 1.36754e+007 3698.03 1.194e+007 1.13389 200183 1.21402e+007 1.53524e+006
3.734 1.36586e+007 3695.76 1.17134e+007 1.01066 187734 1.19012e+007 1.75747e+006
3.74 1.19589e+007 3458.16 1.14834e+007 0.900341 175949 1.16593e+007 299563
3.746 1.26502e+007 3556.71 1.12502e+007 0.801634 164802 1.1415e+007 1.23517e+006
3.752 1.20797e+007 3475.59 1.10143e+007 0.713366 154264 1.11685e+007 911164
3.758 1.10953e+007 3330.97 1.0776e+007 0.634478 144310 1.09203e+007 175041
3.763 1.04193e+007 3227.9 1.05759e+007 0.57521 136442 1.07123e+007 -292985
3.769 1.00328e+007 3167.46 1.03342e+007 0.511098 127492 1.04617e+007 -428880
3.775 1.02799e+007 3206.23 1.00912e+007 0.45389 119054 1.02103e+007 69648
3.781 1.1649e+007 3413.07 9.84724e+006 0.402869 111106 9.95835e+006 1.69066e+006
3.787 1.43739e+007 3791.29 9.60266e+006 0.357392 103623 9.70628e+006 4.6676e+006
3.793 1.01952e+007 3193 9.3578e+006 0.316879 96584.1 9.45439e+006 740832
3.8 7.7316e+006 2780.58 9.07223e+006 0.275195 88903.8 9.16113e+006 -1.42953e+006
3.806 7.90617e+006 2811.79 8.8279e+006 0.243717 82752.7 8.91066e+006 -1.00449e+006
3.812 7.61468e+006 2759.47 8.58433e+006 0.215724 76979 8.66131e+006 -1.04663e+006
3.818 7.94813e+006 2819.24 8.34182e+006 0.190844 71563.5 8.41339e+006 -465253
3.824 8.10403e+006 2846.76 8.10066e+006 0.168743 66487.5 8.16715e+006 -63120.6
3.83 1.12399e+007 3352.59 7.86114e+006 0.149122 61732.9 7.92287e+006 3.317e+006
3.836 1.2122e+007 3481.66 7.62353e+006 0.131712 57282.5 7.68081e+006 4.44118e+006
3.843 9.05626e+006 3009.36 7.34906e+006 0.113875 52452.9 7.40152e+006 1.65474e+006
3.849 7.84716e+006 2801.28 7.11646e+006 0.100464 48605.7 7.16506e+006 682094
3.855 7.59112e+006 2755.2 6.88654e+006 0.0885842 45012.6 6.93155e+006 659569
3.861 7.84819e+006 2801.46 6.65953e+006 0.0780677 41659.1 6.70118e+006 1.14701e+006
3.868 8.22248e+006 2867.49 6.39863e+006 0.0673201 38031.1 6.43666e+006 1.78582e+006
3.874 7.75191e+006 2784.23 6.17861e+006 0.0592593 35150.1 6.21376e+006 1.53815e+006
3.88 5.72918e+006 2393.57 5.96211e+006 0.0521358 32467.1 5.99458e+006 -265401
3.887 5.50436e+006 2346.14 5.7142e+006 0.0448695 29571.3 5.74377e+006 -239407
3.893 6.21127e+006 2492.24 5.50587e+006 0.03943 27277.2 5.53315e+006 678125
3.899 7.47004e+006 2733.14 5.30154e+006 0.0346314 25145.4 5.32668e+006 2.14336e+006
3.906 6.5044e+006 2550.37 5.06837e+006 0.0297459 22849.8 5.09122e+006 1.41319e+006
3.912 4.3499e+006 2085.64 4.8731e+006 0.0260955 21035.5 4.89414e+006 -544235
3.919 4.36503e+006 2089.27 4.65079e+006 0.0223839 19085 4.66988e+006 -304845
3.925 5.28283e+006 2298.44 4.46505e+006 0.0196143 17545.9 4.48259e+006 800239
3.932 4.74823e+006 2179.04 4.25405e+006 0.0168017 15893.9 4.26994e+006 478285
3.938 4.34783e+006 2085.15 4.07815e+006 0.0147057 14592.3 4.09274e+006 255090
3.945 4.67652e+006 2162.53 3.87877e+006 0.01258 13197.5 3.89197e+006 784545
3.951 5.59191e+006 2364.72 3.71293e+006 0.0109979 12100.4 3.72503e+006 1.86688e+006
3.958 5.71813e+006 2391.26 3.52536e+006 0.00939545 10926.6 3.53629e+006 2.18184e+006
3.964 3.29894e+006 1816.3 3.36967e+006 0.00820434 10004.7 3.37967e+006 -80730.3
3.971 3.03001e+006 1740.69 3.19395e+006 0.00699944 9019.88 3.20297e+006 -172965
3.978 3.88438e+006 1970.88 3.02461e+006 0.00596715 8125.1 3.03273e+006 851642
3.984 4.97469e+006 2230.4 2.8845e+006 0.00520137 7424.12 2.89192e+006 2.08276e+006
3.991 2.80024e+006 1673.39 2.72688e+006 0.00442827 6677.09 2.73356e+006 66684.3
3.998 2.73831e+006 1654.79 2.5755e+006 0.00376733 6000.13 2.5815e+006 156818
4.004 2.41599e+006 1554.34 2.45064e+006 0.00327801 5471.08 2.45611e+006 -40127.5
4.011 2.43585e+006 1560.72 2.31063e+006 0.00278498 4908.64 2.31553e+006 120318
4.018 2.75467e+006 1659.72 2.1766e+006 0.00236439 4400.27 2.181e+006 573676
4.025 4.1434e+006 2035.53 2.04845e+006 0.00200585 3941.21 2.05239e+006 2.091e+006
4.032 2.63204e+006 1622.36 1.92607e+006 0.00170044 3527.04 1.9296e+006 702444
4.038 2.2956e+006 1515.12 1.82567e+006 0.0014751 3204.68 1.82887e+006 466726
4.045 1.49094e+006 1221.04 1.71365e+006 0.00124881 2863.39 1.71652e+006 -225580
4.052 1.21088e+006 1100.4 1.60703e+006 0.00105647 2556.27 1.60958e+006 -398706
4.059 1.17393e+006 1083.48 1.50564e+006 0.0008931 2280.15 1.50792e+006 -333993
4.066 1.36544e+006 1168.52 1.40936e+006 0.000754445 2032.12 1.41139e+006 -45946.9
4.073 1.90917e+006 1381.73 1.31801e+006 0.000636851 1809.54 1.31982e+006 589357
4.08 1.4768e+006 1215.24 1.23144e+006 0.000537196 1609.97 1.23305e+006 243751
4.087 1.22409e+006 1106.39 1.1495e+006 0.000452805 1431.19 1.15093e+006 73160.3
4.094 953959 976.708 1.07202e+006 0.000381393 1271.19 1.07329e+006 -119331
4.101 705154 839.735 998837 0.00032101 1128.11 999965 -294811
4.108 866414 930.813 929793 0.00026999 1000.29 930793 -64379.9
4.116 1.18748e+006 1089.71 855742 0.000221335 870.931 856613 330864
4.123 878946 937.521 795014 0.000185867 770.842 795785 83161.3
4.13 687130 828.933 737914 0.000155969 681.676 738596 -51465.4
4.137 761767 872.793 684283 0.000130785 602.312 684885 76882.2
4.144 708513 841.732 633964 0.000109587 531.736 634495 74017.4
4.152 528226 726.791 580314 8.94547e-005 460.666 580775 -52548.9
4.159 516842 718.917 536577 7.4839e-005 405.947 536983 -20141.1
4.166 454536 674.193 495679 6.25658e-005 357.424 496036 -41500.5
4.173 449730 670.619 457475 5.22672e-005 314.434 457790 -8059.54
4.181 359724 599.77 416934 4.25183e-005 271.313 417205 -57480.9
4.188 338367 581.693 384038 3.54642e-005 238.246 384277 -45909.6
4.196 409152 639.65 349214 2.8798e-005 205.146 349420 59732.1
4.203 389965 624.472 321026 2.39827e-005 179.815 321206 68759.3
4.211 314758 561.033 291256 1.944e-005 154.512 291411 23347.1
4.218 294231 542.431 267217 1.61642e-005 135.187 267352 26878.9
4.226 237340 487.176 241889 1.30791e-005 115.921 242005 -4665.22
4.233 217839 466.732 221486 1.08582e-005 101.238 221587 -3748.19
4.241 195794 442.486 200040 8.77015e-006 86.6306 200126 -4332.29
4.248 181037 425.484 182804 7.2696e-006 75.5199 182880 -1842.88
4.256 246252 496.238 164730 5.86117e-006 64.4888 164795 81457
4.264 265011 514.792 148265 4.72112e-006 55.0078 148320 116691
4.271 285067 533.917 135080 3.90399e-006 47.8191 135127 149940
4.279 227507 476.977 121303 3.13902e-006 40.7041 121344 106164
4.287 155158 393.9 108800 2.52155e-006 34.6092 108835 46322.7
4.294 147655 384.258 98824.3 2.08014e-006 30.0024 98854.3 48800.2
4.302 169883 412.169 88438.2 1.66798e-006 25.457 88463.6 81419.4
4.31 184250 429.243 79048.2 1.33621e-006 21.5762 79069.7 105180
4.318 151757 389.559 70570 1.06942e-006 18.2667 70588.2 81168.3
4.326 124943 353.473 62925.1 8.55078e-007 15.4477 62940.6 62002.3
4.334 98618.3 314.035 56040.8 6.83049e-007 13.0493 56053.9 42564.4
4.342 166946 408.59 49849.5 5.4511e-007 11.011 49860.5 117085
4.35 211867 460.29 44288.8 4.34614e-007 9.28074 44298 167569
4.358 194960 441.542 39300.9 3.46186e-007 7.81372 39308.7 155651
4.366 148888 385.86 34832.7 2.75488e-007 6.57129 34839.3 114049
4.374 126543 355.729 30835.3 2.1902e-007 5.52029 30840.8 95702
4.382 100314 316.724 27263.7 1.7396e-007 4.63223 27268.3 73045.7
4.39 124170 352.378 24076.8 1.3804e-007 3.88273 24080.6 100089
4.398 188241 433.867 21236.7 1.09432e-007 3.25088 21240 167001
4.406 274814 524.227 18709.1 8.66706e-008 2.71884 18711.8 256102
4.414 392984 626.884 16462.4 6.85782e-008 2.27135 16464.7 376519
4.423 421756 649.427 14235.2 5.26376e-008 1.85287 14237.1 407519
