1.772 1.40657e+010 118599 2.72725e-009 0.0402273 15591.5 2.82948e+008 2.82964e+008 1.37827e+010
1.773 1.57129e+010 125351 2.8505e-009 0.0418259 16051 2.8667e+008 2.86686e+008 1.54262e+010
1.775 1.35516e+010 116411 3.11379e-009 0.0452127 17009.8 2.94245e+008 2.94262e+008 1.32574e+010
1.776 1.47201e+010 121326 3.25431e-009 0.0470059 17509.8 2.98099e+008 2.98116e+008 1.4422e+010
1.777 1.35144e+010 116251 3.4011e-009 0.0488689 18024 3.01998e+008 3.02016e+008 1.32124e+010
1.778 1.46796e+010 121160 3.55444e-009 0.0508044 18552.9 3.05943e+008 3.05961e+008 1.43737e+010
1.78 1.32408e+010 115069 3.88192e-009 0.0549044 19656.1 3.1397e+008 3.1399e+008 1.29268e+010
1.781 1.53476e+010 123885 4.05668e-009 0.0570747 20231.3 3.18054e+008 3.18074e+008 1.50295e+010
1.782 1.39116e+010 117948 4.23922e-009 0.0593292 20822.8 3.22184e+008 3.22205e+008 1.35894e+010
1.783 1.43634e+010 119847 4.42987e-009 0.0616712 21431.1 3.26363e+008 3.26385e+008 1.4037e+010
1.785 1.43435e+010 119764 4.83699e-009 0.0666313 22699.7 3.34866e+008 3.34888e+008 1.40086e+010
1.786 1.54978e+010 124490 5.0542e-009 0.0692563 23361 3.3919e+008 3.39214e+008 1.51585e+010
1.787 1.51059e+010 122906 5.28107e-009 0.0719829 24041 3.43565e+008 3.43589e+008 1.47624e+010
1.788 1.53311e+010 123819 5.51799e-009 0.074815 24740.1 3.47989e+008 3.48014e+008 1.49831e+010
1.789 1.4887e+010 122012 5.76543e-009 0.0777565 25458.9 3.52464e+008 3.5249e+008 1.45345e+010
1.791 1.58964e+010 126081 6.29369e-009 0.0839846 26957.7 3.61568e+008 3.61595e+008 1.55348e+010
1.792 1.59225e+010 126184 6.57549e-009 0.08728 27738.8 3.66198e+008 3.66226e+008 1.55562e+010
1.793 1.54338e+010 124233 6.86976e-009 0.0907024 28541.8 3.7088e+008 3.70909e+008 1.50629e+010
1.794 1.50355e+010 122620 7.17706e-009 0.0942566 29367.4 3.75616e+008 3.75645e+008 1.46599e+010
1.796 1.4986e+010 122417 7.83299e-009 0.101781 31088.4 3.85248e+008 3.85279e+008 1.46008e+010
1.797 1.19808e+010 109457 8.18285e-009 0.105761 31985.1 3.90146e+008 3.90178e+008 1.15906e+010
1.798 1.51735e+010 123181 8.54816e-009 0.109894 32906.9 3.95098e+008 3.95131e+008 1.47783e+010
1.799 1.59753e+010 126393 8.92958e-009 0.114186 33854.3 4.00107e+008 4.00141e+008 1.55752e+010
1.801 1.51259e+010 122988 9.74363e-009 0.123269 35829.2 4.10293e+008 4.10329e+008 1.47156e+010
1.802 1.46254e+010 120936 1.01778e-008 0.128074 36858 4.15471e+008 4.15508e+008 1.42099e+010
1.803 1.28865e+010 113519 1.0631e-008 0.133062 37915.4 4.20708e+008 4.20745e+008 1.24658e+010
1.805 1.58719e+010 125984 1.15982e-008 0.143618 40118.9 4.31355e+008 4.31395e+008 1.54405e+010
1.806 1.61136e+010 126939 1.21139e-008 0.1492 41266.7 4.36768e+008 4.36809e+008 1.56768e+010
1.807 1.5726e+010 125403 1.26523e-008 0.154996 42446.2 4.42241e+008 4.42283e+008 1.52837e+010
1.808 1.61616e+010 127128 1.32143e-008 0.161012 43658.4 4.47774e+008 4.47817e+008 1.57138e+010
1.81 1.5277e+010 123600 1.44135e-008 0.173741 46184 4.59023e+008 4.5907e+008 1.4818e+010
1.811 1.48463e+010 121845 1.50528e-008 0.180471 47499.3 4.64741e+008 4.64789e+008 1.43815e+010
1.812 1.37077e+010 117080 1.57202e-008 0.187458 48850.7 4.70522e+008 4.70571e+008 1.32372e+010
1.813 1.46832e+010 121174 1.64167e-008 0.194709 50239.4 4.76365e+008 4.76416e+008 1.42068e+010
1.815 1.49213e+010 122153 1.79027e-008 0.210049 53132.2 4.88245e+008 4.88298e+008 1.4433e+010
1.816 1.33573e+010 115574 1.86948e-008 0.218158 54638.4 4.94282e+008 4.94337e+008 1.28629e+010
1.817 1.42926e+010 119552 1.95216e-008 0.226575 56185.8 5.00385e+008 5.00441e+008 1.37921e+010
1.819 1.43296e+010 119706 2.1285e-008 0.244376 59408.9 5.12789e+008 5.12849e+008 1.38168e+010
1.82 1.48579e+010 121893 2.22249e-008 0.253784 61086.8 5.19092e+008 5.19153e+008 1.43387e+010
1.821 1.38683e+010 117764 2.32058e-008 0.263548 62810.5 5.25463e+008 5.25526e+008 1.33428e+010
1.822 1.55559e+010 124723 2.42295e-008 0.273681 64581.2 5.31902e+008 5.31967e+008 1.50239e+010
1.824 1.5585e+010 124840 2.64126e-008 0.295108 68268.6 5.44989e+008 5.45058e+008 1.504e+010
1.825 1.54603e+010 124339 2.75759e-008 0.306431 70187.8 5.51638e+008 5.51708e+008 1.49086e+010
1.826 1.44695e+010 120289 2.879e-008 0.318181 72159.1 5.58358e+008 5.5843e+008 1.3911e+010
1.828 1.42376e+010 119321 3.13787e-008 0.343022 76263.6 5.72013e+008 5.72089e+008 1.36655e+010
1.829 1.44812e+010 120338 3.2758e-008 0.356147 78399.6 5.7895e+008 5.79028e+008 1.39022e+010
1.83 1.40174e+010 118395 3.41973e-008 0.369765 80593.4 5.8596e+008 5.8604e+008 1.34313e+010
1.832 1.57258e+010 125403 3.72659e-008 0.398553 85160.3 6.00203e+008 6.00288e+008 1.51255e+010
1.833 1.50477e+010 122669 3.89007e-008 0.413761 87536.6 6.07437e+008 6.07525e+008 1.44402e+010
1.834 1.46445e+010 121014 4.06064e-008 0.429538 89976.9 6.14747e+008 6.14837e+008 1.40297e+010
1.835 1.35199e+010 116275 4.2386e-008 0.445906 92482.8 6.22135e+008 6.22227e+008 1.28976e+010
1.837 1.38721e+010 117780 4.61797e-008 0.4805 97698.7 6.37142e+008 6.37239e+008 1.32348e+010
1.838 1.48632e+010 121915 4.82005e-008 0.498771 100412 6.44763e+008 6.44863e+008 1.42183e+010
1.839 1.44147e+010 120061 5.03086e-008 0.517725 103198 6.52463e+008 6.52567e+008 1.37621e+010
1.841 1.47676e+010 121522 5.48021e-008 0.557777 108996 6.68105e+008 6.68214e+008 1.40994e+010
1.842 1.8026e+010 134261 5.71953e-008 0.578929 112012 6.76048e+008 6.7616e+008 1.73499e+010
1.843 1.47604e+010 121492 5.96919e-008 0.600867 115108 6.84073e+008 6.84188e+008 1.40762e+010
1.845 1.48372e+010 121808 6.50124e-008 0.64722 121550 7.00371e+008 7.00492e+008 1.41367e+010
1.846 1.47953e+010 121636 6.78458e-008 0.671695 124901 7.08646e+008 7.08771e+008 1.40865e+010
1.847 1.60878e+010 126838 7.08012e-008 0.697078 128340 7.17005e+008 7.17134e+008 1.53707e+010
1.849 1.70829e+010 130702 7.7099e-008 0.750701 135496 7.33982e+008 7.34117e+008 1.63488e+010
1.85 1.90838e+010 138144 8.04523e-008 0.779011 139216 7.426e+008 7.42739e+008 1.8341e+010
1.851 1.82348e+010 135036 8.39498e-008 0.808367 143035 7.51306e+008 7.51449e+008 1.74834e+010
1.853 1.84223e+010 135729 9.14016e-008 0.870374 150979 7.68983e+008 7.69134e+008 1.76531e+010
1.854 1.97532e+010 140546 9.5369e-008 0.903105 155109 7.77956e+008 7.78111e+008 1.89751e+010
1.855 1.78108e+010 133457 9.95064e-008 0.937043 159348 7.87019e+008 7.87179e+008 1.70236e+010
1.857 2.01468e+010 141940 1.08321e-007 1.00872 168164 8.0542e+008 8.05588e+008 1.93412e+010
1.858 1.7913e+010 133839 1.13013e-007 1.04654 172747 8.14759e+008 8.14932e+008 1.7098e+010
1.859 1.42947e+010 119560 1.17906e-007 1.08576 177450 8.24191e+008 8.24369e+008 1.34703e+010
1.861 1.73331e+010 131655 1.28329e-007 1.16857 187229 8.43339e+008 8.43526e+008 1.64895e+010
1.862 1.46144e+010 120890 1.33876e-007 1.21227 192311 8.53056e+008 8.53248e+008 1.37611e+010
1.863 1.45357e+010 120564 1.39661e-007 1.25757 197527 8.62869e+008 8.63067e+008 1.36726e+010
1.865 1.58751e+010 125996 1.5198e-007 1.35321 208370 8.82788e+008 8.82996e+008 1.49921e+010
1.866 1.71499e+010 130958 1.58537e-007 1.40367 214004 8.92895e+008 8.93109e+008 1.62568e+010
1.868 1.4335e+010 119729 1.725e-007 1.51019 225718 9.13407e+008 9.13633e+008 1.34214e+010
1.869 1.35432e+010 116375 1.7993e-007 1.56639 231804 9.23814e+008 9.24046e+008 1.26192e+010
1.87 1.4607e+010 120859 1.87677e-007 1.62463 238048 9.34323e+008 9.34561e+008 1.36724e+010
1.872 1.58899e+010 126055 2.04172e-007 1.74757 251026 9.55648e+008 9.55899e+008 1.4934e+010
1.873 1.29541e+010 113816 2.12949e-007 1.81241 257768 9.66467e+008 9.66724e+008 1.19873e+010
1.874 1.20154e+010 109615 2.22098e-007 1.87962 264685 9.7739e+008 9.77655e+008 1.10378e+010
1.876 1.48293e+010 121775 2.41577e-007 2.02144 279058 9.99554e+008 9.99833e+008 1.38294e+010
1.877 1.2876e+010 113472 2.51941e-007 2.09623 286524 1.0108e+009 1.01108e+009 1.18649e+010
1.879 1.4899e+010 122061 2.74003e-007 2.25405 302038 1.0336e+009 1.03391e+009 1.38651e+010
1.88 1.41219e+010 118836 2.85739e-007 2.33727 310095 1.04517e+009 1.04548e+009 1.30764e+010
1.881 2.02519e+010 142309 2.97971e-007 2.42351 318359 1.05685e+009 1.05717e+009 1.91948e+010
1.883 1.79107e+010 133831 3.24009e-007 2.60544 335528 1.08054e+009 1.08088e+009 1.68298e+010
1.884 1.87409e+010 136897 3.37859e-007 2.70136 344443 1.09256e+009 1.0929e+009 1.7648e+010
1.885 1.79632e+010 134027 3.52293e-007 2.80074 353587 1.10469e+009 1.10504e+009 1.68582e+010
1.887 1.95993e+010 139998 3.83013e-007 3.01038 372580 1.12929e+009 1.12966e+009 1.84697e+010
1.888 1.90305e+010 137951 3.99351e-007 3.1209 382441 1.14176e+009 1.14214e+009 1.78883e+010
1.89 1.84437e+010 135808 4.34119e-007 3.35399 402922 1.16706e+009 1.16746e+009 1.72763e+010
1.891 1.70693e+010 130649 4.52608e-007 3.47685 413555 1.17989e+009 1.1803e+009 1.5889e+010
1.892 1.63015e+010 127677 4.71874e-007 3.60413 424457 1.19283e+009 1.19326e+009 1.51082e+010
1.894 1.26904e+010 112652 5.1287e-007 3.87252 447098 1.21909e+009 1.21954e+009 1.14709e+010
1.895 1.1885e+010 109018 5.34668e-007 4.01398 458849 1.2324e+009 1.23286e+009 1.06521e+010
1.897 1.51992e+010 123285 5.81045e-007 4.31224 483251 1.25939e+009 1.25987e+009 1.39394e+010
1.898 1.41793e+010 119077 6.05702e-007 4.46941 495915 1.27307e+009 1.27356e+009 1.29057e+010
1.9 1.27202e+010 112784 6.58157e-007 4.80079 522208 1.3008e+009 1.30133e+009 1.14189e+010
1.901 1.34628e+010 116029 6.86043e-007 4.97539 535852 1.31486e+009 1.3154e+009 1.21474e+010
1.902 1.38689e+010 117766 7.15095e-007 5.15621 549838 1.32905e+009 1.3296e+009 1.25393e+010
1.904 1.38597e+010 117727 7.76892e-007 5.53738 578872 1.35781e+009 1.35839e+009 1.25013e+010
1.905 1.10046e+010 104903 8.0974e-007 5.73819 593937 1.37239e+009 1.37298e+009 9.6316e+009
1.907 1.4294e+010 119558 8.79605e-007 6.16145 625204 1.40193e+009 1.40256e+009 1.28915e+010
1.908 1.54816e+010 124425 9.16737e-007 6.3844 641425 1.41691e+009 1.41755e+009 1.40641e+010
1.91 1.21987e+010 110448 9.95708e-007 6.85429 675089 1.44725e+009 1.44793e+009 1.07508e+010
1.911 1.29275e+010 113699 1.03768e-006 7.10177 692551 1.46263e+009 1.46332e+009 1.14641e+010
1.912 1.28884e+010 113527 1.08139e-006 7.358 710448 1.47814e+009 1.47885e+009 1.14096e+010
1.914 1.3441e+010 115935 1.17434e-006 7.89794 747582 1.50958e+009 1.51033e+009 1.19306e+010
1.915 1.32206e+010 114981 1.22374e-006 8.18227 766842 1.52551e+009 1.52628e+009 1.16943e+010
1.917 1.28835e+010 113506 1.32876e-006 8.78136 806801 1.55779e+009 1.5586e+009 1.13249e+010
1.918 1.39985e+010 118315 1.38456e-006 9.0968 827523 1.57414e+009 1.57497e+009 1.24236e+010
1.92 1.2389e+010 111306 1.5032e-006 9.76136 870512 1.60728e+009 1.60815e+009 1.07808e+010
1.921 1.3231e+010 115026 1.56622e-006 10.1112 892802 1.62406e+009 1.62495e+009 1.1606e+010
1.922 1.29648e+010 113863 1.63186e-006 10.4734 915640 1.64099e+009 1.6419e+009 1.13228e+010
1.924 1.15083e+010 107277 1.77138e-006 11.2362 963010 1.67528e+009 1.67625e+009 9.83204e+009
1.925 1.22241e+010 110563 1.84549e-006 11.6378 987569 1.69266e+009 1.69364e+009 1.05304e+010
1.927 1.12142e+010 105897 2.00303e-006 12.4836 1.0385e+006 1.72784e+009 1.72888e+009 9.48533e+009
1.928 1.22623e+010 110735 2.0867e-006 12.9287 1.0649e+006 1.74567e+009 1.74673e+009 1.05156e+010
1.93 1.1887e+010 109027 2.26454e-006 13.8662 1.11965e+006 1.78176e+009 1.78288e+009 1.01041e+010
1.931 1.15084e+010 107277 2.35899e-006 14.3596 1.14803e+006 1.80004e+009 1.80119e+009 9.70717e+009
1.933 1.18315e+010 108773 2.55971e-006 15.3984 1.20687e+006 1.83707e+009 1.83827e+009 9.99319e+009
1.934 1.22741e+010 110789 2.6663e-006 15.9451 1.23737e+006 1.85581e+009 1.85705e+009 1.04171e+010
1.936 1.21968e+010 110439 2.8928e-006 17.0961 1.30059e+006 1.89377e+009 1.89508e+009 1.03017e+010
1.937 1.24256e+010 111470 3.01307e-006 17.7017 1.33335e+006 1.913e+009 1.91433e+009 1.05113e+010
1.939 1.1348e+010 106527 3.26861e-006 18.9766 1.40126e+006 1.95192e+009 1.95332e+009 9.39469e+009
1.94 1.14888e+010 107186 3.40429e-006 19.6473 1.43645e+006 1.97162e+009 1.97306e+009 9.51576e+009
1.942 1.14337e+010 106928 3.69254e-006 21.0591 1.50938e+006 2.01152e+009 2.01303e+009 9.42063e+009
1.943 1.31346e+010 114606 3.84557e-006 21.8017 1.54716e+006 2.03171e+009 2.03326e+009 1.11013e+010
1.945 1.20482e+010 109764 4.17066e-006 23.3648 1.62546e+006 2.0726e+009 2.07422e+009 9.97393e+009
1.946 1.26216e+010 112346 4.34323e-006 24.1869 1.66603e+006 2.09329e+009 2.09496e+009 1.05266e+010
1.948 1.14017e+010 106779 4.7098e-006 25.9171 1.75008e+006 2.13519e+009 2.13694e+009 9.2648e+009
1.949 1.09575e+010 104678 4.90436e-006 26.827 1.79362e+006 2.15639e+009 2.15818e+009 8.79935e+009
1.951 1.30173e+010 114093 5.31761e-006 28.7416 1.88382e+006 2.19931e+009 2.20119e+009 1.08161e+010
1.952 1.2094e+010 109973 5.53693e-006 29.7484 1.93053e+006 2.22102e+009 2.22295e+009 9.87109e+009
1.954 1.16872e+010 108107 6.00272e-006 31.8666 2.02731e+006 2.26498e+009 2.26701e+009 9.42014e+009
1.955 1.21605e+010 110275 6.2499e-006 32.9804 2.07743e+006 2.28722e+009 2.2893e+009 9.87119e+009
1.957 1.1536e+010 107406 6.7748e-006 35.3233 2.18124e+006 2.33224e+009 2.33442e+009 9.20159e+009
1.958 1.25436e+010 111998 7.05334e-006 36.5551 2.23499e+006 2.35501e+009 2.35725e+009 1.01864e+010
1.96 1.20127e+010 109603 7.64474e-006 39.1461 2.34632e+006 2.4011e+009 2.40345e+009 9.60929e+009
1.961 1.13453e+010 106514 7.95854e-006 40.5082 2.40395e+006 2.42442e+009 2.42682e+009 8.91852e+009
1.963 1.26912e+010 112655 8.62475e-006 43.3727 2.52331e+006 2.4716e+009 2.47412e+009 1.02171e+010
1.964 1.19599e+010 109361 8.9782e-006 44.8784 2.58509e+006 2.49546e+009 2.49805e+009 9.46189e+009
1.966 1.20578e+010 109808 9.72853e-006 48.0447 2.71303e+006 2.54374e+009 2.54646e+009 9.51134e+009
1.967 1.16604e+010 107983 1.01266e-005 49.7088 2.77925e+006 2.56817e+009 2.57095e+009 9.08946e+009
1.969 1.34955e+010 116170 1.09715e-005 53.2078 2.91635e+006 2.61757e+009 2.62049e+009 1.0875e+010
1.97 9.52033e+009 97572.2 1.14197e-005 55.0465 2.9873e+006 2.64256e+009 2.64555e+009 6.87478e+009
1.972 1.13664e+010 106614 1.23709e-005 58.9123 3.13419e+006 2.69311e+009 2.69624e+009 8.67021e+009
1.973 1.25306e+010 111940 1.28754e-005 60.9435 3.21019e+006 2.71867e+009 2.72188e+009 9.80874e+009
1.975 1.11409e+010 105551 1.39461e-005 65.2135 3.36753e+006 2.77037e+009 2.77373e+009 8.3672e+009
1.976 1.03099e+010 101538 1.4514e-005 67.4569 3.44893e+006 2.79651e+009 2.79996e+009 7.50996e+009
1.978 1.07493e+010 103679 1.5719e-005 72.1722 3.61741e+006 2.84938e+009 2.853e+009 7.89631e+009
1.98 1.01324e+010 100660 1.70226e-005 77.2093 3.79374e+006 2.90304e+009 2.90683e+009 7.22553e+009
1.981 1.1713e+010 108227 1.77138e-005 79.8552 3.88495e+006 2.93017e+009 2.93405e+009 8.77893e+009
1.983 1.16361e+010 107871 1.91804e-005 85.4155 4.07369e+006 2.98502e+009 2.9891e+009 8.64701e+009
1.984 1.11418e+010 105555 1.9958e-005 88.3359 4.17132e+006 3.01275e+009 3.01692e+009 8.1249e+009
1.986 1.10727e+010 105227 2.16076e-005 94.4724 4.37331e+006 3.06882e+009 3.0732e+009 7.99953e+009
1.987 1.18992e+010 109083 2.24822e-005 97.695 4.47777e+006 3.09716e+009 3.10164e+009 8.79751e+009
1.989 1.15563e+010 107500 2.43374e-005 104.466 4.69388e+006 3.15446e+009 3.15916e+009 8.39711e+009
1.99 1.15067e+010 107269 2.53208e-005 108.021 4.80564e+006 3.18342e+009 3.18823e+009 8.31846e+009
1.992 1.06927e+010 103406 2.74068e-005 115.49 5.03681e+006 3.24196e+009 3.247e+009 7.4457e+009
1.994 1.05996e+010 102954 2.96621e-005 123.462 5.27856e+006 3.30134e+009 3.30662e+009 7.29298e+009
1.995 1.19668e+010 109393 3.08574e-005 127.648 5.40354e+006 3.33135e+009 3.33675e+009 8.63007e+009
1.997 1.14891e+010 107187 3.33924e-005 136.439 5.66204e+006 3.392e+009 3.39766e+009 8.09144e+009
1.998 1.02235e+010 101111 3.47359e-005 141.054 5.79566e+006 3.42264e+009 3.42843e+009 6.79507e+009
2 9.79024e+009 98945.6 3.75848e-005 150.746 6.07198e+006 3.48457e+009 3.49064e+009 6.2996e+009
2.001 1.03006e+010 101492 3.90944e-005 155.832 6.21481e+006 3.51586e+009 3.52207e+009 6.77848e+009
2.003 1.02451e+010 101218 4.22954e-005 166.514 6.51012e+006 3.57909e+009 3.5856e+009 6.65947e+009
2.005 9.4407e+009 97163.3 4.57546e-005 177.91 6.81877e+006 3.64319e+009 3.65001e+009 5.79069e+009
2.006 1.00433e+010 100216 4.75873e-005 183.89 6.97828e+006 3.67557e+009 3.68255e+009 6.3608e+009
2.008 1.01264e+010 100630 5.14728e-005 196.445 7.30801e+006 3.74099e+009 3.7483e+009 6.37807e+009
2.009 9.60454e+009 98002.7 5.35312e-005 203.033 7.47839e+006 3.77404e+009 3.78152e+009 5.82302e+009
2.011 1.064e+010 103151 5.78946e-005 216.862 7.83056e+006 3.8408e+009 3.84863e+009 6.7914e+009
2.013 1.08356e+010 104094 6.26084e-005 231.609 8.19848e+006 3.90846e+009 3.91665e+009 6.91896e+009
2.014 1.10463e+010 105102 6.51053e-005 239.346 8.38855e+006 3.94262e+009 3.95101e+009 7.09534e+009
2.016 9.12665e+009 95533.5 7.03972e-005 255.584 8.78135e+006 4.01164e+009 4.02042e+009 5.10623e+009
2.017 1.01839e+010 100915 7.32001e-005 264.101 8.98425e+006 4.04649e+009 4.05547e+009 6.12844e+009
2.019 1.08956e+010 104382 7.91399e-005 281.975 9.4035e+006 4.11687e+009 4.12628e+009 6.76936e+009
2.021 9.72156e+009 98598 8.55546e-005 301.028 9.84132e+006 4.18818e+009 4.19802e+009 5.52354e+009
2.022 1.00839e+010 100418 8.89515e-005 311.021 1.00674e+007 4.22418e+009 4.23425e+009 5.8496e+009
2.024 1.05683e+010 102802 9.61492e-005 331.986 1.05346e+007 4.29688e+009 4.30741e+009 6.26089e+009
2.026 1.08273e+010 104054 0.00010392 354.329 1.10222e+007 4.37051e+009 4.38153e+009 6.44572e+009
2.027 1.13487e+010 106530 0.000108035 366.044 1.1274e+007 4.40768e+009 4.41895e+009 6.92971e+009
2.029 1.11338e+010 105517 0.000116752 390.619 1.17942e+007 4.48273e+009 4.49452e+009 6.63924e+009
2.03 8.74705e+009 93525.7 0.000121367 403.503 1.20627e+007 4.5206e+009 4.53267e+009 4.21438e+009
2.032 9.32954e+009 96589.6 0.000131144 430.528 1.26173e+007 4.59707e+009 4.60969e+009 4.71985e+009
2.034 1.02504e+010 101244 0.000141696 459.316 1.3196e+007 4.67449e+009 4.68769e+009 5.56269e+009
2.035 1.07382e+010 103625 0.000147281 474.406 1.34947e+007 4.71356e+009 4.72706e+009 6.01118e+009
2.037 9.53012e+009 97622.4 0.000159111 506.051 1.41115e+007 4.79243e+009 4.80654e+009 4.72358e+009
2.039 1.00295e+010 100147 0.000171877 539.753 1.4755e+007 4.87226e+009 4.88702e+009 5.14247e+009
2.04 1.03087e+010 101532 0.000178633 557.414 1.50871e+007 4.91254e+009 4.92763e+009 5.38105e+009
2.042 9.55926e+009 97771.5 0.00019294 594.446 1.57727e+007 4.99383e+009 5.0096e+009 4.54966e+009
2.044 9.38142e+009 96857.8 0.000208376 633.873 1.64878e+007 5.07609e+009 5.09258e+009 4.28884e+009
2.045 9.78808e+009 98934.7 0.000216544 654.532 1.68567e+007 5.1176e+009 5.13445e+009 4.65363e+009
2.047 9.49233e+009 97428.6 0.000233839 697.838 1.76183e+007 5.20134e+009 5.21895e+009 4.27338e+009
2.049 1.02285e+010 101136 0.000252493 743.934 1.84123e+007 5.28606e+009 5.30448e+009 4.92407e+009
2.05 1.06193e+010 103050 0.000262363 768.083 1.8822e+007 5.3288e+009 5.34762e+009 5.27165e+009
2.052 9.96136e+009 99806.6 0.000283257 818.694 1.96673e+007 5.41501e+009 5.43468e+009 4.52668e+009
2.054 9.29761e+009 96424.1 0.000305789 872.552 2.05485e+007 5.50223e+009 5.52278e+009 3.77483e+009
2.055 9.22804e+009 96062.7 0.000317708 900.762 2.10029e+007 5.54621e+009 5.56721e+009 3.66083e+009
2.057 1.01814e+010 100903 0.000342937 959.873 2.19406e+007 5.63492e+009 5.65686e+009 4.52457e+009
2.059 9.91665e+009 99582.4 0.000370138 1022.76 2.29178e+007 5.72464e+009 5.74756e+009 4.1691e+009
2.06 1.00334e+010 100167 0.000384525 1055.69 2.34217e+007 5.76987e+009 5.7933e+009 4.24008e+009
2.062 1.0881e+010 104312 0.000414972 1124.68 2.44612e+007 5.8611e+009 5.88556e+009 4.99545e+009
2.064 1.14705e+010 107101 0.000447792 1198.06 2.55442e+007 5.95334e+009 5.97889e+009 5.49164e+009
2.066 1.00218e+010 100109 0.000483167 1276.1 2.66724e+007 6.0466e+009 6.07327e+009 3.94853e+009
2.067 1.04863e+010 102402 0.000501873 1316.96 2.7254e+007 6.0936e+009 6.12086e+009 4.36539e+009
2.069 9.20175e+009 95925.8 0.000541451 1402.52 2.84534e+007 6.18838e+009 6.21684e+009 2.98491e+009
2.071 8.9307e+009 94502.4 0.000584101 1493.5 2.97025e+007 6.28418e+009 6.31388e+009 2.61682e+009
2.072 8.87973e+009 94232.3 0.000606651 1541.12 3.03464e+007 6.33246e+009 6.36281e+009 2.51692e+009
2.074 9.60303e+009 97995.1 0.000654353 1640.84 3.16738e+007 6.42979e+009 6.46147e+009 3.14157e+009
2.076 8.77505e+009 93675.2 0.000705747 1746.83 3.30559e+007 6.52814e+009 6.5612e+009 2.21385e+009
2.077 1.03601e+010 101785 0.000732916 1802.3 3.37681e+007 6.5777e+009 6.61147e+009 3.74863e+009
2.079 9.60383e+009 97999.1 0.00079038 1918.43 3.52363e+007 6.67759e+009 6.71283e+009 2.891e+009
2.081 9.69651e+009 98470.9 0.000852277 2041.84 3.67645e+007 6.77851e+009 6.81528e+009 2.88124e+009
2.083 9.29132e+009 96391.5 0.000918945 2172.96 3.83551e+007 6.88045e+009 6.91881e+009 2.37251e+009
2.084 1.04999e+010 102469 0.000954179 2241.56 3.91745e+007 6.93181e+009 6.97098e+009 3.52895e+009
2.086 1.22995e+010 110903 0.00102869 2385.15 4.08632e+007 7.03529e+009 7.07616e+009 5.22337e+009
2.088 1.12206e+010 105927 0.00110892 2537.68 4.26203e+007 7.1398e+009 7.18243e+009 4.03821e+009
2.09 1.0986e+010 104814 0.00119531 2699.68 4.44484e+007 7.24534e+009 7.28979e+009 3.69625e+009
2.091 9.15863e+009 95700.7 0.00124095 2784.42 4.53899e+007 7.2985e+009 7.34389e+009 1.81474e+009
2.093 9.14808e+009 95645.6 0.00133746 2961.73 4.73296e+007 7.40558e+009 7.45291e+009 1.69517e+009
2.095 9.38726e+009 96887.9 0.00144134 3150.01 4.93472e+007 7.51368e+009 7.56303e+009 1.82422e+009
2.097 9.66386e+009 98304.9 0.00155317 3349.92 5.14456e+007 7.62282e+009 7.67427e+009 1.98959e+009
2.098 9.92188e+009 99608.6 0.00161224 3454.45 5.2526e+007 7.67777e+009 7.7303e+009 2.19158e+009
2.1 1.55572e+010 124729 0.00173711 3673.13 5.47511e+007 7.78844e+009 7.84319e+009 7.71402e+009
2.102 1.55542e+010 124716 0.00187148 3905.24 5.70648e+007 7.90013e+009 7.9572e+009 7.59695e+009
2.104 1.61011e+010 126890 0.00201608 4151.61 5.94701e+007 8.01285e+009 8.07232e+009 8.02877e+009
2.105 1.67865e+010 129563 0.00209245 4280.4 6.07083e+007 8.06959e+009 8.1303e+009 8.65616e+009
2.107 1.41175e+010 118817 0.00225384 4549.74 6.32575e+007 8.18383e+009 8.24709e+009 5.87037e+009
2.109 1.41333e+010 118884 0.00242747 4835.54 6.59072e+007 8.29909e+009 8.365e+009 5.76832e+009
2.111 1.46769e+010 121148 0.00261425 5138.76 6.86608e+007 8.41536e+009 8.48403e+009 6.1929e+009
2.113 1.38674e+010 117760 0.00281517 5460.45 7.15222e+007 8.53265e+009 8.60417e+009 5.26328e+009
2.114 1.15088e+010 107279 0.00292126 5628.56 7.29945e+007 8.59167e+009 8.66467e+009 2.84413e+009
2.116 1.08319e+010 104077 0.00314537 5980 7.60249e+007 8.71046e+009 8.78649e+009 2.04544e+009
2.118 7.843e+009 88560.7 0.00338639 6352.74 7.91731e+007 8.83026e+009 8.90944e+009 -1.06644e+009
2.12 8.65579e+009 93036.5 0.00364557 6748.03 8.24432e+007 8.95106e+009 9.03351e+009 -3.77719e+008
2.122 9.01437e+009 94944 0.00392426 7167.19 8.58397e+007 9.07285e+009 9.1587e+009 -1.44327e+008
2.123 1.07928e+010 103888 0.00407136 7386.15 8.75867e+007 9.13412e+009 9.22171e+009 1.57111e+009
2.125 1.07097e+010 103487 0.00438204 7843.75 9.11812e+007 9.25739e+009 9.34858e+009 1.36107e+009
2.127 1.21933e+010 110423 0.00471602 8328.86 9.49135e+007 9.38166e+009 9.47658e+009 2.7167e+009
2.129 1.12226e+010 105937 0.00507504 8843.07 9.87885e+007 9.5069e+009 9.6057e+009 1.61694e+009
2.131 9.60931e+009 98027.1 0.00546092 9388.08 1.02811e+008 9.63311e+009 9.73593e+009 -1.2662e+008
2.132 9.18561e+009 95841.6 0.00566455 9672.68 1.0488e+008 9.69658e+009 9.80147e+009 -6.15866e+008
2.134 1.06873e+010 103379 0.00609448 10267.3 1.09134e+008 9.82425e+009 9.9334e+009 7.53869e+008
2.136 9.36056e+009 96750 0.00655648 10897.3 1.13549e+008 9.95288e+009 1.00664e+010 -7.05881e+008
2.138 1.03356e+010 101664 0.00705292 11564.8 1.18131e+008 1.00825e+010 1.02006e+010 1.34994e+008
2.14 1.16929e+010 108134 0.0075863 12271.9 1.22885e+008 1.0213e+010 1.03359e+010 1.357e+009
2.142 1.26859e+010 112632 0.00815932 13021 1.27818e+008 1.03445e+010 1.04723e+010 2.21366e+009
2.143 1.26813e+010 112611 0.0084616 13412 1.30353e+008 1.04105e+010 1.05409e+010 2.14042e+009
2.145 1.07802e+010 103828 0.00909959 14228.5 1.35564e+008 1.05434e+010 1.0679e+010 1.01195e+008
2.147 1.10487e+010 105113 0.00978485 15093.1 1.4097e+008 1.06772e+010 1.08182e+010 2.30541e+008
2.149 1.07135e+010 103506 0.0105208 16008.7 1.46576e+008 1.08119e+010 1.09585e+010 -2.45005e+008
2.151 1.11416e+010 105554 0.0113112 16978.1 1.5239e+008 1.09475e+010 1.10999e+010 4.16709e+007
2.153 1.30288e+010 114144 0.0121599 18004.4 1.58418e+008 1.1084e+010 1.12424e+010 1.78634e+009
2.154 1.25861e+010 112188 0.0126075 18539.8 1.61515e+008 1.11526e+010 1.13141e+010 1.272e+009
2.156 1.22283e+010 110582 0.0135518 19657.5 1.67878e+008 1.12904e+010 1.14583e+010 7.69973e+008
2.158 1.08858e+010 104335 0.0145655 20840.5 1.74475e+008 1.14292e+010 1.16036e+010 -7.17857e+008
2.16 1.14259e+010 106892 0.0156538 22092.4 1.81312e+008 1.15687e+010 1.17501e+010 -3.24197e+008
2.162 1.20239e+010 109653 0.0168219 23417.1 1.88398e+008 1.17092e+010 1.18976e+010 1.26291e+008
2.164 1.26304e+010 112385 0.0180758 24818.7 1.95741e+008 1.18505e+010 1.20462e+010 5.84139e+008
2.166 1.27788e+010 113043 0.0194214 26301.6 2.0335e+008 1.19926e+010 1.21959e+010 5.82867e+008
2.168 1.383e+010 117601 0.0208654 27870.2 2.11233e+008 1.21355e+010 1.23468e+010 1.48319e+009
2.169 1.37264e+010 117160 0.0216265 28688.2 2.1528e+008 1.22073e+010 1.24226e+010 1.30384e+009
2.171 1.44946e+010 120393 0.0232315 30394.6 2.23591e+008 1.23515e+010 1.25751e+010 1.91948e+009
2.173 1.42709e+010 119461 0.0249535 32199.1 2.322e+008 1.24964e+010 1.27286e+010 1.54221e+009
2.175 1.3528e+010 116310 0.0268009 34107.4 2.41115e+008 1.26422e+010 1.28833e+010 6.4469e+008
2.177 1.33499e+010 115542 0.0287827 36125.1 2.50347e+008 1.27887e+010 1.30391e+010 3.10853e+008
2.179 1.4787e+010 121602 0.0309084 38258.2 2.59906e+008 1.2936e+010 1.31959e+010 1.59111e+009
2.181 1.38213e+010 117564 0.0331882 40513.3 2.69803e+008 1.3084e+010 1.33538e+010 4.67471e+008
2.183 1.24564e+010 111608 0.0356332 42896.8 2.80049e+008 1.32328e+010 1.35128e+010 -1.05644e+009
2.185 1.28767e+010 113475 0.0382551 45416 2.90653e+008 1.33822e+010 1.36729e+010 -7.96251e+008
2.187 1.33037e+010 115342 0.0410664 48078.3 3.01629e+008 1.35324e+010 1.38341e+010 -5.30436e+008
2.189 1.38271e+010 117589 0.0440806 50891.5 3.12987e+008 1.36833e+010 1.39964e+010 -1.69262e+008
2.19 1.318e+010 114804 0.0456682 52357.2 3.18813e+008 1.3759e+010 1.40779e+010 -8.97846e+008
2.192 1.38806e+010 117816 0.0490139 55412.3 3.30768e+008 1.39109e+010 1.42418e+010 -3.61198e+008
2.194 1.33096e+010 115367 0.0526003 58639.8 3.43137e+008 1.40635e+010 1.44067e+010 -1.0971e+009
2.196 1.44306e+010 120128 0.0564443 62048.9 3.55931e+008 1.42167e+010 1.45727e+010 -1.42068e+008
2.198 1.50167e+010 122543 0.0605642 65649.5 3.69165e+008 1.43705e+010 1.47398e+010 2.76987e+008
2.2 1.33332e+010 115469 0.0649792 69452.1 3.82852e+008 1.4525e+010 1.49079e+010 -1.57473e+009
2.202 1.50431e+010 122650 0.0697102 73467.4 3.97007e+008 1.468e+010 1.50771e+010 -3.39863e+007
2.204 1.54114e+010 124143 0.0747793 77707 4.11642e+008 1.48356e+010 1.52474e+010 1.64017e+008
2.206 1.65194e+010 128528 0.0802103 82182.9 4.26774e+008 1.49918e+010 1.54187e+010 1.10069e+009
2.208 1.67497e+010 129421 0.0860284 86907.9 4.42417e+008 1.51486e+010 1.55911e+010 1.15863e+009
2.21 1.59463e+010 126279 0.0922607 91895.1 4.58587e+008 1.53058e+010 1.57645e+010 1.81808e+008
2.212 1.47546e+010 121469 0.0989361 97158.7 4.753e+008 1.54636e+010 1.5939e+010 -1.18438e+009
2.214 1.45233e+010 120513 0.106086 102713 4.92571e+008 1.56219e+010 1.61146e+010 -1.59122e+009
2.216 1.58256e+010 125800 0.113742 108575 5.10418e+008 1.57806e+010 1.62912e+010 -4.65524e+008
2.218 1.60806e+010 126809 0.121941 114759 5.28858e+008 1.59398e+010 1.64688e+010 -3.88241e+008
2.22 1.68668e+010 129872 0.130719 121283 5.47908e+008 1.60995e+010 1.66475e+010 2.19291e+008
2.222 1.60826e+010 126817 0.140118 128164 5.67587e+008 1.62596e+010 1.68273e+010 -7.44702e+008
2.224 1.64278e+010 128171 0.15018 135423 5.87913e+008 1.642e+010 1.70081e+010 -5.80299e+008
2.226 1.62598e+010 127514 0.160951 143078 6.08905e+008 1.65809e+010 1.71899e+010 -9.30097e+008
2.228 1.7071e+010 130656 0.172479 151151 6.30582e+008 1.67421e+010 1.73728e+010 -3.01819e+008
2.23 1.71792e+010 131070 0.184818 159662 6.52965e+008 1.69037e+010 1.75568e+010 -3.77571e+008
2.232 1.65605e+010 128688 0.198023 168636 6.76073e+008 1.70656e+010 1.77418e+010 -1.18129e+009
2.234 1.71352e+010 130901 0.212153 178097 6.99928e+008 1.72277e+010 1.79278e+010 -7.92674e+008
2.236 1.78552e+010 133623 0.227272 188069 7.24551e+008 1.73902e+010 1.81149e+010 -2.59741e+008
2.238 1.85069e+010 136040 0.243449 198579 7.49964e+008 1.75529e+010 1.83031e+010 2.03801e+008
2.24 1.73363e+010 131668 0.260754 209655 7.76189e+008 1.77159e+010 1.84923e+010 -1.15596e+009
2.242 1.74386e+010 132055 0.279266 221327 8.0325e+008 1.78791e+010 1.86826e+010 -1.24394e+009
2.244 1.69652e+010 130251 0.299067 233624 8.31169e+008 1.80425e+010 1.88739e+010 -1.90864e+009
2.246 1.71449e+010 130939 0.320244 246580 8.59972e+008 1.8206e+010 1.90663e+010 -1.92137e+009
2.248 1.79017e+010 133797 0.342893 260228 8.89682e+008 1.83697e+010 1.92597e+010 -1.35798e+009
2.25 1.82483e+010 135086 0.367112 274604 9.20325e+008 1.85336e+010 1.94542e+010 -1.20591e+009
2.252 1.89138e+010 137528 0.393008 289744 9.51926e+008 1.86975e+010 1.96498e+010 -7.35936e+008
2.254 2.17377e+010 147437 0.420696 305689 9.84513e+008 1.88616e+010 1.98464e+010 1.89128e+009
2.256 2.59338e+010 161040 0.450296 322477 1.01811e+009 1.90257e+010 2.00441e+010 5.88968e+009
2.258 2.78565e+010 166903 0.481938 340154 1.05275e+009 1.91898e+010 2.02429e+010 7.61362e+009
2.26 2.6225e+010 161941 0.515759 358762 1.08845e+009 1.93539e+010 2.04427e+010 5.78229e+009
2.262 2.64924e+010 162765 0.551908 378351 1.12526e+009 1.95181e+010 2.06437e+010 5.84874e+009
2.264 2.52324e+010 158847 0.59054 398969 1.16319e+009 1.96822e+010 2.08458e+010 4.38669e+009
2.267 2.40239e+010 154996 0.653513 431938 1.22225e+009 1.99282e+010 2.11509e+010 2.87299e+009
2.269 2.44e+010 156205 0.69911 455361 1.26313e+009 2.00921e+010 2.13557e+010 3.04427e+009
2.271 2.27669e+010 150887 0.747824 480004 1.30524e+009 2.02559e+010 2.15616e+010 1.20532e+009
2.273 2.19986e+010 148319 0.799866 505930 1.34862e+009 2.04196e+010 2.17687e+010 2.2987e+008
2.275 2.11647e+010 145481 0.855456 533202 1.3933e+009 2.0583e+010 2.19769e+010 -8.12183e+008
2.277 2.11856e+010 145553 0.914832 561888 1.43931e+009 2.07463e+010 2.21862e+010 -1.00063e+009
2.279 2.1256e+010 145794 0.978247 592056 1.48669e+009 2.09094e+010 2.23967e+010 -1.14072e+009
2.281 2.2589e+010 150296 1.04597 623781 1.53547e+009 2.10722e+010 2.26083e+010 -1.93219e+007
2.283 2.11354e+010 145380 1.11829 657139 1.58569e+009 2.12348e+010 2.28211e+010 -1.68567e+009
2.285 2.23332e+010 149443 1.1955 692211 1.63739e+009 2.1397e+010 2.30351e+010 -7.01883e+008
2.288 2.36731e+010 153861 1.32122 748217 1.71779e+009 2.16398e+010 2.33583e+010 3.14771e+008
2.29 2.34585e+010 153162 1.41215 787950 1.77334e+009 2.18012e+010 2.35753e+010 -1.1682e+008
2.292 2.23258e+010 149418 1.50921 829709 1.83051e+009 2.19622e+010 2.37935e+010 -1.46773e+009
2.294 2.33157e+010 152695 1.6128 873592 1.88932e+009 2.21228e+010 2.4013e+010 -6.97324e+008
2.296 2.31915e+010 152287 1.72336 919703 1.94983e+009 2.2283e+010 2.42337e+010 -1.04225e+009
2.298 2.35298e+010 153394 1.84134 968150 2.01207e+009 2.24427e+010 2.44557e+010 -9.2591e+008
2.3 2.34794e+010 153230 1.96723 1.01904e+006 2.07608e+009 2.26019e+010 2.4679e+010 -1.19958e+009
2.302 2.44689e+010 156426 2.10155 1.07251e+006 2.14192e+009 2.27606e+010 2.49036e+010 -4.34616e+008
2.305 2.36672e+010 153841 2.32005 1.15778e+006 2.24418e+009 2.29976e+010 2.52429e+010 -1.57572e+009
2.307 2.50967e+010 158419 2.47794 1.21822e+006 2.31475e+009 2.31548e+010 2.54708e+010 -3.74078e+008
2.309 2.5396e+010 159361 2.64635 1.28167e+006 2.3873e+009 2.33115e+010 2.57001e+010 -3.04041e+008
2.311 2.36523e+010 153793 2.82596 1.3483e+006 2.46188e+009 2.34675e+010 2.59307e+010 -2.27848e+009
2.313 2.60433e+010 161379 3.01751 1.41824e+006 2.53853e+009 2.36229e+010 2.61628e+010 -1.19478e+008
2.315 2.66631e+010 163288 3.22177 1.49166e+006 2.61729e+009 2.37775e+010 2.63963e+010 2.66774e+008
2.318 2.5606e+010 160019 3.5538 1.60867e+006 2.73953e+009 2.40082e+010 2.67493e+010 -1.14329e+009
2.32 2.77225e+010 166501 3.79356 1.69152e+006 2.82382e+009 2.4161e+010 2.69865e+010 7.36054e+008
2.322 2.54397e+010 159498 4.04916 1.77846e+006 2.9104e+009 2.4313e+010 2.72252e+010 -1.78549e+009
2.324 2.62803e+010 162112 4.3216 1.86967e+006 2.99933e+009 2.44642e+010 2.74654e+010 -1.18513e+009
2.326 2.59385e+010 161054 4.61199 1.96537e+006 3.09067e+009 2.46145e+010 2.77072e+010 -1.76866e+009
2.329 2.76033e+010 166142 5.08376 2.11777e+006 3.2323e+009 2.48384e+010 2.80729e+010 -4.69524e+008
2.331 2.65415e+010 162916 5.42421 2.2256e+006 3.32988e+009 2.49866e+010 2.83187e+010 -1.77715e+009
2.333 2.7238e+010 165039 5.78698 2.33868e+006 3.43007e+009 2.51338e+010 2.85662e+010 -1.3282e+009
2.335 2.79686e+010 167238 6.17348 2.45725e+006 3.5329e+009 2.528e+010 2.88154e+010 -8.46735e+008
2.337 2.78168e+010 166784 6.58524 2.58158e+006 3.63845e+009 2.54252e+010 2.90663e+010 -1.24948e+009
2.34 2.9984e+010 173159 7.25379 2.77944e+006 3.80199e+009 2.56412e+010 2.9446e+010 5.38006e+008
2.342 2.96883e+010 172303 7.73596 2.91932e+006 3.91459e+009 2.57838e+010 2.97013e+010 -1.30514e+007
2.344 2.93253e+010 171246 8.2495 3.06594e+006 4.0301e+009 2.59254e+010 2.99586e+010 -6.33293e+008
2.346 2.73358e+010 165335 8.79637 3.2196e+006 4.14861e+009 2.60659e+010 3.02177e+010 -2.88193e+009
2.349 3.10627e+010 176246 9.68387 3.46398e+006 4.3321e+009 2.62744e+010 3.061e+010 4.52721e+008
2.351 3.03661e+010 174259 10.3236 3.63666e+006 4.45835e+009 2.6412e+010 3.0874e+010 -5.07817e+008
2.353 3.07263e+010 175289 11.0048 3.81756e+006 4.58782e+009 2.65483e+010 3.114e+010 -4.13684e+008
2.355 2.99966e+010 173195 11.7298 4.00705e+006 4.72056e+009 2.66835e+010 3.1408e+010 -1.41138e+009
2.358 3.0785e+010 175457 12.9059 4.30825e+006 4.92597e+009 2.68838e+010 3.18141e+010 -1.02902e+009
2.36 3.1779e+010 178267 13.7533 4.52095e+006 5.06721e+009 2.70157e+010 3.20875e+010 -3.08463e+008
2.362 3.32893e+010 182454 14.6551 4.74368e+006 5.21197e+009 2.71464e+010 3.23631e+010 9.26204e+008
2.364 3.17858e+010 178286 15.6148 4.97687e+006 5.36032e+009 2.72756e+010 3.26409e+010 -8.55174e+008
2.367 3.26726e+010 180756 17.1706 5.34731e+006 5.58973e+009 2.7467e+010 3.30621e+010 -3.89441e+008
2.369 3.29377e+010 181487 18.291 5.60875e+006 5.74737e+009 2.75928e+010 3.33458e+010 -4.08099e+008
2.371 3.30658e+010 181840 19.483 5.88237e+006 5.90885e+009 2.77172e+010 3.36319e+010 -5.66095e+008
2.373 3.38124e+010 183881 20.7508 6.16872e+006 6.07425e+009 2.78401e+010 3.39205e+010 -1.08146e+008
2.376 3.33817e+010 182706 22.8053 6.62334e+006 6.32987e+009 2.80217e+010 3.43582e+010 -9.7657e+008
2.378 3.31924e+010 182188 24.2842 6.94399e+006 6.50541e+009 2.81409e+010 3.46533e+010 -1.4609e+009
2.38 3.47517e+010 186418 25.8569 7.27944e+006 6.68513e+009 2.82586e+010 3.4951e+010 -1.99249e+008
2.383 3.5329e+010 187960 28.4043 7.81174e+006 6.96274e+009 2.84321e+010 3.54026e+010 -7.36142e+007
2.385 3.51043e+010 187361 30.2373 8.18703e+006 7.15327e+009 2.85458e+010 3.57072e+010 -6.02937e+008
2.387 3.60066e+010 189754 32.186 8.57947e+006 7.34828e+009 2.86578e+010 3.60147e+010 -8.08037e+006
2.39 3.65382e+010 191150 35.3412 9.20194e+006 7.64934e+009 2.88229e+010 3.64814e+010 5.68403e+007
2.392 3.76029e+010 193915 37.6108 9.64059e+006 7.85587e+009 2.89308e+010 3.67963e+010 8.06593e+008
2.394 3.67749e+010 191768 40.0227 1.00991e+007 8.06715e+009 2.9037e+010 3.71142e+010 -3.39312e+008
2.397 3.66127e+010 191345 43.9268 1.08261e+007 8.39318e+009 2.91931e+010 3.75971e+010 -9.84358e+008
2.399 3.95232e+010 198804 46.7339 1.13381e+007 8.61673e+009 2.9295e+010 3.7923e+010 1.60015e+009
2.401 4.05438e+010 201355 49.7161 1.18732e+007 8.84533e+009 2.93951e+010 3.82523e+010 2.29155e+009
2.404 4.00931e+010 200233 54.5415 1.27211e+007 9.19789e+009 2.95419e+010 3.87525e+010 1.34064e+009
2.406 3.9041e+010 197588 58.0097 1.3318e+007 9.43951e+009 2.96374e+010 3.90903e+010 -4.92458e+007
2.408 3.99405e+010 199851 61.6932 1.39415e+007 9.68649e+009 2.97312e+010 3.94316e+010 5.08859e+008
2.411 4.05394e+010 201344 67.651 1.49292e+007 1.00672e+010 2.98683e+010 3.99504e+010 5.89003e+008
2.413 4.19141e+010 204729 71.9315 1.56242e+007 1.0328e+010 2.99573e+010 4.03009e+010 1.6132e+009
2.416 4.42558e+010 210371 78.853 1.67247e+007 1.07298e+010 3.00873e+010 4.08338e+010 3.42198e+009
2.418 4.33568e+010 208223 83.8246 1.74988e+007 1.1005e+010 3.01715e+010 4.1194e+010 2.16285e+009
2.42 4.16061e+010 203976 89.1021 1.8307e+007 1.1286e+010 3.02538e+010 4.15581e+010 4.79394e+007
2.423 4.27694e+010 206808 97.6323 1.95859e+007 1.17189e+010 3.03735e+010 4.2112e+010 6.57402e+008
2.425 4.0469e+010 201169 103.757 2.04853e+007 1.20151e+010 3.04508e+010 4.24864e+010 -2.01739e+009
2.427 4.18034e+010 204459 110.257 2.14237e+007 1.23175e+010 3.05261e+010 4.28651e+010 -1.0617e+009
2.43 4.57611e+010 213918 120.759 2.29083e+007 1.27831e+010 3.06353e+010 4.34413e+010 2.31976e+009
2.432 4.62465e+010 215050 128.297 2.39516e+007 1.31016e+010 3.07055e+010 4.3831e+010 2.4155e+009
2.435 4.69527e+010 216686 140.472 2.56016e+007 1.35916e+010 3.08069e+010 4.44241e+010 2.52858e+009
2.437 4.57318e+010 213850 149.209 2.67609e+007 1.39267e+010 3.08719e+010 4.48253e+010 9.06516e+008
2.44 4.86306e+010 220523 163.317 2.85935e+007 1.44421e+010 3.09654e+010 4.54361e+010 3.19448e+009
2.442 4.7824e+010 218687 173.438 2.98806e+007 1.47944e+010 3.10251e+010 4.58494e+010 1.97458e+009
2.444 4.91121e+010 221612 184.17 3.12225e+007 1.51537e+010 3.10827e+010 4.62676e+010 2.84447e+009
2.447 4.90501e+010 221472 201.495 3.33429e+007 1.57061e+010 3.1165e+010 4.69045e+010 2.14558e+009
2.449 4.92339e+010 221887 213.918 3.48315e+007 1.60835e+010 3.12172e+010 4.73355e+010 1.89833e+009
2.452 4.87849e+010 220873 233.967 3.71828e+007 1.66634e+010 3.12914e+010 4.7992e+010 7.92919e+008
2.454 5.02529e+010 224172 248.34 3.8833e+007 1.70594e+010 3.13381e+010 4.84364e+010 1.81645e+009
2.457 4.93511e+010 222151 271.528 4.14387e+007 1.76678e+010 3.14041e+010 4.91134e+010 2.3773e+008
2.459 4.94972e+010 222480 288.148 4.32667e+007 1.80832e+010 3.14453e+010 4.95717e+010 -7.45115e+007
2.462 5.4204e+010 232818 314.953 4.61524e+007 1.87209e+010 3.15029e+010 5.027e+010 3.93403e+009
2.464 5.53803e+010 235330 334.16 4.81762e+007 1.91561e+010 3.15385e+010 5.07428e+010 4.63749e+009
2.467 5.63314e+010 237342 365.13 5.13697e+007 1.98242e+010 3.15877e+010 5.14633e+010 4.86812e+009
2.469 5.12835e+010 226459 387.314 5.36086e+007 2.02799e+010 3.16177e+010 5.19512e+010 -6.67644e+008
2.472 5.48538e+010 234209 423.076 5.71405e+007 2.09791e+010 3.16584e+010 5.26947e+010 2.15914e+009
2.474 5.34264e+010 231142 448.687 5.96159e+007 2.14559e+010 3.16827e+010 5.31982e+010 2.28215e+008
2.477 5.33197e+010 230911 489.96 6.35194e+007 2.21872e+010 3.17149e+010 5.39656e+010 -6.45908e+008
2.479 5.3475e+010 231247 519.509 6.62543e+007 2.26856e+010 3.17336e+010 5.44854e+010 -1.01046e+009
2.482 5.45184e+010 233492 567.118 7.05656e+007 2.34499e+010 3.17572e+010 5.52777e+010 -7.59279e+008
2.484 5.78253e+010 240469 601.193 7.35852e+007 2.39707e+010 3.17701e+010 5.58143e+010 2.01104e+009
2.487 5.59301e+010 236495 656.078 7.83437e+007 2.47688e+010 3.17851e+010 5.66322e+010 -7.02117e+008
2.489 5.97936e+010 244527 695.352 8.16755e+007 2.53124e+010 3.17922e+010 5.71863e+010 2.60736e+009
2.492 6.23484e+010 249697 758.593 8.69241e+007 2.61452e+010 3.17986e+010 5.80307e+010 4.31762e+009
2.494 6.29594e+010 250917 803.833 9.05977e+007 2.67122e+010 3.18e+010 5.86028e+010 4.35661e+009
2.497 6.18353e+010 248667 876.662 9.63831e+007 2.75806e+010 3.17977e+010 5.94747e+010 2.36058e+009
2.499 5.98077e+010 244556 928.746 1.00431e+008 2.81715e+010 3.17934e+010 6.00653e+010 -2.57625e+008
2.502 6.19128e+010 248823 1012.57 1.06804e+008 2.90763e+010 3.17825e+010 6.09656e+010 9.47199e+008
2.505 6.33833e+010 251760 1103.75 1.13555e+008 3.00032e+010 3.17664e+010 6.18832e+010 1.50016e+009
2.507 6.70889e+010 259015 1168.93 1.18276e+008 3.06336e+010 3.17529e+010 6.25047e+010 4.58416e+009
2.51 6.27757e+010 250551 1273.79 1.25704e+008 3.15981e+010 3.17282e+010 6.3452e+010 -6.76275e+008
2.512 6.63265e+010 257539 1348.73 1.30897e+008 3.22538e+010 3.17089e+010 6.40936e+010 2.23286e+009
2.515 6.52922e+010 255523 1469.24 1.39065e+008 3.32566e+010 3.16757e+010 6.50714e+010 2.20828e+008
2.518 6.74212e+010 259656 1600.23 1.4771e+008 3.42828e+010 3.16373e+010 6.60678e+010 1.35337e+009
2.52 6.82996e+010 261342 1693.8 1.53749e+008 3.498e+010 3.16089e+010 6.67427e+010 1.5569e+009
2.523 6.91579e+010 262979 1844.21 1.63244e+008 3.60456e+010 3.15621e+010 6.77709e+010 1.38695e+009
2.525 6.19721e+010 248942 1951.63 1.69876e+008 3.67693e+010 3.15281e+010 6.84672e+010 -6.49513e+009
2.528 6.15208e+010 248034 2124.27 1.80298e+008 3.78749e+010 3.14728e+010 6.9528e+010 -8.00724e+009
2.531 6.17112e+010 248417 2311.74 1.91316e+008 3.90049e+010 3.14125e+010 7.06087e+010 -8.89746e+009
2.533 6.82621e+010 261270 2445.57 1.99007e+008 3.97718e+010 3.13695e+010 7.13403e+010 -3.07825e+009
2.536 6.69064e+010 258663 2660.55 2.11088e+008 4.09427e+010 3.13009e+010 7.24548e+010 -5.54834e+009
2.539 7.02543e+010 265055 2893.88 2.23851e+008 4.21385e+010 3.12274e+010 7.35898e+010 -3.3355e+009
2.541 8.18246e+010 286050 3060.37 2.32756e+008 4.29496e+010 3.11757e+010 7.4358e+010 7.46663e+009
2.544 1.07094e+011 327253 3327.7 2.46735e+008 4.41871e+010 3.1094e+010 7.55278e+010 3.15667e+010
2.546 8.52414e+010 291961 3518.41 2.56486e+008 4.50261e+010 3.10368e+010 7.63194e+010 8.92193e+009
2.549 9.31559e+010 305215 3824.54 2.71787e+008 4.63058e+010 3.09471e+010 7.75247e+010 1.56312e+010
2.552 8.83148e+010 297178 4156.52 2.87935e+008 4.7611e+010 3.08526e+010 7.87515e+010 9.56325e+009
2.555 9.16471e+010 302733 4516.46 3.04973e+008 4.89418e+010 3.07534e+010 8.00001e+010 1.1647e+010
2.557 8.6546e+010 294187 4773.07 3.16848e+008 4.98432e+010 3.06846e+010 8.08447e+010 5.70131e+009
2.56 9.02393e+010 300399 5184.75 3.35469e+008 5.12168e+010 3.05776e+010 8.21299e+010 8.10942e+009
2.563 8.59452e+010 293164 5630.86 3.55103e+008 5.26162e+010 3.04661e+010 8.34374e+010 2.50781e+009
2.565 8.88909e+010 298146 5948.77 3.6878e+008 5.35635e+010 3.03891e+010 8.43215e+010 4.56943e+009
2.568 9.40176e+010 306623 6458.58 3.90216e+008 5.50061e+010 3.027e+010 8.56663e+010 8.35123e+009
2.571 9.07344e+010 301221 7010.74 4.12804e+008 5.64746e+010 3.01465e+010 8.70339e+010 3.7005e+009
2.573 9.90995e+010 314801 7404.05 4.28529e+008 5.7468e+010 3.00617e+010 8.79582e+010 1.11413e+010
2.576 9.67304e+010 311015 8034.49 4.53162e+008 5.89797e+010 2.99308e+010 8.93637e+010 7.36672e+009
2.579 1.01725e+011 318943 8716.96 4.79101e+008 6.05173e+010 2.97957e+010 9.07921e+010 1.09324e+010
2.582 9.94738e+010 315395 9455.59 5.0641e+008 6.20808e+010 2.96563e+010 9.22436e+010 7.23025e+009
2.584 1.02815e+011 320647 9981.41 5.25408e+008 6.31375e+010 2.95611e+010 9.32241e+010 9.59064e+009
2.587 1.02697e+011 320463 10823.8 5.55145e+008 6.4744e+010 2.94149e+010 9.4714e+010 7.98275e+009
2.59 1.00074e+011 316344 11735 5.86431e+008 6.63762e+010 2.92646e+010 9.62272e+010 3.84639e+009
2.593 9.82947e+010 313520 12720.4 6.19338e+008 6.8034e+010 2.91103e+010 9.77636e+010 5.31019e+008
2.595 9.6469e+010 310595 13421.6 6.42215e+008 6.91533e+010 2.90053e+010 9.88008e+010 -2.33181e+009
2.598 1.01264e+011 318221 14544.1 6.77995e+008 7.08534e+010 2.88446e+010 1.00376e+011 8.88526e+008
2.601 1.08947e+011 330072 15757.5 7.15605e+008 7.25787e+010 2.86801e+010 1.01974e+011 6.97302e+009
2.604 1.06639e+011 326556 17068.8 7.55129e+008 7.43289e+010 2.85118e+010 1.03596e+011 3.04286e+009
2.607 1.086e+011 329545 18485.8 7.96654e+008 7.6104e+010 2.834e+010 1.05241e+011 3.35896e+009
2.609 1.04261e+011 322894 19493.2 8.25494e+008 7.73011e+010 2.82234e+010 1.0635e+011 -2.08916e+009
2.612 1.11077e+011 333283 21104.7 8.70557e+008 7.91169e+010 2.80457e+010 1.08033e+011 3.04404e+009
2.615 1.11605e+011 334074 22845.1 9.17871e+008 8.09569e+010 2.78645e+010 1.09739e+011 1.86612e+009
2.618 1.13006e+011 336163 24724.4 9.67535e+008 8.28208e+010 2.768e+010 1.11468e+011 1.53716e+009
2.621 1.17093e+011 342188 26753.1 1.01965e+009 8.47081e+010 2.74923e+010 1.1322e+011 3.87243e+009
2.623 1.07941e+011 328544 28194.3 1.05582e+009 8.59793e+010 2.73653e+010 1.144e+011 -6.45912e+009
2.626 1.10534e+011 332466 30498.1 1.11227e+009 8.79051e+010 2.71723e+010 1.1619e+011 -5.6561e+009
2.629 1.11281e+011 333588 32983.8 1.17147e+009 8.98535e+010 2.69763e+010 1.18001e+011 -6.72003e+009
2.632 1.09947e+011 331582 35665.4 1.23354e+009 9.1824e+010 2.67773e+010 1.19835e+011 -9.88824e+009
2.635 1.10375e+011 332227 38557.6 1.2986e+009 9.38163e+010 2.65754e+010 1.2169e+011 -1.13156e+010
2.638 1.14667e+011 338624 41676.4 1.36679e+009 9.58299e+010 2.63708e+010 1.23568e+011 -8.90101e+009
2.641 1.26762e+011 356037 45038.9 1.43822e+009 9.78643e+010 2.61635e+010 1.25466e+011 1.2962e+009
2.644 1.15985e+011 340566 48663.5 1.51305e+009 9.9919e+010 2.59536e+010 1.27386e+011 -1.14008e+010
2.646 1.2165e+011 348784 51235 1.56488e+009 1.013e+011 2.58122e+010 1.28677e+011 -7.02655e+009
2.649 1.26242e+011 355305 55340.7 1.64567e+009 1.03387e+011 2.55982e+010 1.30631e+011 -4.38936e+009
2.652 1.38986e+011 372809 59763.9 1.73023e+009 1.05494e+011 2.53818e+010 1.32606e+011 6.38056e+009
2.655 1.52718e+011 390791 64528.4 1.81872e+009 1.07618e+011 2.51631e+010 1.346e+011 1.81179e+010
2.658 1.50061e+011 387377 69659.4 1.91131e+009 1.0976e+011 2.49422e+010 1.36614e+011 1.34466e+010
2.661 1.54957e+011 393646 75184.2 2.00814e+009 1.1192e+011 2.47193e+010 1.38647e+011 1.63102e+010
2.664 1.58518e+011 398143 81131.7 2.1094e+009 1.14095e+011 2.44943e+010 1.40699e+011 1.7819e+010
2.667 1.64298e+011 405337 87533 2.21527e+009 1.16287e+011 2.42675e+010 1.42769e+011 2.15288e+010
2.67 1.5421e+011 392696 94421.3 2.32591e+009 1.18493e+011 2.40388e+010 1.44858e+011 9.35269e+009
2.673 1.5352e+011 391816 101832 2.44152e+009 1.20713e+011 2.38084e+010 1.46963e+011 6.55667e+009
2.676 1.47352e+011 383864 109804 2.5623e+009 1.22947e+011 2.35763e+010 1.49086e+011 -1.73439e+009
2.679 1.39308e+011 373239 118378 2.68843e+009 1.25194e+011 2.33428e+010 1.51225e+011 -1.19177e+010
2.682 1.5582e+011 394740 127596 2.82013e+009 1.27453e+011 2.31077e+010 1.53381e+011 2.43907e+009
2.685 1.50118e+011 387451 137506 2.95761e+009 1.29722e+011 2.28713e+010 1.55551e+011 -5.43334e+009
2.688 1.58736e+011 398417 148158 3.10108e+009 1.32002e+011 2.26337e+010 1.57737e+011 9.98928e+008
2.691 1.58245e+011 397800 159604 3.25077e+009 1.34291e+011 2.23948e+010 1.59937e+011 -1.69194e+009
2.694 1.66374e+011 407890 171902 3.40691e+009 1.36589e+011 2.21549e+010 1.62151e+011 4.22359e+009
2.697 1.63393e+011 404219 185113 3.56973e+009 1.38894e+011 2.19139e+010 1.64378e+011 -9.84922e+008
2.7 1.7245e+011 415271 199300 3.73948e+009 1.41206e+011 2.16721e+010 1.66617e+011 5.83289e+009
2.703 1.69705e+011 411952 214534 3.9164e+009 1.43523e+011 2.14294e+010 1.68869e+011 8.355e+008
2.706 1.72556e+011 415399 230889 4.10076e+009 1.45845e+011 2.1186e+010 1.71132e+011 1.42447e+009
2.709 1.6663e+011 408203 248443 4.29283e+009 1.48171e+011 2.0942e+010 1.73406e+011 -6.77576e+009
2.712 1.63463e+011 404306 267281 4.49286e+009 1.50499e+011 2.06974e+010 1.75689e+011 -1.22262e+010
2.715 1.63944e+011 404900 287492 4.70113e+009 1.52829e+011 2.04523e+010 1.77982e+011 -1.40387e+010
2.718 1.75694e+011 419159 309173 4.91794e+009 1.55159e+011 2.02068e+010 1.80284e+011 -4.59042e+009
2.721 1.79422e+011 423582 332426 5.14358e+009 1.57489e+011 1.9961e+010 1.82594e+011 -3.17208e+009
2.724 1.68907e+011 410983 357359 5.37834e+009 1.59818e+011 1.9715e+010 1.84911e+011 -1.60043e+010
2.727 1.68344e+011 410297 384090 5.62253e+009 1.62143e+011 1.94688e+010 1.87235e+011 -1.88913e+010
2.73 1.73316e+011 416312 412741 5.87646e+009 1.64465e+011 1.92226e+010 1.89565e+011 -1.62485e+010
2.733 1.75525e+011 418957 443445 6.14046e+009 1.66782e+011 1.89764e+010 1.91899e+011 -1.63742e+010
2.736 1.91664e+011 437795 476343 6.41486e+009 1.69093e+011 1.87303e+010 1.94239e+011 -2.57425e+009
2.739 1.9616e+011 442900 511583 6.7e+009 1.71397e+011 1.84844e+010 1.96582e+011 -4.21314e+008
2.743 1.87441e+011 432944 562493 7.09746e+009 1.74455e+011 1.8157e+010 1.9971e+011 -1.22691e+010
2.746 1.82871e+011 427634 603838 7.40899e+009 1.76737e+011 1.79118e+010 2.02059e+011 -1.91876e+010
2.749 1.72234e+011 415010 648100 7.73242e+009 1.79009e+011 1.7667e+010 2.04409e+011 -3.21751e+010
2.752 1.80427e+011 424767 695473 8.06813e+009 1.81268e+011 1.74227e+010 2.06759e+011 -2.6332e+010
2.755 1.83334e+011 428175 746168 8.4165e+009 1.83513e+011 1.71791e+010 2.09109e+011 -2.57751e+010
2.758 2.0375e+011 451386 800405 8.7779e+009 1.85744e+011 1.6936e+010 2.11458e+011 -7.70877e+009
2.761 1.95228e+011 441846 858421 9.15273e+009 1.87959e+011 1.66937e+010 2.13806e+011 -1.85776e+010
2.765 1.99732e+011 446914 942090 9.67409e+009 1.90885e+011 1.63719e+010 2.16932e+011 -1.71993e+010
2.768 2.00644e+011 447933 1.00993e+006 1.00818e+010 1.93058e+011 1.61315e+010 2.19272e+011 -1.8628e+010
2.771 2.07613e+011 455646 1.08244e+006 1.05043e+010 1.95211e+011 1.5892e+010 2.21609e+011 -1.39954e+010
2.774 2.21997e+011 471165 1.15994e+006 1.09421e+010 1.97343e+011 1.56536e+010 2.2394e+011 -1.94312e+009
2.777 2.11774e+011 460189 1.24276e+006 1.13954e+010 1.99453e+011 1.54162e+010 2.26265e+011 -1.4492e+010
2.78 2.12732e+011 461228 1.33123e+006 1.18649e+010 2.01539e+011 1.518e+010 2.28585e+011 -1.58533e+010
2.784 2.11675e+011 460082 1.45864e+006 1.25166e+010 2.04281e+011 1.48668e+010 2.31666e+011 -1.99907e+010
2.787 2.32972e+011 482672 1.56179e+006 1.30252e+010 2.06308e+011 1.46334e+010 2.33968e+011 -9.95615e+008
2.79 2.3862e+011 488487 1.67191e+006 1.35515e+010 2.08306e+011 1.44014e+010 2.36261e+011 2.35888e+009
2.793 2.39681e+011 489572 1.78946e+006 1.40958e+010 2.10276e+011 1.41707e+010 2.38545e+011 1.13596e+009
2.797 2.47366e+011 497359 1.95856e+006 1.48505e+010 2.12856e+011 1.38653e+010 2.41574e+011 5.79237e+009
2.8 2.56528e+011 506486 2.09533e+006 1.54387e+010 2.14755e+011 1.3638e+010 2.43833e+011 1.26943e+010
2.803 2.6891e+011 518565 2.24123e+006 1.60466e+010 2.1662e+011 1.34122e+010 2.46081e+011 2.28288e+010
2.806 2.55238e+011 505211 2.39683e+006 1.66747e+010 2.18452e+011 1.3188e+010 2.48317e+011 6.92104e+009
2.81 2.50733e+011 500733 2.62045e+006 1.75442e+010 2.2084e+011 1.28917e+010 2.51279e+011 -5.45327e+008
2.813 2.48994e+011 498993 2.80113e+006 1.82212e+010 2.22589e+011 1.26714e+010 2.53484e+011 -4.48995e+009
2.816 2.50625e+011 500624 2.99369e+006 1.89199e+010 2.243e+011 1.24528e+010 2.55676e+011 -5.05105e+009
2.82 2.52129e+011 502125 3.27023e+006 1.98863e+010 2.26522e+011 1.21642e+010 2.58575e+011 -6.44602e+009
2.823 2.64721e+011 514510 3.4935e+006 2.06379e+010 2.28141e+011 1.19498e+010 2.60732e+011 3.98815e+009
2.826 2.57802e+011 507742 3.73129e+006 2.14131e+010 2.2972e+011 1.17374e+010 2.62874e+011 -5.07207e+009
2.83 2.82108e+011 531139 4.07252e+006 2.2484e+010 2.31759e+011 1.1457e+010 2.65704e+011 1.64041e+010
2.833 2.77605e+011 526882 4.3478e+006 2.33161e+010 2.33238e+011 1.1249e+010 2.67807e+011 9.79747e+009
2.836 2.75701e+011 525073 4.6408e+006 2.41734e+010 2.34673e+011 1.1043e+010 2.69894e+011 5.80737e+009
2.84 2.75719e+011 525089 5.06091e+006 2.53567e+010 2.36515e+011 1.07714e+010 2.72649e+011 3.07014e+009
2.843 2.7304e+011 522532 5.39957e+006 2.6275e+010 2.37843e+011 1.05701e+010 2.74694e+011 -1.65388e+009
2.846 2.80545e+011 529665 5.7598e+006 2.72204e+010 2.39124e+011 1.03709e+010 2.76721e+011 3.82387e+009
2.85 2.82476e+011 531485 6.2759e+006 2.85239e+010 2.40757e+011 1.01085e+010 2.79395e+011 3.08057e+009
2.853 2.96304e+011 544338 6.69162e+006 2.95345e+010 2.41924e+011 9.91419e+009 2.81379e+011 1.4925e+010
2.856 2.69115e+011 518763 7.13351e+006 3.05739e+010 2.43041e+011 9.72204e+009 2.83344e+011 -1.42291e+010
2.86 2.61025e+011 510906 7.76613e+006 3.20055e+010 2.44451e+011 9.46922e+009 2.85934e+011 -2.49087e+010
2.863 2.72422e+011 521941 8.2753e+006 3.31142e+010 2.45449e+011 9.28217e+009 2.87854e+011 -1.54314e+010
2.867 2.79714e+011 528880 9.00384e+006 3.46401e+010 2.46698e+011 9.03621e+009 2.90383e+011 -1.06698e+010
2.87 2.95351e+011 543462 9.58991e+006 3.5821e+010 2.47573e+011 8.85434e+009 2.92258e+011 3.09362e+009
2.874 3.17063e+011 563083 1.0428e+007 3.74451e+010 2.48655e+011 8.61534e+009 2.94726e+011 2.23364e+010
2.877 3.22028e+011 567475 1.11018e+007 3.8701e+010 2.49404e+011 8.43874e+009 2.96555e+011 2.54736e+010
2.88 3.1175e+011 558346 1.1817e+007 3.99899e+010 2.50097e+011 8.2644e+009 2.98363e+011 1.33867e+010
2.884 2.95337e+011 543449 1.28388e+007 4.17606e+010 2.50935e+011 8.03551e+009 3.00744e+011 -5.40746e+009
2.887 3.06067e+011 553233 1.36597e+007 4.31284e+010 2.51499e+011 7.86652e+009 3.02507e+011 3.55932e+009
2.891 3.10339e+011 557081 1.48322e+007 4.50062e+010 2.52162e+011 7.64477e+009 3.04828e+011 5.51105e+009
2.894 3.12908e+011 559382 1.57736e+007 4.64555e+010 2.52593e+011 7.48114e+009 3.06546e+011 6.36255e+009
2.898 2.92134e+011 540495 1.71173e+007 4.84437e+010 2.53079e+011 7.26657e+009 3.08807e+011 -1.66725e+010
2.901 2.92104e+011 540467 1.81956e+007 4.99771e+010 2.53377e+011 7.10834e+009 3.10481e+011 -1.83764e+010
2.905 2.78033e+011 527288 1.9734e+007 5.2079e+010 2.53684e+011 6.90096e+009 3.12683e+011 -3.46507e+010
2.908 2.94538e+011 542714 2.09678e+007 5.36989e+010 2.53846e+011 6.74813e+009 3.14314e+011 -1.97759e+010
2.912 3.07242e+011 554294 2.27271e+007 5.59176e+010 2.53973e+011 6.54794e+009 3.16461e+011 -9.21925e+009
2.916 2.86645e+011 535392 2.46256e+007 5.82043e+010 2.53996e+011 6.35185e+009 3.18577e+011 -3.1932e+010
2.919 2.9959e+011 547348 2.61471e+007 5.99646e+010 2.53946e+011 6.20746e+009 3.20144e+011 -2.05542e+010
2.923 3.11062e+011 557729 2.83145e+007 6.23725e+010 2.53788e+011 6.01851e+009 3.22208e+011 -1.11455e+010
2.926 3.07896e+011 554884 3.00505e+007 6.42246e+010 2.53602e+011 5.87947e+009 3.23737e+011 -1.58407e+010
2.93 3.38118e+011 581479 3.25223e+007 6.67561e+010 2.53265e+011 5.69762e+009 3.25751e+011 1.23667e+010
2.933 3.32583e+011 576700 3.4501e+007 6.87018e+010 2.52944e+011 5.56387e+009 3.27244e+011 5.33888e+009
2.937 3.26509e+011 571410 3.73167e+007 7.13591e+010 2.52428e+011 5.38904e+009 3.29213e+011 -2.70434e+009
2.941 3.24318e+011 569489 4.03485e+007 7.40892e+010 2.5181e+011 5.2182e+009 3.31158e+011 -6.83962e+009
2.944 3.17335e+011 563325 4.27735e+007 7.61848e+010 2.5128e+011 5.09267e+009 3.326e+011 -1.5265e+010
2.948 3.21905e+011 567367 4.62213e+007 7.90433e+010 2.50487e+011 4.92872e+009 3.34505e+011 -1.25994e+010
2.951 3.16668e+011 562733 4.89775e+007 8.12358e+010 2.49826e+011 4.80832e+009 3.3592e+011 -1.9251e+010
2.955 3.14882e+011 561143 5.2894e+007 8.4224e+010 2.4886e+011 4.65117e+009 3.37788e+011 -2.29065e+010
2.959 3.22131e+011 567565 5.71044e+007 8.72867e+010 2.47797e+011 4.49785e+009 3.39639e+011 -1.75081e+010
2.962 3.20241e+011 565898 6.04673e+007 8.96328e+010 2.46937e+011 4.38535e+009 3.41015e+011 -2.07742e+010
2.966 3.33855e+011 577802 6.52419e+007 9.28262e+010 2.45706e+011 4.23865e+009 3.42837e+011 -8.98115e+009
2.97 3.42066e+011 584864 7.03697e+007 9.60945e+010 2.44383e+011 4.09566e+009 3.44644e+011 -2.57802e+009
2.973 3.29827e+011 574306 7.44618e+007 9.85947e+010 2.4333e+011 3.99084e+009 3.4599e+011 -1.61629e+010
2.977 3.31695e+011 575930 8.02667e+007 1.01994e+011 2.41847e+011 3.85426e+009 3.47776e+011 -1.60806e+010
2.981 3.46161e+011 588355 8.64948e+007 1.05467e+011 2.40276e+011 3.72127e+009 3.49551e+011 -3.38932e+009
2.985 3.52548e+011 593757 9.31747e+007 1.09014e+011 2.38618e+011 3.59184e+009 3.51317e+011 1.23094e+009
2.988 3.60333e+011 600277 9.84991e+007 1.11723e+011 2.37318e+011 3.49706e+009 3.52636e+011 7.69654e+009
2.992 3.54327e+011 595253 1.06043e+008 1.15399e+011 2.35512e+011 3.37371e+009 3.54391e+011 -6.4002e+007
2.996 3.67344e+011 606089 1.14127e+008 1.19147e+011 2.33625e+011 3.25377e+009 3.5614e+011 1.12042e+010
3 3.57599e+011 597995 1.22784e+008 1.22967e+011 2.31659e+011 3.13719e+009 3.57886e+011 -2.87321e+008
3.003 3.44437e+011 586888 1.29677e+008 1.25879e+011 2.30134e+011 3.05192e+009 3.59194e+011 -1.4757e+010
3.007 3.59575e+011 599646 1.39432e+008 1.29823e+011 2.28034e+011 2.94107e+009 3.60938e+011 -1.36261e+009
3.011 3.76113e+011 613280 1.4987e+008 1.33836e+011 2.25862e+011 2.83343e+009 3.62681e+011 1.34316e+010
3.015 3.82961e+011 618838 1.61035e+008 1.37917e+011 2.2362e+011 2.72894e+009 3.64427e+011 1.85338e+010
3.019 3.79604e+011 616120 1.72974e+008 1.42065e+011 2.2131e+011 2.62755e+009 3.66175e+011 1.34292e+010
3.022 3.73821e+011 611409 1.82464e+008 1.45218e+011 2.19535e+011 2.55349e+009 3.67489e+011 6.33166e+009
3.026 3.81831e+011 617925 1.95875e+008 1.4948e+011 2.17112e+011 2.45737e+009 3.69245e+011 1.25859e+010
3.03 3.62577e+011 602144 2.102e+008 1.53804e+011 2.14629e+011 2.36417e+009 3.71007e+011 -8.43014e+009
3.034 3.55716e+011 596419 2.25496e+008 1.58188e+011 2.12088e+011 2.27386e+009 3.72776e+011 -1.70602e+010
3.038 3.86258e+011 621497 2.41824e+008 1.62632e+011 2.09492e+011 2.18636e+009 3.74552e+011 1.1706e+010
3.042 3.9585e+011 629166 2.59247e+008 1.67133e+011 2.06843e+011 2.10162e+009 3.76337e+011 1.95131e+010
3.046 4.18602e+011 646995 2.7783e+008 1.71689e+011 2.04145e+011 2.01957e+009 3.78131e+011 4.04708e+010
3.049 4.12275e+011 642087 2.92572e+008 1.7514e+011 2.02091e+011 1.95978e+009 3.79483e+011 3.2792e+010
3.053 4.12681e+011 642402 3.13359e+008 1.79786e+011 1.99313e+011 1.88232e+009 3.81295e+011 3.1386e+010
3.057 4.04322e+011 635864 3.35509e+008 1.84481e+011 1.96493e+011 1.8074e+009 3.83117e+011 2.12059e+010
3.061 4.01893e+011 633950 3.59103e+008 1.89221e+011 1.93634e+011 1.73495e+009 3.84949e+011 1.69437e+010
3.065 4.13523e+011 643058 3.84226e+008 1.94005e+011 1.90739e+011 1.66493e+009 3.86793e+011 2.67299e+010
3.069 4.04633e+011 636108 4.10968e+008 1.98828e+011 1.87811e+011 1.59728e+009 3.88648e+011 1.59849e+010
3.073 3.92238e+011 626289 4.39422e+008 2.03689e+011 1.84853e+011 1.53192e+009 3.90514e+011 1.72415e+009
3.077 3.8935e+011 623979 4.69688e+008 2.08584e+011 1.81868e+011 1.46882e+009 3.92391e+011 -3.04087e+009
3.081 3.85732e+011 621073 5.01868e+008 2.13511e+011 1.78858e+011 1.40791e+009 3.94278e+011 -8.54618e+009
3.085 3.99445e+011 632017 5.36071e+008 2.18464e+011 1.75826e+011 1.34913e+009 3.96175e+011 3.27021e+009
3.089 4.1927e+011 647510 5.72412e+008 2.23442e+011 1.72775e+011 1.29243e+009 3.98082e+011 2.11877e+010
3.093 4.05617e+011 636881 6.11009e+008 2.28441e+011 1.69708e+011 1.23776e+009 3.99998e+011 5.61919e+009
3.097 4.58593e+011 677195 6.51988e+008 2.33457e+011 1.66628e+011 1.18505e+009 4.01922e+011 5.66713e+010
3.101 4.65906e+011 682573 6.95481e+008 2.38486e+011 1.63537e+011 1.13426e+009 4.03853e+011 6.20532e+010
3.105 4.75195e+011 689344 7.41623e+008 2.43525e+011 1.60438e+011 1.08534e+009 4.0579e+011 6.94055e+010
3.109 4.7273e+011 687554 7.90559e+008 2.48569e+011 1.57334e+011 1.03822e+009 4.07732e+011 6.49984e+010
3.113 4.38332e+011 662067 8.42439e+008 2.53615e+011 1.54227e+011 9.9286e+008 4.09677e+011 2.86554e+010
3.117 4.35424e+011 659867 8.9742e+008 2.58658e+011 1.5112e+011 9.49207e+008 4.11625e+011 2.37992e+010
3.121 4.33421e+011 658347 9.55666e+008 2.63694e+011 1.48015e+011 9.07211e+008 4.13573e+011 1.98482e+010
3.126 4.20461e+011 648429 1.03333e+009 2.69974e+011 1.44142e+011 8.5697e+008 4.16006e+011 4.45449e+009
3.13 4.25721e+011 652473 1.09955e+009 2.7498e+011 1.41051e+011 8.18521e+008 4.17949e+011 7.77195e+009
3.134 4.11642e+011 641594 1.16963e+009 2.79965e+011 1.37971e+011 7.8157e+008 4.19887e+011 -8.24443e+009
3.138 4.34835e+011 659420 1.24375e+009 2.84924e+011 1.34903e+011 7.46072e+008 4.21817e+011 1.30181e+010
3.142 4.38179e+011 661951 1.32213e+009 2.89854e+011 1.3185e+011 7.11979e+008 4.23738e+011 1.44414e+010
3.146 4.66356e+011 682903 1.40496e+009 2.94749e+011 1.28813e+011 6.79248e+008 4.25647e+011 4.07094e+010
3.15 4.54077e+011 673852 1.49248e+009 2.99606e+011 1.25795e+011 6.47834e+008 4.27542e+011 2.65351e+010
3.155 4.5988e+011 678145 1.60882e+009 3.05615e+011 1.22052e+011 6.10352e+008 4.29886e+011 2.99941e+010
3.159 4.46344e+011 668090 1.70774e+009 3.10367e+011 1.19084e+011 5.81745e+008 4.3174e+011 1.46041e+010
3.163 4.2227e+011 649823 1.81213e+009 3.15065e+011 1.1614e+011 5.54318e+008 4.33572e+011 -1.13019e+010
3.167 4.54016e+011 673807 1.92225e+009 3.19705e+011 1.13223e+011 5.28031e+008 4.35378e+011 1.86375e+010
3.171 4.45476e+011 667440 2.03837e+009 3.24281e+011 1.10335e+011 5.02844e+008 4.37157e+011 8.31973e+009
3.176 4.54431e+011 674115 2.19238e+009 3.29905e+011 1.06766e+011 4.72852e+008 4.39336e+011 1.50944e+010
3.18 4.49088e+011 670140 2.32305e+009 3.34322e+011 1.03947e+011 4.50004e+008 4.41042e+011 8.04565e+009
3.184 4.54045e+011 673829 2.46067e+009 3.3866e+011 1.01161e+011 4.28136e+008 4.42711e+011 1.13345e+010
3.188 4.61412e+011 679273 2.60557e+009 3.42916e+011 9.84102e+010 4.07213e+008 4.44339e+011 1.70731e+010
3.193 4.71147e+011 686401 2.79741e+009 3.48112e+011 9.50219e+010 3.82336e+008 4.46314e+011 2.48329e+010
3.197 4.35959e+011 660272 2.95987e+009 3.52165e+011 9.23532e+010 3.63414e+008 4.47841e+011 -1.18826e+010
3.201 4.35173e+011 659676 3.13072e+009 3.5612e+011 8.97229e+010 3.45328e+008 4.49319e+011 -1.41463e+010
3.206 4.60144e+011 678339 3.3566e+009 3.60921e+011 8.64906e+010 3.2385e+008 4.51092e+011 9.05167e+009
3.21 4.3892e+011 662510 3.54764e+009 3.64642e+011 8.39504e+010 3.07533e+008 4.52447e+011 -1.35272e+010
3.214 4.25874e+011 652590 3.74828e+009 3.68251e+011 8.14516e+010 2.91954e+008 4.53743e+011 -2.78693e+010
3.219 4.23328e+011 650636 4.01321e+009 3.72601e+011 7.83877e+010 2.73473e+008 4.55275e+011 -3.19472e+010
3.223 4.50344e+011 671077 4.23696e+009 3.75946e+011 7.59849e+010 2.5945e+008 4.56427e+011 -6.08297e+009
3.228 4.43959e+011 666303 4.5321e+009 3.79952e+011 7.3043e+010 2.42829e+008 4.5777e+011 -1.38108e+010
3.232 4.18262e+011 646732 4.78114e+009 3.83013e+011 7.07393e+010 2.30227e+008 4.58764e+011 -4.05016e+010
3.236 4.3771e+011 661597 5.04215e+009 3.85942e+011 6.84803e+010 2.18216e+008 4.59683e+011 -2.1973e+010
3.241 4.2608e+011 652748 5.38597e+009 3.89413e+011 6.57203e+010 2.03996e+008 4.60723e+011 -3.46435e+010
3.245 4.0764e+011 638467 5.67568e+009 3.92033e+011 6.35634e+010 1.93227e+008 4.61465e+011 -5.38249e+010
3.25 4.21255e+011 649042 6.05694e+009 3.95107e+011 6.09317e+010 1.80489e+008 4.62276e+011 -4.10213e+010
3.254 4.57182e+011 676152 6.37788e+009 3.97402e+011 5.88781e+010 1.7085e+008 4.62829e+011 -5.64741e+009
3.259 4.65607e+011 682354 6.79983e+009 4.00062e+011 5.63759e+010 1.59457e+008 4.63397e+011 2.20982e+009
3.263 4.51348e+011 671824 7.15468e+009 4.02019e+011 5.4426e+010 1.50842e+008 4.6375e+011 -1.24022e+010
3.268 4.61982e+011 679693 7.62077e+009 4.04248e+011 5.20533e+010 1.40669e+008 4.64062e+011 -2.08036e+009
3.272 4.33044e+011 658061 8.01236e+009 4.05854e+011 5.0207e+010 1.32983e+008 4.64207e+011 -3.11621e+010
3.277 4.48458e+011 669670 8.5262e+009 4.07639e+011 4.79634e+010 1.23912e+008 4.64252e+011 -1.57945e+010
3.281 4.32924e+011 657970 8.95749e+009 4.08885e+011 4.62197e+010 1.17066e+008 4.6418e+011 -3.12557e+010
3.286 4.26467e+011 653045 9.52287e+009 4.10215e+011 4.41038e+010 1.08992e+008 4.63951e+011 -3.74834e+010
3.29 4.45939e+011 667787 9.99696e+009 4.11094e+011 4.24616e+010 1.02903e+008 4.63655e+011 -1.77161e+010
3.295 4.42909e+011 665514 1.06178e+010 4.1196e+011 4.04714e+010 9.57282e+007 4.63145e+011 -2.02366e+010
3.299 4.50016e+011 670833 1.1138e+010 4.12466e+011 3.89288e+010 9.03209e+007 4.62623e+011 -1.26067e+010
3.304 4.62968e+011 680418 1.18184e+010 4.12864e+011 3.70617e+010 8.3955e+007 4.61828e+011 1.14007e+009
3.309 4.63556e+011 680850 1.25339e+010 4.13e+011 3.52618e+010 7.80025e+007 4.60874e+011 2.68256e+009
3.313 4.50771e+011 671395 1.31323e+010 4.1292e+011 3.38695e+010 7.35219e+007 4.59996e+011 -9.22444e+009
3.318 4.29402e+011 655287 1.3914e+010 4.12585e+011 3.21878e+010 6.82535e+007 4.58755e+011 -2.93538e+010
3.323 4.40079e+011 663385 1.47345e+010 4.11989e+011 3.05701e+010 6.33339e+007 4.57357e+011 -1.72782e+010
3.327 4.31531e+011 656910 1.54197e+010 4.11325e+011 2.93213e+010 5.96354e+007 4.56126e+011 -2.45952e+010
3.332 4.26149e+011 652801 1.63134e+010 4.10263e+011 2.78158e+010 5.52919e+007 4.54447e+011 -2.82981e+010
3.337 4.40236e+011 663503 1.72498e+010 4.08943e+011 2.63709e+010 5.12416e+007 4.52615e+011 -1.2379e+010
3.341 4.29843e+011 655624 1.80305e+010 4.07705e+011 2.52576e+010 4.82003e+007 4.51041e+011 -2.11987e+010
3.346 4.30277e+011 655955 1.90474e+010 4.0593e+011 2.39182e+010 4.46331e+007 4.48941e+011 -1.86637e+010
3.351 4.43143e+011 665690 2.01109e+010 4.03907e+011 2.26354e+010 4.13112e+007 4.46695e+011 -3.55234e+009
3.356 4.1013e+011 640414 2.12225e+010 4.0164e+011 2.14078e+010 3.82192e+007 4.44308e+011 -3.41787e+010
3.36 3.9206e+011 626147 2.21475e+010 3.99652e+011 2.04645e+010 3.59014e+007 4.423e+011 -5.024e+010
3.365 3.98624e+011 631367 2.33495e+010 3.96955e+011 1.93325e+010 3.31873e+007 4.3967e+011 -4.10463e+010
3.37 4.16933e+011 645703 2.46037e+010 3.94026e+011 1.82515e+010 3.06645e+007 4.36912e+011 -1.99794e+010
3.375 4.24057e+011 651197 2.59116e+010 3.90871e+011 1.722e+010 2.83206e+007 4.34031e+011 -9.9739e+009
3.38 3.99273e+011 631880 2.72746e+010 3.87496e+011 1.62365e+010 2.61441e+007 4.31033e+011 -3.17602e+010
3.385 4.29602e+011 655440 2.86941e+010 3.83906e+011 1.52994e+010 2.41239e+007 4.27924e+011 1.67789e+009
3.389 4.18155e+011 646649 2.98714e+010 3.80884e+011 1.45822e+010 2.26133e+007 4.2536e+011 -7.20563e+009
3.394 4.04428e+011 635947 3.13961e+010 3.76925e+011 1.37249e+010 2.08489e+007 4.22067e+011 -1.76389e+010
3.399 4.04709e+011 636168 3.29813e+010 3.72771e+011 1.29097e+010 1.92135e+007 4.18681e+011 -1.39716e+010
3.404 4.03731e+011 635398 3.46281e+010 3.68429e+011 1.21353e+010 1.76984e+007 4.1521e+011 -1.14786e+010
3.409 4.10283e+011 640533 3.6338e+010 3.63906e+011 1.14001e+010 1.62954e+007 4.11661e+011 -1.37752e+009
3.414 3.92506e+011 626503 3.81121e+010 3.59211e+011 1.07026e+010 1.49968e+007 4.08041e+011 -1.55349e+010
3.419 3.89037e+011 623728 3.99517e+010 3.54353e+011 1.00414e+010 1.37954e+007 4.0436e+011 -1.53229e+010
3.424 3.9402e+011 627710 4.1858e+010 3.49338e+011 9.41511e+009 1.26846e+007 4.00624e+011 -6.6037e+009
3.429 3.85077e+011 620546 4.3832e+010 3.44176e+011 8.82224e+009 1.16579e+007 3.96842e+011 -1.17648e+010
3.434 3.71996e+011 609915 4.58749e+010 3.38875e+011 8.26144e+009 1.07094e+007 3.93022e+011 -2.10261e+010
3.439 3.79297e+011 615871 4.79876e+010 3.33445e+011 7.73138e+009 9.83371e+006 3.89173e+011 -9.87602e+009
3.444 3.64031e+011 603350 5.01711e+010 3.27893e+011 7.23073e+009 9.0255e+006 3.85304e+011 -2.12727e+010
3.449 3.80891e+011 617164 5.24262e+010 3.2223e+011 6.75821e+009 8.27997e+006 3.81422e+011 -5.31557e+008
3.454 3.50599e+011 592114 5.47536e+010 3.16463e+011 6.31255e+009 7.59258e+006 3.77537e+011 -2.69378e+010
3.459 3.6212e+011 601764 5.71542e+010 3.10603e+011 5.89253e+009 6.95911e+006 3.73657e+011 -1.1537e+010
3.464 3.58634e+011 598860 5.96285e+010 3.04659e+011 5.49696e+009 6.37561e+006 3.6979e+011 -1.11568e+010
3.469 3.67253e+011 606014 6.2177e+010 2.98638e+011 5.12469e+009 5.83838e+006 3.65946e+011 1.30744e+009
3.474 3.46663e+011 588781 6.48001e+010 2.92551e+011 4.77459e+009 5.34401e+006 3.62131e+011 -1.54685e+010
3.48 3.62706e+011 602251 6.80469e+010 2.85171e+011 4.38222e+009 4.80283e+006 3.57605e+011 5.10096e+009
3.485 3.6439e+011 603647 7.08352e+010 2.7897e+011 4.07714e+009 4.39177e+006 3.53886e+011 1.05036e+010
3.49 3.5068e+011 592183 7.36988e+010 2.7273e+011 3.79089e+009 4.01407e+006 3.50223e+011 4.57162e+008
3.495 3.29035e+011 573615 7.66376e+010 2.6646e+011 3.5225e+009 3.66719e+006 3.46624e+011 -1.75893e+010
3.5 3.39571e+011 582727 7.96515e+010 2.6017e+011 3.27103e+009 3.34877e+006 3.43096e+011 -3.52504e+009
3.505 3.35555e+011 579271 8.27401e+010 2.53867e+011 3.03558e+009 3.05662e+006 3.39646e+011 -4.09061e+009
3.511 3.35595e+011 579306 8.65446e+010 2.46299e+011 2.77297e+009 2.73784e+006 3.35619e+011 -2.39349e+007
3.516 3.30416e+011 574818 8.9796e+010 2.39997e+011 2.56978e+009 2.4965e+006 3.32365e+011 -1.94884e+009
3.521 3.26816e+011 571678 9.31203e+010 2.33708e+011 2.37996e+009 2.2754e+006 3.29211e+011 -2.39437e+009
3.526 3.36858e+011 580394 9.65166e+010 2.2744e+011 2.20276e+009 2.07295e+006 3.26161e+011 1.06965e+010
3.532 3.23437e+011 568715 1.00686e+011 2.19955e+011 2.00576e+009 1.85253e+006 3.22649e+011 7.87852e+008
3.537 3.15188e+011 561416 1.04237e+011 2.13758e+011 1.85383e+009 1.68602e+006 3.1985e+011 -4.66151e+009
3.542 3.05827e+011 553016 1.07856e+011 2.07603e+011 1.71232e+009 1.53378e+006 3.17172e+011 -1.13458e+010
3.548 3.2609e+011 571043 1.12286e+011 2.00283e+011 1.55538e+009 1.36831e+006 3.14126e+011 1.19635e+010
3.553 2.9681e+011 544802 1.1605e+011 1.94245e+011 1.43465e+009 1.24352e+006 3.11731e+011 -1.49211e+010
3.558 3.10198e+011 556955 1.19876e+011 1.8827e+011 1.32244e+009 1.1296e+006 3.09469e+011 7.2914e+008
3.564 3.23774e+011 569011 1.24547e+011 1.8119e+011 1.19831e+009 1.00599e+006 3.06936e+011 1.68375e+010
3.569 3.16749e+011 562805 1.28504e+011 1.75371e+011 1.10304e+009 912916 3.04979e+011 1.17696e+010
3.575 3.19215e+011 564991 1.33326e+011 1.68494e+011 9.97829e+008 812042 3.02818e+011 1.6397e+010
3.58 2.94866e+011 543016 1.37401e+011 1.62856e+011 9.17218e+008 736182 3.01175e+011 -6.3088e+009
3.586 3.09598e+011 556415 1.42357e+011 1.56208e+011 8.28338e+008 654055 2.99394e+011 1.02032e+010
3.591 3.32606e+011 576720 1.46539e+011 1.5077e+011 7.60355e+008 592364 2.9807e+011 3.45362e+010
3.597 2.95366e+011 543476 1.51613e+011 1.44374e+011 6.85525e+008 525652 2.96673e+011 -1.3065e+009
3.602 3.11989e+011 558560 1.55884e+011 1.39154e+011 6.28383e+008 475598 2.95667e+011 1.63222e+010
3.608 2.84887e+011 533748 1.61057e+011 1.33028e+011 5.65591e+008 421532 2.9465e+011 -9.76319e+009
3.613 2.88809e+011 537410 1.65402e+011 1.28039e+011 5.17722e+008 381013 2.93959e+011 -5.15002e+009
3.619 2.66008e+011 515759 1.70652e+011 1.22197e+011 4.65206e+008 337296 2.93315e+011 -2.7307e+010
3.624 2.73542e+011 523013 1.75052e+011 1.17451e+011 4.25238e+008 304571 2.92929e+011 -1.93864e+010
3.63 2.74421e+011 523852 1.80356e+011 1.11905e+011 3.81463e+008 269303 2.92643e+011 -1.82225e+010
3.636 2.7986e+011 529018 1.8568e+011 1.06523e+011 3.41881e+008 237964 2.92545e+011 -1.26854e+010
3.641 2.93741e+011 541978 1.90126e+011 1.02165e+011 3.11834e+008 214545 2.92603e+011 1.13752e+009
3.647 2.76306e+011 525648 1.95464e+011 9.70895e+010 2.79008e+008 189352 2.92833e+011 -1.65274e+010
3.653 2.83388e+011 532342 2.008e+011 9.21815e+010 2.49409e+008 167008 2.93231e+011 -9.84342e+009
3.658 3.04587e+011 551894 2.05238e+011 8.82201e+010 2.26998e+008 150341 2.93686e+011 1.09016e+010
3.664 3.04042e+011 551400 2.10547e+011 8.36204e+010 2.02577e+008 132442 2.9437e+011 9.67225e+009
3.67 2.8308e+011 532052 2.15828e+011 7.91882e+010 1.80617e+008 116598 2.95197e+011 -1.21175e+010
3.676 2.71316e+011 520880 2.21074e+011 7.49225e+010 1.60891e+008 102583 2.96157e+011 -2.48412e+010
3.681 2.82121e+011 531151 2.25411e+011 7.14939e+010 1.46006e+008 92152.9 2.97051e+011 -1.49301e+010
3.687 2.83921e+011 532843 2.30567e+011 6.75295e+010 1.29842e+008 80979 2.98227e+011 -1.43053e+010
3.693 2.91415e+011 539829 2.35662e+011 6.37268e+010 1.15362e+008 71113.6 2.99504e+011 -8.08899e+009
3.699 2.84603e+011 533482 2.40686e+011 6.00833e+010 1.02402e+008 62409.4 3.00871e+011 -1.62682e+010
3.705 2.95844e+011 543916 2.45629e+011 5.65964e+010 9.08156e+007 54734.8 3.02317e+011 -6.47239e+009
3.711 2.79351e+011 528536 2.50484e+011 5.32633e+010 8.04662e+007 47972.8 3.03828e+011 -2.44772e+010
3.716 3.06437e+011 553567 2.54455e+011 5.06008e+010 7.26978e+007 42959 3.05128e+011 1.30875e+009
3.722 2.92568e+011 540896 2.59122e+011 4.75411e+010 6.43051e+007 37606.8 3.06727e+011 -1.41586e+010
3.728 2.85555e+011 534373 2.63673e+011 4.46256e+010 5.68293e+007 32899.9 3.08356e+011 -2.28007e+010
3.734 3.14942e+011 561197 2.68101e+011 4.18507e+010 5.01767e+007 28763.4 3.10002e+011 4.93998e+009
3.74 2.9338e+011 541646 2.72395e+011 3.92126e+010 4.42623e+007 25130.6 3.11652e+011 -1.82718e+010
3.746 3.22516e+011 567905 2.76547e+011 3.67072e+010 3.90093e+007 21942.4 3.13293e+011 9.22236e+009
3.752 3.1015e+011 556911 2.80549e+011 3.43305e+010 3.43483e+007 19146.1 3.14914e+011 -4.7636e+009
3.758 3.03369e+011 550789 2.84392e+011 3.20784e+010 3.02165e+007 16695.3 3.16501e+011 -1.31319e+010
3.764 2.91913e+011 540290 2.88069e+011 2.99467e+010 2.65575e+007 14548.7 3.18042e+011 -2.61286e+010
3.77 2.94915e+011 543061 2.9157e+011 2.79312e+010 2.33201e+007 12669.8 3.19525e+011 -2.46097e+010
3.776 3.3253e+011 576654 2.9489e+011 2.60275e+010 2.04587e+007 11026.4 3.20938e+011 1.15921e+010
3.783 3.14631e+011 560920 2.98523e+011 2.39423e+010 1.75407e+007 9368.83 3.22483e+011 -7.85223e+009
3.789 3.02325e+011 549841 3.01424e+011 2.22664e+010 1.53579e+007 8142.1 3.23706e+011 -2.13809e+010
3.795 3.16244e+011 562356 3.04122e+011 2.06889e+010 1.34344e+007 7071.38 3.24824e+011 -8.57986e+009
3.801 3.06682e+011 553789 3.0661e+011 1.92056e+010 1.17411e+007 6137.46 3.25828e+011 -1.91451e+010
3.807 3.30509e+011 574899 3.08883e+011 1.78124e+010 1.02519e+007 5323.41 3.26706e+011 3.80265e+009
3.813 2.86551e+011 535305 3.10937e+011 1.65052e+010 8.94331e+006 4614.33 3.27451e+011 -4.08997e+010
3.82 3.02862e+011 550329 3.13048e+011 1.50834e+010 7.61741e+006 3902.31 3.28139e+011 -2.52772e+010
3.826 3.15482e+011 561678 3.14609e+011 1.39489e+010 6.63195e+006 3377.75 3.28565e+011 -1.30826e+010
3.832 3.22981e+011 568314 3.15938e+011 1.28879e+010 5.7687e+006 2921.79 3.28831e+011 -5.85013e+009
3.838 3.22105e+011 567543 3.1703e+011 1.18967e+010 5.01322e+006 2525.74 3.28932e+011 -6.8269e+009
3.845 3.17766e+011 563708 3.18003e+011 1.08238e+010 4.25102e+006 2129.25 3.28831e+011 -1.10651e+010
3.851 3.18798e+011 564622 3.18577e+011 9.97166e+009 3.68698e+006 1838.02 3.28552e+011 -9.75405e+009
3.857 3.33144e+011 577187 3.18909e+011 9.17821e+009 3.19485e+006 1585.6 3.2809e+011 5.0541e+009
3.864 3.17928e+011 563851 3.18989e+011 8.32234e+009 2.69997e+006 1333.48 3.27314e+011 -9.38643e+009
3.87 3.14627e+011 560916 3.18795e+011 7.64499e+009 2.33495e+006 1148.72 3.26442e+011 -1.1815e+010
3.877 3.11733e+011 558331 3.18262e+011 6.91611e+009 1.9687e+006 964.475 3.2518e+011 -1.34465e+010
3.883 3.08663e+011 555574 3.17544e+011 6.34066e+009 1.69917e+006 829.672 3.23886e+011 -1.52231e+010
3.89 2.94629e+011 542797 3.16403e+011 5.72291e+009 1.42934e+006 695.452 3.22127e+011 -2.74984e+010
3.896 2.90587e+011 539061 3.15169e+011 5.23637e+009 1.23121e+006 597.406 3.20406e+011 -2.98194e+010
3.903 3.03084e+011 550531 3.13433e+011 4.71532e+009 1.0333e+006 499.936 3.18149e+011 -1.50652e+010
3.909 2.86763e+011 535503 3.11695e+011 4.30591e+009 888301 428.848 3.16002e+011 -2.92387e+010
3.916 2.98994e+011 546803 3.09382e+011 3.86851e+009 743786 358.288 3.13252e+011 -1.42578e+010
3.922 3.12747e+011 559238 3.0716e+011 3.52564e+009 638149 306.908 3.10686e+011 2.06082e+009
3.929 3.11734e+011 558332 3.04294e+011 3.1602e+009 533096 255.99 3.07455e+011 4.27917e+009
3.936 3.02617e+011 550106 3.01143e+011 2.82912e+009 444782 213.329 3.03973e+011 -1.35588e+009
3.942 2.94776e+011 542933 2.98222e+011 2.57054e+009 380449 182.34 3.00793e+011 -6.01741e+009
3.949 2.94223e+011 542423 2.94566e+011 2.29593e+009 316689 151.704 2.96863e+011 -2.63992e+009
3.956 2.86271e+011 535043 2.90654e+011 2.04811e+009 263287 126.102 2.92702e+011 -6.43095e+009
3.962 2.69104e+011 518753 2.87105e+011 1.85526e+009 224519 107.55 2.8896e+011 -1.98561e+010
3.969 2.7244e+011 521958 2.82747e+011 1.65119e+009 186228 89.2532 2.84398e+011 -1.19578e+010
3.976 2.66145e+011 515892 2.78166e+011 1.46774e+009 154275 74.0032 2.79634e+011 -1.34897e+010
3.983 2.87768e+011 536440 2.73377e+011 1.30305e+009 127645 61.3044 2.7468e+011 1.30878e+010
3.99 2.83593e+011 532535 2.68391e+011 1.15541e+009 105481 50.7397 2.69547e+011 1.40466e+010
3.996 2.87432e+011 536127 2.63972e+011 1.04121e+009 89483.6 43.1154 2.65014e+011 2.24183e+010
4.003 2.58901e+011 508824 2.5866e+011 9.21107e+008 73774.6 35.6264 2.59581e+011 -6.7959e+008
4.01 2.58364e+011 508295 2.53192e+011 8.13844e+008 60747.6 29.4122 2.54006e+011 4.35785e+009
4.017 2.68568e+011 518235 2.47583e+011 7.18179e+008 49958.6 24.2604 2.48301e+011 2.02671e+010
4.024 2.54671e+011 504649 2.41847e+011 6.32972e+008 41034.6 19.9932 2.4248e+011 1.21911e+010
4.031 2.5507e+011 505044 2.35999e+011 5.57181e+008 33662.8 16.4619 2.36556e+011 1.85134e+010
4.038 2.4503e+011 495005 2.30054e+011 4.89857e+008 27580.9 13.5424 2.30544e+011 1.44859e+010
4.045 2.39323e+011 489207 2.24027e+011 4.30132e+008 22569.6 11.1307 2.24457e+011 1.48661e+010
4.052 2.44118e+011 494083 2.17931e+011 3.7722e+008 18445.9 9.14043 2.18309e+011 2.58096e+010
4.059 2.20668e+011 469754 2.11782e+011 3.30406e+008 15056.9 7.49937 2.12112e+011 8.55608e+009
4.066 2.23135e+011 472371 2.05593e+011 2.89042e+008 12275.2 6.14748 2.05882e+011 1.72527e+010
4.073 2.31159e+011 480790 1.99378e+011 2.52543e+008 9994.97 5.03483 1.99631e+011 3.15285e+010
4.081 2.04805e+011 452554 1.92261e+011 2.16109e+008 7890.82 4.00325 1.92477e+011 1.23284e+010
4.088 2.02069e+011 449521 1.86035e+011 1.88318e+008 6407.89 3.27246 1.86224e+011 1.58452e+010
4.095 1.91977e+011 438152 1.79825e+011 1.63896e+008 5197.17 2.6727 1.79989e+011 1.19882e+010
4.102 2.00194e+011 447431 1.73642e+011 1.42465e+008 4209.96 2.18093 1.73784e+011 2.641e+010
4.109 1.73965e+011 417091 1.67498e+011 1.23682e+008 3406.03 1.77806 1.67621e+011 6.34407e+009
4.117 1.73353e+011 416357 1.60537e+011 1.05068e+008 2669.37 1.4064 1.60642e+011 1.27109e+010
4.124 1.64689e+011 405819 1.54513e+011 9.0973e+007 2153.87 1.14443 1.54604e+011 1.00848e+010
4.131 1.80961e+011 425395 1.48561e+011 7.8671e+007 1735.75 0.930433 1.4864e+011 3.23211e+010
4.139 1.50164e+011 387510 1.41859e+011 6.65338e+007 1354.27 0.733608 1.41925e+011 8.23867e+009
4.146 1.23237e+011 351051 1.36091e+011 5.73836e+007 1088.47 0.595296 1.36149e+011 -1.29122e+010
4.154 1.31192e+011 362205 1.29622e+011 4.83831e+007 846.654 0.468348 1.29671e+011 1.52178e+009
4.161 1.39549e+011 373562 1.24076e+011 4.16181e+007 678.667 0.379325 1.24118e+011 1.54307e+010
4.168 1.11124e+011 333353 1.18645e+011 3.57546e+007 543.333 0.306952 1.18681e+011 -7.55681e+009
4.176 1.0559e+011 324946 1.12585e+011 3.00123e+007 420.74 0.240725 1.12615e+011 -7.02553e+009
4.183 1.05717e+011 325142 1.07418e+011 2.57154e+007 335.942 0.194426 1.07444e+011 -1.7263e+009
4.191 1.04803e+011 323733 1.01673e+011 2.15198e+007 259.35 0.152146 1.01695e+011 3.10868e+009
4.199 1.04149e+011 322721 9.61053e+010 1.79795e+007 199.896 0.118923 9.61232e+010 8.02546e+009
4.206 7.75289e+010 278440 9.13826e+010 1.53426e+007 158.955 0.0957708 9.13979e+010 -1.3869e+010
4.214 8.26091e+010 287418 8.61593e+010 1.27796e+007 122.142 0.0746954 8.61721e+010 -3.56301e+009
4.222 7.59797e+010 275644 8.11247e+010 1.06275e+007 93.7025 0.0581905 8.11354e+010 -5.1557e+009
4.229 7.38278e+010 271713 7.6876e+010 9.03187e+006 74.2071 0.0467253 7.6885e+010 -3.05722e+009
4.237 6.83333e+010 261406 7.22003e+010 7.48807e+006 56.7551 0.0363217 7.22078e+010 -3.87457e+009
4.245 6.51362e+010 255218 6.77173e+010 6.19808e+006 43.3369 0.0282018 6.77235e+010 -2.58737e+009
4.253 5.67245e+010 238169 6.34268e+010 5.122e+006 33.0372 0.0218718 6.34319e+010 -6.70734e+009
4.26 5.62152e+010 237097 5.98296e+010 4.32908e+006 26.0197 0.0174936 5.98339e+010 -3.61877e+009
4.268 6.26367e+010 250273 5.58967e+010 3.56662e+006 19.7753 0.0135376 5.59003e+010 6.73643e+009
4.276 5.56946e+010 235997 5.21517e+010 2.93368e+006 15.005 0.0104641 5.21547e+010 3.53995e+009
4.284 4.52056e+010 212616 4.85918e+010 2.40915e+006 11.367 0.00807906 4.85942e+010 -3.38861e+009
4.292 4.67554e+010 216230 4.52136e+010 1.97519e+006 8.59696 0.00623039 4.52156e+010 1.53974e+009
4.3 4.2741e+010 206739 4.20134e+010 1.61678e+006 6.49141 0.00479917 4.2015e+010 7.25961e+008
4.308 4.10194e+010 202532 3.89869e+010 1.32126e+006 4.89357 0.00369244 3.89882e+010 2.0312e+009
4.316 3.50149e+010 187123 3.61294e+010 1.078e+006 3.68304 0.00283764 3.61305e+010 -1.11556e+009
4.324 3.55612e+010 188577 3.34361e+010 878101 2.76746 0.00217821 3.3437e+010 2.12426e+009
4.332 2.62816e+010 162116 3.09017e+010 714112 2.0761 0.00167008 3.09024e+010 -4.62082e+009
4.34 2.75129e+010 165870 2.85208e+010 579806 1.55492 0.001279 2.85213e+010 -1.00841e+009
4.348 2.79082e+010 167057 2.62877e+010 469996 1.16268 0.000978369 2.62881e+010 1.62004e+009
4.357 2.99374e+010 173024 2.39449e+010 370395 0.836739 0.000722747 2.39453e+010 5.99209e+009
4.365 2.02709e+010 142376 2.20067e+010 299212 0.623508 0.000551503 2.2007e+010 -1.73614e+009
4.373 2.33959e+010 152957 2.0198e+010 241317 0.46386 0.000420346 2.01982e+010 3.19761e+009
4.381 2.13259e+010 146034 1.85129e+010 194308 0.344529 0.000320009 1.85131e+010 2.81285e+009
4.39 1.84237e+010 135734 1.67574e+010 151982 0.246079 0.000235131 1.67576e+010 1.66614e+009
4.398 1.76619e+010 132898 1.53152e+010 121954 0.182142 0.000178565 1.53153e+010 2.34658e+009
4.406 1.9696e+010 140342 1.39782e+010 97700.8 0.134599 0.00013545 1.39783e+010 5.71771e+009
4.415 1.71736e+010 131048 1.25927e+010 75983.5 0.0955884 9.91191e-005 1.25927e+010 4.58089e+009
4.423 1.55752e+010 124801 1.14603e+010 60662.8 0.0703936 7.50016e-005 1.14604e+010 4.11484e+009
