1.772 1.45425e+010 120592 3.53328e-011 5.13842 685072 3.7668e+008 3.77365e+008 1.41651e+010
1.773 1.35702e+010 116491 3.7057e-011 5.30633 700240 3.81403e+008 3.82104e+008 1.31881e+010
1.775 1.52158e+010 123353 4.07591e-011 5.65843 731551 3.91006e+008 3.91737e+008 1.48241e+010
1.776 1.49575e+010 122301 4.27452e-011 5.84297 747707 3.95886e+008 3.96634e+008 1.45609e+010
1.777 1.4937e+010 122217 4.4827e-011 6.0334 764205 4.00819e+008 4.01584e+008 1.45354e+010
1.778 1.27855e+010 113073 4.70092e-011 6.22991 781052 4.05806e+008 4.06587e+008 1.23789e+010
1.78 1.41865e+010 119107 5.16939e-011 6.64192 815824 4.15943e+008 4.16759e+008 1.37698e+010
1.781 1.55837e+010 124835 5.42067e-011 6.85782 833762 4.21094e+008 4.21928e+008 1.51617e+010
1.782 1.41474e+010 118943 5.68403e-011 7.08059 852079 4.263e+008 4.27153e+008 1.37203e+010
1.783 1.43634e+010 119847 5.96006e-011 7.31045 870782 4.31563e+008 4.32434e+008 1.39309e+010
1.785 1.41084e+010 118779 6.55253e-011 7.79231 909377 4.42258e+008 4.43167e+008 1.36652e+010
1.786 1.52629e+010 123543 6.87026e-011 8.04477 929286 4.47691e+008 4.48621e+008 1.48143e+010
1.787 1.5578e+010 124812 7.20324e-011 8.30524 949612 4.53183e+008 4.54133e+008 1.51239e+010
1.788 1.65289e+010 128565 7.55219e-011 8.57397 970365 4.58733e+008 4.59703e+008 1.60692e+010
1.789 1.73275e+010 131634 7.91786e-011 8.85121 991553 4.64342e+008 4.65334e+008 1.68621e+010
1.791 1.66415e+010 129002 8.7026e-011 9.43228 1.03527e+006 4.75739e+008 4.76775e+008 1.61648e+010
1.792 1.56737e+010 125195 9.12335e-011 9.73667 1.05781e+006 4.81529e+008 4.82587e+008 1.51911e+010
1.793 1.254e+010 111982 9.56424e-011 10.0507 1.08083e+006 4.87379e+008 4.8846e+008 1.20515e+010
1.794 1.3823e+010 117571 1.00262e-010 10.3746 1.10433e+006 4.93291e+008 4.94395e+008 1.33286e+010
1.796 1.40192e+010 118403 1.10174e-010 11.0534 1.1528e+006 5.05301e+008 5.06454e+008 1.35127e+010
1.797 1.41374e+010 118901 1.15488e-010 11.4089 1.17779e+006 5.11401e+008 5.12579e+008 1.36248e+010
1.798 1.34603e+010 116019 1.21055e-010 11.7756 1.20331e+006 5.17564e+008 5.18768e+008 1.29416e+010
1.799 1.54761e+010 124403 1.26888e-010 12.1538 1.22935e+006 5.23792e+008 5.25021e+008 1.4951e+010
1.801 1.31742e+010 114779 1.39401e-010 12.9464 1.28307e+006 5.36441e+008 5.37724e+008 1.26365e+010
1.802 1.36819e+010 116970 1.46107e-010 13.3614 1.31076e+006 5.42865e+008 5.44175e+008 1.31377e+010
1.803 1.24092e+010 111397 1.53133e-010 13.7894 1.33903e+006 5.49354e+008 5.50693e+008 1.18585e+010
1.805 1.4429e+010 120121 1.68204e-010 14.6862 1.39733e+006 5.62534e+008 5.63932e+008 1.38651e+010
1.806 1.56178e+010 124971 1.76281e-010 15.1557 1.42739e+006 5.69226e+008 5.70654e+008 1.50471e+010
1.807 1.24809e+010 111718 1.84741e-010 15.64 1.45806e+006 5.75987e+008 5.77445e+008 1.19035e+010
1.808 1.46464e+010 121022 1.93603e-010 16.1393 1.48937e+006 5.82816e+008 5.84305e+008 1.40621e+010
1.81 1.42914e+010 119547 2.12608e-010 17.1853 1.55392e+006 5.96684e+008 5.98238e+008 1.36932e+010
1.811 1.2961e+010 113846 2.22792e-010 17.733 1.5872e+006 6.03724e+008 6.05311e+008 1.23557e+010
1.812 1.39401e+010 118068 2.33458e-010 18.2976 1.62116e+006 6.10835e+008 6.12456e+008 1.33276e+010
1.813 1.49201e+010 122148 2.4463e-010 18.8799 1.65581e+006 6.18018e+008 6.19674e+008 1.43004e+010
1.815 1.32634e+010 115167 2.68583e-010 20.0994 1.72725e+006 6.32602e+008 6.34329e+008 1.26291e+010
1.816 1.38343e+010 117619 2.81416e-010 20.7377 1.76407e+006 6.40004e+008 6.41768e+008 1.31925e+010
1.817 1.10123e+010 104940 2.94856e-010 21.3958 1.80165e+006 6.4748e+008 6.49282e+008 1.0363e+010
1.819 1.36363e+010 116774 3.23669e-010 22.774 1.8791e+006 6.62657e+008 6.64536e+008 1.29717e+010
1.82 1.34429e+010 115943 3.39104e-010 23.4954 1.91902e+006 6.70359e+008 6.72278e+008 1.27706e+010
1.821 1.3151e+010 114678 3.55266e-010 24.239 1.95974e+006 6.78137e+008 6.80097e+008 1.24709e+010
1.822 1.41199e+010 118827 3.72191e-010 25.0057 2.00129e+006 6.85992e+008 6.87994e+008 1.3432e+010
1.824 1.41682e+010 119030 4.08469e-010 26.6109 2.08694e+006 7.01937e+008 7.04024e+008 1.34642e+010
1.825 1.40332e+010 118462 4.27899e-010 27.4509 2.13107e+006 7.10027e+008 7.12158e+008 1.3321e+010
1.826 1.18602e+010 108905 4.48243e-010 28.3168 2.17609e+006 7.18196e+008 7.20372e+008 1.11398e+010
1.828 1.35136e+010 116248 4.91846e-010 30.1296 2.26888e+006 7.34776e+008 7.37045e+008 1.27766e+010
1.829 1.35316e+010 116325 5.15195e-010 31.0781 2.31668e+006 7.43187e+008 7.45504e+008 1.27861e+010
1.83 1.37798e+010 117387 5.39641e-010 32.0558 2.36545e+006 7.5168e+008 7.54046e+008 1.30258e+010
1.832 1.45161e+010 120483 5.92028e-010 34.1023 2.46594e+006 7.68914e+008 7.7138e+008 1.37448e+010
1.833 1.3637e+010 116777 6.20077e-010 35.173 2.51771e+006 7.77656e+008 7.80174e+008 1.28568e+010
1.834 1.51247e+010 122982 6.49441e-010 36.2765 2.57051e+006 7.86482e+008 7.89053e+008 1.43356e+010
1.835 1.28206e+010 113228 6.8018e-010 37.4138 2.62437e+006 7.95393e+008 7.98018e+008 1.20225e+010
1.837 1.40995e+010 118741 7.4604e-010 39.7942 2.73535e+006 8.13473e+008 8.16208e+008 1.32833e+010
1.838 1.36836e+010 116977 7.81298e-010 41.0393 2.79251e+006 8.22642e+008 8.25435e+008 1.28582e+010
1.839 1.2733e+010 112840 8.18204e-010 42.3224 2.85081e+006 8.31899e+008 8.3475e+008 1.18982e+010
1.841 1.37492e+010 117257 8.97268e-010 45.0076 2.97092e+006 8.50677e+008 8.53648e+008 1.28955e+010
1.842 1.5272e+010 123580 9.39588e-010 46.412 3.03278e+006 8.60199e+008 8.63232e+008 1.44088e+010
1.843 1.33085e+010 115363 9.83883e-010 47.8592 3.09586e+006 8.69812e+008 8.72908e+008 1.24356e+010
1.845 1.22048e+010 110475 1.07876e-009 50.8872 3.22581e+006 8.89308e+008 8.92534e+008 1.13123e+010
1.846 1.36021e+010 116628 1.12954e-009 52.4707 3.29272e+006 8.99194e+008 9.02487e+008 1.26997e+010
1.847 1.39268e+010 118012 1.18268e-009 54.1023 3.36096e+006 9.09172e+008 9.12533e+008 1.30143e+010
1.849 1.46425e+010 121006 1.2965e-009 57.5158 3.50152e+006 9.29407e+008 9.32909e+008 1.37096e+010
1.85 1.5614e+010 124956 1.3574e-009 59.3007 3.57388e+006 9.39666e+008 9.4324e+008 1.46708e+010
1.851 1.72492e+010 131336 1.42114e-009 61.1397 3.64767e+006 9.5002e+008 9.53668e+008 1.62955e+010
1.853 1.64307e+010 128182 1.55762e-009 64.9864 3.79964e+006 9.71015e+008 9.74815e+008 1.54558e+010
1.854 1.80248e+010 134256 1.63064e-009 66.9975 3.87788e+006 9.81658e+008 9.85535e+008 1.70393e+010
1.855 1.75701e+010 132552 1.70705e-009 69.0695 3.95765e+006 9.92397e+008 9.96355e+008 1.65738e+010
1.857 1.57776e+010 125609 1.87065e-009 73.403 4.12192e+006 1.01417e+009 1.01829e+009 1.47593e+010
1.858 1.52502e+010 123492 1.95817e-009 75.6683 4.20648e+006 1.02521e+009 1.02942e+009 1.42208e+010
1.859 1.52805e+010 123614 2.04975e-009 78.002 4.29269e+006 1.03635e+009 1.04064e+009 1.42399e+010
1.861 1.33138e+010 115385 2.24578e-009 82.8822 4.47019e+006 1.05892e+009 1.06339e+009 1.22504e+010
1.862 1.4119e+010 118823 2.35065e-009 85.433 4.56155e+006 1.07036e+009 1.07492e+009 1.30441e+010
1.863 1.38089e+010 117511 2.46035e-009 88.0605 4.65469e+006 1.08191e+009 1.08656e+009 1.27224e+010
1.865 1.22671e+010 110757 2.69517e-009 93.5545 4.84643e+006 1.1053e+009 1.11015e+009 1.1157e+010
1.866 1.42099e+010 119205 2.82076e-009 96.4258 4.94511e+006 1.11716e+009 1.12211e+009 1.30878e+010
1.868 1.38491e+010 117682 3.08957e-009 102.429 5.14824e+006 1.14119e+009 1.14634e+009 1.27027e+010
1.869 1.06411e+010 103156 3.23332e-009 105.566 5.25276e+006 1.15336e+009 1.15862e+009 9.48249e+009
1.87 1.34097e+010 115800 3.38368e-009 108.797 5.35931e+006 1.16564e+009 1.171e+009 1.22387e+010
1.872 1.23324e+010 111052 3.70546e-009 115.551 5.57862e+006 1.19053e+009 1.19611e+009 1.11363e+010
1.873 1.38323e+010 117611 3.87751e-009 119.08 5.69145e+006 1.20314e+009 1.20883e+009 1.26235e+010
1.874 1.26591e+010 112513 4.05747e-009 122.715 5.80646e+006 1.21586e+009 1.22167e+009 1.14374e+010
1.876 1.12279e+010 105962 4.44252e-009 130.312 6.04316e+006 1.24163e+009 1.24767e+009 9.98019e+009
1.877 1.40465e+010 118518 4.64838e-009 134.28 6.16493e+006 1.25468e+009 1.26084e+009 1.27857e+010
1.879 1.60814e+010 126813 5.08881e-009 142.575 6.41552e+006 1.28112e+009 1.28754e+009 1.47939e+010
1.88 1.23838e+010 111283 5.32426e-009 146.909 6.54443e+006 1.29452e+009 1.30106e+009 1.10828e+010
1.881 1.6836e+010 129753 5.57048e-009 151.37 6.6758e+006 1.30802e+009 1.3147e+009 1.55213e+010
1.883 1.68813e+010 129928 6.09718e-009 160.695 6.94611e+006 1.33538e+009 1.34233e+009 1.5539e+010
1.884 1.72993e+010 131527 6.37871e-009 165.565 7.08515e+006 1.34924e+009 1.35632e+009 1.59429e+010
1.885 1.86125e+010 136428 6.67308e-009 170.579 7.22683e+006 1.36321e+009 1.37044e+009 1.7242e+010
1.887 1.75241e+010 132379 7.30272e-009 181.056 7.51833e+006 1.39151e+009 1.39903e+009 1.61251e+010
1.888 1.54358e+010 124241 7.63922e-009 186.528 7.66824e+006 1.40584e+009 1.41351e+009 1.40223e+010
1.89 1.51105e+010 122925 8.35889e-009 197.961 7.97665e+006 1.43486e+009 1.44284e+009 1.36677e+010
1.891 1.48071e+010 121684 8.74347e-009 203.931 8.13524e+006 1.44956e+009 1.45769e+009 1.33494e+010
1.892 1.42638e+010 119431 9.14553e-009 210.076 8.29683e+006 1.46437e+009 1.47267e+009 1.27911e+010
1.894 1.2913e+010 113636 1.00053e-008 222.915 8.62922e+006 1.49437e+009 1.503e+009 1.141e+010
1.895 1.14365e+010 106941 1.04647e-008 229.619 8.80013e+006 1.50956e+009 1.51836e+009 9.91811e+009
1.897 1.08237e+010 104037 1.14469e-008 243.622 9.15166e+006 1.5403e+009 1.54945e+009 9.27424e+009
1.898 1.19979e+010 109535 1.19717e-008 250.932 9.33239e+006 1.55586e+009 1.5652e+009 1.04327e+010
1.9 1.18722e+010 108960 1.30936e-008 266.202 9.70408e+006 1.58737e+009 1.59707e+009 1.02752e+010
1.901 1.26214e+010 112345 1.36929e-008 274.173 9.89517e+006 1.60331e+009 1.61321e+009 1.10082e+010
1.902 1.13473e+010 106524 1.43193e-008 282.378 1.00898e+007 1.61939e+009 1.62948e+009 9.71778e+009
1.904 1.21538e+010 110244 1.56584e-008 299.511 1.04901e+007 1.65192e+009 1.66241e+009 1.04914e+010
1.905 1.20835e+010 109925 1.63736e-008 308.454 1.06959e+007 1.66839e+009 1.67909e+009 1.04044e+010
1.907 1.27547e+010 112937 1.79024e-008 327.129 1.1119e+007 1.70171e+009 1.71283e+009 1.10419e+010
1.908 1.26863e+010 112634 1.87188e-008 336.876 1.13364e+007 1.71858e+009 1.72991e+009 1.09564e+010
1.91 1.17707e+010 108493 2.04638e-008 357.228 1.17835e+007 1.7527e+009 1.76448e+009 1.00062e+010
1.911 1.1444e+010 106977 2.13956e-008 367.849 1.20133e+007 1.76996e+009 1.78198e+009 9.662e+009
1.912 1.14333e+010 106927 2.23694e-008 378.777 1.22473e+007 1.78736e+009 1.79961e+009 9.63367e+009
1.914 1.01324e+010 100660 2.44502e-008 401.594 1.27284e+007 1.82257e+009 1.8353e+009 8.29711e+009
1.915 1.13614e+010 106590 2.55613e-008 413.499 1.29756e+007 1.84038e+009 1.85336e+009 9.50808e+009
1.917 1.08055e+010 103950 2.79352e-008 438.353 1.34838e+007 1.87642e+009 1.88991e+009 8.91564e+009
1.918 1.19092e+010 109129 2.92027e-008 451.32 1.3745e+007 1.89465e+009 1.90839e+009 1.00008e+010
1.92 1.15631e+010 107532 3.19105e-008 478.388 1.42817e+007 1.93153e+009 1.94581e+009 9.61725e+009
1.921 1.24168e+010 111431 3.33561e-008 492.509 1.45575e+007 1.95018e+009 1.96473e+009 1.0452e+010
1.922 9.72356e+009 98608.1 3.48663e-008 507.036 1.48383e+007 1.96897e+009 1.98381e+009 7.73976e+009
1.924 9.45324e+009 97227.8 3.80924e-008 537.356 1.54154e+007 2.00698e+009 2.0224e+009 7.43084e+009
1.925 1.03905e+010 101934 3.98144e-008 553.172 1.57118e+007 2.0262e+009 2.04192e+009 8.34854e+009
1.927 1.12142e+010 105897 4.34925e-008 586.178 1.63211e+007 2.06508e+009 2.0814e+009 9.13281e+009
1.928 1.26579e+010 112507 4.54555e-008 603.393 1.6634e+007 2.08474e+009 2.10138e+009 1.05565e+010
1.93 1.06781e+010 103335 4.9648e-008 639.316 1.72771e+007 2.1245e+009 2.14178e+009 8.53634e+009
1.931 1.11115e+010 105411 5.18853e-008 658.051 1.76074e+007 2.1446e+009 2.16221e+009 8.94932e+009
1.933 1.12399e+010 106018 5.66631e-008 697.142 1.8286e+007 2.18524e+009 2.20353e+009 9.03636e+009
1.934 1.10863e+010 105292 5.92126e-008 717.527 1.86346e+007 2.20579e+009 2.22443e+009 8.86189e+009
1.936 1.05972e+010 102943 6.46564e-008 760.056 1.93506e+007 2.24734e+009 2.26669e+009 8.33053e+009
1.937 1.20248e+010 109658 6.75609e-008 782.233 1.97183e+007 2.26834e+009 2.28806e+009 9.73672e+009
1.939 9.97842e+009 99892 7.37622e-008 828.494 2.04737e+007 2.31079e+009 2.33127e+009 7.64715e+009
1.94 1.03003e+010 101490 7.70705e-008 852.614 2.08616e+007 2.33225e+009 2.35311e+009 7.94721e+009
1.942 1.24026e+010 111367 8.41333e-008 902.926 2.16583e+007 2.37563e+009 2.39729e+009 1.00053e+010
1.943 1.05475e+010 102701 8.79009e-008 929.156 2.20674e+007 2.39755e+009 2.41962e+009 8.12787e+009
1.945 1.16531e+010 107950 9.59432e-008 983.862 2.29076e+007 2.44186e+009 2.46477e+009 9.18836e+009
1.946 1.02914e+010 101447 1.00233e-007 1012.38 2.3339e+007 2.46425e+009 2.48759e+009 7.80384e+009
1.948 1.08316e+010 104075 1.09389e-007 1071.85 2.42249e+007 2.5095e+009 2.53373e+009 8.29792e+009
1.949 1.11464e+010 105577 1.14272e-007 1102.85 2.46797e+007 2.53237e+009 2.55705e+009 8.5894e+009
1.951 1.01459e+010 100727 1.24693e-007 1167.5 2.56136e+007 2.57857e+009 2.60419e+009 7.54167e+009
1.952 1.09422e+010 104605 1.3025e-007 1201.19 2.6093e+007 2.60191e+009 2.62801e+009 8.31422e+009
1.954 1.0346e+010 101715 1.42109e-007 1271.44 2.70774e+007 2.64908e+009 2.67616e+009 7.66984e+009
1.955 1.0527e+010 102601 1.48433e-007 1308.04 2.75826e+007 2.67291e+009 2.70049e+009 7.8265e+009
1.957 1.1536e+010 107406 1.61926e-007 1384.37 2.86199e+007 2.72105e+009 2.74967e+009 8.78634e+009
1.958 1.18058e+010 108654 1.6912e-007 1424.14 2.91523e+007 2.74536e+009 2.77452e+009 9.03125e+009
1.96 1.09207e+010 104502 1.84468e-007 1507.06 3.02453e+007 2.79449e+009 2.82473e+009 8.09594e+009
1.961 8.6005e+009 92738.9 1.9265e-007 1550.26 3.08062e+007 2.81929e+009 2.8501e+009 5.7504e+009
1.963 9.7483e+009 98733.5 2.10106e-007 1640.31 3.19575e+007 2.86941e+009 2.90137e+009 6.84693e+009
1.964 1.06518e+010 103208 2.1941e-007 1687.23 3.25483e+007 2.89471e+009 2.92726e+009 7.72455e+009
1.966 9.98536e+009 99926.8 2.39258e-007 1785.01 3.3761e+007 2.94583e+009 2.97959e+009 7.00577e+009
1.967 1.0385e+010 101907 2.49836e-007 1835.96 3.43832e+007 2.97163e+009 3.00602e+009 7.37903e+009
1.969 1.07272e+010 103572 2.72399e-007 1942.12 3.56603e+007 3.02376e+009 3.05942e+009 7.66777e+009
1.97 1.1137e+010 105532 2.84424e-007 1997.42 3.63154e+007 3.05007e+009 3.08639e+009 8.0506e+009
1.972 1.08252e+010 104044 3.10069e-007 2112.66 3.766e+007 3.10321e+009 3.14087e+009 7.68432e+009
1.973 9.98817e+009 99940.8 3.23735e-007 2172.69 3.83497e+007 3.13003e+009 3.16839e+009 6.81978e+009
1.975 1.07873e+010 103862 3.52876e-007 2297.75 3.97652e+007 3.1842e+009 3.22396e+009 7.56329e+009
1.976 1.04847e+010 102395 3.68403e-007 2362.89 4.04912e+007 3.21154e+009 3.25203e+009 7.23263e+009
1.978 9.36229e+009 96759 4.01511e-007 2498.59 4.19809e+007 3.26673e+009 3.30872e+009 6.05358e+009
1.98 1.01324e+010 100660 4.37554e-007 2641.87 4.35222e+007 3.32262e+009 3.36615e+009 6.76621e+009
1.981 9.44031e+009 97161.3 4.56756e-007 2716.48 4.43126e+007 3.35083e+009 3.39514e+009 6.04517e+009
1.983 9.34414e+009 96665.1 4.97691e-007 2871.89 4.59343e+007 3.40776e+009 3.4537e+009 5.89045e+009
1.984 8.98534e+009 94791 5.19497e-007 2952.82 4.6766e+007 3.43649e+009 3.48326e+009 5.50209e+009
1.986 1.10727e+010 105227 5.65979e-007 3121.37 4.8472e+007 3.49447e+009 3.54295e+009 7.52978e+009
1.987 9.76796e+009 98833 5.90737e-007 3209.12 4.93468e+007 3.52373e+009 3.57308e+009 6.19488e+009
1.989 1.05057e+010 102497 6.43505e-007 3391.88 5.11413e+007 3.58277e+009 3.63391e+009 6.87178e+009
1.99 1.00273e+010 100136 6.71609e-007 3487.02 5.20613e+007 3.61256e+009 3.66462e+009 6.36263e+009
1.992 9.72064e+009 98593.3 7.31502e-007 3685.14 5.39484e+007 3.67266e+009 3.72661e+009 5.99403e+009
1.994 9.44027e+009 97161.1 7.96665e-007 3894.21 5.58997e+007 3.73348e+009 3.78938e+009 5.65089e+009
1.995 1.05992e+010 102952 8.31363e-007 4003.02 5.69e+007 3.76416e+009 3.82106e+009 6.77812e+009
1.997 9.51954e+009 97568.1 9.05299e-007 4229.59 5.89514e+007 3.82605e+009 3.885e+009 5.63454e+009
1.998 9.90894e+009 99543.7 9.44665e-007 4347.51 6.0003e+007 3.85726e+009 3.91727e+009 5.99167e+009
2 8.39163e+009 91605.9 1.02854e-006 4593.01 6.21593e+007 3.92023e+009 3.98239e+009 4.40924e+009
2.001 1.03006e+010 101492 1.07319e-006 4720.76 6.32645e+007 3.95198e+009 4.01525e+009 6.2853e+009
2.003 1.00824e+010 100411 1.16832e-006 4986.72 6.55306e+007 4.01603e+009 4.08157e+009 6.00088e+009
2.005 9.59805e+009 97969.6 1.27176e-006 5267.23 6.78728e+007 4.08081e+009 4.14869e+009 5.44936e+009
2.006 9.42529e+009 97084 1.32682e-006 5413.18 6.90731e+007 4.11347e+009 4.18254e+009 5.24275e+009
2.008 1.01264e+010 100630 1.4441e-006 5716.96 7.15339e+007 4.17933e+009 4.25087e+009 5.8755e+009
2.009 1.08641e+010 104231 1.50652e-006 5875 7.27949e+007 4.21253e+009 4.28533e+009 6.57881e+009
2.011 9.67275e+009 98350.2 1.63947e-006 6203.93 7.53797e+007 4.27948e+009 4.35487e+009 5.31788e+009
2.013 9.57931e+009 97874 1.78398e-006 6550.74 7.80505e+007 4.34717e+009 4.42522e+009 5.15409e+009
2.014 1.05796e+010 102857 1.86088e-006 6731.13 7.9419e+007 4.38128e+009 4.46071e+009 6.11889e+009
2.016 8.82242e+009 93927.8 2.02464e-006 7106.53 8.22236e+007 4.45006e+009 4.53229e+009 4.29014e+009
2.017 8.20793e+009 90597.6 2.11177e-006 7301.78 8.36605e+007 4.48472e+009 4.56839e+009 3.63954e+009
2.019 9.40309e+009 96969.5 2.2973e-006 7708.04 8.66052e+007 4.55459e+009 4.64121e+009 4.76188e+009
2.021 1.01773e+010 100882 2.49889e-006 8136.23 8.96468e+007 4.6252e+009 4.71486e+009 5.4624e+009
2.022 9.04581e+009 95109.5 2.60614e-006 8358.9 9.12049e+007 4.66078e+009 4.75199e+009 4.29382e+009
2.024 9.37751e+009 96837.6 2.83446e-006 8822.15 9.43974e+007 4.73248e+009 4.82689e+009 4.55062e+009
2.026 1.00754e+010 100376 3.0825e-006 9310.3 9.76944e+007 4.80492e+009 4.90263e+009 5.17274e+009
2.027 9.01675e+009 94956.6 3.21443e-006 9564.12 9.9383e+007 4.84142e+009 4.94081e+009 4.07594e+009
2.029 9.47874e+009 97358.8 3.49525e-006 10092.1 1.02843e+008 4.91495e+009 5.01781e+009 4.46093e+009
2.03 9.32063e+009 96543.4 3.6446e-006 10366.6 1.04614e+008 4.952e+009 5.05662e+009 4.264e+009
2.032 9.04683e+009 95114.8 3.96246e-006 10937.5 1.08244e+008 5.02663e+009 5.13489e+009 3.91194e+009
2.034 9.07891e+009 95283.3 4.30765e-006 11538.8 1.11991e+008 5.102e+009 5.214e+009 3.8649e+009
2.035 9.14202e+009 95613.9 4.49121e-006 11851.4 1.13909e+008 5.13996e+009 5.25388e+009 3.88814e+009
2.037 8.80815e+009 93851.7 4.88181e-006 12501.5 1.17839e+008 5.21642e+009 5.33427e+009 3.47388e+009
2.039 8.02359e+009 89574.5 5.30589e-006 13186.2 1.21895e+008 5.29361e+009 5.41552e+009 2.60807e+009
2.04 8.66527e+009 93087.4 5.53136e-006 13542 1.23972e+008 5.33248e+009 5.45647e+009 3.2088e+009
2.042 9.26054e+009 96231.7 6.01106e-006 14281.8 1.28225e+008 5.41076e+009 5.539e+009 3.72153e+009
2.044 1.02343e+010 101165 6.53177e-006 15060.9 1.32614e+008 5.48977e+009 5.6224e+009 4.61188e+009
2.045 8.13376e+009 90187.4 6.80857e-006 15465.7 1.34861e+008 5.52955e+009 5.66443e+009 2.46933e+009
2.047 8.93396e+009 94519.6 7.39735e-006 16307.3 1.39461e+008 5.60965e+009 5.74912e+009 3.18484e+009
2.049 1.09697e+010 104737 8.03633e-006 17193.2 1.44207e+008 5.69046e+009 5.83469e+009 5.13505e+009
2.05 9.1236e+009 95517.5 8.37595e-006 17653.5 1.46637e+008 5.73114e+009 5.8778e+009 3.2458e+009
2.052 9.52189e+009 97580.2 9.09823e-006 18610.3 1.5161e+008 5.81304e+009 5.96467e+009 3.55722e+009
2.054 8.61396e+009 92811.4 9.88189e-006 19617.3 1.56741e+008 5.89565e+009 6.05241e+009 2.56155e+009
2.055 9.22804e+009 96062.7 1.02983e-005 20140.4 1.59366e+008 5.93722e+009 6.09661e+009 3.13143e+009
2.057 9.48408e+009 97386.2 1.11839e-005 21227.6 1.64741e+008 6.0209e+009 6.18566e+009 3.29841e+009
2.059 9.34999e+009 96695.3 1.21444e-005 22371.6 1.70284e+008 6.10529e+009 6.2756e+009 3.07439e+009
2.06 8.74337e+009 93506 1.26548e-005 22965.8 1.7312e+008 6.14775e+009 6.32089e+009 2.42248e+009
2.062 1.04515e+010 102233 1.37398e-005 24200.5 1.78925e+008 6.23319e+009 6.41214e+009 4.03936e+009
2.064 9.81032e+009 99047.1 1.49166e-005 25499.4 1.8491e+008 6.31934e+009 6.50428e+009 3.30605e+009
2.066 9.57966e+009 97875.8 1.61926e-005 26865.8 1.91081e+008 6.40618e+009 6.59729e+009 2.98237e+009
2.067 1.13481e+010 106528 1.68705e-005 27575.4 1.94238e+008 6.44986e+009 6.64413e+009 4.70401e+009
2.069 1.02843e+010 101412 1.83112e-005 29049.5 2.00699e+008 6.53774e+009 6.73847e+009 3.54584e+009
2.071 9.85004e+009 99247.3 1.98731e-005 30599.8 2.07358e+008 6.62631e+009 6.8337e+009 3.01634e+009
2.072 8.10758e+009 90042.1 2.07027e-005 31404.8 2.10764e+008 6.67085e+009 6.88165e+009 1.22594e+009
2.074 8.83479e+009 93993.6 2.24656e-005 33076.7 2.17733e+008 6.76044e+009 6.97821e+009 1.85659e+009
2.076 9.17391e+009 95780.6 2.43764e-005 34834.7 2.24916e+008 6.8507e+009 7.07565e+009 2.09826e+009
2.077 8.7243e+009 93404 2.53911e-005 35747.4 2.28589e+008 6.89609e+009 7.12471e+009 1.59959e+009
2.079 9.34071e+009 96647.4 2.7547e-005 37642.7 2.36103e+008 6.98735e+009 7.22349e+009 2.11722e+009
2.081 9.31376e+009 96507.8 2.98833e-005 39635.2 2.43846e+008 7.07928e+009 7.32317e+009 1.99059e+009
2.083 9.95499e+009 99774.7 3.24148e-005 41729.8 2.51823e+008 7.17186e+009 7.42373e+009 2.53126e+009
2.084 1.12499e+010 106066 3.37587e-005 42816.8 2.55902e+008 7.2184e+009 7.47435e+009 3.77558e+009
2.086 1.12233e+010 105940 3.66136e-005 45073.9 2.64245e+008 7.31196e+009 7.57625e+009 3.64706e+009
2.088 9.67779e+009 98375.8 3.97062e-005 47446.1 2.72839e+008 7.40616e+009 7.67905e+009 1.99875e+009
2.09 1.00705e+010 100352 4.30563e-005 49938.9 2.81691e+008 7.501e+009 7.78274e+009 2.2878e+009
2.091 8.91761e+009 94433.1 4.48343e-005 51232.4 2.86217e+008 7.54865e+009 7.83492e+009 1.08269e+009
2.093 9.14808e+009 95645.6 4.86104e-005 53917.5 2.9547e+008 7.64443e+009 7.93995e+009 1.20813e+009
2.095 9.63429e+009 98154.4 5.26998e-005 56738.6 3.04999e+008 7.74082e+009 8.04588e+009 1.58841e+009
2.097 8.57667e+009 92610.3 5.7128e-005 59702.4 3.14812e+008 7.83783e+009 8.1527e+009 4.23975e+008
2.098 1.06141e+010 103025 5.94777e-005 61239.9 3.19828e+008 7.88656e+009 8.20645e+009 2.40766e+009
2.1 1.46214e+010 120919 6.44667e-005 64430.8 3.30081e+008 7.98447e+009 8.31461e+009 6.30683e+009
2.102 1.56747e+010 125199 6.98679e-005 67782.3 3.40637e+008 8.08297e+009 8.42367e+009 7.25105e+009
2.104 1.67503e+010 129423 7.57148e-005 71302.3 3.51504e+008 8.18205e+009 8.53363e+009 8.2167e+009
2.105 1.7299e+010 131526 7.88166e-005 73128 3.57057e+008 8.23181e+009 8.58894e+009 8.71008e+009
2.107 1.49621e+010 122320 8.54008e-005 76916 3.68407e+008 8.33176e+009 8.70025e+009 6.26185e+009
2.109 1.33089e+010 115364 9.25267e-005 80893.6 3.8009e+008 8.43227e+009 8.81244e+009 4.49644e+009
2.111 1.41877e+010 119112 0.000100238 85069.8 3.92113e+008 8.53334e+009 8.92553e+009 5.26216e+009
2.113 1.41394e+010 118909 0.000108582 89454.1 4.04486e+008 8.63495e+009 9.03952e+009 5.09984e+009
2.114 1.1375e+010 106654 0.000113008 91727.5 4.10807e+008 8.68595e+009 9.09685e+009 2.27812e+009
2.116 9.61486e+009 98055.4 0.000122398 96443.1 4.23722e+008 8.78837e+009 9.21218e+009 4.02675e+008
2.118 7.843e+009 88560.7 0.000132557 101393 4.37011e+008 8.8913e+009 9.32841e+009 -1.48541e+009
2.12 7.79972e+009 88316 0.000143547 106587 4.50682e+008 8.99475e+009 9.44553e+009 -1.64582e+009
2.122 8.31325e+009 91177 0.000155433 112039 4.64747e+008 9.09869e+009 9.56355e+009 -1.2503e+009
2.123 9.71354e+009 98557.3 0.000161735 114865 4.7193e+008 9.15085e+009 9.6229e+009 9.06396e+007
2.125 1.11269e+010 105484 0.000175103 120725 4.86602e+008 9.25553e+009 9.74226e+009 1.38466e+009
2.127 1.23367e+010 111071 0.00018956 126873 5.01694e+008 9.36069e+009 9.86251e+009 2.47421e+009
2.129 1.09586e+010 104683 0.000205191 133324 5.17214e+008 9.46632e+009 9.98366e+009 9.74907e+008
2.131 1.0664e+010 103267 0.000222092 140091 5.33175e+008 9.57239e+009 1.01057e+010 5.58288e+008
2.132 1.04178e+010 102068 0.000231049 143598 5.41324e+008 9.6256e+009 1.01671e+010 2.5076e+008
2.134 9.28389e+009 96352.9 0.000250046 150867 5.57966e+008 9.73233e+009 1.02904e+010 -1.00656e+009
2.136 9.5733e+009 97843.2 0.00027058 158492 5.75076e+008 9.83949e+009 1.04147e+010 -8.41432e+008
2.138 1.09162e+010 104481 0.000292773 166488 5.92667e+008 9.94707e+009 1.05399e+010 3.76346e+008
2.14 1.22069e+010 110485 0.000316759 174873 6.1075e+008 1.0055e+010 1.0666e+010 1.54089e+009
2.142 1.22895e+010 110858 0.000342678 183665 6.29338e+008 1.01634e+010 1.07929e+010 1.49658e+009
2.143 1.23047e+010 110926 0.000356411 188220 6.38824e+008 1.02177e+010 1.08567e+010 1.44791e+009
2.145 1.0663e+010 103262 0.000385522 197658 6.58192e+008 1.03267e+010 1.0985e+010 -3.22039e+008
2.147 1.11615e+010 105648 0.000416974 207553 6.78096e+008 1.04359e+010 1.11142e+010 4.72264e+007
2.149 1.17179e+010 108249 0.000450952 217925 6.9855e+008 1.05456e+010 1.12443e+010 4.73551e+008
2.151 1.14934e+010 107207 0.000487653 228796 7.19567e+008 1.06555e+010 1.13753e+010 1.18121e+008
2.153 1.25228e+010 111905 0.000527295 240190 7.4116e+008 1.07658e+010 1.15072e+010 1.01564e+009
2.154 1.23319e+010 111049 0.000548289 246091 7.52178e+008 1.0821e+010 1.15734e+010 7.5842e+008
2.156 1.32165e+010 114963 0.000592779 258314 7.74662e+008 1.09317e+010 1.17067e+010 1.50979e+009
2.158 1.14587e+010 107045 0.000640822 271121 7.9776e+008 1.10427e+010 1.18408e+010 -3.82044e+008
2.16 1.14259e+010 106892 0.000692695 284540 8.21484e+008 1.1154e+010 1.19758e+010 -5.49905e+008
2.162 1.22596e+010 110723 0.0007487 298599 8.4585e+008 1.12655e+010 1.21117e+010 1.47969e+008
2.164 1.38686e+010 117765 0.000809159 313326 8.70874e+008 1.13773e+010 1.22485e+010 1.62016e+009
2.166 1.40316e+010 118455 0.000874422 328752 8.96571e+008 1.14893e+010 1.23862e+010 1.64548e+009
2.168 1.18365e+010 108795 0.000944864 344910 9.22956e+008 1.16014e+010 1.25248e+010 -6.88297e+008
2.169 1.37264e+010 117160 0.000982152 353273 9.36413e+008 1.16576e+010 1.25944e+010 1.13206e+009
2.171 1.42357e+010 119314 0.00106113 370589 9.63862e+008 1.17701e+010 1.27343e+010 1.50141e+009
2.173 1.43994e+010 119998 0.00114635 388722 9.92042e+008 1.18827e+010 1.28752e+010 1.52427e+009
2.175 1.27833e+010 113063 0.00123831 407709 1.02097e+009 1.19955e+010 1.30169e+010 -2.33556e+008
2.177 1.32296e+010 115020 0.00133752 427587 1.05066e+009 1.21084e+010 1.31595e+010 7.01092e+007
2.179 1.27265e+010 112812 0.00144455 448398 1.08114e+009 1.22215e+010 1.33031e+010 -5.76558e+008
2.181 1.39425e+010 118079 0.00156 470182 1.11241e+009 1.23347e+010 1.34475e+010 4.95007e+008
2.183 1.2575e+010 112138 0.00168453 492984 1.14451e+009 1.24479e+010 1.35929e+010 -1.01786e+009
2.185 1.32247e+010 114999 0.00181884 516849 1.17744e+009 1.25612e+010 1.37392e+010 -5.14461e+008
2.187 1.29505e+010 113800 0.00196367 541825 1.21122e+009 1.26746e+010 1.38863e+010 -9.35868e+008
2.189 1.38271e+010 117589 0.00211985 567960 1.24589e+009 1.2788e+010 1.40344e+010 -2.07346e+008
2.19 1.34197e+010 115843 0.00220246 581479 1.26356e+009 1.28447e+010 1.41088e+010 -6.89157e+008
2.192 1.42524e+010 119383 0.00237731 609451 1.29957e+009 1.29581e+010 1.42583e+010 -5.95635e+006
2.194 1.41722e+010 119047 0.00256581 638716 1.33651e+009 1.30716e+010 1.44087e+010 -2.36463e+008
2.196 1.39456e+010 118091 0.002769 669331 1.3744e+009 1.3185e+010 1.456e+010 -6.14467e+008
2.198 1.47784e+010 121566 0.00298802 701356 1.41326e+009 1.32983e+010 1.47123e+010 6.61139e+007
2.2 1.44142e+010 120059 0.00322406 734851 1.45311e+009 1.34116e+010 1.48655e+010 -4.51217e+008
2.202 1.55446e+010 124678 0.00347844 769883 1.49397e+009 1.35248e+010 1.50196e+010 5.24984e+008
2.204 1.607e+010 126767 0.00375255 806518 1.53586e+009 1.3638e+010 1.51746e+010 8.95366e+008
2.206 1.75766e+010 132577 0.0040479 844826 1.57881e+009 1.3751e+010 1.53306e+010 2.246e+009
2.208 1.5572e+010 124788 0.00436609 884881 1.62283e+009 1.38639e+010 1.54876e+010 8.44163e+007
2.21 1.52981e+010 123685 0.00470888 926757 1.66796e+009 1.39766e+010 1.56455e+010 -3.47375e+008
2.212 1.48807e+010 121987 0.00507812 970536 1.71422e+009 1.40891e+010 1.58043e+010 -9.23592e+008
2.214 1.60258e+010 126593 0.00547581 1.0163e+006 1.76163e+009 1.42015e+010 1.59642e+010 6.16021e+007
2.216 1.55683e+010 124773 0.00590412 1.06413e+006 1.81021e+009 1.43137e+010 1.6125e+010 -5.56641e+008
2.218 1.50514e+010 122684 0.00636536 1.11412e+006 1.85999e+009 1.44256e+010 1.62867e+010 -1.2353e+009
2.22 1.62181e+010 127350 0.00686201 1.16636e+006 1.911e+009 1.45373e+010 1.64495e+010 -2.31386e+008
2.222 1.66056e+010 128863 0.00739674 1.22095e+006 1.96326e+009 1.46487e+010 1.66132e+010 -7.63202e+006
2.224 1.74708e+010 132177 0.00797242 1.278e+006 2.0168e+009 1.47599e+010 1.6778e+010 6.92861e+008
2.226 1.7053e+010 130587 0.00859213 1.33759e+006 2.07164e+009 1.48707e+010 1.69437e+010 1.09303e+008
2.228 1.7462e+010 132144 0.00925917 1.39985e+006 2.12781e+009 1.49812e+010 1.71105e+010 3.51506e+008
2.23 1.641e+010 128102 0.0099771 1.46488e+006 2.18535e+009 1.50914e+010 1.72782e+010 -8.68228e+008
2.232 1.74522e+010 132107 0.0107497 1.53281e+006 2.24427e+009 1.52012e+010 1.7447e+010 5.18489e+006
2.234 1.81816e+010 134839 0.0115811 1.60376e+006 2.30461e+009 1.53107e+010 1.76169e+010 5.64719e+008
2.236 1.69294e+010 130113 0.0124757 1.67785e+006 2.36639e+009 1.54197e+010 1.77878e+010 -8.58383e+008
2.238 1.72999e+010 131529 0.0134382 1.75522e+006 2.42964e+009 1.55283e+010 1.79597e+010 -6.59779e+008
2.24 1.77334e+010 133167 0.0144736 1.836e+006 2.4944e+009 1.56365e+010 1.81327e+010 -3.9936e+008
2.242 1.83565e+010 135486 0.0155874 1.92034e+006 2.56069e+009 1.57442e+010 1.83068e+010 4.96427e+007
2.244 1.87511e+010 136935 0.0167854 2.00839e+006 2.62855e+009 1.58514e+010 1.8482e+010 2.69071e+008
2.246 1.77799e+010 133341 0.0180738 2.10031e+006 2.698e+009 1.59582e+010 1.86583e+010 -8.78377e+008
2.248 1.81521e+010 134730 0.0194594 2.19625e+006 2.76909e+009 1.60644e+010 1.88357e+010 -6.83565e+008
2.25 1.76276e+010 132769 0.0209493 2.29638e+006 2.84183e+009 1.617e+010 1.90142e+010 -1.38657e+009
2.252 1.86633e+010 136614 0.0225512 2.40088e+006 2.91626e+009 1.62752e+010 1.91938e+010 -5.30513e+008
2.254 2.12201e+010 145671 0.0242735 2.50992e+006 2.99242e+009 1.63797e+010 1.93746e+010 1.84549e+009
2.256 2.51519e+010 158593 0.0261249 2.6237e+006 3.07033e+009 1.64836e+010 1.95566e+010 5.59527e+009
2.258 2.75949e+010 166117 0.0281149 2.74242e+006 3.15004e+009 1.65869e+010 1.97397e+010 7.85522e+009
2.26 2.67418e+010 163529 0.0302539 2.86626e+006 3.23158e+009 1.66896e+010 1.99241e+010 6.81774e+009
2.262 2.84215e+010 168587 0.0325526 2.99545e+006 3.31497e+009 1.67916e+010 2.01096e+010 8.31191e+009
2.264 2.42573e+010 155747 0.0350228 3.13021e+006 3.40027e+009 1.6893e+010 2.02964e+010 3.96091e+009
2.267 2.70585e+010 164495 0.0390774 3.34327e+006 3.53184e+009 1.70437e+010 2.05788e+010 6.47964e+009
2.269 2.52989e+010 159056 0.0420333 3.49295e+006 3.62204e+009 1.71432e+010 2.07687e+010 4.53018e+009
2.271 2.4198e+010 155557 0.0452086 3.64903e+006 3.71426e+009 1.7242e+010 2.09599e+010 3.23808e+009
2.273 2.23822e+010 149607 0.0486195 3.81176e+006 3.80854e+009 1.73401e+010 2.11524e+010 1.22984e+009
2.275 2.14228e+010 146365 0.052283 3.98143e+006 3.90492e+009 1.74373e+010 2.13462e+010 7.65732e+007
2.277 2.11856e+010 145553 0.0562174 4.1583e+006 4.00345e+009 1.75338e+010 2.15414e+010 -3.55802e+008
2.279 2.26645e+010 150547 0.0604425 4.34267e+006 4.10415e+009 1.76294e+010 2.17379e+010 9.26613e+008
2.281 2.24628e+010 149876 0.0649792 4.53483e+006 4.20706e+009 1.77242e+010 2.19358e+010 5.27038e+008
2.283 2.27517e+010 150837 0.0698501 4.73511e+006 4.31224e+009 1.78181e+010 2.2135e+010 6.16647e+008
2.285 2.27054e+010 150683 0.0750794 4.94383e+006 4.41971e+009 1.79111e+010 2.23357e+010 3.69695e+008
2.288 2.32892e+010 152608 0.0836523 5.27346e+006 4.58531e+009 1.80489e+010 2.26395e+010 6.49687e+008
2.29 2.32103e+010 152349 0.0898946 5.50477e+006 4.69871e+009 1.81397e+010 2.28439e+010 3.66378e+008
2.292 2.41017e+010 155247 0.0965939 5.74574e+006 4.81455e+009 1.82295e+010 2.30498e+010 1.05197e+009
2.294 2.35719e+010 153531 0.103783 5.99677e+006 4.93288e+009 1.83183e+010 2.32572e+010 3.14747e+008
2.296 2.40596e+010 155112 0.111497 6.25825e+006 5.05373e+009 1.84061e+010 2.34661e+010 5.935e+008
2.298 2.39114e+010 154633 0.119774 6.53059e+006 5.17716e+009 1.84929e+010 2.36766e+010 2.34732e+008
2.3 2.23433e+010 149477 0.128654 6.81421e+006 5.3032e+009 1.85788e+010 2.38888e+010 -1.54546e+009
2.302 2.39796e+010 154853 0.13818 7.10956e+006 5.43191e+009 1.86635e+010 2.41025e+010 -1.22973e+008
2.305 2.39039e+010 154609 0.15378 7.57559e+006 5.63005e+009 1.87887e+010 2.44263e+010 -5.22458e+008
2.307 2.30356e+010 151775 0.165129 7.90231e+006 5.76561e+009 1.88708e+010 2.46443e+010 -1.60863e+009
2.309 2.5645e+010 160141 0.177299 8.24244e+006 5.90398e+009 1.89518e+010 2.4864e+010 7.81041e+008
2.311 2.48714e+010 157707 0.190349 8.5965e+006 6.04523e+009 1.90316e+010 2.50854e+010 -2.13993e+008
2.313 2.50606e+010 158305 0.20434 8.96502e+006 6.18939e+009 1.91103e+010 2.53087e+010 -2.48133e+008
2.315 2.72949e+010 165212 0.219341 9.34856e+006 6.33651e+009 1.91879e+010 2.55338e+010 1.76113e+009
2.318 2.698e+010 164256 0.24389 9.95332e+006 6.56285e+009 1.93021e+010 2.58749e+010 1.10509e+009
2.32 2.67368e+010 163514 0.261735 1.0377e+007 6.71759e+009 1.93767e+010 2.61047e+010 6.32158e+008
2.322 2.56785e+010 160245 0.28086 1.08178e+007 6.87547e+009 1.94501e+010 2.63364e+010 -6.57861e+008
2.324 2.66539e+010 163260 0.301355 1.12764e+007 7.03652e+009 1.95223e+010 2.65701e+010 8.38209e+007
2.326 2.83855e+010 168480 0.323317 1.17535e+007 7.20081e+009 1.95932e+010 2.68058e+010 1.57975e+009
2.329 2.71191e+010 164679 0.359236 1.25053e+007 7.45341e+009 1.96973e+010 2.71632e+010 -4.41245e+007
2.331 2.59464e+010 161079 0.385328 1.30317e+007 7.626e+009 1.9765e+010 2.74041e+010 -1.45764e+009
2.333 2.78379e+010 166847 0.413279 1.35791e+007 7.802e+009 1.98315e+010 2.76471e+010 1.90844e+008
2.335 2.83272e+010 168307 0.443217 1.41483e+007 7.98147e+009 1.98967e+010 2.78923e+010 4.34923e+008
2.337 2.90642e+010 170482 0.475281 1.47402e+007 8.16445e+009 1.99605e+010 2.81397e+010 9.24502e+008
2.34 2.93695e+010 171375 0.527689 1.56723e+007 8.44563e+009 2.00537e+010 2.8515e+010 8.54518e+008
2.342 2.82282e+010 168013 0.565736 1.63245e+007 8.63763e+009 2.01142e+010 2.87681e+010 -5.39926e+008
2.344 2.9806e+010 172644 0.606472 1.70025e+007 8.83333e+009 2.01733e+010 2.90236e+010 7.82414e+008
2.346 2.97232e+010 172404 0.650082 1.77072e+007 9.0328e+009 2.0231e+010 2.92815e+010 4.41687e+008
2.349 3.23002e+010 179723 0.721325 1.88164e+007 9.33915e+009 2.03149e+010 2.96729e+010 2.62738e+009
2.351 3.06081e+010 174952 0.773019 1.95922e+007 9.54824e+009 2.03691e+010 2.99369e+010 6.71187e+008
2.353 2.95213e+010 171818 0.828344 2.03983e+007 9.76128e+009 2.04218e+010 3.02035e+010 -6.82186e+008
2.355 3.03428e+010 174192 0.887547 2.12358e+007 9.97833e+009 2.04731e+010 3.04727e+010 -1.29943e+008
2.358 3.15038e+010 177493 0.984214 2.25535e+007 1.03115e+010 2.05474e+010 3.08815e+010 6.22312e+008
2.36 3.26346e+010 180650 1.05432 2.34746e+007 1.05388e+010 2.0595e+010 3.11573e+010 1.47726e+009
2.362 3.3777e+010 183785 1.12932 2.44313e+007 1.07703e+010 2.06412e+010 3.1436e+010 2.34106e+009
2.364 3.19066e+010 178624 1.20954 2.54249e+007 1.10061e+010 2.06859e+010 3.17174e+010 1.89212e+008
2.367 3.3271e+010 182403 1.34046 2.69874e+007 1.13679e+010 2.07501e+010 3.21449e+010 1.12609e+009
2.369 3.32944e+010 182468 1.43536 2.80792e+007 1.16145e+010 2.0791e+010 3.24336e+010 8.60797e+008
2.371 3.24796e+010 180221 1.53684 2.92127e+007 1.18657e+010 2.08304e+010 3.27253e+010 -2.4571e+008
2.373 3.40489e+010 184523 1.64534 3.03894e+007 1.21213e+010 2.08682e+010 3.302e+010 1.0289e+009
2.376 3.2918e+010 181433 1.82232 3.2239e+007 1.25134e+010 2.09221e+010 3.34678e+010 -5.49743e+008
2.378 3.46048e+010 186024 1.95054 3.35307e+007 1.27806e+010 2.09561e+010 3.37703e+010 8.34557e+008
2.38 3.52344e+010 187708 2.08759 3.48713e+007 1.30526e+010 2.09885e+010 3.40759e+010 1.15843e+009
2.383 3.5208e+010 187638 2.31104 3.69775e+007 1.34695e+010 2.10342e+010 3.45406e+010 6.67396e+008
2.385 3.53481e+010 188011 2.47286 3.84479e+007 1.37535e+010 2.10627e+010 3.48546e+010 4.93482e+008
2.387 3.73492e+010 193260 2.64578 3.99735e+007 1.40424e+010 2.10896e+010 3.5172e+010 2.17728e+009
2.39 3.71554e+010 192757 2.92759 4.23696e+007 1.44852e+010 2.11269e+010 3.56545e+010 1.50092e+009
2.392 3.71015e+010 192618 3.1316 4.40416e+007 1.47868e+010 2.11498e+010 3.59806e+010 1.12087e+009
2.394 3.76189e+010 193956 3.34952 4.57759e+007 1.50935e+010 2.11711e+010 3.63104e+010 1.30859e+009
2.397 3.66127e+010 191345 3.70453 4.84987e+007 1.55633e+010 2.12e+010 3.68118e+010 -1.99074e+008
2.399 3.82645e+010 195613 3.96142 5.0398e+007 1.58832e+010 2.12172e+010 3.71508e+010 1.11369e+009
2.401 3.95365e+010 198838 4.23575 5.23674e+007 1.62083e+010 2.12329e+010 3.74936e+010 2.04296e+009
2.404 4.02176e+010 200543 4.68247 5.54581e+007 1.67063e+010 2.12533e+010 3.8015e+010 2.20263e+009
2.406 3.97894e+010 199473 5.0056 5.76133e+007 1.70451e+010 2.12648e+010 3.83675e+010 1.42187e+009
2.408 4.11732e+010 202912 5.35054 5.98473e+007 1.73895e+010 2.12747e+010 3.87241e+010 2.44909e+009
2.411 4.00389e+010 200097 5.91203 6.33519e+007 1.79167e+010 2.12865e+010 3.92666e+010 7.72331e+008
2.413 4.14076e+010 203489 6.31801 6.57948e+007 1.82753e+010 2.12924e+010 3.96335e+010 1.77416e+009
2.416 4.18396e+010 204547 6.97867 6.96261e+007 1.8824e+010 2.1298e+010 4.01917e+010 1.64786e+009
2.418 4.14213e+010 203522 7.45621 7.22959e+007 1.91972e+010 2.12998e+010 4.05692e+010 8.52029e+008
2.42 4.3667e+010 208967 7.96571 7.5062e+007 1.95763e+010 2.12998e+010 4.09512e+010 2.71588e+009
2.423 4.5918e+010 214285 8.79449 7.93984e+007 2.01561e+010 2.12969e+010 4.15324e+010 4.38562e+009
2.425 4.36966e+010 209037 9.39331 8.24191e+007 2.05503e+010 2.12929e+010 4.19256e+010 1.77103e+009
2.427 4.19289e+010 204766 10.032 8.55476e+007 2.09506e+010 2.12872e+010 4.23233e+010 -3.94399e+008
2.43 4.47269e+010 211487 11.0705 9.04505e+007 2.15627e+010 2.12756e+010 4.29287e+010 1.79817e+009
2.432 4.55933e+010 213526 11.8206 9.38645e+007 2.19786e+010 2.12659e+010 4.33383e+010 2.25501e+009
2.435 4.44815e+010 210906 13.0398 9.92131e+007 2.26143e+010 2.12482e+010 4.39617e+010 5.19797e+008
2.437 4.95428e+010 222582 13.9202 1.02937e+008 2.30462e+010 2.12343e+010 4.43834e+010 5.15939e+009
2.44 4.61468e+010 214818 15.3508 1.08768e+008 2.37061e+010 2.12105e+010 4.50254e+010 1.12132e+009
2.442 4.87617e+010 220820 16.3835 1.12827e+008 2.41543e+010 2.11926e+010 4.54598e+010 3.3019e+009
2.444 4.92466e+010 221916 17.484 1.17027e+008 2.46091e+010 2.11731e+010 4.58993e+010 3.34737e+009
2.447 5.03686e+010 224430 19.2718 1.23604e+008 2.53039e+010 2.11408e+010 4.65683e+010 3.8003e+009
2.449 5.0659e+010 225076 20.5617 1.28179e+008 2.57755e+010 2.11173e+010 4.7021e+010 3.63809e+009
2.452 5.04898e+010 224699 22.6565 1.3534e+008 2.64957e+010 2.1079e+010 4.771e+010 2.77974e+009
2.454 4.80454e+010 219193 24.1675 1.40321e+008 2.69845e+010 2.10515e+010 4.81763e+010 -1.3089e+008
2.457 5.15589e+010 227066 26.6206 1.48114e+008 2.77307e+010 2.10072e+010 4.8886e+010 2.6729e+009
2.459 5.06883e+010 225141 28.3897 1.53533e+008 2.8237e+010 2.09757e+010 4.93662e+010 1.32209e+009
2.462 5.61448e+010 236949 31.2607 1.6201e+008 2.90096e+010 2.09256e+010 5.00972e+010 6.04758e+009
2.464 5.51061e+010 234747 33.3306 1.67902e+008 2.95337e+010 2.08902e+010 5.05918e+010 4.51433e+009
2.467 5.59242e+010 236483 36.6889 1.77117e+008 3.03333e+010 2.08342e+010 5.13447e+010 4.57947e+009
2.469 5.51768e+010 234897 39.1093 1.83521e+008 3.08755e+010 2.0795e+010 5.1854e+010 3.32272e+009
2.472 5.53903e+010 235351 43.0353 1.93534e+008 3.17026e+010 2.07333e+010 5.26294e+010 2.76086e+009
2.474 5.52597e+010 235074 45.864 2.0049e+008 3.22632e+010 2.06903e+010 5.31539e+010 2.10575e+009
2.477 5.54262e+010 235428 50.451 2.11362e+008 3.31181e+010 2.06229e+010 5.39524e+010 1.47384e+009
2.479 5.49062e+010 234321 53.755 2.18913e+008 3.36974e+010 2.05761e+010 5.44925e+010 4.13729e+008
2.482 5.77947e+010 240405 59.1112 2.30714e+008 3.45806e+010 2.05032e+010 5.53145e+010 2.48021e+009
2.484 5.60061e+010 236656 62.9682 2.38907e+008 3.51789e+010 2.04528e+010 5.58706e+010 1.35534e+008
2.487 5.70953e+010 238946 69.2189 2.51706e+008 3.60908e+010 2.03744e+010 5.67169e+010 3.78439e+008
2.489 5.79732e+010 240776 73.7188 2.60591e+008 3.67083e+010 2.03204e+010 5.72893e+010 6.83943e+008
2.492 5.96438e+010 244221 81.0092 2.74467e+008 3.76492e+010 2.02367e+010 5.81603e+010 1.48341e+009
2.494 6.00343e+010 245019 86.2561 2.84097e+008 3.82863e+010 2.01791e+010 5.87495e+010 1.28485e+009
2.497 6.25178e+010 250036 94.7544 2.99132e+008 3.92566e+010 2.00902e+010 5.96459e+010 2.87194e+009
2.499 5.99412e+010 244829 100.869 3.09562e+008 3.99133e+010 2.00292e+010 6.0252e+010 -3.10814e+008
2.502 6.45562e+010 254079 110.769 3.25844e+008 4.09133e+010 1.99351e+010 6.11743e+010 3.38192e+009
2.505 6.56171e+010 256158 121.617 3.42918e+008 4.19314e+010 1.98381e+010 6.21124e+010 3.50476e+009
2.507 6.79363e+010 260646 129.418 3.54758e+008 4.26201e+010 1.97717e+010 6.27466e+010 5.18976e+009
2.51 6.81684e+010 261091 142.043 3.73231e+008 4.36683e+010 1.96698e+010 6.37113e+010 4.45706e+009
2.512 6.87409e+010 262185 151.12 3.86037e+008 4.43772e+010 1.96002e+010 6.43635e+010 4.37745e+009
2.515 6.73849e+010 259586 165.807 4.06013e+008 4.54558e+010 1.94936e+010 6.53554e+010 2.02952e+009
2.518 6.63159e+010 257519 181.884 4.26943e+008 4.65528e+010 1.93841e+010 6.63638e+010 -4.78854e+007
2.52 6.76026e+010 260005 193.437 4.41447e+008 4.72943e+010 1.93096e+010 6.70454e+010 5.57255e+008
2.523 6.90162e+010 262709 212.121 4.64059e+008 4.84221e+010 1.91956e+010 6.80817e+010 9.34408e+008
2.525 6.49602e+010 254873 225.544 4.79724e+008 4.91842e+010 1.91182e+010 6.87821e+010 -3.82182e+009
2.528 6.27814e+010 250562 247.246 5.0414e+008 5.03428e+010 1.89998e+010 6.98468e+010 -7.06533e+009
2.531 6.43135e+010 253601 270.981 5.29701e+008 5.152e+010 1.88789e+010 7.09287e+010 -6.61514e+009
2.533 6.48225e+010 254603 288.024 5.47401e+008 5.23152e+010 1.87969e+010 7.16596e+010 -6.83703e+009
2.536 6.59753e+010 256857 315.567 5.74976e+008 5.35235e+010 1.86719e+010 7.27704e+010 -6.7951e+009
2.539 6.84877e+010 261702 345.673 6.03828e+008 5.47505e+010 1.85446e+010 7.38989e+010 -5.41114e+009
2.541 7.78755e+010 279062 367.281 6.23798e+008 5.55788e+010 1.84583e+010 7.4661e+010 3.21458e+009
2.544 1.06268e+011 325987 402.185 6.54896e+008 5.68369e+010 1.83271e+010 7.58189e+010 3.04486e+010
2.546 8.38883e+010 289635 427.23 6.76415e+008 5.7686e+010 1.82384e+010 7.66008e+010 7.28752e+009
2.549 9.44271e+010 307290 467.672 7.09916e+008 5.89752e+010 1.81035e+010 7.77886e+010 1.66384e+010
2.552 8.83148e+010 297178 511.838 7.44938e+008 6.0283e+010 1.79665e+010 7.89945e+010 9.32032e+009
2.555 8.95721e+010 299286 560.062 7.81541e+008 6.16095e+010 1.78274e+010 8.02184e+010 9.35364e+009
2.557 9.01166e+010 300194 594.643 8.06854e+008 6.25041e+010 1.77336e+010 8.10445e+010 9.0721e+009
2.56 8.90542e+010 298419 650.448 8.46237e+008 6.38614e+010 1.75912e+010 8.22989e+010 6.75529e+009
2.563 8.84292e+010 297370 711.345 8.87378e+008 6.52372e+010 1.7447e+010 8.35716e+010 4.85755e+009
2.565 8.70249e+010 295000 754.994 9.15815e+008 6.61647e+010 1.73498e+010 8.44303e+010 2.59456e+009
2.568 9.5074e+010 308341 825.4 9.60039e+008 6.75711e+010 1.72026e+010 8.57337e+010 9.34024e+009
2.571 9.46179e+010 307600 902.188 1.00621e+009 6.89958e+010 1.70536e+010 8.70556e+010 7.56231e+009
2.573 1.00595e+011 317168 957.201 1.03811e+009 6.99556e+010 1.69534e+010 8.79472e+010 1.26482e+010
2.576 1.01539e+011 318652 1045.9 1.0877e+009 7.14105e+010 1.68018e+010 8.93e+010 1.22392e+010
2.579 1.01144e+011 318032 1142.58 1.13945e+009 7.28833e+010 1.66486e+010 9.06714e+010 1.0473e+010
2.582 1.03074e+011 321051 1247.95 1.19344e+009 7.43739e+010 1.6494e+010 9.20614e+010 1.10125e+010
2.584 1.04352e+011 323036 1323.38 1.23071e+009 7.53775e+010 1.63901e+010 9.29984e+010 1.13538e+010
2.587 1.01923e+011 319254 1444.93 1.28862e+009 7.68975e+010 1.62332e+010 9.44193e+010 7.50384e+009
2.59 1.01596e+011 318741 1577.33 1.34901e+009 7.8435e+010 1.6075e+010 9.58589e+010 5.73671e+009
2.593 9.59586e+010 309772 1721.5 1.41196e+009 7.99896e+010 1.59155e+010 9.73171e+010 -1.35854e+009
2.595 1.00049e+011 316305 1824.66 1.4554e+009 8.10356e+010 1.58086e+010 9.82996e+010 1.74935e+009
2.598 1.03734e+011 322078 1990.77 1.52284e+009 8.26185e+010 1.56473e+010 9.97887e+010 3.9457e+009
2.601 1.11405e+011 333774 2171.56 1.59311e+009 8.42182e+010 1.54849e+010 1.01296e+011 1.01086e+010
2.604 1.10405e+011 332272 2368.28 1.66631e+009 8.58344e+010 1.53216e+010 1.02822e+011 7.58254e+009
2.607 1.12777e+011 335822 2582.3 1.74255e+009 8.74668e+010 1.51574e+010 1.04367e+011 8.40982e+009
2.609 1.07015e+011 327131 2735.31 1.79512e+009 8.8564e+010 1.50474e+010 1.05407e+011 1.60838e+009
2.612 1.13665e+011 337143 2981.49 1.87667e+009 9.0223e+010 1.48818e+010 1.06981e+011 6.68364e+009
2.615 1.15305e+011 339566 3249.17 1.96157e+009 9.18975e+010 1.47155e+010 1.08575e+011 6.7306e+009
2.618 1.1506e+011 339205 3540.16 2.04991e+009 9.35873e+010 1.45485e+010 1.10186e+011 4.87451e+009
2.621 1.12904e+011 336011 3856.42 2.14184e+009 9.52921e+010 1.43809e+010 1.11815e+011 1.08872e+009
2.623 1.11014e+011 333188 4082.35 2.20518e+009 9.64368e+010 1.42688e+010 1.12911e+011 -1.8964e+009
2.626 1.13287e+011 336582 4445.55 2.30336e+009 9.81659e+010 1.41004e+010 1.1457e+011 -1.2825e+009
2.629 1.09954e+011 331593 4840.07 2.40546e+009 9.99091e+010 1.39315e+010 1.16246e+011 -6.29187e+009
2.632 1.1312e+011 336333 5268.54 2.51162e+009 1.01666e+011 1.37623e+010 1.1794e+011 -4.82001e+009
2.635 1.14497e+011 338375 5733.77 2.62197e+009 1.03437e+011 1.35927e+010 1.19651e+011 -5.1538e+009
2.638 1.16937e+011 341961 6238.82 2.73667e+009 1.0522e+011 1.34229e+010 1.2138e+011 -4.44255e+009
2.641 1.25756e+011 354621 6786.98 2.85585e+009 1.07016e+011 1.3253e+010 1.23125e+011 2.63108e+009
2.644 1.18053e+011 343588 7381.79 2.97966e+009 1.08825e+011 1.30829e+010 1.24887e+011 -6.83466e+009
2.646 1.1994e+011 346323 7806.14 3.06486e+009 1.10037e+011 1.29695e+010 1.26071e+011 -6.13169e+009
2.649 1.30528e+011 361286 8487.4 3.19674e+009 1.11865e+011 1.27993e+010 1.27861e+011 2.66651e+009
2.652 1.43867e+011 379298 9226.25 3.33368e+009 1.13705e+011 1.26292e+010 1.29667e+011 1.41992e+010
2.655 1.50233e+011 387599 10027.4 3.47583e+009 1.15555e+011 1.24592e+010 1.3149e+011 1.87433e+010
2.658 1.54278e+011 392783 10895.8 3.62337e+009 1.17415e+011 1.22894e+010 1.33328e+011 2.09507e+010
2.661 1.50978e+011 388559 11837.1 3.77647e+009 1.19285e+011 1.21197e+010 1.35181e+011 1.57972e+010
2.664 1.57629e+011 397025 12857.1 3.93531e+009 1.21164e+011 1.19504e+010 1.3705e+011 2.05787e+010
2.667 1.61597e+011 401992 13962.1 4.10007e+009 1.23053e+011 1.17813e+010 1.38934e+011 2.26633e+010
2.67 1.52129e+011 390037 15159.1 4.27092e+009 1.24949e+011 1.16127e+010 1.40833e+011 1.12963e+010
2.673 1.50026e+011 387332 16455.3 4.44807e+009 1.26854e+011 1.14444e+010 1.42746e+011 7.27998e+009
2.676 1.46195e+011 382354 17858.7 4.6317e+009 1.28766e+011 1.12767e+010 1.44674e+011 1.52056e+009
2.679 1.42105e+011 376968 19377.9 4.82202e+009 1.30684e+011 1.11095e+010 1.46616e+011 -4.51051e+009
2.682 1.57015e+011 396251 21022 5.01921e+009 1.32609e+011 1.09428e+010 1.48571e+011 8.4444e+009
2.685 1.55594e+011 394454 22801 5.22351e+009 1.34539e+011 1.07768e+010 1.50539e+011 5.05452e+009
2.688 1.57359e+011 396685 24725.5 5.4351e+009 1.36475e+011 1.06115e+010 1.52521e+011 4.83786e+009
2.691 1.57301e+011 396612 26806.9 5.65421e+009 1.38414e+011 1.04469e+010 1.54516e+011 2.78531e+009
2.694 1.65591e+011 406929 29057.8 5.88106e+009 1.40358e+011 1.0283e+010 1.56522e+011 9.06911e+009
2.697 1.59137e+011 398920 31491.2 6.11587e+009 1.42305e+011 1.012e+010 1.58541e+011 5.95714e+008
2.7 1.78431e+011 422411 34121.4 6.35887e+009 1.44255e+011 9.95785e+009 1.60572e+011 1.78595e+010
2.703 1.71567e+011 414207 36963.8 6.6103e+009 1.46207e+011 9.79658e+009 1.62614e+011 8.95371e+009
2.706 1.72928e+011 415846 40034.9 6.87038e+009 1.4816e+011 9.63625e+009 1.64667e+011 8.26097e+009
2.709 1.69e+011 411096 43352.3 7.13937e+009 1.50114e+011 9.4769e+009 1.6673e+011 2.26976e+009
2.712 1.64343e+011 405392 46935.1 7.41751e+009 1.52068e+011 9.31857e+009 1.68804e+011 -4.46107e+009
2.715 1.65848e+011 407245 50803.6 7.70505e+009 1.54021e+011 9.1613e+009 1.70888e+011 -5.03959e+009
2.718 1.81379e+011 425886 54979.8 8.00224e+009 1.55974e+011 9.00512e+009 1.72981e+011 8.39819e+009
2.721 1.78353e+011 422319 59487.3 8.30935e+009 1.57924e+011 8.85006e+009 1.75083e+011 3.26962e+009
2.724 1.70604e+011 413043 64351.2 8.62664e+009 1.59872e+011 8.69617e+009 1.77194e+011 -6.59002e+009
2.727 1.73187e+011 416157 69598.6 8.95438e+009 1.61816e+011 8.54347e+009 1.79314e+011 -6.12708e+009
2.73 1.77312e+011 421084 75258.6 9.29284e+009 1.63756e+011 8.392e+009 1.81441e+011 -4.12958e+009
2.733 1.77342e+011 421119 81362.4 9.64229e+009 1.65692e+011 8.24178e+009 1.83576e+011 -6.23483e+009
2.736 1.94321e+011 440819 87943.4 1.0003e+010 1.67623e+011 8.09285e+009 1.85719e+011 8.60292e+009
2.739 1.93836e+011 440268 95037.4 1.03753e+010 1.69547e+011 7.94523e+009 1.87867e+011 5.96822e+009
2.743 1.87101e+011 432551 105361 1.08902e+010 1.72102e+011 7.7505e+009 1.90742e+011 -3.64176e+009
2.746 1.89747e+011 435600 113806 1.12906e+010 1.74009e+011 7.60604e+009 1.92905e+011 -3.1583e+009
2.749 1.71182e+011 413741 122903 1.17035e+010 1.75907e+011 7.46299e+009 1.95074e+011 -2.38924e+010
2.752 1.84524e+011 429563 132700 1.21293e+010 1.77797e+011 7.32135e+009 1.97247e+011 -1.27232e+010
2.755 1.80566e+011 424930 143249 1.25683e+010 1.79676e+011 7.18116e+009 1.99425e+011 -1.88596e+010
2.758 2.03058e+011 450619 154605 1.30207e+010 1.81544e+011 7.04243e+009 2.01607e+011 1.45041e+009
2.761 1.93621e+011 440024 166827 1.34868e+010 1.83401e+011 6.90518e+009 2.03793e+011 -1.01718e+010
2.765 2.01038e+011 448372 184581 1.41304e+010 1.85858e+011 6.72452e+009 2.06713e+011 -5.67493e+009
2.768 2.04851e+011 452605 199079 1.46299e+010 1.87685e+011 6.5908e+009 2.08906e+011 -4.05447e+009
2.771 2.07283e+011 455284 214672 1.51443e+010 1.89498e+011 6.45862e+009 2.11101e+011 -3.81772e+009
2.774 2.21305e+011 470430 231440 1.56738e+010 1.91296e+011 6.32799e+009 2.13298e+011 8.00629e+009
2.777 2.09139e+011 457317 249466 1.62188e+010 1.93079e+011 6.19893e+009 2.15497e+011 -6.35837e+009
2.78 2.15037e+011 463720 268841 1.67797e+010 1.94846e+011 6.07145e+009 2.17697e+011 -2.66033e+009
2.784 2.09587e+011 457807 296942 1.75527e+010 1.97174e+011 5.90395e+009 2.20631e+011 -1.10438e+010
2.787 2.32444e+011 482125 319854 1.81518e+010 1.989e+011 5.78019e+009 2.22832e+011 9.61199e+009
2.79 2.37556e+011 487397 344463 1.87679e+010 2.00607e+011 5.65805e+009 2.25033e+011 1.25229e+010
2.793 2.34573e+011 484328 370890 1.94012e+010 2.02294e+011 5.53753e+009 2.27233e+011 7.34008e+009
2.797 2.40191e+011 490093 409177 2.02731e+010 2.04513e+011 5.37936e+009 2.30165e+011 1.00256e+010
2.8 2.60224e+011 510122 440361 2.09482e+010 2.06152e+011 5.26265e+009 2.32363e+011 2.78611e+010
2.803 2.66787e+011 516514 473824 2.16417e+010 2.07769e+011 5.14757e+009 2.34558e+011 3.22281e+010
2.806 2.59307e+011 509222 509727 2.23539e+010 2.09363e+011 5.03414e+009 2.36752e+011 2.25555e+010
2.81 2.47249e+011 497241 561687 2.33334e+010 2.11453e+011 4.88545e+009 2.39672e+011 7.5763e+009
2.813 2.47602e+011 497596 603961 2.40909e+010 2.12992e+011 4.77586e+009 2.41859e+011 5.74325e+009
2.816 2.54916e+011 504892 649284 2.48684e+010 2.14505e+011 4.66792e+009 2.44042e+011 1.08739e+010
2.82 2.55965e+011 505930 714824 2.59366e+010 2.16484e+011 4.52656e+009 2.46948e+011 9.01757e+009
2.823 2.63472e+011 513295 768103 2.67619e+010 2.17937e+011 4.42246e+009 2.49122e+011 1.435e+010
2.826 2.66505e+011 516242 825186 2.76084e+010 2.19362e+011 4.32001e+009 2.51292e+011 1.52139e+010
2.83 2.76473e+011 525807 907661 2.87705e+010 2.21219e+011 4.18595e+009 2.54177e+011 2.22964e+010
2.833 2.78328e+011 527568 974653 2.96676e+010 2.22579e+011 4.08732e+009 2.56335e+011 2.19931e+010
2.836 2.76942e+011 526252 1.04638e+006 3.0587e+010 2.23909e+011 3.99033e+009 2.58487e+011 1.84543e+010
2.84 2.7746e+011 526745 1.14992e+006 3.18481e+010 2.25635e+011 3.86353e+009 2.61348e+011 1.61125e+010
2.843 2.7871e+011 527930 1.23396e+006 3.28208e+010 2.26894e+011 3.77031e+009 2.63486e+011 1.52241e+010
2.846 2.86361e+011 535127 1.32387e+006 3.38169e+010 2.28121e+011 3.67871e+009 2.65618e+011 2.07428e+010
2.85 2.81286e+011 530364 1.45356e+006 3.5182e+010 2.29708e+011 3.55907e+009 2.6845e+011 1.28357e+010
2.853 2.93178e+011 541459 1.55872e+006 3.6234e+010 2.3086e+011 3.47119e+009 2.70566e+011 2.26115e+010
2.856 2.72119e+011 521650 1.67116e+006 3.73105e+010 2.31978e+011 3.3849e+009 2.72675e+011 -5.55836e+008
2.86 2.59684e+011 509592 1.83322e+006 3.87846e+010 2.33416e+011 3.27229e+009 2.75475e+011 -1.57903e+010
2.863 2.73201e+011 522686 1.96453e+006 3.99195e+010 2.34454e+011 3.18965e+009 2.77565e+011 -4.36466e+009
2.867 2.79557e+011 528732 2.15367e+006 4.14725e+010 2.35784e+011 3.08187e+009 2.80341e+011 -7.83109e+008
2.87 2.91611e+011 540010 2.30684e+006 4.26676e+010 2.3674e+011 3.00283e+009 2.82412e+011 9.19831e+009
2.874 3.21219e+011 566761 2.52734e+006 4.43019e+010 2.37957e+011 2.89979e+009 2.85162e+011 3.6057e+010
2.877 3.20637e+011 566248 2.7058e+006 4.55586e+010 2.38828e+011 2.82428e+009 2.87213e+011 3.34239e+010
2.88 3.07441e+011 554474 2.89627e+006 4.68423e+010 2.39661e+011 2.75025e+009 2.89256e+011 1.81846e+010
2.884 2.97841e+011 545748 3.17025e+006 4.85963e+010 2.40713e+011 2.65383e+009 2.91966e+011 5.875e+009
2.887 3.09209e+011 556066 3.39181e+006 4.99438e+010 2.41457e+011 2.58323e+009 2.93988e+011 1.52212e+010
2.891 3.08008e+011 554985 3.71032e+006 5.17839e+010 2.4239e+011 2.49133e+009 2.96669e+011 1.13389e+010
2.894 3.14985e+011 561235 3.96774e+006 5.31967e+010 2.43044e+011 2.42406e+009 2.98669e+011 1.6316e+010
2.898 2.89667e+011 538207 4.33759e+006 5.51247e+010 2.43855e+011 2.33656e+009 3.0132e+011 -1.16532e+010
2.901 2.95254e+011 543373 4.63634e+006 5.6604e+010 2.44417e+011 2.27255e+009 3.03298e+011 -8.04358e+009
2.905 2.80063e+011 529210 5.06531e+006 5.86215e+010 2.45103e+011 2.18934e+009 3.05919e+011 -2.5856e+010
2.908 2.87341e+011 536042 5.4116e+006 6.01685e+010 2.45571e+011 2.12851e+009 3.07874e+011 -2.05324e+010
2.912 3.06808e+011 553902 5.90856e+006 6.22769e+010 2.46132e+011 2.04946e+009 3.10464e+011 -3.65603e+009
2.916 2.92326e+011 540672 6.44884e+006 6.44378e+010 2.4662e+011 1.97274e+009 3.13037e+011 -2.07102e+010
2.919 3.0692e+011 554004 6.88459e+006 6.60932e+010 2.46937e+011 1.91671e+009 3.14954e+011 -8.03385e+009
2.923 3.10779e+011 557475 7.50936e+006 6.83469e+010 2.47297e+011 1.84396e+009 3.17495e+011 -6.71654e+009
2.926 3.05421e+011 552649 8.01297e+006 7.00723e+010 2.47518e+011 1.79086e+009 3.19389e+011 -1.39689e+010
2.93 3.3337e+011 577382 8.73461e+006 7.24197e+010 2.47749e+011 1.72196e+009 3.21899e+011 1.14712e+010
2.933 3.37658e+011 581083 9.31598e+006 7.42156e+010 2.47873e+011 1.6717e+009 3.23769e+011 1.38883e+010
2.937 3.31805e+011 576025 1.01486e+007 7.66574e+010 2.47973e+011 1.60652e+009 3.26247e+011 5.55801e+009
2.941 3.23343e+011 568632 1.10515e+007 7.91533e+010 2.47999e+011 1.5434e+009 3.28707e+011 -5.36418e+009
2.944 3.18546e+011 564398 1.17783e+007 8.10608e+010 2.4797e+011 1.4974e+009 3.3054e+011 -1.19942e+010
2.948 3.20561e+011 566181 1.28182e+007 8.36516e+010 2.47866e+011 1.43779e+009 3.32968e+011 -1.24065e+010
2.951 3.20619e+011 566232 1.36548e+007 8.56303e+010 2.47739e+011 1.39437e+009 3.34777e+011 -1.41586e+010
2.955 3.15658e+011 561834 1.48509e+007 8.83159e+010 2.47505e+011 1.33815e+009 3.37174e+011 -2.15161e+010
2.959 3.23445e+011 568722 1.61461e+007 9.10556e+010 2.47197e+011 1.28379e+009 3.39552e+011 -1.61076e+010
2.962 3.205e+011 566127 1.71869e+007 9.31457e+010 2.46918e+011 1.24423e+009 3.41325e+011 -2.08248e+010
2.966 3.32262e+011 576422 1.8674e+007 9.59796e+010 2.46481e+011 1.19305e+009 3.43672e+011 -1.14103e+010
2.97 3.44884e+011 587268 2.02823e+007 9.8867e+010 2.45971e+011 1.14362e+009 3.46002e+011 -1.11829e+009
2.973 3.36718e+011 580274 2.15738e+007 1.01067e+011 2.45541e+011 1.10767e+009 3.47738e+011 -1.10201e+010
2.977 3.33113e+011 577159 2.34171e+007 1.04048e+011 2.44905e+011 1.0612e+009 3.50037e+011 -1.69238e+010
2.981 3.41659e+011 584516 2.54088e+007 1.0708e+011 2.44197e+011 1.01637e+009 3.52319e+011 -1.06598e+010
2.985 3.52548e+011 593757 2.75598e+007 1.10164e+011 2.43418e+011 9.73136e+008 3.54583e+011 -2.0352e+009
2.988 3.58966e+011 599138 2.92849e+007 1.12511e+011 2.42787e+011 9.41729e+008 3.5627e+011 2.69674e+009
2.992 3.51675e+011 593022 3.17441e+007 1.15685e+011 2.41886e+011 9.01182e+008 3.58504e+011 -6.82845e+009
2.996 3.63084e+011 602564 3.43973e+007 1.18909e+011 2.40915e+011 8.62115e+008 3.60721e+011 2.36304e+009
3 3.57996e+011 598328 3.72588e+007 1.22182e+011 2.39877e+011 8.24487e+008 3.62921e+011 -4.92467e+009
3.003 3.42373e+011 585127 3.95508e+007 1.24669e+011 2.39053e+011 7.97186e+008 3.6456e+011 -2.21865e+010
3.007 3.60236e+011 600197 4.2814e+007 1.28027e+011 2.37898e+011 7.61981e+008 3.6673e+011 -6.49359e+009
3.011 3.69186e+011 607606 4.63296e+007 1.31431e+011 2.36677e+011 7.28105e+008 3.68883e+011 3.02627e+008
3.015 3.84205e+011 619843 5.01159e+007 1.34882e+011 2.35392e+011 6.95521e+008 3.71019e+011 1.31856e+010
3.019 3.81255e+011 617459 5.4192e+007 1.38377e+011 2.34043e+011 6.64191e+008 3.73139e+011 8.11685e+009
3.022 3.73552e+011 611189 5.74516e+007 1.41027e+011 2.32991e+011 6.41493e+008 3.74717e+011 -1.16544e+009
3.026 3.73181e+011 610885 6.20851e+007 1.44598e+011 2.31535e+011 6.12266e+008 3.76807e+011 -3.62584e+009
3.03 3.6309e+011 602569 6.70681e+007 1.4821e+011 2.30018e+011 5.8419e+008 3.78879e+011 -1.57895e+010
3.034 3.57987e+011 598320 7.24248e+007 1.51861e+011 2.28443e+011 5.5723e+008 3.80934e+011 -2.29473e+010
3.038 3.9006e+011 624548 7.81811e+007 1.55552e+011 2.26811e+011 5.3135e+008 3.82972e+011 7.08757e+009
3.042 4.03003e+011 634825 8.43645e+007 1.59279e+011 2.25123e+011 5.06516e+008 3.84993e+011 1.801e+010
3.046 4.18171e+011 646662 9.1004e+007 1.63041e+011 2.2338e+011 4.82694e+008 3.86995e+011 3.11761e+010
3.049 4.15369e+011 644491 9.63015e+007 1.65885e+011 2.22039e+011 4.65471e+008 3.88486e+011 2.68831e+010
3.053 4.12681e+011 642402 1.03815e+008 1.69705e+011 2.20204e+011 4.4334e+008 3.90457e+011 2.22238e+010
3.057 4.02261e+011 634241 1.11874e+008 1.73556e+011 2.1832e+011 4.22131e+008 3.9241e+011 9.85143e+009
3.061 4.0792e+011 638686 1.20515e+008 1.77435e+011 2.16386e+011 4.01812e+008 3.94344e+011 1.35765e+010
3.065 4.21145e+011 648957 1.29777e+008 1.81341e+011 2.14405e+011 3.82354e+008 3.96259e+011 2.48863e+010
3.069 4.01409e+011 633568 1.397e+008 1.85272e+011 2.12379e+011 3.63726e+008 3.98154e+011 3.2547e+009
3.073 3.90695e+011 625056 1.50327e+008 1.89225e+011 2.10309e+011 3.45899e+008 4.0003e+011 -9.33483e+009
3.077 3.95978e+011 629267 1.61705e+008 1.93198e+011 2.08196e+011 3.28844e+008 4.01885e+011 -5.90727e+009
3.081 3.85985e+011 621277 1.73881e+008 1.9719e+011 2.06043e+011 3.12533e+008 4.03719e+011 -1.77337e+010
3.085 3.97259e+011 630285 1.86906e+008 2.01197e+011 2.03851e+011 2.9694e+008 4.05532e+011 -8.27254e+009
3.089 4.12828e+011 642517 2.00834e+008 2.05218e+011 2.01622e+011 2.82038e+008 4.07322e+011 5.50552e+009
3.093 4.06524e+011 637592 2.15722e+008 2.09249e+011 1.99357e+011 2.67801e+008 4.0909e+011 -2.56581e+009
3.097 4.62401e+011 680001 2.3163e+008 2.1329e+011 1.97059e+011 2.54205e+008 4.10834e+011 5.15669e+010
3.101 4.67239e+011 683549 2.48622e+008 2.17336e+011 1.94728e+011 2.41224e+008 4.12554e+011 5.46843e+010
3.105 4.74292e+011 688689 2.66763e+008 2.21386e+011 1.92368e+011 2.28836e+008 4.1425e+011 6.00429e+010
3.109 4.71688e+011 686796 2.86125e+008 2.25437e+011 1.89979e+011 2.17017e+008 4.15919e+011 5.57696e+010
3.113 4.46182e+011 667969 3.06782e+008 2.29485e+011 1.87563e+011 2.05745e+008 4.17561e+011 2.86205e+010
3.117 4.32141e+011 657374 3.28811e+008 2.3353e+011 1.85123e+011 1.94998e+008 4.19177e+011 1.29642e+010
3.121 4.3517e+011 659674 3.52294e+008 2.37566e+011 1.8266e+011 1.84756e+008 4.20763e+011 1.44072e+010
3.126 4.19941e+011 648028 3.83826e+008 2.42597e+011 1.79551e+011 1.72631e+008 4.22705e+011 -2.76403e+009
3.13 4.2638e+011 652977 4.10904e+008 2.46607e+011 1.77042e+011 1.6345e+008 4.24223e+011 2.1562e+009
3.134 4.1317e+011 642783 4.39734e+008 2.506e+011 1.74516e+011 1.5471e+008 4.2571e+011 -1.25403e+010
3.138 4.39499e+011 662948 4.70417e+008 2.54573e+011 1.71974e+011 1.46391e+008 4.27164e+011 1.23353e+010
3.142 4.4031e+011 663558 5.03059e+008 2.58524e+011 1.69419e+011 1.38478e+008 4.28584e+011 1.17257e+010
3.146 4.68188e+011 684243 5.37771e+008 2.62449e+011 1.66851e+011 1.30952e+008 4.29969e+011 3.82198e+010
3.15 4.62437e+011 680027 5.74671e+008 2.66345e+011 1.64273e+011 1.23796e+008 4.31317e+011 3.11206e+010
3.155 4.52459e+011 672650 6.2406e+008 2.7117e+011 1.61039e+011 1.15349e+008 4.32949e+011 1.951e+010
3.159 4.48225e+011 669496 6.6634e+008 2.74991e+011 1.58444e+011 1.08971e+008 4.3421e+011 1.40146e+010
3.163 4.25677e+011 652439 7.11226e+008 2.78774e+011 1.55843e+011 1.02913e+008 4.35431e+011 -9.75405e+009
3.167 4.5551e+011 674915 7.58863e+008 2.82514e+011 1.5324e+011 9.71625e+007 4.36611e+011 1.88998e+010
3.171 4.41649e+011 664566 8.09397e+008 2.86211e+011 1.50635e+011 9.17049e+007 4.37747e+011 3.90189e+009
3.176 4.61027e+011 678989 8.76878e+008 2.90763e+011 1.47379e+011 8.52749e+007 4.39104e+011 2.19225e+010
3.18 4.4976e+011 670641 9.34512e+008 2.94348e+011 1.44775e+011 8.04291e+007 4.40138e+011 9.62154e+009
3.184 4.53092e+011 673121 9.95574e+008 2.97878e+011 1.42175e+011 7.58353e+007 4.41125e+011 1.1967e+010
3.188 4.64848e+011 681798 1.06024e+009 3.01351e+011 1.3958e+011 7.14819e+007 4.42063e+011 2.27851e+010
3.193 4.78092e+011 691442 1.14643e+009 3.05607e+011 1.36345e+011 6.6361e+007 4.43165e+011 3.4927e+010
3.197 4.42414e+011 665142 1.21991e+009 3.08939e+011 1.33766e+011 6.25081e+007 4.43988e+011 -1.57367e+009
3.201 4.37784e+011 661653 1.29763e+009 3.12205e+011 1.31197e+011 5.88607e+007 4.44758e+011 -6.97389e+009
3.206 4.58364e+011 677026 1.40106e+009 3.16188e+011 1.28e+011 5.45756e+007 4.45644e+011 1.27208e+010
3.21 4.36939e+011 661014 1.48911e+009 3.19292e+011 1.25456e+011 5.13554e+007 4.46289e+011 -9.3497e+009
3.214 4.2253e+011 650023 1.58211e+009 3.2232e+011 1.22927e+011 4.83103e+007 4.46877e+011 -2.43464e+010
3.219 4.24223e+011 651324 1.70572e+009 3.25993e+011 1.19785e+011 4.47372e+007 4.47529e+011 -2.33056e+010
3.223 4.53208e+011 673207 1.81078e+009 3.28839e+011 1.1729e+011 4.20554e+007 4.47983e+011 5.22521e+009
3.228 4.40486e+011 663691 1.95027e+009 3.32277e+011 1.14197e+011 3.89112e+007 4.48463e+011 -7.97785e+009
3.232 4.22107e+011 649697 2.06872e+009 3.34929e+011 1.11743e+011 3.65532e+007 4.48777e+011 -2.66707e+010
3.236 4.37843e+011 661697 2.19356e+009 3.3749e+011 1.09309e+011 3.43275e+007 4.49027e+011 -1.11836e+010
3.241 4.23604e+011 650849 2.35907e+009 3.4056e+011 1.06296e+011 3.17213e+007 4.49247e+011 -2.56428e+010
3.245 4.04549e+011 636042 2.49941e+009 3.42908e+011 1.03911e+011 2.97692e+007 4.49348e+011 -4.47988e+010
3.25 4.29374e+011 655266 2.68526e+009 3.45705e+011 1.00962e+011 2.74852e+007 4.4938e+011 -2.00059e+010
3.254 4.58184e+011 676893 2.84269e+009 3.4783e+011 9.86293e+010 2.57759e+007 4.49327e+011 8.85668e+009
3.259 4.64742e+011 681720 3.05098e+009 3.5034e+011 9.57492e+010 2.37776e+007 4.49164e+011 1.55777e+010
3.263 4.50083e+011 670882 3.22722e+009 3.52231e+011 9.34742e+010 2.22834e+007 4.48955e+011 1.12851e+009
3.268 4.59977e+011 678216 3.46016e+009 3.54443e+011 9.0668e+010 2.05381e+007 4.48592e+011 1.13853e+010
3.272 4.32492e+011 657642 3.65707e+009 3.5609e+011 8.8454e+010 1.92341e+007 4.48221e+011 -1.57281e+010
3.277 4.45636e+011 667559 3.91706e+009 3.57993e+011 8.57261e+010 1.77123e+007 4.47654e+011 -2.01857e+009
3.281 4.27818e+011 654078 4.13661e+009 3.59389e+011 8.35764e+010 1.65762e+007 4.47118e+011 -1.93008e+010
3.286 4.22781e+011 650216 4.42618e+009 3.60973e+011 8.09306e+010 1.52514e+007 4.46345e+011 -2.35639e+010
3.29 4.43226e+011 665752 4.67047e+009 3.62111e+011 7.88479e+010 1.42633e+007 4.45643e+011 -2.417e+009
3.295 4.34141e+011 658894 4.99234e+009 3.63368e+011 7.62874e+010 1.3112e+007 4.44661e+011 -1.05202e+010
3.299 4.52087e+011 672374 5.2636e+009 3.64242e+011 7.4274e+010 1.2254e+007 4.43791e+011 8.29541e+009
3.304 4.62205e+011 679856 5.62063e+009 3.65166e+011 7.18015e+010 1.12551e+007 4.426e+011 1.96051e+010
3.309 4.63249e+011 680624 5.9985e+009 3.65904e+011 6.93787e+010 1.03326e+007 4.41292e+011 2.19571e+010
3.313 4.44623e+011 666801 6.31643e+009 3.66359e+011 6.74768e+010 9.64606e+006 4.40162e+011 4.46148e+009
3.318 4.25645e+011 652415 6.73423e+009 3.66757e+011 6.51449e+010 8.84782e+006 4.38645e+011 -1.29999e+010
3.323 4.29983e+011 655731 7.17561e+009 3.66966e+011 6.28642e+010 8.11172e+006 4.37014e+011 -7.031e+009
3.327 4.26959e+011 653421 7.54639e+009 3.66996e+011 6.10767e+010 7.56456e+006 4.35627e+011 -8.66798e+009
3.332 4.25548e+011 652340 8.03284e+009 3.66863e+011 5.88887e+010 6.92921e+006 4.33792e+011 -8.24369e+009
3.337 4.39008e+011 662577 8.54582e+009 3.66541e+011 5.67525e+010 6.34416e+006 4.31845e+011 7.16257e+009
3.341 4.19757e+011 647887 8.97604e+009 3.66146e+011 5.50808e+010 5.90985e+006 4.30209e+011 -1.04518e+010
3.346 4.26703e+011 653225 9.53956e+009 3.65484e+011 5.3038e+010 5.40618e+006 4.28067e+011 -1.36396e+009
3.351 4.40736e+011 663879 1.01327e+010 3.64634e+011 5.10469e+010 4.94305e+006 4.25818e+011 1.49175e+010
3.356 4.09369e+011 639819 1.07567e+010 3.63598e+011 4.91076e+010 4.51742e+006 4.23466e+011 -1.40975e+010
3.36 3.93818e+011 627549 1.12789e+010 3.62636e+011 4.75933e+010 4.20201e+006 4.21512e+011 -2.76937e+010
3.365 3.97118e+011 630173 1.19613e+010 3.61268e+011 4.57465e+010 3.83686e+006 4.1898e+011 -2.18619e+010
3.37 4.10769e+011 640913 1.26778e+010 3.5972e+011 4.39509e+010 3.50175e+006 4.16352e+011 -5.58328e+009
3.375 4.15393e+011 644510 1.34297e+010 3.57993e+011 4.22059e+010 3.19438e+006 4.13632e+011 1.76121e+009
3.38 4.00058e+011 632501 1.42182e+010 3.5609e+011 4.05112e+010 2.91258e+006 4.10823e+011 -1.07649e+010
3.385 4.20255e+011 648271 1.50444e+010 3.54014e+011 3.88663e+010 2.65436e+006 4.07928e+011 1.23275e+010
3.389 4.19162e+011 647427 1.57334e+010 3.52231e+011 3.75859e+010 2.46351e+006 4.05553e+011 1.36091e+010
3.394 3.9666e+011 629809 1.66308e+010 3.49851e+011 3.60294e+010 2.24316e+006 4.02514e+011 -5.8539e+009
3.399 3.99479e+011 632043 1.75695e+010 3.47308e+011 3.45212e+010 2.04153e+006 3.99401e+011 7.81359e+007
3.404 3.94507e+011 628098 1.85506e+010 3.44605e+011 3.30606e+010 1.85713e+006 3.96218e+011 -1.71132e+009
3.409 4.05236e+011 636582 1.95756e+010 3.41746e+011 3.16469e+010 1.68857e+006 3.9297e+011 1.22663e+010
3.414 3.79254e+011 615836 2.06454e+010 3.38735e+011 3.02795e+010 1.53458e+006 3.89662e+011 -1.04082e+010
3.419 3.74042e+011 611590 2.17615e+010 3.35578e+011 2.89576e+010 1.39395e+006 3.86298e+011 -1.22563e+010
3.424 3.8131e+011 617503 2.29249e+010 3.32277e+011 2.76805e+010 1.2656e+006 3.82884e+011 -1.57452e+009
3.429 3.71225e+011 609283 2.4137e+010 3.28839e+011 2.64472e+010 1.14852e+006 3.79425e+011 -8.19952e+009
3.434 3.71334e+011 609371 2.53987e+010 3.25269e+011 2.52571e+010 1.04176e+006 3.75926e+011 -4.59196e+009
3.439 3.70206e+011 608446 2.67114e+010 3.2157e+011 2.41092e+010 944478 3.72392e+011 -2.18535e+009
3.444 3.44658e+011 587075 2.8076e+010 3.17749e+011 2.30027e+010 855864 3.68829e+011 -2.41714e+010
3.449 3.70762e+011 608902 2.94937e+010 3.13811e+011 2.19367e+010 775190 3.65243e+011 5.51902e+009
3.454 3.41993e+011 584801 3.09655e+010 3.09762e+011 2.09103e+010 701783 3.61639e+011 -1.96458e+010
3.459 3.50352e+011 591905 3.24924e+010 3.05607e+011 1.99226e+010 635021 3.58022e+011 -7.6704e+009
3.464 3.51007e+011 592458 3.40754e+010 3.01351e+011 1.89726e+010 574333 3.544e+011 -3.39303e+009
3.469 3.55715e+011 596419 3.57153e+010 2.97001e+011 1.80595e+010 519195 3.50776e+011 4.93898e+009
3.474 3.44442e+011 586891 3.7413e+010 2.92562e+011 1.71822e+010 469124 3.47158e+011 -2.71656e+009
3.48 3.5696e+011 597462 3.95277e+010 2.87127e+011 1.61756e+010 415107 3.42831e+011 1.41295e+010
3.485 3.5192e+011 593228 4.13552e+010 2.82514e+011 1.5374e+010 374677 3.39244e+011 1.26756e+010
3.49 3.38736e+011 582010 4.32428e+010 2.77832e+011 1.46053e+010 338022 3.3568e+011 3.05523e+009
3.495 3.12524e+011 559038 4.51911e+010 2.73086e+011 1.38685e+010 304806 3.32145e+011 -1.96215e+010
3.5 3.2814e+011 572835 4.72005e+010 2.68281e+011 1.31627e+010 274722 3.28645e+011 -5.04679e+008
3.505 3.18839e+011 564658 4.92715e+010 2.63426e+011 1.2487e+010 247487 3.25184e+011 -6.34522e+009
3.511 3.15918e+011 562066 5.18383e+010 2.57538e+011 1.17145e+010 218207 3.21091e+011 -5.17348e+009
3.516 3.16754e+011 562809 5.40455e+010 2.52589e+011 1.11016e+010 196367 3.17736e+011 -9.82747e+008
3.521 3.15534e+011 561724 5.6315e+010 2.47607e+011 1.05159e+010 176628 3.14438e+011 1.0963e+009
3.526 3.24547e+011 569691 5.86467e+010 2.42597e+011 9.95644e+009 158796 3.11201e+011 1.33467e+010
3.532 3.04369e+011 551696 6.15266e+010 2.36558e+011 9.31846e+009 139669 3.07403e+011 -3.03459e+009
3.537 2.96617e+011 544625 6.39945e+010 2.31508e+011 8.8136e+009 125436 3.04316e+011 -7.69966e+009
3.542 2.87816e+011 536485 6.65238e+010 2.26449e+011 8.33218e+009 112599 3.01305e+011 -1.34891e+010
3.548 3.06441e+011 553571 6.96395e+010 2.20373e+011 7.78425e+009 98853.4 2.97797e+011 8.64385e+009
3.553 2.8602e+011 534808 7.23021e+010 2.15312e+011 7.35147e+009 88642.7 2.94966e+011 -8.94637e+009
3.558 2.88889e+011 537484 7.50242e+010 2.10259e+011 6.9395e+009 79448.4 2.92223e+011 -3.33408e+009
3.564 2.93499e+011 541755 7.83679e+010 2.04211e+011 6.47149e+009 69620.8 2.89051e+011 4.44776e+009
3.569 2.95724e+011 543805 8.12175e+010 1.99191e+011 6.10254e+009 62333.4 2.86511e+011 9.21266e+009
3.575 2.9549e+011 543590 8.47109e+010 1.93198e+011 5.68394e+009 54553.5 2.83593e+011 1.18968e+010
3.58 2.7455e+011 523975 8.76821e+010 1.88234e+011 5.35436e+009 48791.5 2.81271e+011 -6.72098e+009
3.586 2.88171e+011 536816 9.13175e+010 1.82322e+011 4.98091e+009 42647.5 2.7862e+011 9.55147e+009
3.591 2.98184e+011 546062 9.44032e+010 1.77435e+011 4.68726e+009 38102.6 2.76526e+011 2.16584e+010
3.597 2.79872e+011 529029 9.81707e+010 1.71627e+011 4.35495e+009 33262.2 2.74153e+011 5.71936e+009
3.602 2.80973e+011 530069 1.01362e+011 1.66837e+011 4.09398e+009 29686 2.72293e+011 8.67955e+009
3.608 2.60123e+011 510022 1.0525e+011 1.61156e+011 3.79902e+009 25881.9 2.70205e+011 -1.00824e+010
3.613 2.5939e+011 509303 1.08537e+011 1.5648e+011 3.56768e+009 23074.7 2.68585e+011 -9.19475e+009
3.619 2.4556e+011 495540 1.12533e+011 1.50945e+011 3.30655e+009 20092.3 2.66784e+011 -2.12243e+010
3.624 2.45689e+011 495670 1.15903e+011 1.46399e+011 3.102e+009 17894.1 2.65403e+011 -1.97146e+010
3.63 2.58862e+011 508784 1.19991e+011 1.41027e+011 2.87139e+009 15561.4 2.63889e+011 -5.02774e+009
3.636 2.59841e+011 509746 1.24122e+011 1.35752e+011 2.65614e+009 13523.4 2.6253e+011 -2.68887e+009
3.641 2.61056e+011 510937 1.27594e+011 1.31431e+011 2.48786e+009 12024.2 2.61514e+011 -4.57421e+008
3.647 2.51448e+011 501446 1.31791e+011 1.26342e+011 2.29851e+009 10436.2 2.60432e+011 -8.98307e+009
3.653 2.49938e+011 499938 1.36015e+011 1.2136e+011 2.12214e+009 9051.61 2.59497e+011 -9.55834e+009
3.658 2.68199e+011 517879 1.39551e+011 1.17291e+011 1.98452e+009 8034.95 2.58827e+011 9.37156e+009
3.664 2.73731e+011 523193 1.4381e+011 1.12511e+011 1.82998e+009 6960.1 2.58151e+011 1.55794e+010
3.67 2.52625e+011 502618 1.48078e+011 1.07846e+011 1.68633e+009 6024.85 2.5761e+011 -4.98574e+009
3.676 2.3686e+011 486683 1.52348e+011 1.03298e+011 1.55291e+009 5211.66 2.57199e+011 -2.03389e+010
3.681 2.52355e+011 502349 1.55904e+011 9.95971e+010 1.44908e+009 4616.05 2.56951e+011 -4.59573e+009
3.687 2.53227e+011 503217 1.60162e+011 9.52661e+010 1.33278e+009 3987.93 2.56761e+011 -3.5336e+009
3.693 2.62438e+011 512287 1.64402e+011 9.10556e+010 1.22498e+009 3442.89 2.56683e+011 5.75586e+009
3.699 2.46162e+011 496147 1.68617e+011 8.69663e+010 1.12515e+009 2970.28 2.56709e+011 -1.05467e+010
3.705 2.57617e+011 507560 1.728e+011 8.29988e+010 1.03275e+009 2560.77 2.56832e+011 7.85509e+008
3.711 2.42489e+011 492431 1.76943e+011 7.91533e+010 9.47306e+008 2206.19 2.57044e+011 -1.45549e+010
3.716 2.69803e+011 519426 1.80359e+011 7.60419e+010 8.81071e+008 1947.48 2.57282e+011 1.2521e+010
3.722 2.48042e+011 498038 1.84408e+011 7.24197e+010 8.07173e+008 1675.69 2.57635e+011 -9.59323e+009
3.728 2.50224e+011 500224 1.88395e+011 6.89187e+010 7.38975e+008 1440.82 2.58053e+011 -7.82895e+009
3.734 2.74483e+011 523911 1.92311e+011 6.55381e+010 6.76082e+008 1238.02 2.58526e+011 1.59574e+010
3.74 2.536e+011 503587 1.9615e+011 6.22769e+010 6.18124e+008 1063.02 2.59045e+011 -5.44548e+009
3.746 2.70328e+011 519931 1.99903e+011 5.91339e+010 5.64753e+008 912.131 2.59601e+011 1.07266e+010
3.752 2.66746e+011 516474 2.03561e+011 5.61077e+010 5.15643e+008 782.114 2.60185e+011 6.56099e+009
3.758 2.54674e+011 504652 2.07119e+011 5.31967e+010 4.70485e+008 670.165 2.60786e+011 -6.11238e+009
3.764 2.44673e+011 494644 2.10567e+011 5.03992e+010 4.28992e+008 573.842 2.61395e+011 -1.67223e+010
3.77 2.50625e+011 500624 2.13899e+011 4.77132e+010 3.90895e+008 491.022 2.62003e+011 -1.13785e+010
3.776 2.71547e+011 521102 2.17107e+011 4.51367e+010 3.5594e+008 419.864 2.626e+011 8.94703e+009
3.783 2.70216e+011 519823 2.20684e+011 4.22663e+010 3.18819e+008 349.465 2.63269e+011 6.94648e+009
3.789 2.53572e+011 503559 2.236e+011 3.99195e+010 2.89885e+008 298.372 2.63809e+011 -1.02371e+010
3.795 2.67187e+011 516901 2.2637e+011 3.76749e+010 2.63399e+008 254.573 2.64308e+011 2.87874e+009
3.801 2.50099e+011 500099 2.28989e+011 3.553e+010 2.39172e+008 217.052 2.64758e+011 -1.46587e+010
3.807 2.74501e+011 523928 2.31449e+011 3.34822e+010 2.17027e+008 184.933 2.65148e+011 9.35247e+009
3.813 2.41205e+011 491127 2.33746e+011 3.1529e+010 1.96799e+008 157.458 2.65472e+011 -2.42662e+010
3.82 2.58756e+011 508680 2.36212e+011 2.93661e+010 1.7542e+008 130.404 2.65753e+011 -6.99753e+009
3.826 2.56502e+011 506460 2.38136e+011 2.76084e+010 1.58838e+008 110.863 2.65903e+011 -9.40118e+009
3.832 2.66467e+011 516205 2.39881e+011 2.59366e+010 1.43726e+008 94.1853 2.65961e+011 5.06081e+008
3.838 2.66295e+011 516038 2.41442e+011 2.43478e+010 1.29964e+008 79.9608 2.6592e+011 3.74492e+008
3.845 2.64424e+011 514221 2.43027e+011 2.25956e+010 1.15466e+008 65.9993 2.65738e+011 -1.31482e+009
3.851 2.64838e+011 514624 2.44179e+011 2.11773e+010 1.04258e+008 55.9475 2.6546e+011 -6.22811e+008
3.857 2.71324e+011 520887 2.45137e+011 1.98332e+010 9.40735e+007 47.3937 2.65064e+011 6.2597e+009
3.864 2.52578e+011 502571 2.46006e+011 1.83553e+010 8.33713e+007 39.0184 2.64445e+011 -1.1867e+010
3.87 2.52884e+011 502876 2.46536e+011 1.71626e+010 7.51174e+007 33.0032 2.63774e+011 -1.08902e+010
3.877 2.53178e+011 503168 2.46903e+011 1.58537e+010 6.64582e+007 27.1234 2.62823e+011 -9.64555e+009
3.883 2.52787e+011 502779 2.47e+011 1.47997e+010 5.97913e+007 22.9075 2.61859e+011 -9.07224e+009
3.89 2.34527e+011 484280 2.46859e+011 1.36453e+010 5.28086e+007 18.7933 2.60558e+011 -2.60303e+010
3.896 2.39115e+011 488994 2.46522e+011 1.27176e+010 4.74415e+007 15.8484 2.59287e+011 -2.01718e+010
3.903 2.49682e+011 499682 2.45876e+011 1.17035e+010 4.18296e+007 12.9792 2.57621e+011 -7.93976e+009
3.909 2.29411e+011 478968 2.45108e+011 1.08902e+010 3.75235e+007 10.9289 2.56036e+011 -2.6625e+010
3.916 2.36834e+011 486656 2.43964e+011 1.0003e+010 3.30284e+007 8.9347 2.54e+011 -1.71664e+010
3.922 2.52373e+011 502367 2.42774e+011 9.29284e+009 2.9585e+007 7.512 2.52096e+011 2.76259e+008
3.929 2.47408e+011 497401 2.41145e+011 8.51973e+009 2.59965e+007 6.1305 2.49691e+011 -2.28257e+009
3.936 2.46646e+011 496635 2.39262e+011 7.80303e+009 2.28223e+007 4.99835 2.47088e+011 -4.42151e+008
3.942 2.39978e+011 489875 2.37451e+011 7.23106e+009 2.03969e+007 4.19274 2.44702e+011 -4.72469e+009
3.949 2.38234e+011 488092 2.35113e+011 6.6103e+009 1.78759e+007 3.41245 2.41742e+011 -3.50758e+009
3.956 2.24607e+011 473927 2.32542e+011 6.0367e+009 1.56521e+007 2.77476 2.38594e+011 -1.39867e+010
3.962 2.1543e+011 464144 2.30157e+011 5.58032e+009 1.39573e+007 2.32216 2.35751e+011 -2.03215e+010
3.969 2.28375e+011 477886 2.27172e+011 5.08651e+009 1.22002e+007 1.8849 2.32271e+011 -3.89574e+009
3.976 2.09061e+011 457232 2.23978e+011 4.6317e+009 1.06544e+007 1.52854 2.2862e+011 -1.95595e+010
3.983 2.29572e+011 479137 2.20585e+011 4.21328e+009 9.29597e+006 1.23838 2.24807e+011 4.76489e+009
3.99 2.30755e+011 480370 2.17002e+011 3.82877e+009 8.10328e+006 1.00235 2.20839e+011 9.91563e+009
3.996 2.30287e+011 479882 2.1379e+011 3.5244e+009 7.19828e+006 0.835563 2.17322e+011 1.2965e+010
4.003 2.07042e+011 455019 2.09887e+011 3.19674e+009 6.26403e+006 0.675125 2.1309e+011 -6.04769e+009
4.01 2.13591e+011 462160 2.05827e+011 2.8966e+009 5.44603e+006 0.544978 2.08729e+011 4.86267e+009
4.017 2.11561e+011 459957 2.01622e+011 2.62197e+009 4.7305e+006 0.439505 2.04249e+011 7.31162e+009
4.024 2.00675e+011 447968 1.97285e+011 2.37098e+009 4.10521e+006 0.35411 1.9966e+011 1.01526e+009
4.031 2.13058e+011 461582 1.92828e+011 2.14184e+009 3.55929e+006 0.285038 1.94973e+011 1.80848e+010
4.038 2.08144e+011 456228 1.88263e+011 1.93289e+009 3.08314e+006 0.229223 1.90199e+011 1.79447e+010
4.045 1.92229e+011 438439 1.83603e+011 1.74255e+009 2.66824e+006 0.184163 1.85348e+011 6.88075e+009
4.052 1.9284e+011 439136 1.7886e+011 1.56936e+009 2.30705e+006 0.147821 1.80432e+011 1.2408e+010
4.059 1.84794e+011 429877 1.74048e+011 1.41196e+009 1.99292e+006 0.118539 1.75462e+011 9.33262e+009
4.066 1.7457e+011 417816 1.69177e+011 1.26905e+009 1.71998e+006 0.0949673 1.70448e+011 4.12225e+009
4.073 1.86224e+011 431537 1.64261e+011 1.13945e+009 1.48306e+006 0.0760112 1.65402e+011 2.08225e+010
4.081 1.68218e+011 410144 1.58602e+011 1.00621e+009 1.25057e+006 0.0588662 1.5961e+011 8.60819e+009
4.088 1.62766e+011 403443 1.53629e+011 9.01493e+008 1.07619e+006 0.0470209 1.54532e+011 8.23432e+009
4.095 1.52069e+011 389961 1.48647e+011 8.06854e+008 925271 0.0375237 1.49455e+011 2.61452e+009
4.102 1.58024e+011 397522 1.43668e+011 7.21418e+008 794786 0.0299165 1.4439e+011 1.36339e+010
4.109 1.36898e+011 369997 1.38702e+011 6.44375e+008 682076 0.0238289 1.39347e+011 -2.44896e+009
4.117 1.41952e+011 376765 1.33055e+011 5.65645e+008 572056 0.0183519 1.33622e+011 8.33027e+009
4.124 1.37241e+011 370460 1.28152e+011 5.0414e+008 489966 0.0145881 1.28657e+011 8.5842e+009
4.131 1.39274e+011 373194 1.23293e+011 4.48868e+008 419271 0.0115852 1.23742e+011 1.55315e+010
4.139 1.20386e+011 346967 1.17805e+011 3.92592e+008 350483 0.00889216 1.18198e+011 2.18853e+009
4.146 1.02819e+011 320654 1.1307e+011 3.48791e+008 299323 0.00704749 1.13419e+011 -1.06e+010
4.154 1.07339e+011 327627 1.07745e+011 3.04306e+008 249652 0.00539677 1.08049e+011 -7.09922e+008
4.161 1.05865e+011 325368 1.03169e+011 2.69767e+008 212791 0.00426857 1.03439e+011 2.4258e+009
4.168 9.22894e+010 303792 9.86783e+010 2.38907e+008 181206 0.00337303 9.89173e+010 -6.62796e+009
4.176 7.92811e+010 281569 9.3658e+010 2.07678e+008 150638 0.00257422 9.38659e+010 -1.45847e+010
4.183 8.6496e+010 294102 8.93693e+010 1.83521e+008 128026 0.00203004 8.9553e+010 -3.05698e+009
4.191 8.18167e+010 286036 8.45932e+010 1.59137e+008 106190 0.00154571 8.47524e+010 -2.93575e+009
4.199 8.14548e+010 285403 7.99567e+010 1.37809e+008 87972.4 0.00117548 8.00946e+010 1.36023e+009
4.206 6.57311e+010 256381 7.60185e+010 1.21374e+008 74541.7 0.000924114 7.614e+010 -1.04089e+010
4.214 6.558e+010 256086 7.16576e+010 1.04847e+008 61614.8 0.000701145 7.17625e+010 -6.1825e+009
4.222 6.35599e+010 252111 6.74494e+010 9.04505e+007 50868.7 0.000531318 6.75399e+010 -3.97994e+009
4.229 6.12771e+010 247542 6.38946e+010 7.93984e+007 42972.6 0.000416407 6.3974e+010 -2.69696e+009
4.237 5.50746e+010 234680 5.99795e+010 6.83262e+007 35398.1 0.000314819 6.00479e+010 -4.97331e+009
4.245 5.48701e+010 234244 5.6223e+010 5.87203e+007 29123.7 0.000237721 5.62818e+010 -1.41164e+009
4.253 5.19405e+010 227905 5.26257e+010 5.0398e+007 23932.7 0.000179282 5.26761e+010 -7.35601e+008
4.26 4.74544e+010 217840 4.96086e+010 4.40416e+007 20135.7 0.000139922 4.96526e+010 -2.19825e+009
4.268 4.84548e+010 220125 4.63088e+010 3.7706e+007 16509.5 0.000105281 4.63466e+010 2.10828e+009
4.276 4.80126e+010 219118 4.31662e+010 3.2239e+007 13520.1 7.91193e-005 4.31984e+010 4.81418e+009
4.284 3.57059e+010 188960 4.01787e+010 2.75282e+007 11058.8 5.93851e-005 4.02062e+010 -4.50034e+009
4.292 4.14336e+010 203552 3.7344e+010 2.34746e+007 9034.65 4.45181e-005 3.73675e+010 4.06616e+009
4.3 3.97677e+010 199418 3.46591e+010 1.99914e+007 7372.16 3.33319e-005 3.46791e+010 5.08858e+009
4.308 3.17808e+010 178272 3.21209e+010 1.70025e+007 6008.37 2.49258e-005 3.21379e+010 -3.57084e+008
4.316 2.92327e+010 170976 2.97255e+010 1.44414e+007 4891 1.86166e-005 2.974e+010 -5.0732e+008
4.324 2.78152e+010 166779 2.74691e+010 1.22498e+007 3976.65 1.38873e-005 2.74813e+010 3.33885e+008
4.332 2.46791e+010 157096 2.53473e+010 1.0377e+007 3229.36 1.03466e-005 2.53577e+010 -6.7861e+008
4.34 2.51643e+010 158632 2.33556e+010 8.77891e+006 2619.35 7.69917e-006 2.33644e+010 1.79987e+009
4.348 2.39724e+010 154830 2.14894e+010 7.4171e+006 2122.02 5.72208e-006 2.14968e+010 2.47562e+009
4.357 2.751e+010 165861 1.95337e+010 6.12618e+006 1672.06 4.09177e-006 1.95398e+010 7.97021e+009
4.365 2.24427e+010 149809 1.79177e+010 5.16132e+006 1351.14 3.03307e-006 1.79229e+010 4.51983e+009
4.373 1.93109e+010 138964 1.64117e+010 4.34267e+006 1090.51 2.24553e-006 1.64161e+010 2.89478e+009
4.381 1.68544e+010 129824 1.50106e+010 3.64903e+006 879.091 1.66042e-006 1.50143e+010 1.8401e+009
4.39 1.91607e+010 138422 1.35534e+010 2.99545e+006 688.839 1.18057e-006 1.35564e+010 5.6043e+009
4.398 1.76619e+010 132898 1.23583e+010 2.50992e+006 553.881 8.70668e-007 1.23608e+010 5.30115e+009
4.406 1.54479e+010 124289 1.12523e+010 2.10031e+006 444.83 6.41326e-007 1.12544e+010 4.19347e+009
4.415 1.75825e+010 132599 1.01084e+010 1.71611e+006 347.093 4.54012e-007 1.01101e+010 7.47239e+009
4.423 1.48508e+010 121864 9.17556e+009 1.43201e+006 278.045 3.33546e-007 9.177e+009 5.67379e+009
