1.772 1.19201e+010 109179 1.39341e-009 4.2022 787427 7.286e+008 7.29387e+008 1.11907e+010
1.773 1.26179e+010 112330 1.45655e-009 4.34391 805363 7.36258e+008 7.37063e+008 1.18809e+010
1.775 1.21251e+010 110114 1.59145e-009 4.64154 842418 7.51777e+008 7.5262e+008 1.13725e+010
1.776 1.28207e+010 113229 1.66346e-009 4.79776 861554 7.59639e+008 7.60501e+008 1.20602e+010
1.777 1.2566e+010 112098 1.73869e-009 4.95913 881106 7.6757e+008 7.68452e+008 1.17976e+010
1.778 1.42061e+010 119189 1.81729e-009 5.12582 901085 7.75571e+008 7.76472e+008 1.34296e+010
1.78 1.27679e+010 112995 1.98517e-009 5.47582 942353 7.91781e+008 7.92724e+008 1.19752e+010
1.781 1.32225e+010 114989 2.07478e-009 5.65951 963661 7.99992e+008 8.00956e+008 1.24216e+010
1.782 1.39116e+010 117948 2.16838e-009 5.84922 985431 8.08274e+008 8.0926e+008 1.31024e+010
1.783 1.53052e+010 123714 2.26616e-009 6.04517 1.00767e+006 8.16628e+008 8.17635e+008 1.44876e+010
1.785 1.24624e+010 111635 2.47499e-009 6.45655 1.05361e+006 8.33551e+008 8.34605e+008 1.16278e+010
1.786 1.45585e+010 120659 2.58644e-009 6.6724 1.07732e+006 8.42122e+008 8.432e+008 1.37153e+010
1.787 1.43979e+010 119991 2.70284e-009 6.89532 1.10155e+006 8.50767e+008 8.51868e+008 1.3546e+010
1.788 1.41334e+010 118884 2.82442e-009 7.12553 1.1263e+006 8.59485e+008 8.60611e+008 1.32728e+010
1.789 1.34227e+010 115856 2.95141e-009 7.36327 1.15158e+006 8.68277e+008 8.69429e+008 1.25533e+010
1.791 1.31642e+010 114735 3.22257e-009 7.86229 1.20378e+006 8.86086e+008 8.8729e+008 1.22769e+010
1.792 1.2937e+010 113741 3.36725e-009 8.12408 1.23073e+006 8.95104e+008 8.96335e+008 1.20407e+010
1.793 1.47103e+010 121286 3.51834e-009 8.3944 1.25825e+006 9.04198e+008 9.05456e+008 1.38049e+010
1.794 1.2853e+010 113371 3.67614e-009 8.67353 1.28636e+006 9.13368e+008 9.14654e+008 1.19383e+010
1.796 1.11187e+010 105445 4.01304e-009 9.25933 1.34441e+006 9.3194e+008 9.33285e+008 1.01854e+010
1.797 1.1262e+010 106122 4.19276e-009 9.56659 1.37436e+006 9.41343e+008 9.42717e+008 1.03192e+010
1.798 1.34603e+010 116019 4.38043e-009 9.88384 1.40495e+006 9.50824e+008 9.52229e+008 1.25081e+010
1.799 1.29799e+010 113929 4.57641e-009 10.2114 1.4362e+006 9.60383e+008 9.6182e+008 1.20181e+010
1.801 1.31742e+010 114779 4.99475e-009 10.8987 1.5007e+006 9.79741e+008 9.81242e+008 1.2193e+010
1.802 1.29742e+010 113904 5.21789e-009 11.2591 1.53398e+006 9.8954e+008 9.91074e+008 1.19831e+010
1.803 1.24092e+010 111397 5.45088e-009 11.6312 1.56796e+006 9.99419e+008 1.00099e+009 1.14082e+010
1.805 1.20242e+010 109655 5.94815e-009 12.4119 1.63811e+006 1.01942e+009 1.02106e+009 1.10031e+010
1.806 1.36346e+010 116767 6.21335e-009 12.8213 1.67431e+006 1.02955e+009 1.03122e+009 1.26034e+010
1.807 1.42283e+010 119282 6.49023e-009 13.2439 1.71126e+006 1.03975e+009 1.04146e+009 1.31868e+010
1.808 1.33838e+010 115688 6.77931e-009 13.6801 1.749e+006 1.05004e+009 1.05179e+009 1.2332e+010
1.81 1.2813e+010 113195 7.39621e-009 14.5951 1.82688e+006 1.07087e+009 1.0727e+009 1.17403e+010
1.811 1.2961e+010 113846 7.72516e-009 15.0748 1.86706e+006 1.08141e+009 1.08328e+009 1.18777e+010
1.812 1.41724e+010 119048 8.06856e-009 15.57 1.90807e+006 1.09204e+009 1.09395e+009 1.30784e+010
1.813 1.30255e+010 114129 8.42705e-009 16.0811 1.94995e+006 1.10275e+009 1.1047e+009 1.19208e+010
1.815 9.71071e+009 98542.9 9.19194e-009 17.153 2.03637e+006 1.12443e+009 1.12647e+009 8.58424e+009
1.816 1.21647e+010 110293 9.59974e-009 17.7148 2.08094e+006 1.1354e+009 1.13748e+009 1.10272e+010
1.817 1.24181e+010 111437 1.00254e-008 18.2947 2.12644e+006 1.14646e+009 1.14858e+009 1.12696e+010
1.819 1.34051e+010 115781 1.09335e-008 19.5108 2.22032e+006 1.16883e+009 1.17105e+009 1.22341e+010
1.82 1.15561e+010 107500 1.14176e-008 20.1481 2.26873e+006 1.18015e+009 1.18242e+009 1.03737e+010
1.821 1.26727e+010 112573 1.19229e-008 20.8059 2.31815e+006 1.19156e+009 1.19388e+009 1.14789e+010
1.822 1.43593e+010 119830 1.24503e-008 21.4846 2.3686e+006 1.20306e+009 1.20543e+009 1.31538e+010
1.824 1.08623e+010 104222 1.35752e-008 22.9077 2.47267e+006 1.22633e+009 1.2288e+009 9.6335e+009
1.825 1.33196e+010 115411 1.41747e-008 23.6534 2.52633e+006 1.2381e+009 1.24063e+009 1.2079e+010
1.826 1.25718e+010 112124 1.48004e-008 24.4229 2.5811e+006 1.24996e+009 1.25254e+009 1.13193e+010
1.828 1.42376e+010 119321 1.61349e-008 26.0361 2.69406e+006 1.27396e+009 1.27665e+009 1.29609e+010
1.829 1.11576e+010 105630 1.68461e-008 26.8813 2.7523e+006 1.2861e+009 1.28885e+009 9.86879e+009
1.83 1.21167e+010 110076 1.75883e-008 27.7534 2.81175e+006 1.29833e+009 1.30114e+009 1.08156e+010
1.832 1.28226e+010 113237 1.91709e-008 29.5814 2.93433e+006 1.32307e+009 1.32601e+009 1.14966e+010
1.833 1.26965e+010 112679 2.00142e-008 30.5391 2.99752e+006 1.33558e+009 1.33858e+009 1.13579e+010
1.834 1.15235e+010 107348 2.08942e-008 31.5271 3.06201e+006 1.34819e+009 1.35125e+009 1.01723e+010
1.835 1.23544e+010 111150 2.18124e-008 32.5464 3.12783e+006 1.36089e+009 1.36402e+009 1.09903e+010
1.837 1.11432e+010 105561 2.377e-008 34.6826 3.26353e+006 1.38659e+009 1.38985e+009 9.7533e+009
1.838 1.08525e+010 104175 2.4813e-008 35.8015 3.33347e+006 1.39958e+009 1.40291e+009 9.44959e+009
1.839 1.29732e+010 113900 2.59013e-008 36.9557 3.40485e+006 1.41267e+009 1.41607e+009 1.15571e+010
1.841 1.24761e+010 111696 2.82211e-008 39.3744 3.55199e+006 1.43914e+009 1.44269e+009 1.10334e+010
1.842 1.15166e+010 107316 2.9457e-008 40.6412 3.62783e+006 1.45252e+009 1.45615e+009 1.00605e+010
1.843 1.23406e+010 111088 3.07462e-008 41.9478 3.7052e+006 1.46601e+009 1.46971e+009 1.08709e+010
1.845 1.24441e+010 111553 3.34944e-008 44.6854 3.8647e+006 1.49327e+009 1.49713e+009 1.0947e+010
1.846 1.26476e+010 112462 3.49582e-008 46.119 3.94689e+006 1.50705e+009 1.511e+009 1.11366e+010
1.847 1.32064e+010 114919 3.64851e-008 47.5976 4.03074e+006 1.52093e+009 1.52496e+009 1.16815e+010
1.849 1.36663e+010 116903 3.97395e-008 50.6951 4.20358e+006 1.549e+009 1.55321e+009 1.21131e+010
1.85 1.88359e+010 137244 4.14727e-008 52.317 4.29262e+006 1.56319e+009 1.56748e+009 1.72685e+010
1.851 1.60171e+010 126559 4.32806e-008 53.9896 4.38347e+006 1.57748e+009 1.58186e+009 1.44352e+010
1.853 1.56838e+010 125235 4.71332e-008 57.493 4.57069e+006 1.60637e+009 1.61094e+009 1.40729e+010
1.854 1.50618e+010 122727 4.91846e-008 59.3272 4.66713e+006 1.62097e+009 1.62564e+009 1.34362e+010
1.855 1.49226e+010 122158 5.13243e-008 61.2186 4.76551e+006 1.63567e+009 1.64044e+009 1.32821e+010
1.857 1.50494e+010 122676 5.58835e-008 65.1798 4.96824e+006 1.6654e+009 1.67037e+009 1.33791e+010
1.858 1.4282e+010 119507 5.83109e-008 67.2533 5.07267e+006 1.68042e+009 1.68549e+009 1.25965e+010
1.859 1.52805e+010 123614 6.08424e-008 69.3913 5.17918e+006 1.69554e+009 1.70072e+009 1.35798e+010
1.861 1.20578e+010 109808 6.62358e-008 73.8685 5.39863e+006 1.72611e+009 1.73151e+009 1.03263e+010
1.862 1.36236e+010 116720 6.91071e-008 76.2118 5.51165e+006 1.74156e+009 1.74707e+009 1.18765e+010
1.863 1.33244e+010 115431 7.21012e-008 78.6278 5.62692e+006 1.75711e+009 1.76274e+009 1.15617e+010
1.865 1.01023e+010 100510 7.84794e-008 83.6863 5.8644e+006 1.78855e+009 1.79441e+009 8.30792e+009
1.866 1.22499e+010 110679 8.18744e-008 86.3336 5.98669e+006 1.80443e+009 1.81041e+009 1.04395e+010
1.868 1.09335e+010 104563 8.91058e-008 91.8759 6.23858e+006 1.83651e+009 1.84275e+009 9.09071e+009
1.869 1.33014e+010 115332 9.29547e-008 94.776 6.36829e+006 1.85272e+009 1.85909e+009 1.14423e+010
1.87 1.34097e+010 115800 9.69677e-008 97.7655 6.50056e+006 1.86904e+009 1.87554e+009 1.15342e+010
1.872 1.1621e+010 107801 1.05514e-007 104.024 6.77298e+006 1.90201e+009 1.90879e+009 9.71217e+009
1.873 9.22154e+009 96028.9 1.10063e-007 107.298 6.91323e+006 1.91867e+009 1.92558e+009 7.29596e+009
1.874 1.11572e+010 105627 1.14805e-007 110.673 7.05625e+006 1.93543e+009 1.94249e+009 9.21468e+009
1.876 9.95678e+009 99783.7 1.24902e-007 117.736 7.35077e+006 1.9693e+009 1.97665e+009 7.98013e+009
1.877 1.12372e+010 106006 1.30275e-007 121.432 7.50238e+006 1.98641e+009 1.99391e+009 9.24332e+009
1.879 1.27706e+010 113007 1.41716e-007 129.165 7.81457e+006 2.02096e+009 2.02877e+009 1.07418e+010
1.88 1.02112e+010 101051 1.47802e-007 133.21 7.97526e+006 2.03841e+009 2.04638e+009 8.16484e+009
1.881 1.4396e+010 119983 1.54147e-007 137.379 8.13909e+006 2.05597e+009 2.06411e+009 1.23319e+010
1.883 1.4205e+010 119185 1.67656e-007 146.103 8.4764e+006 2.09144e+009 2.09991e+009 1.21051e+010
1.884 1.4622e+010 120921 1.74842e-007 150.666 8.65e+006 2.10935e+009 2.118e+009 1.2504e+010
1.885 1.70975e+010 130757 1.82333e-007 155.367 8.82697e+006 2.12737e+009 2.1362e+009 1.49613e+010
1.887 1.79853e+010 134109 1.98277e-007 165.205 9.1913e+006 2.16377e+009 2.17296e+009 1.58123e+010
1.888 1.43786e+010 119911 2.06759e-007 170.349 9.37879e+006 2.18215e+009 2.19153e+009 1.21871e+010
1.89 1.5555e+010 124720 2.24811e-007 181.111 9.76471e+006 2.21925e+009 2.22902e+009 1.33259e+010
1.891 1.41901e+010 119122 2.34412e-007 186.739 9.96328e+006 2.23798e+009 2.24795e+009 1.19422e+010
1.892 1.15469e+010 107456 2.44419e-007 192.537 1.01657e+007 2.25683e+009 2.267e+009 9.27989e+009
1.894 1.13546e+010 106558 2.65714e-007 204.665 1.05823e+007 2.29489e+009 2.30547e+009 9.0491e+009
1.895 1.1885e+010 109018 2.77039e-007 211.006 1.07966e+007 2.3141e+009 2.3249e+009 9.56006e+009
1.897 1.12843e+010 106227 3.01138e-007 224.268 1.12377e+007 2.35288e+009 2.36412e+009 8.92016e+009
1.898 9.5983e+009 97970.9 3.13953e-007 231.201 1.14646e+007 2.37245e+009 2.38391e+009 7.21439e+009
1.9 1.03882e+010 101923 3.4122e-007 245.701 1.19315e+007 2.41195e+009 2.42388e+009 7.96431e+009
1.901 9.46606e+009 97293.7 3.55718e-007 253.28 1.21716e+007 2.43189e+009 2.44406e+009 7.022e+009
1.902 1.11371e+010 105533 3.70824e-007 261.087 1.24164e+007 2.45194e+009 2.46436e+009 8.67277e+009
1.904 1.06613e+010 103253 4.02962e-007 277.412 1.292e+007 2.49242e+009 2.50534e+009 8.15593e+009
1.905 1.0573e+010 102825 4.20047e-007 285.945 1.3179e+007 2.51285e+009 2.52603e+009 8.047e+009
1.907 1.07755e+010 103805 4.56394e-007 303.785 1.37118e+007 2.55407e+009 2.56778e+009 8.20773e+009
1.908 1.07511e+010 103688 4.75714e-007 313.108 1.39858e+007 2.57486e+009 2.58885e+009 8.16228e+009
1.91 1.02726e+010 101354 5.16812e-007 332.6 1.45495e+007 2.61683e+009 2.63138e+009 7.64122e+009
1.911 1.16559e+010 107962 5.38656e-007 342.785 1.48394e+007 2.638e+009 2.65284e+009 9.00306e+009
1.912 9.97813e+009 99890.6 5.61412e-007 353.274 1.51347e+007 2.65929e+009 2.67442e+009 7.30371e+009
1.914 8.89171e+009 94295.9 6.0981e-007 375.2 1.57422e+007 2.70225e+009 2.718e+009 6.17371e+009
1.915 1.07417e+010 103642 6.35532e-007 386.656 1.60545e+007 2.72392e+009 2.73998e+009 8.00175e+009
1.917 9.14315e+009 95619.8 6.90231e-007 410.601 1.66968e+007 2.76764e+009 2.78434e+009 6.35881e+009
1.918 1.08645e+010 104233 7.19299e-007 423.11 1.7027e+007 2.78969e+009 2.80672e+009 8.05782e+009
1.92 1.15631e+010 107532 7.8111e-007 449.253 1.77061e+007 2.83417e+009 2.85188e+009 8.71118e+009
1.921 1.05848e+010 102882 8.13953e-007 462.909 1.80552e+007 2.8566e+009 2.87466e+009 7.71012e+009
1.922 9.92614e+009 99630 8.4816e-007 476.971 1.84108e+007 2.87916e+009 2.89757e+009 7.02856e+009
1.924 1.02753e+010 101367 9.20888e-007 506.354 1.9142e+007 2.92466e+009 2.94381e+009 7.33145e+009
1.925 1.03905e+010 101934 9.59527e-007 521.7 1.95178e+007 2.9476e+009 2.96712e+009 7.42334e+009
1.927 9.81243e+009 99057.7 1.04167e-006 553.767 2.02905e+007 2.99387e+009 3.01416e+009 6.79827e+009
1.928 1.08779e+010 104297 1.08531e-006 570.513 2.06876e+007 3.0172e+009 3.03789e+009 7.83996e+009
1.93 8.4619e+009 91988.6 1.17808e-006 605.501 2.1504e+007 3.06424e+009 3.08575e+009 5.37615e+009
1.931 9.52416e+009 97591.8 1.22735e-006 623.771 2.19235e+007 3.08796e+009 3.10988e+009 6.41428e+009
1.933 1.08455e+010 104142 1.33209e-006 661.938 2.27859e+007 3.13578e+009 3.15856e+009 7.68695e+009
1.934 9.50256e+009 97481.1 1.38771e-006 681.867 2.3229e+007 3.15988e+009 3.18311e+009 6.31945e+009
1.936 1.01973e+010 100982 1.50594e-006 723.494 2.41398e+007 3.20848e+009 3.23262e+009 6.96471e+009
1.937 1.02211e+010 101099 1.56873e-006 745.227 2.46078e+007 3.23297e+009 3.25758e+009 6.96348e+009
1.939 8.60883e+009 92783.8 1.70217e-006 790.619 2.55695e+007 3.28235e+009 3.30792e+009 5.30092e+009
1.94 1.04984e+010 102462 1.77303e-006 814.315 2.60636e+007 3.30723e+009 3.3333e+009 7.1651e+009
1.942 9.68954e+009 98435.4 1.92359e-006 863.803 2.7079e+007 3.3574e+009 3.38448e+009 6.30506e+009
1.943 1.03485e+010 101727 2.00354e-006 889.634 2.76006e+007 3.38267e+009 3.41028e+009 6.9382e+009
1.945 9.67802e+009 98376.9 2.17341e-006 943.576 2.86723e+007 3.43362e+009 3.4623e+009 6.21573e+009
1.946 9.51472e+009 97543.4 2.2636e-006 971.73 2.92228e+007 3.45929e+009 3.48852e+009 6.0262e+009
1.948 9.69147e+009 98445.3 2.4552e-006 1030.51 3.03539e+007 3.51103e+009 3.54139e+009 6.15009e+009
1.949 8.87938e+009 94230.4 2.55692e-006 1061.19 3.09348e+007 3.5371e+009 3.56803e+009 5.31134e+009
1.951 9.57156e+009 97834.4 2.77301e-006 1125.24 3.21282e+007 3.58962e+009 3.62175e+009 5.94981e+009
1.952 9.98238e+009 99911.9 2.88771e-006 1158.66 3.2741e+007 3.61608e+009 3.64883e+009 6.33356e+009
1.954 9.57963e+009 97875.6 3.13135e-006 1228.44 3.4e+007 3.6694e+009 3.7034e+009 5.87623e+009
1.955 9.075e+009 95262.8 3.26067e-006 1264.84 3.46465e+007 3.69626e+009 3.7309e+009 5.34409e+009
1.957 9.11717e+009 95483.9 3.53532e-006 1340.83 3.59743e+007 3.75036e+009 3.78634e+009 5.33083e+009
1.958 8.85432e+009 94097.4 3.68109e-006 1380.48 3.66561e+007 3.77761e+009 3.81427e+009 5.04005e+009
1.96 8.00849e+009 89490.2 3.99065e-006 1463.22 3.80563e+007 3.83251e+009 3.87057e+009 4.13792e+009
1.961 9.14947e+009 95652.8 4.15493e-006 1506.39 3.87752e+007 3.86016e+009 3.89894e+009 5.25053e+009
1.963 9.93223e+009 99660.6 4.50377e-006 1596.48 4.02515e+007 3.91585e+009 3.9561e+009 5.97612e+009
1.964 9.53057e+009 97624.7 4.68888e-006 1643.47 4.10094e+007 3.94389e+009 3.9849e+009 5.54567e+009
1.966 9.79696e+009 98979.6 5.0819e-006 1741.52 4.25656e+007 4.00037e+009 4.04294e+009 5.75402e+009
1.967 9.10969e+009 95444.7 5.29043e-006 1792.66 4.33643e+007 4.02881e+009 4.07217e+009 5.03751e+009
1.969 7.95889e+009 89212.6 5.73314e-006 1899.37 4.50044e+007 4.08608e+009 4.13108e+009 3.8278e+009
1.97 9.87959e+009 99396.1 5.96802e-006 1955.02 4.58462e+007 4.11491e+009 4.16076e+009 5.71883e+009
1.972 9.56225e+009 97786.8 6.46662e-006 2071.12 4.75744e+007 4.17297e+009 4.22055e+009 5.34171e+009
1.973 8.71695e+009 93364.6 6.73111e-006 2131.67 4.84612e+007 4.2022e+009 4.25066e+009 4.46629e+009
1.975 9.37253e+009 96811.9 7.29254e-006 2257.96 5.02819e+007 4.26104e+009 4.31133e+009 5.06121e+009
1.976 9.61094e+009 98035.4 7.59034e-006 2323.82 5.12161e+007 4.29066e+009 4.34188e+009 5.26906e+009
1.978 9.36229e+009 96759 8.22238e-006 2461.18 5.31338e+007 4.35029e+009 4.40343e+009 4.95887e+009
1.98 8.88804e+009 94276.4 8.90631e-006 2606.43 5.51188e+007 4.41044e+009 4.46557e+009 4.42247e+009
1.981 9.44031e+009 97161.3 9.26902e-006 2682.15 5.61372e+007 4.44072e+009 4.49686e+009 4.94346e+009
1.983 9.52045e+009 97572.8 1.00387e-005 2840.08 5.82274e+007 4.50165e+009 4.55988e+009 4.96057e+009
1.984 1.11418e+010 105555 1.04469e-005 2922.4 5.92996e+007 4.53231e+009 4.59161e+009 6.55021e+009
1.986 7.90909e+009 88933.1 1.1313e-005 3094.06 6.15001e+007 4.59402e+009 4.65553e+009 3.25357e+009
1.987 9.59036e+009 97930.4 1.17722e-005 3183.53 6.26288e+007 4.62507e+009 4.6877e+009 4.90266e+009
1.989 9.45512e+009 97237.5 1.27466e-005 3370.1 6.49448e+007 4.68756e+009 4.75251e+009 4.70262e+009
1.99 9.20535e+009 95944.5 1.32632e-005 3467.33 6.61328e+007 4.71899e+009 4.78513e+009 4.42022e+009
1.992 9.55863e+009 97768.2 1.43591e-005 3670.04 6.857e+007 4.78225e+009 4.85082e+009 4.70781e+009
1.994 7.45284e+009 86329.9 1.55442e-005 3884.27 7.10914e+007 4.84602e+009 4.91711e+009 2.53573e+009
1.995 9.57346e+009 97844 1.61725e-005 3995.9 7.23844e+007 4.87809e+009 4.95048e+009 4.62298e+009
1.997 8.2065e+009 90589.7 1.75051e-005 4228.6 7.50369e+007 4.94262e+009 5.01766e+009 3.18884e+009
1.998 9.12252e+009 95511.9 1.82114e-005 4349.84 7.63971e+007 4.97507e+009 5.05147e+009 4.07104e+009
2 8.23623e+009 90753.7 1.97096e-005 4602.54 7.9187e+007 5.04036e+009 5.11955e+009 3.11668e+009
2.001 9.49582e+009 97446.5 2.05036e-005 4734.19 8.06174e+007 5.07319e+009 5.15381e+009 4.34201e+009
2.003 8.61887e+009 92837.8 2.21874e-005 5008.58 8.35513e+007 5.13923e+009 5.22278e+009 3.39608e+009
2.005 8.49663e+009 92177.2 2.40075e-005 5298.4 8.65849e+007 5.20576e+009 5.29235e+009 3.20428e+009
2.006 7.72565e+009 87895.7 2.49721e-005 5449.36 8.81401e+007 5.23922e+009 5.32736e+009 2.39829e+009
2.008 8.3859e+009 91574.6 2.70172e-005 5763.94 9.13293e+007 5.30649e+009 5.39783e+009 2.98807e+009
2.009 9.28963e+009 96382.7 2.81008e-005 5927.78 9.2964e+007 5.34032e+009 5.43329e+009 3.85635e+009
2.011 9.99518e+009 99975.9 3.03983e-005 6269.15 9.6316e+007 5.40833e+009 5.50465e+009 4.49053e+009
2.013 7.22374e+009 84992.6 3.28808e-005 6629.6 9.97807e+007 5.47682e+009 5.57661e+009 1.64713e+009
2.014 8.24587e+009 90806.7 3.41961e-005 6817.31 1.01556e+008 5.51125e+009 5.61281e+009 2.63305e+009
2.016 8.06187e+009 89787.9 3.69841e-005 7208.34 1.05197e+008 5.58047e+009 5.68567e+009 2.3762e+009
2.017 9.11992e+009 95498.3 3.8461e-005 7411.94 1.07063e+008 5.61525e+009 5.72232e+009 3.3976e+009
2.019 8.20904e+009 90603.8 4.15914e-005 7836.06 1.10887e+008 5.68519e+009 5.79608e+009 2.41296e+009
2.021 8.35447e+009 91402.8 4.49728e-005 8283.72 1.14839e+008 5.75559e+009 5.87043e+009 2.48403e+009
2.022 7.85947e+009 88653.7 4.67638e-005 8516.77 1.16863e+008 5.79096e+009 5.90783e+009 1.95164e+009
2.024 8.18672e+009 90480.5 5.05593e-005 9002.14 1.21013e+008 5.86206e+009 5.98308e+009 2.20363e+009
2.026 8.87234e+009 94193.1 5.46583e-005 9514.35 1.25301e+008 5.93362e+009 6.05893e+009 2.8134e+009
2.027 9.01675e+009 94956.6 5.6829e-005 9780.96 1.27497e+008 5.96957e+009 6.09708e+009 2.91967e+009
2.029 8.42555e+009 91790.8 6.14285e-005 10336.1 1.31998e+008 6.04181e+009 6.17382e+009 2.25172e+009
2.03 8.03008e+009 89610.7 6.38639e-005 10625.1 1.34303e+008 6.0781e+009 6.21242e+009 1.81766e+009
2.032 8.62276e+009 92858.8 6.9024e-005 11226.7 1.39027e+008 6.15102e+009 6.29006e+009 2.3327e+009
2.034 1.03968e+010 101965 7.45947e-005 11861.3 1.43906e+008 6.22437e+009 6.36829e+009 4.02852e+009
2.035 9.57735e+009 97863.9 7.7544e-005 12191.6 1.46405e+008 6.26122e+009 6.40763e+009 3.16972e+009
2.037 7.79737e+009 88302.7 8.37917e-005 12879.1 1.51524e+008 6.33523e+009 6.48676e+009 1.31061e+009
2.039 8.31015e+009 91160 9.05351e-005 13604.2 1.56809e+008 6.40966e+009 6.56649e+009 1.74366e+009
2.04 9.56167e+009 97783.8 9.41047e-005 13981.4 1.59516e+008 6.44704e+009 6.60657e+009 2.9551e+009
2.042 8.51372e+009 92269.8 0.000101665 14766.6 1.6506e+008 6.52211e+009 6.68719e+009 1.82653e+009
2.044 8.10214e+009 90011.9 0.000109824 15594.6 1.70783e+008 6.5976e+009 6.7684e+009 1.33374e+009
2.045 8.13376e+009 90187.4 0.000114142 16025.3 1.73713e+008 6.6355e+009 6.80923e+009 1.32453e+009
2.047 9.07355e+009 95255.2 0.000123286 16921.6 1.79715e+008 6.7116e+009 6.89133e+009 2.18222e+009
2.049 9.48734e+009 97403 0.000133151 17866.5 1.85908e+008 6.7881e+009 6.97402e+009 2.51332e+009
2.05 9.27316e+009 96297.3 0.000138372 18358 1.89079e+008 6.8265e+009 7.01559e+009 2.25757e+009
2.052 9.3754e+009 96826.7 0.000149426 19380.6 1.95571e+008 6.90359e+009 7.09918e+009 2.27622e+009
2.054 8.47723e+009 92071.9 0.000161349 20458.3 2.0227e+008 6.98106e+009 7.18335e+009 1.29388e+009
2.055 8.14239e+009 90235.2 0.000167657 21018.8 2.05699e+008 7.01994e+009 7.22566e+009 9.16724e+008
2.057 8.78672e+009 93737.5 0.000181012 22184.7 2.12719e+008 7.09798e+009 7.31072e+009 1.476e+009
2.059 8.21666e+009 90645.8 0.000195414 23413.3 2.19961e+008 7.17639e+009 7.39637e+009 8.2028e+008
2.06 8.8867e+009 94269.3 0.000203033 24052.1 2.23667e+008 7.21573e+009 7.43942e+009 1.44728e+009
2.062 1.01652e+010 100822 0.000219159 25380.8 2.31253e+008 7.29468e+009 7.52596e+009 2.6392e+009
2.064 1.02631e+010 101307 0.000236547 26780.6 2.39077e+008 7.37398e+009 7.61308e+009 2.65002e+009
2.066 8.99015e+009 94816.4 0.000255292 28255.1 2.47146e+008 7.45362e+009 7.7008e+009 1.28935e+009
2.067 9.62437e+009 98103.9 0.000265206 29021.5 2.51275e+008 7.49357e+009 7.74488e+009 1.87949e+009
2.069 8.93111e+009 94504.6 0.000286185 30615.4 2.59724e+008 7.57372e+009 7.83347e+009 1.09764e+009
2.071 8.1427e+009 90236.9 0.000308799 32294 2.68435e+008 7.65419e+009 7.92266e+009 2.20041e+008
2.072 8.87973e+009 94232.3 0.000320757 33166.4 2.72892e+008 7.69454e+009 7.96747e+009 9.12266e+008
2.074 8.06655e+009 89814 0.000346058 34980.3 2.8201e+008 7.77549e+009 8.05753e+009 9.01762e+006
2.076 8.77505e+009 93675.2 0.000373323 36890.2 2.9141e+008 7.85673e+009 8.14818e+009 6.26867e+008
2.077 8.7243e+009 93404 0.000387739 37882.7 2.96218e+008 7.89747e+009 8.19373e+009 5.30573e+008
2.079 8.28824e+009 91039.8 0.000418235 39945.8 3.06054e+008 7.97916e+009 8.28525e+009 2.98124e+006
2.081 9.31376e+009 96507.8 0.000451091 42117.6 3.16192e+008 8.06114e+009 8.37737e+009 9.36388e+008
2.083 9.82226e+009 99107.3 0.000486488 44403.7 3.26638e+008 8.14339e+009 8.47007e+009 1.35219e+009
2.084 1.03499e+010 101735 0.000505199 45591.3 3.3198e+008 8.18461e+009 8.51664e+009 1.8333e+009
2.086 1.06083e+010 102997 0.000544772 48059.6 3.42907e+008 8.26726e+009 8.61022e+009 1.99812e+009
2.088 9.95831e+009 99791.3 0.000587395 50657.1 3.54164e+008 8.35016e+009 8.70438e+009 1.25393e+009
2.09 8.76267e+009 93609.2 0.0006333 53390.4 3.65762e+008 8.43331e+009 8.79913e+009 -3.64525e+007
2.091 9.15863e+009 95700.7 0.000657559 54810 3.71691e+008 8.47497e+009 8.84672e+009 3.11908e+008
2.093 9.39203e+009 96912.5 0.000708857 57759.8 3.83815e+008 8.55847e+009 8.94235e+009 4.49684e+008
2.095 9.63429e+009 98154.4 0.000764092 60863 3.96303e+008 8.64219e+009 9.03856e+009 5.95733e+008
2.097 9.18067e+009 95815.8 0.000823562 64127.4 4.09165e+008 8.72612e+009 9.13535e+009 4.53141e+007
2.098 1.10756e+010 105241 0.000854983 65822.5 4.15738e+008 8.76817e+009 9.18397e+009 1.89162e+009
2.1 1.29838e+010 113947 0.00092141 69343.8 4.29178e+008 8.8524e+009 9.28164e+009 3.7022e+009
2.102 1.41073e+010 118774 0.000992913 73047.1 4.43017e+008 8.93682e+009 9.37991e+009 4.72735e+009
2.104 1.50623e+010 122729 0.00106987 76941.5 4.57264e+008 9.02141e+009 9.47875e+009 5.58356e+009
2.105 1.52488e+010 123486 0.00111053 78963.3 4.64545e+008 9.06378e+009 9.5284e+009 5.72037e+009
2.107 1.54447e+010 124277 0.00119646 83162.3 4.79426e+008 9.14862e+009 9.62813e+009 5.81662e+009
2.109 1.35444e+010 116381 0.00128892 87576.9 4.94744e+008 9.23362e+009 9.72845e+009 3.81598e+009
2.111 1.38208e+010 117562 0.00138842 92217.8 5.10511e+008 9.31876e+009 9.82936e+009 3.99142e+009
2.113 1.42753e+010 119479 0.00149546 97096.2 5.26737e+008 9.40403e+009 9.93086e+009 4.34446e+009
2.114 1.07059e+010 103469 0.001552 99628 5.35026e+008 9.44671e+009 9.98183e+009 7.24026e+008
2.116 9.97998e+009 99899.9 0.00167144 104885 5.51964e+008 9.53215e+009 1.00842e+010 -1.04241e+008
2.118 8.35899e+009 91427.5 0.00179993 110409 5.69392e+008 9.6177e+009 1.01872e+010 -1.82822e+009
2.12 8.65579e+009 93036.5 0.00193813 116214 5.87323e+008 9.70335e+009 1.02908e+010 -1.635e+009
2.122 8.61373e+009 92810.2 0.00208677 122314 6.0577e+008 9.78907e+009 1.0395e+010 -1.78123e+009
2.123 1.03131e+010 101554 0.00216524 125479 6.15191e+008 9.83196e+009 1.04473e+010 -1.34139e+008
2.125 1.11269e+010 105484 0.002331 132048 6.34435e+008 9.91779e+009 1.05524e+010 5.74557e+008
2.127 1.11891e+010 105779 0.00250924 138949 6.54229e+008 1.00037e+010 1.0658e+010 5.31084e+008
2.129 1.13547e+010 106558 0.00270087 146197 6.74586e+008 1.00896e+010 1.07643e+010 5.90338e+008
2.131 1.04296e+010 102126 0.0029069 153811 6.95519e+008 1.01755e+010 1.08712e+010 -4.41598e+008
2.132 9.63369e+009 98151.3 0.00301563 157759 7.06207e+008 1.02185e+010 1.09249e+010 -1.29121e+009
2.134 8.63617e+009 92931 0.00324526 165953 7.28033e+008 1.03045e+010 1.10327e+010 -2.39653e+009
2.136 9.5733e+009 97843.2 0.00349207 174557 7.50473e+008 1.03905e+010 1.11411e+010 -1.56784e+009
2.138 9.87107e+009 99353.3 0.00375734 183591 7.73543e+008 1.04765e+010 1.12502e+010 -1.3791e+009
2.14 1.15644e+010 107538 0.00404241 193076 7.97256e+008 1.05624e+010 1.13598e+010 2.04542e+008
2.142 1.20252e+010 109660 0.00434874 203034 8.2163e+008 1.06483e+010 1.14701e+010 5.55083e+008
2.143 1.18024e+010 108639 0.00451037 208196 8.3407e+008 1.06912e+010 1.15255e+010 2.76902e+008
2.145 1.11317e+010 105507 0.00485155 218905 8.59465e+008 1.07771e+010 1.16368e+010 -5.05051e+008
2.147 1.02595e+010 101289 0.00521809 230144 8.85562e+008 1.08628e+010 1.17486e+010 -1.48911e+009
2.149 1.13831e+010 106691 0.00561186 241939 9.12376e+008 1.09485e+010 1.18611e+010 -4.78068e+008
2.151 1.16107e+010 107753 0.00603483 254316 9.39927e+008 1.10341e+010 1.19743e+010 -3.63601e+008
2.153 1.18903e+010 109043 0.00648913 267304 9.68231e+008 1.11196e+010 1.20881e+010 -1.97762e+008
2.154 1.20776e+010 109898 0.00672873 274035 9.82672e+008 1.11623e+010 1.21453e+010 -6.76601e+007
2.156 1.18578e+010 108893 0.00723435 287992 1.01214e+009 1.12476e+010 1.22601e+010 -4.02302e+008
2.158 1.08858e+010 104335 0.00777731 302633 1.04241e+009 1.13328e+010 1.23755e+010 -1.48972e+009
2.16 1.18784e+010 108988 0.0083603 317991 1.07349e+009 1.14178e+010 1.24916e+010 -6.13262e+008
2.162 1.20239e+010 109653 0.00898624 334099 1.10542e+009 1.15027e+010 1.26084e+010 -5.84565e+008
2.164 1.25065e+010 111833 0.00965823 350993 1.1382e+009 1.15874e+010 1.27259e+010 -2.19403e+008
2.166 1.35305e+010 116321 0.0103796 368708 1.17185e+009 1.16719e+010 1.28441e+010 6.86399e+008
2.168 1.20856e+010 109935 0.0111539 387284 1.20641e+009 1.17562e+010 1.2963e+010 -8.77342e+008
2.169 1.42396e+010 119330 0.0115621 396907 1.22403e+009 1.17983e+010 1.30227e+010 1.21689e+009
2.171 1.42357e+010 119314 0.012423 416850 1.25997e+009 1.18822e+010 1.31426e+010 1.09311e+009
2.173 1.40137e+010 118380 0.0133469 437756 1.29686e+009 1.1966e+010 1.32633e+010 7.50453e+008
2.175 1.30316e+010 114156 0.0143383 459670 1.33472e+009 1.20495e+010 1.33846e+010 -3.53087e+008
2.177 1.32296e+010 115020 0.015402 482640 1.37358e+009 1.21327e+010 1.35068e+010 -2.77111e+008
2.179 1.33326e+010 115467 0.0165433 506713 1.41345e+009 1.22157e+010 1.36296e+010 -2.97061e+008
2.181 1.30939e+010 114428 0.0177676 531941 1.45437e+009 1.22983e+010 1.37532e+010 -6.59351e+008
2.183 1.34055e+010 115782 0.0190809 558376 1.49634e+009 1.23807e+010 1.38776e+010 -4.72127e+008
2.185 1.31087e+010 114493 0.0204895 586073 1.5394e+009 1.24627e+010 1.40027e+010 -8.94031e+008
2.187 1.33037e+010 115342 0.0220003 615091 1.58358e+009 1.25445e+010 1.41287e+010 -8.24981e+008
2.189 1.43123e+010 119634 0.0236205 645489 1.62889e+009 1.26258e+010 1.42554e+010 5.68829e+007
2.19 1.35395e+010 116359 0.024474 661226 1.65198e+009 1.26664e+010 1.4319e+010 -7.79541e+008
2.192 1.36327e+010 116759 0.026273 693814 1.69904e+009 1.27472e+010 1.4447e+010 -8.14288e+008
2.194 1.54046e+010 124115 0.0282018 727944 1.74729e+009 1.28277e+010 1.45757e+010 8.28877e+008
2.196 1.45519e+010 120631 0.0302698 763687 1.79678e+009 1.29078e+010 1.47053e+010 -1.53444e+008
2.198 1.37058e+010 117072 0.0324865 801115 1.84751e+009 1.29875e+010 1.48358e+010 -1.13002e+009
2.2 1.42941e+010 119558 0.0348627 840304 1.89953e+009 1.30667e+010 1.49671e+010 -6.72972e+008
2.202 1.49178e+010 122138 0.0374096 881334 1.95285e+009 1.31455e+010 1.50993e+010 -1.81521e+008
2.204 1.50162e+010 122541 0.040139 924286 2.0075e+009 1.32239e+010 1.52324e+010 -2.16138e+008
2.206 1.49335e+010 122203 0.043064 969247 2.06352e+009 1.33019e+010 1.53663e+010 -4.32824e+008
2.208 1.45251e+010 120520 0.0461982 1.01631e+006 2.12093e+009 1.33793e+010 1.55013e+010 -9.76124e+008
2.21 1.51685e+010 123160 0.0495564 1.06556e+006 2.17975e+009 1.34563e+010 1.56371e+010 -4.68649e+008
2.212 1.53852e+010 124037 0.0531541 1.1171e+006 2.24003e+009 1.35328e+010 1.57739e+010 -3.88731e+008
2.214 1.50241e+010 122573 0.0570082 1.17103e+006 2.30179e+009 1.36087e+010 1.59117e+010 -8.87527e+008
2.216 1.54396e+010 124256 0.0611366 1.22746e+006 2.36506e+009 1.36841e+010 1.60504e+010 -6.1079e+008
2.218 1.60806e+010 126809 0.0655585 1.2865e+006 2.42987e+009 1.3759e+010 1.61902e+010 -1.09629e+008
2.22 1.66073e+010 128869 0.0702941 1.34826e+006 2.49626e+009 1.38334e+010 1.6331e+010 2.76327e+008
2.222 1.56903e+010 125261 0.0753655 1.41286e+006 2.56425e+009 1.39072e+010 1.64728e+010 -7.82514e+008
2.224 1.79923e+010 134136 0.080796 1.48042e+006 2.63388e+009 1.39804e+010 1.66157e+010 1.37661e+009
2.226 1.73174e+010 131596 0.0866104 1.55109e+006 2.70519e+009 1.4053e+010 1.67597e+010 5.5768e+008
2.228 1.62891e+010 127629 0.0928353 1.62498e+006 2.77819e+009 1.4125e+010 1.69048e+010 -6.15652e+008
2.23 1.69228e+010 130088 0.0994993 1.70224e+006 2.85294e+009 1.41964e+010 1.7051e+010 -1.28188e+008
2.232 1.57962e+010 125683 0.106633 1.78303e+006 2.92946e+009 1.42671e+010 1.71984e+010 -1.40219e+009
2.234 1.77892e+010 133376 0.114268 1.86748e+006 3.00779e+009 1.43372e+010 1.73469e+010 4.42306e+008
2.236 1.66649e+010 129092 0.122439 1.95577e+006 3.08796e+009 1.44067e+010 1.74966e+010 -8.31734e+008
2.238 1.77023e+010 133050 0.131183 2.04805e+006 3.17001e+009 1.44755e+010 1.76475e+010 5.47329e+007
2.24 1.56159e+010 124964 0.140541 2.1445e+006 3.25398e+009 1.45436e+010 1.77997e+010 -2.18374e+009
2.242 1.83565e+010 135486 0.150553 2.24529e+006 3.33991e+009 1.4611e+010 1.79531e+010 4.03338e+008
2.244 1.77306e+010 133156 0.161264 2.35062e+006 3.42782e+009 1.46777e+010 1.81078e+010 -3.77237e+008
2.246 1.68909e+010 129965 0.172723 2.46067e+006 3.51776e+009 1.47436e+010 1.82639e+010 -1.37296e+009
2.248 1.7401e+010 131913 0.184981 2.57565e+006 3.60978e+009 1.48089e+010 1.84212e+010 -1.02026e+009
2.25 1.91172e+010 138265 0.198091 2.69577e+006 3.70389e+009 1.48734e+010 1.858e+010 5.37289e+008
2.252 1.94148e+010 139337 0.212113 2.82125e+006 3.80016e+009 1.49371e+010 1.87401e+010 6.74759e+008
2.254 2.12201e+010 145671 0.227109 2.9523e+006 3.89861e+009 1.50001e+010 1.89016e+010 2.31847e+009
2.256 2.67157e+010 163449 0.243144 3.08918e+006 3.99928e+009 1.50623e+010 1.90646e+010 7.65106e+009
2.258 2.64179e+010 162536 0.260289 3.23212e+006 4.10222e+009 1.51237e+010 1.92291e+010 7.18879e+009
2.26 2.60959e+010 161542 0.278619 3.38139e+006 4.20748e+009 1.51842e+010 1.93951e+010 6.70075e+009
2.262 2.4692e+010 157137 0.298215 3.53723e+006 4.31508e+009 1.5244e+010 1.95626e+010 5.12936e+009
2.264 2.48668e+010 157692 0.319162 3.69994e+006 4.42508e+009 1.5303e+010 1.97317e+010 5.13503e+009
2.267 2.66792e+010 163338 0.353318 3.95749e+006 4.59465e+009 1.53898e+010 1.99884e+010 6.69076e+009
2.269 2.56842e+010 160263 0.378055 4.13863e+006 4.71082e+009 1.54466e+010 2.01616e+010 5.52262e+009
2.271 2.36776e+010 153875 0.404491 4.32768e+006 4.82953e+009 1.55026e+010 2.03364e+010 3.34121e+009
2.273 2.12312e+010 145709 0.432738 4.52498e+006 4.95084e+009 1.55576e+010 2.0513e+010 7.1817e+008
2.275 2.09066e+010 144591 0.462919 4.73085e+006 5.07478e+009 1.56118e+010 2.06913e+010 2.15259e+008
2.277 2.1693e+010 147285 0.495163 4.94566e+006 5.2014e+009 1.56651e+010 2.08714e+010 8.21561e+008
2.279 2.20242e+010 148406 0.529608 5.16977e+006 5.33075e+009 1.57175e+010 2.10534e+010 9.70859e+008
2.281 2.18318e+010 147756 0.566401 5.40357e+006 5.46287e+009 1.57689e+010 2.12372e+010 5.94625e+008
2.283 2.18814e+010 147924 0.6057 5.64745e+006 5.59782e+009 1.58194e+010 2.14229e+010 4.58509e+008
2.285 2.23332e+010 149443 0.647669 5.90183e+006 5.73563e+009 1.5869e+010 2.16105e+010 7.22686e+008
2.288 2.20096e+010 148356 0.716026 6.304e+006 5.94783e+009 1.59416e+010 2.18957e+010 1.13869e+008
2.29 2.2962e+010 151532 0.765478 6.58651e+006 6.09303e+009 1.59888e+010 2.20884e+010 8.73658e+008
2.292 2.27064e+010 150686 0.818277 6.88108e+006 6.24126e+009 1.6035e+010 2.22831e+010 4.23266e+008
2.294 2.34438e+010 153114 0.874644 7.1882e+006 6.39258e+009 1.60802e+010 2.248e+010 9.63843e+008
2.296 2.30675e+010 151880 0.934814 7.50838e+006 6.54704e+009 1.61244e+010 2.2679e+010 3.88499e+008
2.298 2.40386e+010 155044 0.999039 7.84213e+006 6.70469e+009 1.61676e+010 2.28802e+010 1.15839e+009
2.3 2.4363e+010 156087 1.06759 8.19e+006 6.86558e+009 1.62098e+010 2.30836e+010 1.27943e+009
2.302 2.45913e+010 156816 1.14074 8.55256e+006 7.02976e+009 1.6251e+010 2.32893e+010 1.30194e+009
2.305 2.37855e+010 154226 1.25978 9.12523e+006 7.28232e+009 1.63109e+010 2.36023e+010 1.83182e+008
2.307 2.36418e+010 153759 1.34582 9.52711e+006 7.45495e+009 1.63495e+010 2.3814e+010 -1.7213e+008
2.309 2.47736e+010 157396 1.43761 9.94583e+006 7.63106e+009 1.63871e+010 2.40281e+010 7.45525e+008
2.311 2.4018e+010 154977 1.53553 1.0382e+007 7.8107e+009 1.64236e+010 2.42446e+010 -2.2662e+008
2.313 2.54291e+010 159465 1.63999 1.08365e+007 7.99392e+009 1.6459e+010 2.44637e+010 9.65355e+008
2.315 2.70422e+010 164445 1.7514 1.13098e+007 8.18077e+009 1.64934e+010 2.46854e+010 2.35674e+009
2.318 2.67302e+010 163494 1.93257 1.20568e+007 8.46798e+009 1.65429e+010 2.50229e+010 1.70722e+009
2.32 2.55047e+010 159702 2.06342 1.25807e+007 8.66416e+009 1.65746e+010 2.52513e+010 2.53416e+008
2.322 2.47231e+010 157236 2.20295 1.31262e+007 8.86417e+009 1.66051e+010 2.54824e+010 -7.5937e+008
2.324 2.70276e+010 164401 2.35171 1.36941e+007 9.06806e+009 1.66346e+010 2.57163e+010 1.31121e+009
2.326 2.60609e+010 161434 2.5103 1.42854e+007 9.27588e+009 1.6663e+010 2.59531e+010 1.07736e+008
2.329 2.82087e+010 167954 2.76803 1.5218e+007 9.59513e+009 1.67034e+010 2.63138e+010 1.89491e+009
2.331 2.84459e+010 168659 2.95408 1.58716e+007 9.81304e+009 1.6729e+010 2.65579e+010 1.88796e+009
2.333 2.7238e+010 165039 3.15237 1.65519e+007 1.00351e+010 1.67534e+010 2.68051e+010 4.32894e+008
2.335 2.65343e+010 162894 3.36368 1.72598e+007 1.02613e+010 1.67767e+010 2.70553e+010 -5.21008e+008
2.337 2.99374e+010 173024 3.58885 1.79964e+007 1.04918e+010 1.67989e+010 2.73088e+010 2.6286e+009
2.34 2.72805e+010 165168 3.95455 1.91576e+007 1.08457e+010 1.683e+010 2.76949e+010 -4.14392e+008
2.342 2.78632e+010 166923 4.21838 1.99708e+007 1.10871e+010 1.68494e+010 2.79564e+010 -9.32041e+007
2.344 2.8484e+010 168772 4.49943 2.08168e+007 1.13329e+010 1.68675e+010 2.82212e+010 2.62739e+008
2.346 2.84101e+010 168553 4.79881 2.16967e+007 1.15832e+010 1.68846e+010 2.84895e+010 -7.93881e+007
2.349 3.10627e+010 176246 5.28479 2.3083e+007 1.19673e+010 1.69079e+010 2.88983e+010 2.16437e+009
2.351 3.02452e+010 173911 5.63522 2.40535e+007 1.22292e+010 1.6922e+010 2.91753e+010 1.06988e+009
2.353 2.96418e+010 172168 6.00838 2.50625e+007 1.24958e+010 1.6935e+010 2.94558e+010 1.85982e+008
2.355 2.96505e+010 172193 6.40572 2.61117e+007 1.27672e+010 1.69467e+010 2.974e+010 -8.95114e+007
2.358 3.09048e+010 175798 7.0504 2.77638e+007 1.31833e+010 1.69622e+010 3.01733e+010 7.31522e+008
2.36 3.12901e+010 176890 7.51505 2.89197e+007 1.34669e+010 1.69711e+010 3.04669e+010 8.23202e+008
2.362 3.25576e+010 180437 8.00964 3.01211e+007 1.37555e+010 1.69787e+010 3.07643e+010 1.79332e+009
2.364 3.34778e+010 182969 8.53607 3.13697e+007 1.40491e+010 1.69852e+010 3.10657e+010 2.4121e+009
2.367 3.21939e+010 179427 9.38979 3.33348e+007 1.44991e+010 1.69928e+010 3.15252e+010 6.68735e+008
2.369 3.23431e+010 179842 10.0048 3.47091e+007 1.48056e+010 1.69963e+010 3.18366e+010 5.0657e+008
2.371 3.34176e+010 182805 10.6592 3.61368e+007 1.51173e+010 1.69987e+010 3.21521e+010 1.2655e+009
2.373 3.33395e+010 182591 11.3554 3.762e+007 1.54343e+010 1.69999e+010 3.24718e+010 8.67685e+008
2.376 3.22226e+010 179506 12.484 3.99533e+007 1.592e+010 1.69994e+010 3.29594e+010 -7.36794e+008
2.378 3.36632e+010 183475 13.2966 4.1584e+007 1.62506e+010 1.69976e+010 3.32898e+010 3.73365e+008
2.38 3.43897e+010 185445 14.1609 4.32776e+007 1.65867e+010 1.69947e+010 3.36247e+010 7.65056e+008
2.383 3.4966e+010 186992 15.5614 4.59407e+007 1.71014e+010 1.6988e+010 3.41353e+010 8.30719e+008
2.385 3.59575e+010 189625 16.5694 4.78013e+007 1.74515e+010 1.69821e+010 3.44815e+010 1.47607e+009
2.387 3.53963e+010 188139 17.6413 4.97329e+007 1.78074e+010 1.6975e+010 3.48322e+010 5.64138e+008
2.39 3.76492e+010 194034 19.3773 5.27691e+007 1.83521e+010 1.69622e+010 3.53671e+010 2.28208e+009
2.392 3.74775e+010 193591 20.6264 5.48895e+007 1.87226e+010 1.69522e+010 3.57297e+010 1.74785e+009
2.394 3.66544e+010 191453 21.9542 5.70902e+007 1.9099e+010 1.6941e+010 3.60971e+010 5.57264e+008
2.397 3.51816e+010 187568 24.104 6.05478e+007 1.96749e+010 1.6922e+010 3.66574e+010 -1.4758e+009
2.399 4.01525e+010 200381 25.6502 6.29616e+007 2.00663e+010 1.69079e+010 3.70372e+010 3.11533e+009
2.401 4.07956e+010 201979 27.2933 6.54659e+007 2.0464e+010 1.68926e+010 3.7422e+010 3.37361e+009
2.404 3.83499e+010 195831 29.9525 6.93991e+007 2.1072e+010 1.68675e+010 3.80089e+010 3.41009e+008
2.406 3.9041e+010 197588 31.8645 7.21437e+007 2.14852e+010 1.68494e+010 3.84067e+010 6.34333e+008
2.408 3.90776e+010 197680 33.8956 7.49904e+007 2.19047e+010 1.683e+010 3.88097e+010 2.67825e+008
2.411 3.94133e+010 198528 37.1816 7.94594e+007 2.25459e+010 1.67989e+010 3.94243e+010 -1.09986e+007
2.413 4.0268e+010 200669 39.5433 8.25768e+007 2.29815e+010 1.67767e+010 3.98408e+010 4.27126e+008
2.416 4.12037e+010 202987 43.3631 8.74693e+007 2.36471e+010 1.67413e+010 4.04759e+010 7.27778e+008
2.418 4.21955e+010 205415 46.1076 9.08811e+007 2.40991e+010 1.67163e+010 4.09063e+010 1.28921e+009
2.42 4.28942e+010 207109 49.0217 9.44178e+007 2.45577e+010 1.66902e+010 4.13423e+010 1.55188e+009
2.423 4.46061e+010 211202 53.7333 9.99661e+007 2.52582e+010 1.66489e+010 4.2007e+010 2.59904e+009
2.425 4.22069e+010 205443 57.1172 1.03834e+008 2.57336e+010 1.662e+010 4.24575e+010 -2.50511e+008
2.427 4.18034e+010 204459 60.7092 1.07842e+008 2.62159e+010 1.659e+010 4.29137e+010 -1.11032e+009
2.43 4.49855e+010 212098 66.5144 1.14127e+008 2.69522e+010 1.65429e+010 4.36092e+010 1.37621e+009
2.432 4.72916e+010 217466 70.6824 1.18506e+008 2.74518e+010 1.65101e+010 4.40804e+010 3.21119e+009
2.435 4.72128e+010 217285 77.4168 1.25371e+008 2.82142e+010 1.6459e+010 4.47986e+010 2.41421e+009
2.437 4.50748e+010 212308 82.2505 1.30154e+008 2.87314e+010 1.64236e+010 4.52851e+010 -2.10301e+008
2.44 4.83691e+010 219930 90.0585 1.37649e+008 2.95204e+010 1.63684e+010 4.60265e+010 2.34267e+009
2.442 4.98334e+010 223234 95.6613 1.42869e+008 3.00554e+010 1.63303e+010 4.65286e+010 3.30479e+009
2.444 4.68247e+010 216390 101.604 1.48274e+008 3.05976e+010 1.62912e+010 4.7037e+010 -2.12372e+008
2.447 4.74678e+010 217871 111.2 1.56741e+008 3.14245e+010 1.62306e+010 4.78118e+010 -3.43993e+008
2.449 4.62539e+010 215067 118.083 1.62635e+008 3.19849e+010 1.61889e+010 4.83364e+010 -2.08248e+009
2.452 4.99652e+010 223529 129.194 1.71866e+008 3.28393e+010 1.61244e+010 4.91356e+010 8.29618e+008
2.454 4.80454e+010 219193 137.162 1.7829e+008 3.34182e+010 1.60802e+010 4.96767e+010 -1.63129e+009
2.457 4.8442e+010 220095 150.021 1.88348e+008 3.43005e+010 1.6012e+010 5.05008e+010 -2.05881e+009
2.459 5.04236e+010 224552 159.239 1.95346e+008 3.4898e+010 1.59653e+010 5.10587e+010 -6.35064e+008
2.462 5.22632e+010 228611 174.113 2.06299e+008 3.58085e+010 1.58934e+010 5.19082e+010 3.54946e+008
2.464 5.51061e+010 234747 184.773 2.13916e+008 3.6425e+010 1.58443e+010 5.24832e+010 2.62292e+009
2.467 5.26664e+010 229492 201.967 2.25837e+008 3.73639e+010 1.57689e+010 5.33587e+010 -6.92224e+008
2.469 5.37e+010 231733 214.287 2.34125e+008 3.79995e+010 1.57175e+010 5.3951e+010 -2.51023e+008
2.472 5.27079e+010 229582 234.153 2.47091e+008 3.89672e+010 1.56386e+010 5.48528e+010 -2.14488e+009
2.474 5.4605e+010 233677 248.384 2.56104e+008 3.96219e+010 1.55848e+010 5.54629e+010 -8.57903e+008
2.477 5.38463e+010 232048 271.325 2.70198e+008 4.06186e+010 1.55026e+010 5.63914e+010 -2.54501e+009
2.479 5.21739e+010 228416 287.754 2.79993e+008 4.12928e+010 1.54466e+010 5.70194e+010 -4.84546e+009
2.482 5.42563e+010 232930 314.231 2.95306e+008 4.23186e+010 1.53611e+010 5.7975e+010 -3.71868e+009
2.484 5.52265e+010 235003 333.188 3.05944e+008 4.30123e+010 1.5303e+010 5.86212e+010 -3.3947e+009
2.487 5.67069e+010 238132 363.731 3.2257e+008 4.40674e+010 1.52142e+010 5.96042e+010 -2.89732e+009
2.489 6.1194e+010 247374 385.592 3.34118e+008 4.47807e+010 1.51541e+010 6.02688e+010 9.25103e+008
2.492 6.23484e+010 249697 420.805 3.52161e+008 4.58653e+010 1.50623e+010 6.12797e+010 1.06865e+009
2.494 6.05915e+010 246153 446.003 3.64688e+008 4.65982e+010 1.50001e+010 6.1963e+010 -1.37151e+009
2.497 6.10163e+010 247015 486.578 3.84256e+008 4.77123e+010 1.49053e+010 6.30019e+010 -1.98565e+009
2.499 5.95407e+010 244010 515.605 3.97838e+008 4.84649e+010 1.48412e+010 6.3704e+010 -4.16328e+009
2.502 6.16345e+010 248263 562.334 4.19048e+008 4.96086e+010 1.47436e+010 6.47713e+010 -3.13682e+009
2.505 6.51983e+010 255340 613.181 4.41303e+008 5.07701e+010 1.46444e+010 6.58558e+010 -6.57485e+008
2.507 6.51115e+010 255170 649.541 4.56742e+008 5.15542e+010 1.45773e+010 6.65883e+010 -1.47674e+009
2.51 6.55412e+010 256010 708.049 4.80841e+008 5.27451e+010 1.44755e+010 6.77014e+010 -2.16025e+009
2.512 6.66105e+010 258090 749.874 4.97555e+008 5.35489e+010 1.44067e+010 6.84531e+010 -1.84262e+009
2.515 6.52922e+010 255523 817.161 5.23637e+008 5.47693e+010 1.43023e+010 6.95952e+010 -4.30297e+009
2.518 6.59015e+010 256713 890.316 5.50977e+008 5.60073e+010 1.41964e+010 7.07546e+010 -4.85314e+009
2.52 6.82996e+010 261342 942.59 5.69931e+008 5.68423e+010 1.4125e+010 7.15372e+010 -3.23766e+009
2.523 7.11419e+010 266724 1026.65 5.99493e+008 5.81095e+010 1.40167e+010 7.27257e+010 -1.58384e+009
2.525 6.32713e+010 251538 1086.7 6.1998e+008 5.8964e+010 1.39438e+010 7.35278e+010 -1.02565e+010
2.528 6.2025e+010 249048 1183.23 6.51925e+008 6.02601e+010 1.38334e+010 7.47454e+010 -1.27204e+010
2.531 6.08438e+010 246665 1288.09 6.85382e+008 6.15736e+010 1.37217e+010 7.59806e+010 -1.51368e+010
2.533 6.53517e+010 255640 1362.97 7.08558e+008 6.24587e+010 1.36465e+010 7.68138e+010 -1.14621e+010
2.536 6.66404e+010 258148 1483.29 7.44677e+008 6.38007e+010 1.35328e+010 7.80781e+010 -1.14377e+010
2.539 6.74006e+010 259616 1613.93 7.82485e+008 6.51596e+010 1.34179e+010 7.93599e+010 -1.19593e+010
2.541 7.83494e+010 279910 1707.17 8.08662e+008 6.60749e+010 1.33406e+010 8.02242e+010 -1.87475e+009
2.544 1.03787e+011 322159 1856.94 8.49441e+008 6.74617e+010 1.32239e+010 8.15351e+010 2.22515e+010
2.546 8.69327e+010 294843 1963.8 8.77667e+008 6.83955e+010 1.31455e+010 8.24187e+010 4.51396e+009
2.549 9.07953e+010 301323 2135.4 9.21624e+008 6.98098e+010 1.30271e+010 8.37586e+010 7.03666e+009
2.552 9.03806e+010 300634 2321.56 9.67593e+008 7.12404e+010 1.29078e+010 8.51158e+010 5.26482e+009
2.555 8.92262e+010 298708 2523.46 1.01566e+009 7.26871e+010 1.27875e+010 8.64903e+010 2.73597e+009
2.557 8.80762e+010 296776 2667.44 1.0489e+009 7.36603e+010 1.27069e+010 8.74161e+010 6.60136e+008
2.56 8.78691e+010 296427 2898.5 1.10064e+009 7.51333e+010 1.25852e+010 8.88191e+010 -9.50089e+008
2.563 8.37924e+010 289469 3148.98 1.15471e+009 7.66217e+010 1.24627e+010 9.02392e+010 -6.44678e+009
2.565 8.53285e+010 292110 3327.52 1.1921e+009 7.76225e+010 1.23807e+010 9.11953e+010 -5.86685e+009
2.568 9.03203e+010 300533 3613.93 1.25025e+009 7.91362e+010 1.2257e+010 9.26435e+010 -2.32326e+009
2.571 9.02048e+010 300341 3924.24 1.31098e+009 8.06648e+010 1.21327e+010 9.41084e+010 -3.90367e+009
2.573 9.74167e+010 312116 4145.34 1.35295e+009 8.16919e+010 1.20495e+010 9.50943e+010 2.32238e+009
2.576 9.46959e+010 307727 4499.85 1.41821e+009 8.32445e+010 1.19241e+010 9.65868e+010 -1.89089e+009
2.579 1.00564e+011 317119 4883.75 1.48632e+009 8.48111e+010 1.17983e+010 9.80957e+010 2.46853e+009
2.582 9.92844e+010 315094 5299.39 1.5574e+009 8.63915e+010 1.16719e+010 9.96208e+010 -3.36398e+008
2.584 9.95477e+010 315512 5595.37 1.60649e+009 8.74525e+010 1.15874e+010 1.00646e+011 -1.0987e+009
2.587 9.99892e+010 316211 6069.65 1.68277e+009 8.9055e+010 1.14603e+010 1.02198e+011 -2.20892e+009
2.59 1.01025e+011 317844 6582.87 1.76232e+009 9.06704e+010 1.13328e+010 1.03766e+011 -2.7406e+009
2.593 9.59586e+010 309772 7138.14 1.84527e+009 9.22982e+010 1.1205e+010 1.05348e+011 -9.38987e+009
2.595 9.873e+010 314213 7533.3 1.90252e+009 9.33902e+010 1.11196e+010 1.06412e+011 -7.68229e+009
2.598 1.00695e+011 317324 8166.14 1.99142e+009 9.50379e+010 1.09913e+010 1.08021e+011 -7.32616e+009
2.601 1.10176e+011 331928 8850.46 2.08407e+009 9.66971e+010 1.08628e+010 1.09644e+011 5.32046e+008
2.604 1.07432e+011 327768 9590.3 2.1806e+009 9.83674e+010 1.07342e+010 1.11282e+011 -3.85051e+009
2.607 1.08401e+011 329243 10390 2.28115e+009 1.00048e+011 1.06054e+010 1.12935e+011 -4.53401e+009
2.609 1.08589e+011 329528 10958.7 2.35049e+009 1.01174e+011 1.05194e+010 1.14044e+011 -5.45576e+009
2.612 1.08888e+011 329981 11868.7 2.45808e+009 1.02872e+011 1.03905e+010 1.15721e+011 -6.83306e+009
2.615 1.114e+011 333766 12851.9 2.57008e+009 1.04579e+011 1.02615e+010 1.17411e+011 -6.01067e+009
2.618 1.14033e+011 337688 13913.9 2.68666e+009 1.06295e+011 1.01326e+010 1.19114e+011 -5.08131e+009
2.621 1.10709e+011 332730 15060.7 2.80798e+009 1.08019e+011 1.00037e+010 1.20831e+011 -1.01217e+010
2.623 1.05444e+011 324722 15875.7 2.89157e+009 1.09173e+011 9.91779e+009 1.21983e+011 -1.65382e+010
2.626 1.1309e+011 336289 17178.8 3.02116e+009 1.10911e+011 9.78907e+009 1.23721e+011 -1.06305e+010
2.629 1.1204e+011 334723 18585.3 3.15593e+009 1.12655e+011 9.66051e+009 1.25472e+011 -1.34321e+010
2.632 1.09947e+011 331582 20103.2 3.29607e+009 1.14406e+011 9.53215e+009 1.27234e+011 -1.72878e+010
2.635 1.0925e+011 330531 21740.8 3.44176e+009 1.16163e+011 9.40403e+009 1.29009e+011 -1.97587e+010
2.638 1.1372e+011 337225 23507.4 3.59318e+009 1.17926e+011 9.27617e+009 1.30795e+011 -1.70748e+010
2.641 1.24348e+011 352630 25412.8 3.75053e+009 1.19693e+011 9.14862e+009 1.32593e+011 -8.24477e+009
2.644 1.13729e+011 337238 27467.3 3.914e+009 1.21465e+011 9.02141e+009 1.34401e+011 -2.06715e+010
2.646 1.207e+011 347419 28925.4 4.02648e+009 1.22649e+011 8.93682e+009 1.35612e+011 -1.49118e+010
2.649 1.26631e+011 355853 31254 4.20061e+009 1.24426e+011 8.81026e+009 1.37437e+011 -1.08057e+010
2.652 1.40472e+011 374795 33763.6 4.38141e+009 1.26207e+011 8.68413e+009 1.39272e+011 1.19917e+009
2.655 1.52944e+011 391080 36467.8 4.5691e+009 1.27989e+011 8.55847e+009 1.41117e+011 1.18268e+010
2.658 1.49395e+011 386516 39381.1 4.76389e+009 1.29774e+011 8.43331e+009 1.42971e+011 6.42378e+009
2.661 1.5341e+011 391676 42519 4.96601e+009 1.31559e+011 8.30868e+009 1.44833e+011 8.57653e+009
2.664 1.53627e+011 391953 45898.2 5.17569e+009 1.33344e+011 8.18461e+009 1.46704e+011 6.92257e+009
2.667 1.60022e+011 400027 49536.5 5.39318e+009 1.35129e+011 8.06114e+009 1.48583e+011 1.14387e+010
2.67 1.49008e+011 386015 53453.1 5.61869e+009 1.36913e+011 7.93828e+009 1.5047e+011 -1.46218e+009
2.673 1.56397e+011 395471 57668.4 5.85249e+009 1.38695e+011 7.81607e+009 1.52363e+011 4.03384e+009
2.676 1.45809e+011 381849 62204.2 6.09483e+009 1.40474e+011 7.69454e+009 1.54264e+011 -8.45513e+009
2.679 1.42292e+011 377216 67084 6.34595e+009 1.42251e+011 7.57372e+009 1.56171e+011 -1.38792e+010
2.682 1.56417e+011 395496 72332.8 6.60613e+009 1.44024e+011 7.45362e+009 1.58084e+011 -1.66618e+009
2.685 1.52762e+011 390847 77977.5 6.87562e+009 1.45792e+011 7.33429e+009 1.60002e+011 -7.24051e+009
2.688 1.59326e+011 399157 84046.7 7.15471e+009 1.47555e+011 7.21573e+009 1.61926e+011 -2.59972e+009
2.691 1.58623e+011 398275 90571 7.44367e+009 1.49312e+011 7.09798e+009 1.63854e+011 -5.2314e+009
2.694 1.62655e+011 403306 97583.2 7.74278e+009 1.51063e+011 6.98106e+009 1.65787e+011 -3.13144e+009
2.697 1.56546e+011 395659 105118 8.05233e+009 1.52806e+011 6.86499e+009 1.67724e+011 -1.11773e+010
2.7 1.73846e+011 416948 113214 8.37261e+009 1.54541e+011 6.7498e+009 1.69664e+011 4.18203e+009
2.703 1.65234e+011 406490 121909 8.70393e+009 1.56268e+011 6.6355e+009 1.71607e+011 -6.37353e+009
2.706 1.6866e+011 410682 131248 9.04658e+009 1.57985e+011 6.52211e+009 1.73553e+011 -4.89336e+009
2.709 1.62437e+011 403035 141275 9.40088e+009 1.59691e+011 6.40966e+009 1.75502e+011 -1.30651e+010
2.712 1.66278e+011 407773 152039 9.76715e+009 1.61387e+011 6.29817e+009 1.77452e+011 -1.11738e+010
2.715 1.64117e+011 405114 163592 1.01457e+010 1.63071e+011 6.18764e+009 1.79404e+011 -1.52872e+010
2.718 1.7551e+011 418940 175989 1.05368e+010 1.64742e+011 6.0781e+009 1.81357e+011 -5.84674e+009
2.721 1.72117e+011 414870 189290 1.09409e+010 1.664e+011 5.96957e+009 1.83311e+011 -1.11941e+010
2.724 1.68058e+011 409949 203557 1.13583e+010 1.68045e+011 5.86206e+009 1.85265e+011 -1.7207e+010
2.727 1.69847e+011 412125 218858 1.17892e+010 1.69674e+011 5.75559e+009 1.87219e+011 -1.73725e+010
2.73 1.72817e+011 415712 235265 1.22342e+010 1.71288e+011 5.65016e+009 1.89173e+011 -1.63562e+010
2.733 1.71397e+011 414001 252853 1.26934e+010 1.72886e+011 5.5458e+009 1.91126e+011 -1.97285e+010
2.736 1.87059e+011 432503 271704 1.31673e+010 1.74467e+011 5.44251e+009 1.93077e+011 -6.01862e+009
2.739 1.93836e+011 440268 291905 1.36562e+010 1.76031e+011 5.34032e+009 1.95028e+011 -1.19187e+009
2.743 1.84889e+011 429988 321100 1.4332e+010 1.78087e+011 5.20576e+009 1.97625e+011 -1.27352e+010
2.746 1.79433e+011 423595 344821 1.48573e+010 1.79606e+011 5.10615e+009 1.9957e+011 -2.01369e+010
2.749 1.68176e+011 410092 370223 1.53989e+010 1.81106e+011 5.00765e+009 2.01512e+011 -3.33367e+010
2.752 1.80585e+011 424953 397421 1.59571e+010 1.82584e+011 4.91029e+009 2.03452e+011 -2.28673e+010
2.755 1.80412e+011 424749 426536 1.65323e+010 1.84041e+011 4.81407e+009 2.05388e+011 -2.49761e+010
2.758 2.08074e+011 456151 457697 1.71248e+010 1.85476e+011 4.71899e+009 2.0732e+011 7.53246e+008
2.761 1.91211e+011 437277 491041 1.77352e+010 1.86888e+011 4.62507e+009 2.09249e+011 -1.80377e+010
2.765 1.99243e+011 446366 539148 1.85772e+010 1.88734e+011 4.50165e+009 2.11814e+011 -1.25707e+010
2.768 1.96599e+011 443395 578168 1.92305e+010 1.9009e+011 4.41044e+009 2.13732e+011 -1.71327e+010
2.771 2.0514e+011 452923 619895 1.99029e+010 1.91421e+011 4.32041e+009 2.15645e+011 -1.05053e+010
2.774 2.15941e+011 464694 664507 2.05947e+010 1.92726e+011 4.23155e+009 2.17553e+011 -1.61225e+009
2.777 2.0848e+011 456596 712193 2.13064e+010 1.94005e+011 4.14387e+009 2.19456e+011 -1.09755e+010
2.78 2.09438e+011 457644 763156 2.20384e+010 1.95256e+011 4.05738e+009 2.21352e+011 -1.1914e+010
2.784 2.01397e+011 448772 836577 2.30466e+010 1.96881e+011 3.94389e+009 2.23873e+011 -2.24758e+010
2.787 2.30685e+011 480296 896042 2.38275e+010 1.98067e+011 3.86016e+009 2.25755e+011 4.92933e+009
2.79 2.35429e+011 485210 959552 2.463e+010 1.99223e+011 3.77761e+009 2.27632e+011 7.79683e+009
2.793 2.38272e+011 488131 1.02737e+006 2.54545e+010 2.0035e+011 3.69626e+009 2.29502e+011 8.76988e+009
2.797 2.38038e+011 487892 1.12497e+006 2.65889e+010 2.01805e+011 3.58962e+009 2.31985e+011 6.05385e+009
2.8 2.48211e+011 498208 1.20394e+006 2.74664e+010 2.0286e+011 3.51103e+009 2.33839e+011 1.43722e+010
2.803 2.65242e+011 515017 1.28821e+006 2.83674e+010 2.03883e+011 3.43362e+009 2.35686e+011 2.95566e+010
2.806 2.56718e+011 506673 1.37812e+006 2.92921e+010 2.04875e+011 3.3574e+009 2.37525e+011 1.91925e+010
2.81 2.42021e+011 491957 1.50738e+006 3.05629e+010 2.06145e+011 3.25759e+009 2.39967e+011 2.05425e+009
2.813 2.47428e+011 497422 1.61187e+006 3.15448e+010 2.07059e+011 3.18411e+009 2.4179e+011 5.63866e+009
2.816 2.43758e+011 493719 1.72327e+006 3.25518e+010 2.07939e+011 3.1118e+009 2.43605e+011 1.53663e+008
2.82 2.53001e+011 502992 1.88331e+006 3.39344e+010 2.09059e+011 3.0172e+009 2.46013e+011 6.98823e+009
2.823 2.57585e+011 507529 2.01258e+006 3.50018e+010 2.09859e+011 2.9476e+009 2.4781e+011 9.77505e+009
2.826 2.57802e+011 507742 2.15031e+006 3.60956e+010 2.10623e+011 2.87916e+009 2.496e+011 8.20205e+009
2.83 2.73565e+011 523034 2.34803e+006 3.75959e+010 2.11586e+011 2.78969e+009 2.51974e+011 2.15911e+010
2.833 2.76701e+011 526024 2.5076e+006 3.87531e+010 2.12266e+011 2.72392e+009 2.53745e+011 2.29559e+010
2.836 2.75347e+011 524735 2.67751e+006 3.99381e+010 2.12909e+011 2.65929e+009 2.55509e+011 1.98375e+010
2.84 2.7328e+011 522762 2.92123e+006 4.15619e+010 2.1371e+011 2.57486e+009 2.57849e+011 1.54311e+010
2.843 2.7304e+011 522532 3.11777e+006 4.28132e+010 2.14266e+011 2.51285e+009 2.59595e+011 1.34448e+010
2.846 2.7336e+011 522839 3.32691e+006 4.40935e+010 2.14785e+011 2.45194e+009 2.61334e+011 1.20265e+010
2.85 2.73638e+011 523104 3.62667e+006 4.58463e+010 2.15418e+011 2.37245e+009 2.6364e+011 9.99779e+009
2.853 2.83452e+011 532402 3.86823e+006 4.71957e+010 2.15848e+011 2.3141e+009 2.65361e+011 1.80903e+010
2.856 2.68324e+011 518000 4.12509e+006 4.85753e+010 2.16239e+011 2.25683e+009 2.67075e+011 1.24923e+009
2.86 2.53427e+011 503415 4.49296e+006 5.04623e+010 2.167e+011 2.18215e+009 2.69349e+011 -1.59221e+010
2.863 2.718e+011 521344 4.78918e+006 5.19137e+010 2.17001e+011 2.12737e+009 2.71046e+011 7.53338e+008
2.867 2.71129e+011 520700 5.21319e+006 5.38975e+010 2.1734e+011 2.05597e+009 2.73299e+011 -2.17026e+009
2.87 2.91773e+011 540160 5.55442e+006 5.54223e+010 2.17549e+011 2.00363e+009 2.7498e+011 1.67928e+010
2.874 3.16197e+011 562314 6.0426e+006 5.75052e+010 2.17766e+011 1.93543e+009 2.77213e+011 3.89843e+010
2.877 3.19768e+011 565480 6.43526e+006 5.9105e+010 2.17882e+011 1.88547e+009 2.78879e+011 4.08885e+010
2.88 3.06446e+011 553576 6.85214e+006 6.07374e+010 2.17959e+011 1.83651e+009 2.8054e+011 2.59065e+010
2.884 2.86885e+011 535617 7.44807e+006 6.29651e+010 2.18e+011 1.77278e+009 2.82745e+011 4.14022e+009
2.887 2.97582e+011 545511 7.92703e+006 6.46745e+010 2.17984e+011 1.72611e+009 2.84392e+011 1.31899e+010
2.891 2.98839e+011 546662 8.61134e+006 6.70058e+010 2.17901e+011 1.6654e+009 2.86581e+011 1.22585e+010
2.894 3.07158e+011 554219 9.16104e+006 6.87935e+010 2.17792e+011 1.62097e+009 2.88216e+011 1.89422e+010
2.898 2.8662e+011 535369 9.94599e+006 7.12297e+010 2.17586e+011 1.56319e+009 2.90389e+011 -3.76921e+009
2.901 2.84658e+011 533534 1.05762e+007 7.30967e+010 2.17385e+011 1.52093e+009 2.92013e+011 -7.35493e+009
2.905 2.71535e+011 521091 1.14756e+007 7.56392e+010 2.17056e+011 1.46601e+009 2.94173e+011 -2.26372e+010
2.908 2.90525e+011 539003 1.21973e+007 7.75862e+010 2.16763e+011 1.42586e+009 2.95788e+011 -5.263e+009
2.912 3.0377e+011 551154 1.32267e+007 8.02359e+010 2.16312e+011 1.37369e+009 2.97935e+011 5.83501e+009
2.916 2.84886e+011 533747 1.43382e+007 8.29472e+010 2.15792e+011 1.32307e+009 3.00077e+011 -1.51908e+010
2.919 3.02356e+011 549869 1.52292e+007 8.50213e+010 2.15357e+011 1.2861e+009 3.0168e+011 6.75961e+008
2.923 3.0823e+011 555185 1.64992e+007 8.78407e+010 2.14718e+011 1.2381e+009 3.03813e+011 4.41707e+009
2.926 2.96482e+011 544502 1.75168e+007 8.99959e+010 2.14194e+011 1.20306e+009 3.05411e+011 -8.92847e+009
2.93 3.31887e+011 576096 1.89663e+007 9.29236e+010 2.13437e+011 1.1576e+009 3.07537e+011 2.43494e+010
2.933 3.25044e+011 570127 2.01271e+007 9.516e+010 2.12826e+011 1.12443e+009 3.0913e+011 1.59142e+010
2.937 3.24934e+011 570030 2.17797e+007 9.81958e+010 2.11953e+011 1.08141e+009 3.11252e+011 1.36822e+010
2.941 3.16238e+011 562350 2.356e+007 1.01293e+011 2.11016e+011 1.03975e+009 3.13372e+011 2.86559e+009
2.944 3.16663e+011 562728 2.49845e+007 1.03656e+011 2.10271e+011 1.00938e+009 3.14962e+011 1.70155e+009
2.948 3.11959e+011 558533 2.70107e+007 1.06861e+011 2.09222e+011 9.70022e+008 3.1708e+011 -5.12069e+009
2.951 3.13113e+011 559565 2.86312e+007 1.09304e+011 2.08395e+011 9.41343e+008 3.18669e+011 -5.55544e+009
2.955 3.08675e+011 555585 3.09348e+007 1.12614e+011 2.07238e+011 9.04198e+008 3.20787e+011 -1.21128e+010
2.959 3.22788e+011 568144 3.34125e+007 1.15985e+011 2.06021e+011 8.68277e+008 3.22907e+011 -1.19317e+008
2.962 3.17262e+011 563261 3.53923e+007 1.18551e+011 2.05069e+011 8.42122e+008 3.24498e+011 -7.23502e+009
2.966 3.29606e+011 574113 3.82044e+007 1.22025e+011 2.03749e+011 8.08274e+008 3.2662e+011 2.98607e+009
2.97 3.28646e+011 573277 4.1226e+007 1.25556e+011 2.02372e+011 7.75571e+008 3.28744e+011 -9.83934e+007
2.973 3.21767e+011 567245 4.36383e+007 1.28242e+011 2.01302e+011 7.51777e+008 3.3034e+011 -8.57264e+009
2.977 3.27054e+011 571886 4.70617e+007 1.31873e+011 1.99828e+011 7.21009e+008 3.32469e+011 -5.41501e+009
2.981 3.39408e+011 582587 5.07366e+007 1.3556e+011 1.983e+011 6.91307e+008 3.34602e+011 4.80543e+009
2.985 3.45427e+011 587730 5.46799e+007 1.39301e+011 1.96721e+011 6.62645e+008 3.36739e+011 8.68802e+009
2.988 3.53364e+011 594444 5.78243e+007 1.42141e+011 1.95503e+011 6.41814e+008 3.38344e+011 1.50201e+010
2.992 3.51013e+011 592463 6.22816e+007 1.45975e+011 1.93836e+011 6.14904e+008 3.40488e+011 1.05249e+010
2.996 3.59098e+011 599248 6.70597e+007 1.4986e+011 1.9212e+011 5.88959e+008 3.42636e+011 1.64625e+010
3 3.45807e+011 588053 7.218e+007 1.53794e+011 1.90358e+011 5.63951e+008 3.44789e+011 1.01802e+009
3.003 3.44953e+011 587327 7.62582e+007 1.56777e+011 1.89007e+011 5.45795e+008 3.46406e+011 -1.45323e+009
3.007 3.59575e+011 599646 8.20322e+007 1.60795e+011 1.87168e+011 5.22366e+008 3.48567e+011 1.10077e+010
3.011 3.63888e+011 603231 8.82135e+007 1.64859e+011 1.85286e+011 4.99804e+008 3.50733e+011 1.31555e+010
3.015 3.71209e+011 609269 9.48285e+007 1.68966e+011 1.83364e+011 4.78083e+008 3.52903e+011 1.83063e+010
3.019 3.69698e+011 608028 1.01905e+008 1.73115e+011 1.81403e+011 4.5718e+008 3.55077e+011 1.46208e+010
3.022 3.72879e+011 610638 1.07533e+008 1.76254e+011 1.79908e+011 4.42023e+008 3.56711e+011 1.61678e+010
3.026 3.74803e+011 612211 1.15489e+008 1.80472e+011 1.77883e+011 4.2249e+008 3.58893e+011 1.591e+010
3.03 3.55015e+011 595832 1.23992e+008 1.84727e+011 1.75823e+011 4.03708e+008 3.61078e+011 -6.06276e+009
3.034 3.49154e+011 590893 1.33076e+008 1.89016e+011 1.73732e+011 3.85654e+008 3.63267e+011 -1.41126e+010
3.038 3.82185e+011 618211 1.42777e+008 1.93338e+011 1.71609e+011 3.68304e+008 3.65458e+011 1.67273e+010
3.042 3.88836e+011 623567 1.53134e+008 1.97689e+011 1.69458e+011 3.51637e+008 3.67652e+011 2.1184e+010
3.046 4.14583e+011 643881 1.64186e+008 2.02068e+011 1.67279e+011 3.35632e+008 3.69847e+011 4.47356e+010
3.049 4.00745e+011 633044 1.72957e+008 2.05369e+011 1.65628e+011 3.24048e+008 3.71494e+011 2.92511e+010
3.053 4.03158e+011 634947 1.85329e+008 2.0979e+011 1.63406e+011 3.09147e+008 3.7369e+011 2.94679e+010
3.057 4.01436e+011 633590 1.9852e+008 2.14231e+011 1.61161e+011 2.9485e+008 3.75886e+011 2.55502e+010
3.061 3.9614e+011 629397 2.12578e+008 2.18691e+011 1.58896e+011 2.81136e+008 3.78081e+011 1.80593e+010
3.065 4.04238e+011 635797 2.27554e+008 2.23165e+011 1.56612e+011 2.67985e+008 3.80273e+011 2.39655e+010
3.069 3.99662e+011 632189 2.43503e+008 2.27652e+011 1.5431e+011 2.55378e+008 3.82461e+011 1.72011e+010
3.073 3.78606e+011 615310 2.60482e+008 2.32148e+011 1.51994e+011 2.43296e+008 3.84645e+011 -6.03915e+009
3.077 3.87011e+011 622102 2.7855e+008 2.3665e+011 1.49663e+011 2.31722e+008 3.86824e+011 1.87003e+008
3.081 3.80152e+011 616565 2.9777e+008 2.41156e+011 1.4732e+011 2.20637e+008 3.88995e+011 -8.84223e+009
3.085 3.94301e+011 627934 3.18209e+008 2.45661e+011 1.44967e+011 2.10023e+008 3.91157e+011 3.14401e+009
3.089 4.1323e+011 642830 3.39936e+008 2.50164e+011 1.42606e+011 1.99865e+008 3.9331e+011 1.99205e+010
3.093 3.92269e+011 626314 3.63023e+008 2.54661e+011 1.40237e+011 1.90145e+008 3.95451e+011 -3.18193e+009
3.097 4.52734e+011 672855 3.87548e+008 2.59148e+011 1.37863e+011 1.80848e+008 3.97579e+011 5.51548e+010
3.101 4.54651e+011 674278 4.13589e+008 2.63622e+011 1.35486e+011 1.71957e+008 3.99693e+011 5.49575e+010
3.105 4.67822e+011 683975 4.41231e+008 2.6808e+011 1.33106e+011 1.63458e+008 4.0179e+011 6.60316e+010
3.109 4.59636e+011 677964 4.7056e+008 2.72518e+011 1.30726e+011 1.55336e+008 4.0387e+011 5.57661e+010
3.113 4.32686e+011 657789 5.0167e+008 2.76934e+011 1.28346e+011 1.47576e+008 4.05929e+011 2.67573e+010
3.117 4.28858e+011 654872 5.34655e+008 2.81322e+011 1.25969e+011 1.40165e+008 4.07967e+011 2.08911e+010
3.121 4.24675e+011 651671 5.69616e+008 2.85681e+011 1.23596e+011 1.33089e+008 4.0998e+011 1.46942e+010
3.126 4.1097e+011 641069 6.16256e+008 2.91082e+011 1.20638e+011 1.24696e+008 4.12461e+011 -1.49135e+009
3.13 4.15187e+011 644350 6.56054e+008 2.95361e+011 1.18279e+011 1.18327e+008 4.14414e+011 7.72659e+008
3.134 4.03623e+011 635314 6.98185e+008 2.99598e+011 1.15929e+011 1.12252e+008 4.16337e+011 -1.27133e+010
3.138 4.34169e+011 658915 7.4277e+008 3.03789e+011 1.13588e+011 1.06459e+008 4.18227e+011 1.5942e+010
3.142 4.238e+011 650999 7.89935e+008 3.07933e+011 1.11259e+011 1.00937e+008 4.20082e+011 3.71717e+009
3.146 4.48035e+011 669354 8.3981e+008 3.12023e+011 1.08942e+011 9.56751e+007 4.21901e+011 2.61333e+010
3.15 4.47635e+011 669055 8.92533e+008 3.16059e+011 1.06639e+011 9.06621e+007 4.23681e+011 2.3954e+010
3.155 4.4435e+011 666595 9.62656e+008 3.21019e+011 1.03781e+011 8.47305e+007 4.25847e+011 1.85023e+010
3.159 4.33987e+011 658777 1.02231e+009 3.24915e+011 1.01513e+011 8.02408e+007 4.27531e+011 6.45598e+009
3.163 4.08892e+011 639447 1.0853e+009 3.28744e+011 9.92625e+010 7.59679e+007 4.29168e+011 -2.02758e+010
3.167 4.44639e+011 666813 1.15177e+009 3.32503e+011 9.70303e+010 7.19025e+007 4.30757e+011 1.3882e+010
3.171 4.25281e+011 652136 1.22191e+009 3.36187e+011 9.48176e+010 6.80357e+007 4.32295e+011 -7.01344e+009
3.176 4.4756e+011 668999 1.31499e+009 3.40683e+011 9.20804e+010 6.34685e+007 4.34142e+011 1.34178e+010
3.18 4.41424e+011 664397 1.394e+009 3.44188e+011 8.9915e+010 6.00177e+007 4.35557e+011 5.86626e+009
3.184 4.49145e+011 670183 1.47725e+009 3.47608e+011 8.7772e+010 5.67388e+007 4.36914e+011 1.22309e+010
3.188 4.53028e+011 673073 1.56496e+009 3.5094e+011 8.56523e+010 5.36241e+007 4.38211e+011 1.4817e+010
3.193 4.65335e+011 682155 1.68114e+009 3.54975e+011 8.30366e+010 4.99504e+007 4.39743e+011 2.55921e+010
3.197 4.30293e+011 655968 1.77959e+009 3.58097e+011 8.09722e+010 4.71788e+007 4.40896e+011 -1.06024e+010
3.201 4.2303e+011 650408 1.88316e+009 3.6112e+011 7.89336e+010 4.45486e+007 4.41981e+011 -1.89508e+010
3.206 4.4591e+011 667765 2.02019e+009 3.64756e+011 7.64224e+010 4.14499e+007 4.4324e+011 2.6698e+009
3.21 4.25847e+011 652570 2.13615e+009 3.67547e+011 7.4444e+010 3.91146e+007 4.44166e+011 -1.83184e+010
3.214 4.16616e+011 645458 2.25799e+009 3.7023e+011 7.24933e+010 3.69006e+007 4.45018e+011 -2.84025e+010
3.219 4.11942e+011 641827 2.41896e+009 3.73428e+011 7.00946e+010 3.42951e+007 4.45976e+011 -3.40346e+010
3.223 4.44343e+011 666591 2.55499e+009 3.7586e+011 6.82081e+010 3.23336e+007 4.46655e+011 -2.31234e+009
3.228 4.35008e+011 659551 2.73454e+009 3.78736e+011 6.58912e+010 3.00271e+007 4.47392e+011 -1.23836e+010
3.232 4.12239e+011 642059 2.88612e+009 3.80903e+011 6.40711e+010 2.8292e+007 4.47888e+011 -3.5649e+010
3.236 4.27726e+011 654007 3.04506e+009 3.82949e+011 6.22811e+010 2.66498e+007 4.48302e+011 -2.0576e+010
3.241 4.16959e+011 645723 3.25457e+009 3.85333e+011 6.00863e+010 2.47208e+007 4.48699e+011 -3.17402e+010
3.245 3.97502e+011 630477 3.43119e+009 3.871e+011 5.8365e+010 2.32713e+007 4.48919e+011 -5.14173e+010
3.25 4.14708e+011 643978 3.66377e+009 3.89128e+011 5.6257e+010 2.15699e+007 4.49071e+011 -3.43629e+010
3.254 4.50166e+011 670944 3.85967e+009 3.90606e+011 5.46056e+010 2.02925e+007 4.49091e+011 1.07482e+009
3.259 4.49462e+011 670419 4.11737e+009 3.92268e+011 5.25853e+010 1.87942e+007 4.48989e+011 4.72657e+008
3.263 4.42493e+011 665201 4.33422e+009 3.93449e+011 5.10045e+010 1.76701e+007 4.48805e+011 -6.31233e+009
3.268 4.47948e+011 669289 4.61921e+009 3.94736e+011 4.90727e+010 1.63526e+007 4.48444e+011 -4.96396e+008
3.272 4.2711e+011 653537 4.85878e+009 3.95614e+011 4.75628e+010 1.53649e+007 4.48051e+011 -2.09403e+010
3.277 4.29125e+011 655077 5.17333e+009 3.96519e+011 4.57197e+010 1.42082e+007 4.47427e+011 -1.83014e+010
3.281 4.23816e+011 651011 5.4375e+009 3.9709e+011 4.42806e+010 1.33417e+007 4.46821e+011 -2.30057e+010
3.286 4.15273e+011 644417 5.78401e+009 3.97609e+011 4.25259e+010 1.23276e+007 4.45931e+011 -3.06582e+010
3.29 4.34659e+011 659286 6.07474e+009 3.97869e+011 4.11573e+010 1.15686e+007 4.45113e+011 -1.04539e+010
3.295 4.23393e+011 650687 6.45571e+009 3.97999e+011 3.94904e+010 1.06809e+007 4.43956e+011 -2.05623e+010
3.299 4.407e+011 663852 6.77504e+009 3.97947e+011 3.81916e+010 1.0017e+007 4.42924e+011 -2.22389e+009
3.304 4.47246e+011 668764 7.19308e+009 3.97687e+011 3.66114e+010 9.24116e+006 4.41501e+011 5.74502e+009
3.309 4.50487e+011 671184 7.63288e+009 3.97211e+011 3.50788e+010 8.52172e+006 4.39931e+011 1.05564e+010
3.313 4.29027e+011 655002 8.00095e+009 3.96675e+011 3.38867e+010 7.98422e+006 4.38571e+011 -9.5431e+009
3.318 4.1033e+011 640570 8.48206e+009 3.95812e+011 3.24385e+010 7.35688e+006 4.3674e+011 -2.641e+010
3.323 4.21668e+011 649360 8.98735e+009 3.94736e+011 3.10366e+010 6.77589e+006 4.34767e+011 -1.30985e+010
3.327 4.16635e+011 645473 9.40958e+009 3.93723e+011 2.99478e+010 6.34233e+006 4.33087e+011 -1.64515e+010
3.332 4.1518e+011 644344 9.96064e+009 3.92268e+011 2.86274e+010 5.83689e+006 4.30862e+011 -1.56819e+010
3.337 4.21964e+011 649587 1.05384e+010 3.90606e+011 2.73513e+010 5.3694e+006 4.28501e+011 -6.53712e+009
3.341 4.15173e+011 644339 1.10204e+010 3.89128e+011 2.63619e+010 5.02094e+006 4.26516e+011 -1.13424e+010
3.346 4.10231e+011 640493 1.16486e+010 3.871e+011 2.51639e+010 4.61519e+006 4.23917e+011 -1.36853e+010
3.351 4.26617e+011 653159 1.2306e+010 3.84872e+011 2.40081e+010 4.24039e+006 4.2119e+011 5.42659e+009
3.356 4.0085e+011 633127 1.29936e+010 3.82449e+011 2.28939e+010 3.89433e+006 4.1834e+011 -1.74905e+010
3.36 3.73307e+011 610988 1.35662e+010 3.80372e+011 2.20318e+010 3.63679e+006 4.15974e+011 -4.26671e+010
3.365 3.81004e+011 617256 1.43106e+010 3.77607e+011 2.09901e+010 3.33738e+006 4.12911e+011 -3.1907e+010
3.37 4.00496e+011 632847 1.50879e+010 3.74658e+011 1.99876e+010 3.06129e+006 4.09737e+011 -9.2412e+009
3.375 4.04113e+011 635699 1.58991e+010 3.7153e+011 1.90232e+010 2.80681e+006 4.06455e+011 -2.34205e+009
3.38 3.85775e+011 621108 1.67449e+010 3.68228e+011 1.80963e+010 2.57238e+006 4.03071e+011 -1.7296e+010
3.385 4.044e+011 635924 1.76265e+010 3.64756e+011 1.72058e+010 2.3565e+006 3.9959e+011 4.80922e+009
3.389 4.09761e+011 640126 1.8358e+010 3.6186e+011 1.6519e+010 2.19623e+006 3.96739e+011 1.30222e+010
3.394 3.85979e+011 621272 1.93061e+010 3.58097e+011 1.56918e+010 2.01034e+006 3.93097e+011 -7.11811e+009
3.399 3.84278e+011 619901 2.02924e+010 3.5418e+011 1.48985e+010 1.83939e+006 3.89373e+011 -5.09512e+009
3.404 3.81988e+011 618052 2.13179e+010 3.50116e+011 1.41382e+010 1.68224e+006 3.85573e+011 -3.58529e+009
3.409 3.86396e+011 621608 2.23833e+010 3.45909e+011 1.34098e+010 1.53785e+006 3.81704e+011 4.69231e+009
3.414 3.68128e+011 606736 2.34895e+010 3.41567e+011 1.27125e+010 1.40525e+006 3.77771e+011 -9.64277e+009
3.419 3.60695e+011 600579 2.46374e+010 3.37096e+011 1.20454e+010 1.28352e+006 3.73781e+011 -1.30854e+010
3.424 3.71944e+011 609872 2.58277e+010 3.32503e+011 1.14075e+010 1.17182e+006 3.69739e+011 2.20472e+009
3.429 3.52322e+011 593567 2.70612e+010 3.27794e+011 1.07979e+010 1.06938e+006 3.65654e+011 -1.3332e+010
3.434 3.55268e+011 596043 2.83386e+010 3.22975e+011 1.02158e+010 975475 3.6153e+011 -6.26256e+009
3.439 3.50509e+011 592038 2.96607e+010 3.18054e+011 9.66007e+009 889426 3.57376e+011 -6.86652e+009
3.444 3.38308e+011 581643 3.10279e+010 3.13038e+011 9.12999e+009 810616 3.53196e+011 -1.48882e+010
3.449 3.58362e+011 598634 3.24411e+010 3.07933e+011 8.62462e+009 738468 3.48999e+011 9.36312e+009
3.454 3.25916e+011 570891 3.39007e+010 3.02746e+011 8.14311e+009 672449 3.4479e+011 -1.88742e+010
3.459 3.327e+011 576801 3.54072e+010 2.97485e+011 7.68458e+009 612067 3.40577e+011 -7.87721e+009
3.464 3.34227e+011 578124 3.69611e+010 2.92156e+011 7.2482e+009 556864 3.36366e+011 -2.13807e+009
3.469 3.45775e+011 588027 3.85629e+010 2.86766e+011 6.83314e+009 506420 3.32162e+011 1.36127e+010
3.474 3.2804e+011 572747 4.02127e+010 2.81322e+011 6.43859e+009 460345 3.27974e+011 6.53279e+007
3.48 3.35773e+011 579459 4.22565e+010 2.74729e+011 5.99107e+009 410319 3.22977e+011 1.27957e+010
3.485 3.37982e+011 581362 4.40132e+010 2.69191e+011 5.63886e+009 372631 3.18844e+011 1.91384e+010
3.49 3.25008e+011 570095 4.58186e+010 2.63622e+011 5.30466e+009 338258 3.14745e+011 1.02624e+010
3.495 2.95676e+011 543761 4.76729e+010 2.58027e+011 4.98774e+009 306922 3.10688e+011 -1.50116e+010
3.5 3.07038e+011 554110 4.9576e+010 2.52413e+011 4.68738e+009 278368 3.06677e+011 3.60906e+008
3.505 3.01947e+011 549497 5.15278e+010 2.46788e+011 4.40288e+009 252361 3.02719e+011 -7.71681e+008
3.511 3.03101e+011 550546 5.39341e+010 2.40029e+011 4.08145e+009 224211 2.98045e+011 5.05557e+009
3.516 3.06866e+011 553955 5.59923e+010 2.34398e+011 3.82946e+009 203069 2.9422e+011 1.2646e+010
3.521 3.00492e+011 548171 5.80983e+010 2.28775e+011 3.59121e+009 183841 2.90465e+011 1.00269e+010
3.526 2.97315e+011 545266 6.02517e+010 2.23165e+011 3.36607e+009 166362 2.86783e+011 1.05319e+010
3.532 2.93036e+011 541328 6.28975e+010 2.16459e+011 3.11238e+009 147481 2.82469e+011 1.05666e+010
3.537 2.71738e+011 521285 6.51529e+010 2.10898e+011 2.91401e+009 133331 2.78965e+011 -7.22731e+009
3.542 2.70156e+011 519765 6.74535e+010 2.05369e+011 2.72691e+009 120486 2.75549e+011 -5.39376e+009
3.548 2.83203e+011 532168 7.02726e+010 1.98781e+011 2.51649e+009 106634 2.71571e+011 1.16324e+010
3.553 2.6161e+011 511478 7.26694e+010 1.93338e+011 2.35229e+009 96268.9 2.68359e+011 -6.74961e+009
3.558 2.67949e+011 517638 7.51082e+010 1.87941e+011 2.19768e+009 86873.7 2.65247e+011 2.70245e+009
3.564 2.79036e+011 528238 7.80886e+010 1.81532e+011 2.02416e+009 76757.6 2.61645e+011 1.73905e+010
3.569 2.73717e+011 523179 8.06154e+010 1.76254e+011 1.88902e+009 69200.4 2.58758e+011 1.49585e+010
3.575 2.73529e+011 523000 8.36973e+010 1.69999e+011 1.73754e+009 61072.2 2.55434e+011 1.80947e+010
3.58 2.50506e+011 500506 8.63052e+010 1.64859e+011 1.61973e+009 55006.7 2.52783e+011 -2.27759e+009
3.586 2.59669e+011 509577 8.94796e+010 1.5878e+011 1.48786e+009 48490 2.49748e+011 9.92117e+009
3.591 2.80234e+011 529371 9.21603e+010 1.53794e+011 1.38543e+009 43632.4 2.4734e+011 3.28939e+010
3.597 2.44373e+011 494341 9.54168e+010 1.47911e+011 1.27094e+009 38419.1 2.44599e+011 -2.25555e+008
3.602 2.54822e+011 504799 9.81612e+010 1.43095e+011 1.18213e+009 34537.3 2.42438e+011 1.23835e+010
3.608 2.40733e+011 490646 1.01488e+011 1.37423e+011 1.08298e+009 30375.9 2.39994e+011 7.39268e+008
3.613 2.35162e+011 484935 1.04285e+011 1.3279e+011 1.00618e+009 27280.7 2.38081e+011 -2.91893e+009
3.619 2.1848e+011 467419 1.07669e+011 1.27343e+011 9.20564e+008 23966.1 2.35933e+011 -1.74531e+010
3.624 2.26479e+011 475898 1.10509e+011 1.22902e+011 8.5433e+008 21503.4 2.34265e+011 -7.7857e+009
3.63 2.28133e+011 477632 1.13935e+011 1.17692e+011 7.80588e+008 18869.1 2.32408e+011 -4.27509e+009
3.636 2.34565e+011 484319 1.17379e+011 1.12614e+011 7.12691e+008 16547.2 2.30706e+011 3.8588e+009
3.641 2.36543e+011 486357 1.20258e+011 1.08486e+011 6.60276e+008 14824.9 2.29404e+011 7.13897e+009
3.647 2.22277e+011 471463 1.23719e+011 1.03656e+011 6.02039e+008 12985.7 2.27978e+011 -5.70074e+009
3.653 2.2937e+011 478926 1.27184e+011 9.89644e+010 5.48538e+008 11367.6 2.26697e+011 2.67293e+009
3.658 2.41244e+011 491166 1.30069e+011 9.516e+010 5.07321e+008 10169.4 2.25737e+011 1.55074e+010
3.664 2.49204e+011 499203 1.33525e+011 9.0722e+010 4.6162e+008 8892.02 2.24709e+011 2.44951e+010
3.67 2.2699e+011 476434 1.36968e+011 8.64232e+010 4.19729e+008 7770.2 2.23811e+011 3.17854e+009
3.676 2.07768e+011 455816 1.40393e+011 8.22636e+010 3.81362e+008 6785.67 2.23038e+011 -1.52699e+010
3.681 2.17774e+011 466662 1.43229e+011 7.89034e+010 3.51886e+008 6058.32 2.22485e+011 -4.71087e+009
3.687 2.21405e+011 470536 1.46606e+011 7.49978e+010 3.19293e+008 5284.62 2.21923e+011 -5.18641e+008
3.693 2.31577e+011 481225 1.49948e+011 7.12297e+010 2.89507e+008 4606.85 2.21467e+011 1.01098e+010
3.699 2.20226e+011 469282 1.5325e+011 6.75979e+010 2.62309e+008 4013.49 2.2111e+011 -8.84089e+008
3.705 2.22002e+011 471171 1.56505e+011 6.4101e+010 2.37493e+008 3494.37 2.20843e+011 1.15865e+009
3.711 2.04739e+011 452481 1.59707e+011 6.07374e+010 2.14868e+008 3040.49 2.2066e+011 -1.5921e+010
3.716 2.22278e+011 471464 1.62332e+011 5.80348e+010 1.97559e+008 2706.34 2.20564e+011 1.71405e+009
3.722 2.19487e+011 468494 1.65422e+011 5.49105e+010 1.78499e+008 2352.12 2.20511e+011 -1.02462e+009
3.728 2.13682e+011 462258 1.68444e+011 5.19137e+010 1.61161e+008 2042.98 2.20518e+011 -6.83611e+009
3.734 2.34818e+011 484580 1.71389e+011 4.9042e+010 1.45401e+008 1773.36 2.20577e+011 1.42412e+010
3.74 2.14565e+011 463212 1.74254e+011 4.62928e+010 1.31086e+008 1538.36 2.20678e+011 -6.11265e+009
3.746 2.30842e+011 480460 1.77031e+011 4.36635e+010 1.18094e+008 1333.67 2.20813e+011 1.00287e+010
3.752 2.31583e+011 481230 1.79716e+011 4.11512e+010 1.06313e+008 1155.49 2.20974e+011 1.06087e+010
3.758 2.20821e+011 469916 1.82303e+011 3.87531e+010 9.56367e+007 1000.49 2.21152e+011 -3.30544e+008
3.764 2.04108e+011 451783 1.84786e+011 3.64662e+010 8.59701e+007 865.736 2.21339e+011 -1.72303e+010
3.77 2.14026e+011 462629 1.87161e+011 3.42873e+010 7.72242e+007 748.666 2.21525e+011 -7.49978e+009
3.776 2.2581e+011 475194 1.89422e+011 3.22133e+010 6.93175e+007 647.021 2.21704e+011 4.1055e+009
3.783 2.26374e+011 475788 1.91909e+011 2.9922e+010 6.10539e+007 545.311 2.21892e+011 4.48183e+009
3.789 2.10703e+011 459024 1.93907e+011 2.80644e+010 5.47163e+007 470.637 2.22026e+011 -1.13228e+010
3.795 2.18422e+011 467356 1.95776e+011 2.63015e+010 4.90008e+007 405.934 2.22127e+011 -3.70484e+009
3.801 2.08227e+011 456319 1.97513e+011 2.463e+010 4.38504e+007 349.908 2.22187e+011 -1.39599e+010
3.807 2.29879e+011 479457 1.99114e+011 2.30466e+010 3.92127e+007 301.426 2.222e+011 7.67908e+009
3.813 2.02962e+011 450513 2.00575e+011 2.15481e+010 3.50399e+007 259.499 2.22158e+011 -1.91959e+010
3.82 2.09063e+011 457234 2.02098e+011 1.99029e+010 3.07012e+007 217.724 2.22032e+011 -1.29693e+010
3.826 2.16875e+011 465698 2.03246e+011 1.85772e+010 2.73908e+007 187.185 2.2185e+011 -4.97553e+009
3.832 2.17531e+011 466402 2.04244e+011 1.73263e+010 2.44196e+007 160.829 2.21595e+011 -4.06371e+009
3.838 2.21328e+011 470455 2.05091e+011 1.61469e+010 2.17548e+007 138.098 2.21259e+011 6.83228e+007
3.845 2.19917e+011 468953 2.05885e+011 1.48573e+010 1.89936e+007 115.515 2.20761e+011 -8.44483e+008
3.851 2.23788e+011 473062 2.06398e+011 1.38225e+010 1.68942e+007 99.0536 2.20237e+011 3.55085e+009
3.857 2.23584e+011 472847 2.06754e+011 1.28497e+010 1.50159e+007 84.8852 2.19619e+011 3.9656e+009
3.864 2.13368e+011 461917 2.06972e+011 1.17892e+010 1.30748e+007 70.8398 2.18774e+011 -5.40625e+009
3.87 2.03621e+011 451244 2.06987e+011 1.09409e+010 1.16028e+007 60.6247 2.1794e+011 -1.43191e+010
3.877 2.10192e+011 458467 2.06807e+011 1.00181e+010 1.00843e+007 50.5136 2.16835e+011 -6.64327e+009
3.883 2.11049e+011 459400 2.06481e+011 9.28147e+009 8.93481e+006 43.171 2.15772e+011 -4.72312e+009
3.89 1.94024e+011 440482 2.05904e+011 8.48181e+009 7.75116e+006 35.9139 2.14394e+011 -2.03699e+010
3.896 1.92204e+011 438411 2.05242e+011 7.84479e+009 6.8568e+006 30.652 2.13093e+011 -2.0889e+010
3.903 1.97694e+011 444628 2.04274e+011 7.15471e+009 5.93748e+006 25.4591 2.11435e+011 -1.3741e+010
3.909 1.86976e+011 432408 2.03281e+011 6.60613e+009 5.2441e+006 21.6994 2.09893e+011 -2.29164e+010
3.916 1.94815e+011 441378 2.01934e+011 6.01308e+009 4.53264e+006 17.9947 2.07952e+011 -1.31372e+010
3.922 2.01373e+011 448746 2.00621e+011 5.54261e+009 3.997e+006 15.3166 2.06168e+011 -4.79474e+009
3.929 2.11629e+011 460032 1.98909e+011 5.03505e+009 3.44837e+006 12.6816 2.03947e+011 7.68207e+009
3.936 1.91421e+011 437517 1.97006e+011 4.5691e+009 2.97209e+006 10.4909 2.01578e+011 -1.01572e+010
3.942 1.94628e+011 441166 1.95229e+011 4.20061e+009 2.6145e+006 8.91097 1.99432e+011 -4.80472e+009
3.949 1.82997e+011 427781 1.9299e+011 3.80433e+009 2.24925e+006 7.36 1.96797e+011 -1.37999e+010
3.956 1.82003e+011 426618 1.90579e+011 3.44176e+009 1.9331e+006 6.07381 1.94023e+011 -1.20199e+010
3.962 1.69057e+011 411166 1.88381e+011 3.15593e+009 1.69639e+006 5.14834 1.91539e+011 -2.24813e+010
3.969 1.85076e+011 430204 1.8567e+011 2.8495e+009 1.45526e+006 4.24193 1.88521e+011 -3.44534e+009
3.976 1.7014e+011 412480 1.82808e+011 2.57008e+009 1.24717e+006 3.49212 1.8538e+011 -1.52398e+010
3.983 1.78199e+011 422137 1.79804e+011 2.31559e+009 1.06778e+006 2.87241 1.82121e+011 -3.92166e+009
3.99 1.80393e+011 424727 1.76666e+011 2.08407e+009 913279 2.36066 1.78751e+011 1.64207e+009
3.996 1.84229e+011 429219 1.73877e+011 1.90252e+009 798142 1.99388 1.7578e+011 8.44921e+009
4.003 1.67059e+011 408728 1.70514e+011 1.70891e+009 681401 1.63605 1.72223e+011 -5.16469e+009
4.01 1.68409e+011 410376 1.67043e+011 1.53337e+009 581158 1.3413 1.68577e+011 -1.67957e+008
4.017 1.706e+011 413037 1.63473e+011 1.37439e+009 495170 1.09872 1.64848e+011 5.75219e+009
4.024 1.62411e+011 403003 1.59813e+011 1.23058e+009 421486 0.899242 1.61044e+011 1.36694e+009
4.031 1.57757e+011 397187 1.56074e+011 1.10064e+009 358411 0.735354 1.57175e+011 5.82612e+008
4.038 1.63353e+011 404170 1.52264e+011 9.83377e+008 304473 0.600823 1.53248e+011 1.01057e+010
4.045 1.57123e+011 396387 1.48393e+011 8.77667e+008 258395 0.490486 1.49271e+011 7.85149e+009
4.052 1.48575e+011 385454 1.44471e+011 7.82485e+008 219073 0.400071 1.45254e+011 3.32077e+009
4.059 1.40577e+011 374936 1.40507e+011 6.96881e+008 185551 0.326045 1.41204e+011 -6.26872e+008
4.066 1.42194e+011 377086 1.3651e+011 6.1998e+008 157002 0.265489 1.3713e+011 5.06366e+009
4.073 1.46849e+011 383208 1.32489e+011 5.50977e+008 132714 0.215997 1.3304e+011 1.38083e+010
4.081 1.3121e+011 362229 1.27877e+011 4.80841e+008 109389 0.170449 1.28358e+011 2.85254e+009
4.088 1.26881e+011 356203 1.23835e+011 4.26348e+008 92270.3 0.138421 1.24261e+011 2.61923e+009
4.095 1.22664e+011 350234 1.19797e+011 3.77628e+008 77753.3 0.112316 1.20174e+011 2.48938e+009
4.102 1.35317e+011 367854 1.1577e+011 3.34118e+008 65455.2 0.091056 1.16104e+011 1.92123e+010
4.109 1.12888e+011 335988 1.11763e+011 2.95306e+008 55047.7 0.0737575 1.12058e+011 8.29681e+008
4.117 1.15712e+011 340165 1.07217e+011 2.56104e+008 45108.9 0.0579135 1.07473e+011 8.23955e+009
4.124 1.08506e+011 329403 1.03276e+011 2.25837e+008 37855.8 0.0468258 1.03502e+011 5.00427e+009
4.131 1.16061e+011 340678 9.93769e+010 1.98935e+008 31737.5 0.0378286 9.95759e+010 1.64854e+010
4.139 9.82659e+010 313474 9.49803e+010 1.71866e+008 25914.8 0.0296118 9.51521e+010 3.11377e+009
4.146 8.16716e+010 285782 9.11917e+010 1.51047e+008 21680.2 0.0238785 9.13428e+010 -9.67114e+009
4.154 8.9655e+010 299424 8.69362e+010 1.30154e+008 17659.7 0.0186529 8.70664e+010 2.58857e+009
4.161 9.49282e+010 308104 8.32833e+010 1.14127e+008 14742.6 0.015014 8.33975e+010 1.15307e+010
4.168 7.27014e+010 269632 7.97013e+010 9.99661e+007 12295.2 0.0120747 7.98013e+010 -7.09984e+009
4.176 6.826e+010 261266 7.56997e+010 8.58089e+007 9979.44 0.00940342 7.57855e+010 -7.52551e+009
4.183 7.3041e+010 270261 7.22831e+010 7.49904e+007 8305.08 0.00754872 7.23581e+010 6.82969e+008
4.191 6.74013e+010 259618 6.84798e+010 6.42022e+007 6724.48 0.00586648 6.8544e+010 -1.1427e+009
4.199 6.92974e+010 263244 6.47889e+010 5.48895e+007 5437.64 0.00455405 6.48438e+010 4.45354e+009
4.206 4.98882e+010 223357 6.16545e+010 4.78013e+007 4510.57 0.00364561 6.17023e+010 -1.18141e+010
4.214 5.47104e+010 233903 5.81836e+010 4.07609e+007 3638.54 0.00282413 5.82243e+010 -3.5139e+009
4.222 5.07749e+010 225333 5.48338e+010 3.47091e+007 2931.3 0.00218533 5.48685e+010 -4.0936e+009
4.229 5.16795e+010 227331 5.20035e+010 3.01211e+007 2423.62 0.00174451 5.20336e+010 -3.54179e+008
4.237 4.48756e+010 211839 4.88853e+010 2.5582e+007 1947.79 0.0013471 4.89109e+010 -4.03529e+009
4.245 4.28341e+010 206964 4.58918e+010 2.16967e+007 1563.35 0.00103906 4.59135e+010 -3.07944e+009
4.253 3.99805e+010 199951 4.30234e+010 1.83758e+007 1253.17 0.000800574 4.30418e+010 -3.06127e+009
4.26 4.23439e+010 205776 4.06159e+010 1.58716e+007 1031.58 0.000636678 4.06318e+010 1.71212e+009
4.268 4.21518e+010 205309 3.79807e+010 1.34073e+007 824.897 0.000489523 3.79941e+010 4.15764e+009
4.276 3.84101e+010 195985 3.54685e+010 1.13098e+007 658.767 0.000375962 3.54798e+010 2.93031e+009
4.284 3.04647e+010 174541 3.30776e+010 9.52711e+006 525.414 0.000288424 3.30871e+010 -2.62244e+009
4.292 3.57317e+010 189028 3.08061e+010 8.01427e+006 418.512 0.000221022 3.08141e+010 4.91762e+009
4.3 2.86179e+010 169168 2.86518e+010 6.73226e+006 332.929 0.000169183 2.86586e+010 -4.06682e+007
4.308 2.95635e+010 171941 2.66121e+010 5.64745e+006 264.504 0.000129358 2.66178e+010 2.94576e+009
4.316 2.40928e+010 155219 2.46842e+010 4.73085e+006 209.869 9.87981e-005 2.46889e+010 -5.96078e+008
4.324 2.35901e+010 153591 2.2865e+010 3.95749e+006 166.304 7.53737e-005 2.28689e+010 7.21215e+008
4.332 1.98715e+010 140966 2.11512e+010 3.30595e+006 131.612 5.74392e-005 2.11545e+010 -1.28301e+009
4.34 1.94604e+010 139500 1.95393e+010 2.75782e+006 104.021 4.37234e-005 1.95421e+010 -8.17182e+007
4.348 2.14678e+010 146519 1.80259e+010 2.29738e+006 82.1085 3.32457e-005 1.80282e+010 3.43961e+009
4.357 2.26553e+010 150517 1.64364e+010 1.86748e+006 62.8258 2.43954e-005 1.64382e+010 6.2171e+009
4.365 1.95469e+010 139810 1.51197e+010 1.55109e+006 49.4546 1.85056e-005 1.51213e+010 4.42563e+009
4.373 1.59686e+010 126367 1.38897e+010 1.2865e+006 38.8788 1.40222e-005 1.3891e+010 2.07757e+009
4.381 1.68544e+010 129824 1.27425e+010 1.06556e+006 30.525 1.06131e-005 1.27436e+010 4.11074e+009
4.39 1.51074e+010 122912 1.15461e+010 860584 23.2163 7.74773e-006 1.1547e+010 3.56046e+009
4.398 1.22552e+010 110703 1.05621e+010 710682 18.1777 5.85028e-006 1.05628e+010 1.69243e+009
4.406 1.27445e+010 112891 9.64882e+009 586073 14.2142 4.41261e-006 9.6494e+009 3.09507e+009
4.415 1.5538e+010 124652 8.70136e+009 471020 10.7617 3.20869e-006 8.70183e+009 6.83622e+009
4.423 1.12286e+010 105965 7.92615e+009 387284 8.39201 2.41446e-006 7.92654e+009 3.3021e+009
