1.772 1.31121e+010 114508 2.27123e-007 17.4706 8.77134e+006 2.39477e+008 2.48248e+008 1.28638e+010
1.773 1.14276e+010 106900 2.36229e-007 18.0244 8.92834e+006 2.43134e+008 2.52062e+008 1.11755e+010
1.775 1.21251e+010 110114 2.55534e-007 19.1843 9.25039e+006 2.50593e+008 2.59843e+008 1.18653e+010
1.776 1.18711e+010 108954 2.65763e-007 19.7913 9.41552e+006 2.54396e+008 2.63812e+008 1.16072e+010
1.777 1.2566e+010 112098 2.76397e-007 20.417 9.58345e+006 2.5825e+008 2.67833e+008 1.22982e+010
1.778 1.20752e+010 109887 2.8745e-007 21.0622 9.75423e+006 2.62154e+008 2.71908e+008 1.18033e+010
1.78 1.20586e+010 109811 3.10883e-007 22.4129 1.01045e+007 2.70115e+008 2.8022e+008 1.17783e+010
1.781 1.25142e+010 111867 3.23298e-007 23.1196 1.02841e+007 2.74174e+008 2.84458e+008 1.22297e+010
1.782 1.13179e+010 106386 3.36202e-007 23.8482 1.04667e+007 2.78285e+008 2.88752e+008 1.10292e+010
1.783 1.24796e+010 111712 3.49614e-007 24.5992 1.06523e+007 2.8245e+008 2.93102e+008 1.21865e+010
1.785 1.1757e+010 108430 3.78043e-007 26.1714 1.10331e+007 2.90941e+008 3.01974e+008 1.1455e+010
1.786 1.15059e+010 107266 3.93102e-007 26.9939 1.12283e+007 2.95268e+008 3.06496e+008 1.11994e+010
1.787 1.25096e+010 111846 4.08754e-007 27.8417 1.14268e+007 2.99651e+008 3.11078e+008 1.21985e+010
1.788 1.24565e+010 111609 4.2502e-007 28.7156 1.16286e+007 3.0409e+008 3.15718e+008 1.21408e+010
1.789 1.31786e+010 114798 4.41926e-007 29.6162 1.18338e+007 3.08585e+008 3.20418e+008 1.28582e+010
1.791 1.3661e+010 116880 4.77754e-007 31.5012 1.22545e+007 3.17747e+008 3.30001e+008 1.3331e+010
1.792 1.16931e+010 108134 4.96729e-007 32.4873 1.24701e+007 3.22415e+008 3.34885e+008 1.13582e+010
1.793 1.15753e+010 107589 5.16447e-007 33.5035 1.26893e+007 3.27142e+008 3.39831e+008 1.12355e+010
1.794 1.21254e+010 110116 5.36939e-007 34.5508 1.29122e+007 3.31928e+008 3.4484e+008 1.17806e+010
1.796 1.23272e+010 111028 5.8036e-007 36.7423 1.33692e+007 3.4168e+008 3.5505e+008 1.19722e+010
1.797 1.31789e+010 114799 6.03354e-007 37.8885 1.36033e+007 3.46648e+008 3.60251e+008 1.28186e+010
1.798 1.19919e+010 109508 6.27246e-007 39.0697 1.38414e+007 3.51677e+008 3.65519e+008 1.16264e+010
1.799 1.19815e+010 109460 6.52072e-007 40.2868 1.40834e+007 3.56769e+008 3.70853e+008 1.16106e+010
1.801 1.26863e+010 112633 7.04672e-007 42.8334 1.45795e+007 3.67141e+008 3.81721e+008 1.23045e+010
1.802 1.08511e+010 104169 7.32521e-007 44.1651 1.48338e+007 3.72423e+008 3.87257e+008 1.04639e+010
1.803 1.1216e+010 105906 7.61457e-007 45.5373 1.50922e+007 3.7777e+008 3.92862e+008 1.08232e+010
1.805 1.01003e+010 100500 8.22755e-007 48.4078 1.56219e+007 3.8866e+008 4.04282e+008 9.69604e+009
1.806 1.09077e+010 104440 8.55207e-007 49.9087 1.58933e+007 3.94204e+008 4.10097e+008 1.04976e+010
1.807 1.14825e+010 107156 8.88922e-007 51.4551 1.61691e+007 3.99816e+008 4.15985e+008 1.10665e+010
1.808 1.0101e+010 100504 9.23948e-007 53.0483 1.64495e+007 4.05495e+008 4.21944e+008 9.67904e+009
1.81 1.18274e+010 108754 9.9814e-007 56.3807 1.70242e+007 4.17058e+008 4.34083e+008 1.13933e+010
1.811 1.03688e+010 101827 1.03741e-006 58.1229 1.73186e+007 4.22944e+008 4.40263e+008 9.92855e+009
1.812 1.06874e+010 103380 1.07821e-006 59.9176 1.76178e+007 4.28901e+008 4.46518e+008 1.02409e+010
1.813 1.20782e+010 109901 1.12059e-006 61.7665 1.79219e+007 4.34928e+008 4.5285e+008 1.16253e+010
1.815 1.18423e+010 108822 1.21034e-006 65.6331 1.85451e+007 4.47197e+008 4.65742e+008 1.13766e+010
1.816 1.0972e+010 104748 1.25784e-006 67.6542 1.88643e+007 4.5344e+008 4.72304e+008 1.04997e+010
1.817 1.00751e+010 100375 1.30718e-006 69.7361 1.91887e+007 4.59757e+008 4.78945e+008 9.59615e+009
1.819 1.04005e+010 101983 1.41167e-006 74.0895 1.98535e+007 4.72613e+008 4.92466e+008 9.90808e+009
1.82 1.36787e+010 116956 1.46696e-006 76.3647 2.0194e+007 4.79153e+008 4.99347e+008 1.31794e+010
1.821 1.12381e+010 106010 1.52439e-006 78.7082 2.054e+007 4.8577e+008 5.0631e+008 1.07318e+010
1.822 9.57285e+009 97840.9 1.58404e-006 81.1219 2.08916e+007 4.92463e+008 5.13355e+008 9.05949e+009
1.824 9.20935e+009 95965.3 1.71033e-006 86.1684 2.16119e+007 5.06082e+008 5.27694e+008 8.68165e+009
1.825 1.26061e+010 112277 1.77716e-006 88.8054 2.19808e+007 5.13009e+008 5.3499e+008 1.20711e+010
1.826 9.72537e+009 98617.3 1.84656e-006 91.5212 2.23557e+007 5.20015e+008 5.42371e+008 9.183e+009
1.828 1.20657e+010 109844 1.99348e-006 97.1987 2.31236e+007 5.34268e+008 5.57391e+008 1.15084e+010
1.829 1.1395e+010 106748 2.07121e-006 100.165 2.35169e+007 5.41515e+008 5.65032e+008 1.083e+010
1.83 1.06912e+010 103398 2.15193e-006 103.22 2.39165e+007 5.48845e+008 5.72762e+008 1.01185e+010
1.832 1.16129e+010 107763 2.3228e-006 109.605 2.47349e+007 5.63752e+008 5.88487e+008 1.10244e+010
1.833 1.10507e+010 105122 2.41319e-006 112.941 2.5154e+007 5.71332e+008 5.96486e+008 1.04542e+010
1.834 1.17636e+010 108460 2.50704e-006 116.376 2.55797e+007 5.78995e+008 6.04575e+008 1.1159e+010
1.835 9.55715e+009 97760.7 2.6045e-006 119.912 2.60123e+007 5.86744e+008 6.12757e+008 8.94439e+009
1.837 1.02335e+010 101161 2.81078e-006 127.304 2.68983e+007 6.025e+008 6.29399e+008 9.60411e+009
1.838 1.03807e+010 101885 2.91988e-006 131.165 2.73519e+007 6.10509e+008 6.37861e+008 9.74279e+009
1.839 1.15317e+010 107386 3.03316e-006 135.14 2.78126e+007 6.18605e+008 6.46418e+008 1.08853e+010
1.841 1.09484e+010 104635 3.27289e-006 143.447 2.87563e+007 6.35065e+008 6.63821e+008 1.02846e+010
1.842 1.12663e+010 106143 3.39968e-006 147.785 2.92394e+007 6.43429e+008 6.72669e+008 1.05936e+010
1.843 1.11308e+010 105502 3.53131e-006 152.252 2.97301e+007 6.51884e+008 6.81614e+008 1.04492e+010
1.845 1.02903e+010 101441 3.80983e-006 161.584 3.0735e+007 6.69068e+008 6.99803e+008 9.59054e+009
1.846 1.19317e+010 109232 3.95712e-006 166.457 3.12494e+007 6.77799e+008 7.09048e+008 1.12227e+010
1.847 1.10454e+010 105097 4.11002e-006 171.474 3.17718e+007 6.86623e+008 7.18395e+008 1.0327e+010
1.849 1.12259e+010 105952 4.43353e-006 181.954 3.28416e+007 7.04554e+008 7.37396e+008 1.04885e+010
1.85 1.38791e+010 117810 4.60458e-006 187.426 3.33891e+007 7.13662e+008 7.47052e+008 1.31321e+010
1.851 1.55242e+010 124596 4.78213e-006 193.059 3.39452e+007 7.22866e+008 7.56812e+008 1.47674e+010
1.853 1.54349e+010 124237 5.15776e-006 204.825 3.50838e+007 7.41566e+008 7.7665e+008 1.46582e+010
1.854 1.28396e+010 113312 5.35635e-006 210.968 3.56664e+007 7.51063e+008 7.86729e+008 1.20529e+010
1.855 1.68481e+010 129800 5.56248e-006 217.29 3.62582e+007 7.60658e+008 7.96916e+008 1.60512e+010
1.857 1.65058e+010 128475 5.9985e-006 230.495 3.74696e+007 7.80148e+008 8.17618e+008 1.56882e+010
1.858 1.52502e+010 123492 6.22899e-006 237.388 3.80895e+007 7.90044e+008 8.28134e+008 1.44221e+010
1.859 1.42947e+010 119560 6.46821e-006 244.482 3.87191e+007 8.00041e+008 8.38761e+008 1.34559e+010
1.861 1.1053e+010 105133 6.97418e-006 259.297 4.00077e+007 8.20343e+008 8.60351e+008 1.01926e+010
1.862 9.90806e+009 99539.2 7.24161e-006 267.03 4.06671e+007 8.30649e+008 8.71317e+008 9.03674e+009
1.863 1.13863e+010 106707 7.51915e-006 274.987 4.13366e+007 8.4106e+008 8.82397e+008 1.05039e+010
1.865 8.17808e+009 90432.7 8.10611e-006 291.602 4.2707e+007 8.62196e+008 9.04903e+008 7.27317e+009
1.866 1.12699e+010 106160 8.41631e-006 300.274 4.34081e+007 8.72923e+008 9.16332e+008 1.03536e+010
1.868 9.9616e+009 99807.8 9.07227e-006 318.378 4.48429e+007 8.94699e+008 9.39542e+008 9.02206e+009
1.869 9.19004e+009 95864.7 9.41891e-006 327.825 4.5577e+007 9.05749e+008 9.51326e+008 8.23872e+009
1.87 1.00573e+010 100286 9.77861e-006 337.546 4.63223e+007 9.16908e+008 9.63231e+008 9.09405e+009
1.872 1.11466e+010 105578 1.05392e-005 357.838 4.78475e+007 9.39556e+008 9.87404e+008 1.01592e+010
1.873 9.66066e+009 98288.7 1.0941e-005 368.426 4.86276e+007 9.51046e+008 9.99674e+008 8.66099e+009
1.874 9.44068e+009 97163.2 1.1358e-005 379.319 4.94197e+007 9.62648e+008 1.01207e+009 8.42861e+009
1.876 1.12279e+010 105962 1.22395e-005 402.057 5.10405e+007 9.86188e+008 1.03723e+009 1.01906e+010
1.877 1.03008e+010 101493 1.27053e-005 413.919 5.18695e+007 9.98129e+008 1.05e+009 9.2508e+009
1.879 1.01691e+010 100842 1.36898e-005 438.677 5.35655e+007 1.02235e+009 1.07592e+009 9.09323e+009
1.88 9.7767e+009 98877.2 1.421e-005 451.592 5.44329e+007 1.03464e+009 1.08907e+009 8.68763e+009
1.881 1.3908e+010 117932 1.47496e-005 464.878 5.53135e+007 1.04704e+009 1.10235e+009 1.28056e+010
1.883 1.25581e+010 112063 1.58902e-005 492.603 5.7115e+007 1.07219e+009 1.12931e+009 1.14288e+010
1.884 1.31804e+010 114806 1.64926e-005 507.064 5.80363e+007 1.08495e+009 1.14299e+009 1.20374e+010
1.885 1.4284e+010 119516 1.71177e-005 521.938 5.89715e+007 1.09782e+009 1.15679e+009 1.31272e+010
1.887 1.40654e+010 118598 1.84386e-005 552.976 6.08845e+007 1.12393e+009 1.18481e+009 1.28806e+010
1.888 1.2687e+010 112637 1.91362e-005 569.162 6.18627e+007 1.13716e+009 1.19902e+009 1.1488e+010
1.89 1.46661e+010 121104 2.06106e-005 602.933 6.38635e+007 1.16399e+009 1.22785e+009 1.34383e+010
1.891 1.15166e+010 107316 2.13892e-005 620.544 6.48865e+007 1.17759e+009 1.24248e+009 1.02741e+010
1.892 1.13205e+010 106398 2.21969e-005 638.656 6.59248e+007 1.19131e+009 1.25724e+009 1.00632e+010
1.894 9.35082e+009 96699.7 2.39034e-005 676.439 6.80485e+007 1.21913e+009 1.28718e+009 8.06365e+009
1.895 8.74553e+009 93517.6 2.48046e-005 696.14 6.91342e+007 1.23322e+009 1.30236e+009 7.44318e+009
1.897 8.29049e+009 91052.1 2.67086e-005 737.233 7.13545e+007 1.26179e+009 1.33314e+009 6.95734e+009
1.898 1.02527e+010 101256 2.7714e-005 758.657 7.24895e+007 1.27626e+009 1.34875e+009 8.90398e+009
1.9 7.42014e+009 86140.2 2.9838e-005 803.342 7.48105e+007 1.30559e+009 1.3804e+009 6.03974e+009
1.901 8.83498e+009 93994.6 3.09594e-005 826.637 7.5997e+007 1.32045e+009 1.39645e+009 7.43854e+009
1.902 8.82565e+009 93944.9 3.21223e-005 850.589 7.7201e+007 1.33543e+009 1.41264e+009 7.41301e+009
1.904 8.95547e+009 94633.3 3.45789e-005 900.541 7.96629e+007 1.3658e+009 1.44546e+009 7.51001e+009
1.905 1.03573e+010 101771 3.58758e-005 926.578 8.09213e+007 1.38117e+009 1.46209e+009 8.89516e+009
1.907 7.9167e+009 88975.9 3.86151e-005 980.872 8.34939e+007 1.41232e+009 1.49581e+009 6.42089e+009
1.908 8.81592e+009 93893.1 4.00611e-005 1009.17 8.48088e+007 1.42809e+009 1.5129e+009 7.30302e+009
1.91 8.98852e+009 94807.8 4.31151e-005 1068.17 8.74968e+007 1.46003e+009 1.54753e+009 7.44099e+009
1.911 9.53664e+009 97655.7 4.47271e-005 1098.92 8.88705e+007 1.4762e+009 1.56508e+009 7.97157e+009
1.912 7.69148e+009 87701.1 4.63984e-005 1130.53 9.02644e+007 1.49251e+009 1.58278e+009 6.1087e+009
1.914 7.85779e+009 88644.2 4.9928e-005 1196.43 9.31137e+007 1.52553e+009 1.61864e+009 6.23915e+009
1.915 9.08915e+009 95337.1 5.17908e-005 1230.77 9.45697e+007 1.54224e+009 1.63681e+009 7.45234e+009
1.917 9.97435e+009 99871.7 5.57243e-005 1302.35 9.75457e+007 1.57607e+009 1.67362e+009 8.30073e+009
1.918 8.56627e+009 92554.2 5.78001e-005 1339.65 9.90663e+007 1.5932e+009 1.69226e+009 6.87401e+009
1.92 8.25933e+009 90880.8 6.21829e-005 1417.39 1.02174e+008 1.62786e+009 1.73003e+009 6.5293e+009
1.921 8.34569e+009 91354.7 6.44956e-005 1457.89 1.03762e+008 1.64539e+009 1.74916e+009 6.59653e+009
1.922 8.10297e+009 90016.5 6.68931e-005 1499.52 1.05373e+008 1.66307e+009 1.76844e+009 6.33453e+009
1.924 1.02753e+010 101367 7.19546e-005 1586.28 1.08665e+008 1.69884e+009 1.80751e+009 8.46775e+009
1.925 8.76058e+009 93598 7.46251e-005 1631.47 1.10347e+008 1.71694e+009 1.82728e+009 6.9333e+009
1.927 8.41066e+009 91709.6 8.02626e-005 1725.65 1.13784e+008 1.75355e+009 1.86733e+009 6.54332e+009
1.928 7.71339e+009 87825.9 8.32368e-005 1774.71 1.15539e+008 1.77207e+009 1.88761e+009 5.82578e+009
1.93 7.85748e+009 88642.4 8.95147e-005 1876.93 1.19127e+008 1.80953e+009 1.92866e+009 5.92882e+009
1.931 8.73048e+009 93437.1 9.28264e-005 1930.16 1.20959e+008 1.82848e+009 1.94944e+009 6.78104e+009
1.933 9.46517e+009 97289.1 9.98163e-005 2041.08 1.24703e+008 1.8668e+009 1.9915e+009 7.47367e+009
1.934 7.52286e+009 86734.4 0.000103503 2098.85 1.26615e+008 1.88618e+009 2.01279e+009 5.51007e+009
1.936 8.59774e+009 92724 0.000111285 2219.19 1.30522e+008 1.92536e+009 2.05588e+009 6.54186e+009
1.937 9.01858e+009 94966.2 0.000115389 2281.85 1.32517e+008 1.94517e+009 2.07769e+009 6.9409e+009
1.939 7.63056e+009 87353.1 0.00012405 2412.39 1.36593e+008 1.98522e+009 2.12181e+009 5.50874e+009
1.94 9.3099e+009 96487.8 0.000128617 2480.35 1.38674e+008 2.00546e+009 2.14414e+009 7.16576e+009
1.942 8.72058e+009 93384.1 0.000138255 2621.92 1.42926e+008 2.04639e+009 2.18932e+009 6.53127e+009
1.943 8.5574e+009 92506.2 0.000143338 2695.62 1.45098e+008 2.06707e+009 2.21217e+009 6.34523e+009
1.945 7.90043e+009 88884.3 0.000154061 2849.13 1.49532e+008 2.10887e+009 2.25841e+009 5.64202e+009
1.946 9.90307e+009 99514.2 0.000159716 2929.04 1.51797e+008 2.12999e+009 2.28179e+009 7.62128e+009
1.948 8.74133e+009 93495.1 0.000171646 3095.45 1.56421e+008 2.17268e+009 2.3291e+009 6.41223e+009
1.949 9.25722e+009 96214.5 0.000177936 3182.08 1.58783e+008 2.19424e+009 2.35303e+009 6.90419e+009
1.951 7.84868e+009 88592.8 0.000191205 3362.46 1.63605e+008 2.23781e+009 2.40142e+009 5.44726e+009
1.952 8.83057e+009 93971.1 0.0001982 3456.34 1.66067e+008 2.25982e+009 2.42589e+009 6.40468e+009
1.954 9.00485e+009 94893.9 0.000212956 3651.81 1.71094e+008 2.30427e+009 2.47537e+009 6.52948e+009
1.955 6.534e+009 80833.1 0.000220735 3753.54 1.73661e+008 2.32672e+009 2.50039e+009 4.03361e+009
1.957 8.74504e+009 93514.9 0.000237142 3965.34 1.78901e+008 2.37207e+009 2.55097e+009 6.19407e+009
1.958 7.74753e+009 88020.1 0.00024579 4075.55 1.81576e+008 2.39496e+009 2.57654e+009 5.17099e+009
1.96 7.28045e+009 85325.5 0.000264029 4304.99 1.87038e+008 2.4412e+009 2.62824e+009 4.65221e+009
1.961 8.05153e+009 89730.3 0.000273643 4424.37 1.89825e+008 2.46454e+009 2.65437e+009 5.39716e+009
1.963 8.27685e+009 90977.2 0.000293916 4672.86 1.95517e+008 2.51167e+009 2.70719e+009 5.56966e+009
1.964 8.78308e+009 93718.1 0.0003046 4802.15 1.98422e+008 2.53546e+009 2.73388e+009 6.04919e+009
1.966 1.03622e+010 101795 0.000327129 5071.24 2.04352e+008 2.58348e+009 2.78783e+009 7.57434e+009
1.967 7.83433e+009 88511.8 0.000339002 5211.23 2.07378e+008 2.60771e+009 2.81509e+009 5.01924e+009
1.969 7.78587e+009 88237.6 0.000364035 5502.56 2.13555e+008 2.65662e+009 2.87018e+009 4.91569e+009
1.97 8.0833e+009 89907.2 0.000377225 5654.11 2.16708e+008 2.68129e+009 2.89801e+009 5.18529e+009
1.972 8.84057e+009 94024.3 0.000405035 5969.47 2.23142e+008 2.73109e+009 2.95424e+009 5.88633e+009
1.973 7.99054e+009 89389.8 0.000419687 6133.49 2.26425e+008 2.75621e+009 2.98264e+009 5.00789e+009
1.975 8.13465e+009 90192.3 0.000450576 6474.79 2.33127e+008 2.8069e+009 3.04003e+009 5.09462e+009
1.976 8.03824e+009 89656.2 0.00046685 6652.3 2.36546e+008 2.83246e+009 3.06901e+009 4.96923e+009
1.978 8.84217e+009 94032.8 0.000501153 7021.6 2.43523e+008 2.88403e+009 3.12756e+009 5.71461e+009
1.98 9.24356e+009 96143.4 0.000537936 7410.8 2.50691e+008 2.93618e+009 3.18688e+009 6.05668e+009
1.981 9.09067e+009 95345 0.000557313 7613.18 2.54348e+008 2.96248e+009 3.21683e+009 5.87384e+009
1.983 7.93371e+009 89071.4 0.00059815 8034.18 2.6181e+008 3.01551e+009 3.27732e+009 4.65638e+009
1.984 9.16505e+009 95734.3 0.00061966 8253.08 2.65616e+008 3.04224e+009 3.30786e+009 5.85718e+009
1.986 8.43637e+009 91849.7 0.000664991 8708.39 2.73383e+008 3.09614e+009 3.36953e+009 5.06683e+009
1.987 7.99197e+009 89397.8 0.000688866 8945.1 2.77344e+008 3.12331e+009 3.40066e+009 4.59131e+009
1.989 9.10494e+009 95419.8 0.000739177 9437.43 2.85427e+008 3.17807e+009 3.46351e+009 5.64143e+009
1.99 7.56154e+009 86957.1 0.000765672 9693.37 2.8955e+008 3.20567e+009 3.49523e+009 4.06631e+009
1.992 7.12847e+009 84430.3 0.000821498 10225.6 2.9796e+008 3.26129e+009 3.55926e+009 3.56921e+009
1.994 6.95599e+009 83402.6 0.000881329 10786.2 3.06596e+008 3.31748e+009 3.62409e+009 3.3319e+009
1.995 8.54773e+009 92453.9 0.000912833 11077.6 3.10999e+008 3.34579e+009 3.6568e+009 4.89093e+009
1.997 8.53476e+009 92383.8 0.000979205 11683.4 3.19983e+008 3.40282e+009 3.72281e+009 4.81195e+009
1.998 7.54967e+009 86888.8 0.00101415 11998.3 3.24564e+008 3.43154e+009 3.75612e+009 3.79355e+009
2 8.85784e+009 94116.1 0.00108777 12653 3.33907e+008 3.48941e+009 3.82333e+009 5.0345e+009
2.001 8.3692e+009 91483.3 0.00112652 12993.2 3.38672e+008 3.51855e+009 3.85724e+009 4.51197e+009
2.003 6.99267e+009 83622.2 0.00120816 13700.4 3.48389e+008 3.57724e+009 3.92564e+009 3.06702e+009
2.005 7.86725e+009 88697.5 0.00129561 14445 3.58362e+008 3.63647e+009 3.99485e+009 3.8724e+009
2.006 8.65273e+009 93020 0.00134165 14831.9 3.63447e+008 3.66629e+009 4.02975e+009 4.62298e+009
2.008 7.27833e+009 85313.1 0.0014386 15636 3.73816e+008 3.72633e+009 4.10016e+009 3.17817e+009
2.009 6.61296e+009 81320.1 0.00148963 16053.8 3.79103e+008 3.75654e+009 4.13566e+009 2.4773e+009
2.011 8.06063e+009 89781 0.0015971 16922.1 3.89882e+008 3.81737e+009 4.20727e+009 3.85336e+009
2.013 1.00504e+010 100252 0.00171219 17835.9 4.00943e+008 3.87872e+009 4.27968e+009 5.77074e+009
2.014 7.77912e+009 88199.3 0.00177276 18310.5 4.06581e+008 3.90959e+009 4.31619e+009 3.46293e+009
2.016 7.30132e+009 85447.7 0.0019003 19296.9 4.18076e+008 3.9717e+009 4.3898e+009 2.91152e+009
2.017 7.59994e+009 87177.6 0.00196741 19809.3 4.23935e+008 4.00295e+009 4.4269e+009 3.17303e+009
2.019 7.61202e+009 87246.9 0.00210871 20873.8 4.3588e+008 4.06581e+009 4.50171e+009 3.11031e+009
2.021 7.89877e+009 88875 0.00225999 21993.8 4.48133e+008 4.12917e+009 4.57733e+009 3.32144e+009
2.022 7.71118e+009 87813.3 0.00233958 22575.4 4.54378e+008 4.16103e+009 4.61543e+009 3.09575e+009
2.024 7.59132e+009 87128.2 0.00250714 23783.8 4.67107e+008 4.22511e+009 4.69224e+009 2.89908e+009
2.026 6.61666e+009 81342.8 0.0026865 25054.7 4.80163e+008 4.28967e+009 4.76985e+009 1.8468e+009
2.027 9.17221e+009 95771.7 0.00278085 25714.6 4.86816e+008 4.32212e+009 4.80896e+009 4.36325e+009
2.029 7.2219e+009 84981.7 0.00297945 27085.4 5.00375e+008 4.38736e+009 4.88777e+009 2.33413e+009
2.03 7.59989e+009 87177.4 0.00308392 27797.1 5.07284e+008 4.42016e+009 4.92747e+009 2.67243e+009
2.032 6.92648e+009 83225.5 0.00330379 29275.4 5.21365e+008 4.48608e+009 5.00747e+009 1.91901e+009
2.034 7.90743e+009 88923.8 0.00353907 30829.6 5.35803e+008 4.55243e+009 5.08827e+009 2.81917e+009
2.035 7.54579e+009 86866.5 0.00366281 31636.5 5.43158e+008 4.58577e+009 5.12896e+009 2.41683e+009
2.037 8.51935e+009 92300.3 0.00392322 33312 5.58148e+008 4.65276e+009 5.21094e+009 3.30841e+009
2.039 7.88031e+009 88771.1 0.00420181 35073.4 5.73514e+008 4.72017e+009 5.29372e+009 2.58659e+009
2.04 8.06766e+009 89820.2 0.00434832 35987.6 5.81342e+008 4.75402e+009 5.3354e+009 2.73226e+009
2.042 8.51372e+009 92269.8 0.00465658 37885.8 5.97291e+008 4.82203e+009 5.41936e+009 3.09436e+009
2.044 8.52857e+009 92350.2 0.00498632 39880.9 6.13639e+008 4.89042e+009 5.5041e+009 3.02447e+009
2.045 7.9959e+009 89419.8 0.0051597 40916.2 6.21966e+008 4.92476e+009 5.54676e+009 2.44914e+009
2.047 6.97966e+009 83544.3 0.00552443 43065.6 6.38929e+008 4.9937e+009 5.63268e+009 1.34698e+009
2.049 7.41199e+009 86092.9 0.00591451 45324.1 6.56314e+008 5.06301e+009 5.71937e+009 1.69262e+009
2.05 8.6749e+009 93139.1 0.00611958 46496 6.65168e+008 5.0978e+009 5.76301e+009 2.91189e+009
2.052 7.91049e+009 88941 0.00655094 48928.4 6.83203e+008 5.16762e+009 5.85087e+009 2.05962e+009
2.054 7.65685e+009 87503.5 0.00701217 51483.8 7.01682e+008 5.23777e+009 5.9395e+009 1.71735e+009
2.055 7.73527e+009 87950.4 0.00725463 52809.5 7.11092e+008 5.27296e+009 5.98411e+009 1.75116e+009
2.057 7.67094e+009 87583.9 0.00776453 55560.8 7.30257e+008 5.34358e+009 6.07389e+009 1.59705e+009
2.059 8.49999e+009 92195.4 0.00830964 58450.6 7.49892e+008 5.41449e+009 6.16444e+009 2.33554e+009
2.06 8.4567e+009 91960.3 0.00859614 59949.5 7.59889e+008 5.45006e+009 6.21001e+009 2.24669e+009
2.062 8.73345e+009 93452.9 0.0091986 63059.8 7.80247e+008 5.52139e+009 6.3017e+009 2.43175e+009
2.064 9.05568e+009 95161.3 0.00984253 66326.1 8.01101e+008 5.59299e+009 6.39416e+009 2.66153e+009
2.066 8.40063e+009 91654.9 0.0105308 69755.8 8.2246e+008 5.66483e+009 6.48736e+009 1.91326e+009
2.067 9.04978e+009 95130.3 0.0108924 71534.4 8.33333e+008 5.70085e+009 6.53425e+009 2.51553e+009
2.069 8.38983e+009 91596 0.0116527 75224.1 8.55471e+008 5.77304e+009 6.62858e+009 1.76125e+009
2.071 7.35469e+009 85759.5 0.0124652 79097.7 8.78142e+008 5.84544e+009 6.72366e+009 6.3103e+008
2.072 6.94936e+009 83362.8 0.012892 81106.2 8.89681e+008 5.88172e+009 6.77148e+009 1.77874e+008
2.074 8.57871e+009 92621.3 0.0137893 85272.1 9.13173e+008 5.95442e+009 6.86767e+009 1.71104e+009
2.076 8.24323e+009 90792.2 0.0147479 89644.7 9.37227e+008 6.02729e+009 6.9646e+009 1.27862e+009
2.077 8.31535e+009 91188.5 0.0152515 91911.5 9.49468e+008 6.06379e+009 7.01334e+009 1.302e+009
2.079 7.89356e+009 88845.7 0.01631 96612.7 9.74386e+008 6.13689e+009 7.11137e+009 7.82185e+008
2.081 8.16549e+009 90363.1 0.0174406 101546 9.99895e+008 6.21013e+009 7.21013e+009 9.55356e+008
2.083 7.96399e+009 89241.2 0.0186481 106722 1.02601e+009 6.2835e+009 7.30961e+009 6.54381e+008
2.084 9.29994e+009 96436.2 0.0192823 109405 1.03929e+009 6.32022e+009 7.35962e+009 1.94032e+009
2.086 9.83962e+009 99194.8 0.0206151 114968 1.06634e+009 6.39373e+009 7.46018e+009 2.37944e+009
2.088 9.53754e+009 97660.3 0.0220382 120804 1.09401e+009 6.46732e+009 7.56145e+009 1.97608e+009
2.09 8.10874e+009 90048.6 0.0235579 126926 1.12234e+009 6.54098e+009 7.66344e+009 4.45305e+008
2.091 8.43558e+009 91845.4 0.0243559 130098 1.13674e+009 6.57782e+009 7.7147e+009 7.20883e+008
2.093 8.66018e+009 93060.1 0.0260324 136674 1.16607e+009 6.65154e+009 7.81774e+009 8.42445e+008
2.095 8.76967e+009 93646.5 0.0278223 143570 1.19607e+009 6.72527e+009 7.92148e+009 8.4819e+008
2.097 8.57667e+009 92610.3 0.0297329 150802 1.22677e+009 6.79901e+009 8.02592e+009 5.50751e+008
2.098 1.00373e+010 100186 0.030736 154549 1.24238e+009 6.83587e+009 8.0784e+009 1.95885e+009
2.1 1.40366e+010 118476 0.0328431 162314 1.27415e+009 6.90958e+009 8.18388e+009 5.8527e+009
2.102 1.48307e+010 121781 0.0350919 170455 1.30664e+009 6.98324e+009 8.29005e+009 6.54065e+009
2.104 1.46728e+010 121131 0.0374919 178989 1.33988e+009 7.05684e+009 8.3969e+009 6.27587e+009
2.105 1.44799e+010 120333 0.0387517 183410 1.35679e+009 7.09361e+009 8.45058e+009 6.02934e+009
2.107 1.36348e+010 116768 0.0413973 192570 1.39117e+009 7.16709e+009 8.55845e+009 5.07636e+009
2.109 1.29555e+010 113822 0.0442202 202170 1.42634e+009 7.24045e+009 8.667e+009 4.28855e+009
2.111 1.38208e+010 117562 0.047232 212232 1.46231e+009 7.3137e+009 8.77621e+009 5.04456e+009
2.113 1.33236e+010 115428 0.0504451 222776 1.49908e+009 7.38679e+009 8.8861e+009 4.43753e+009
2.114 1.12412e+010 106024 0.0521313 228236 1.51778e+009 7.42328e+009 8.94129e+009 2.29986e+009
2.116 8.15437e+009 90301.6 0.0556715 239546 1.55581e+009 7.49612e+009 9.05217e+009 -8.97796e+008
2.118 8.35899e+009 91427.5 0.0594476 251396 1.59469e+009 7.56877e+009 9.16371e+009 -8.04723e+008
2.12 7.13389e+009 84462.4 0.063475 263810 1.63444e+009 7.6412e+009 9.27591e+009 -2.14202e+009
2.122 8.51357e+009 92269 0.0677701 276815 1.67508e+009 7.71341e+009 9.38876e+009 -8.7519e+008
2.123 9.95338e+009 99766.6 0.0700235 283547 1.69573e+009 7.74942e+009 9.44543e+009 5.07947e+008
2.125 1.05706e+010 102813 0.0747533 297487 1.73773e+009 7.82124e+009 9.55926e+009 1.01131e+009
2.127 1.10457e+010 105098 0.0797966 312088 1.78065e+009 7.89277e+009 9.67373e+009 1.37194e+009
2.129 1.02984e+010 101481 0.0851737 327378 1.82452e+009 7.96401e+009 9.78886e+009 5.09559e+008
2.131 9.84369e+009 99215.4 0.0909063 343389 1.86935e+009 8.03493e+009 9.90462e+009 -6.09334e+007
2.132 9.52167e+009 97579 0.0939131 351675 1.89214e+009 8.07026e+009 9.96274e+009 -4.41076e+008
2.134 1.00396e+010 100198 0.100223 368830 1.93845e+009 8.14065e+009 1.00795e+010 -3.99185e+007
2.136 9.04145e+009 95086.5 0.106948 386789 1.98577e+009 8.21068e+009 1.01968e+010 -1.15539e+009
2.138 1.0684e+010 103363 0.114116 405589 2.03412e+009 8.28031e+009 1.03148e+010 3.69149e+008
2.14 1.13074e+010 106336 0.121755 425268 2.08351e+009 8.34954e+009 1.04335e+010 8.73924e+008
2.142 1.21574e+010 110260 0.129896 445865 2.13398e+009 8.41833e+009 1.05528e+010 1.60462e+009
2.143 1.14257e+010 106891 0.134164 456521 2.15961e+009 8.45256e+009 1.06126e+010 8.13122e+008
2.145 9.95995e+009 99799.5 0.143119 478573 2.21171e+009 8.52067e+009 1.07329e+010 -7.72905e+008
2.147 1.03723e+010 101844 0.152659 501650 2.26492e+009 8.58829e+009 1.08537e+010 -4.81446e+008
2.149 1.03787e+010 101876 0.162823 525795 2.31926e+009 8.65542e+009 1.09752e+010 -5.9652e+008
2.151 1.12589e+010 106108 0.173651 551058 2.37477e+009 8.72202e+009 1.10973e+010 1.61526e+008
2.153 1.08784e+010 104300 0.185185 577487 2.43144e+009 8.78808e+009 1.12201e+010 -3.41695e+008
2.154 1.19505e+010 109318 0.191231 591155 2.46023e+009 8.8209e+009 1.12817e+010 6.68748e+008
2.156 1.17342e+010 108325 0.203909 619431 2.51871e+009 8.88611e+009 1.14054e+010 3.28796e+008
2.158 1.1115e+010 105428 0.217412 649006 2.57842e+009 8.95073e+009 1.15298e+010 -4.14832e+008
2.16 1.14259e+010 106892 0.231791 679938 2.63937e+009 9.01474e+009 1.16548e+010 -2.28923e+008
2.162 1.14345e+010 106932 0.247103 712285 2.7016e+009 9.07812e+009 1.17804e+010 -3.45956e+008
2.164 1.2878e+010 113481 0.263406 746109 2.76513e+009 9.14084e+009 1.19067e+010 9.71298e+008
2.166 1.29041e+010 113596 0.280764 781476 2.82997e+009 9.2029e+009 1.20336e+010 8.70454e+008
2.168 1.15873e+010 107644 0.299243 818452 2.89614e+009 9.26426e+009 1.21612e+010 -5.73958e+008
2.169 1.29567e+010 113828 0.308925 837565 2.92974e+009 9.29468e+009 1.22253e+010 7.31477e+008
2.171 1.34592e+010 116014 0.32922 877087 2.99797e+009 9.35497e+009 1.23538e+010 1.10541e+009
2.173 1.34995e+010 116187 0.350823 918399 3.0676e+009 9.41452e+009 1.2483e+010 1.01642e+009
2.175 1.31557e+010 114698 0.373814 961577 3.13865e+009 9.47332e+009 1.26129e+010 5.42741e+008
2.177 1.29891e+010 113970 0.398282 1.0067e+006 3.21114e+009 9.53134e+009 1.27435e+010 2.45621e+008
2.179 1.29689e+010 113881 0.42432 1.05386e+006 3.2851e+009 9.58857e+009 1.28747e+010 9.42164e+007
2.181 1.39425e+010 118079 0.452026 1.10313e+006 3.36055e+009 9.64498e+009 1.30066e+010 9.3591e+008
2.183 1.29309e+010 113714 0.481505 1.15462e+006 3.43752e+009 9.70056e+009 1.31392e+010 -2.08303e+008
2.185 1.22967e+010 110890 0.512867 1.20841e+006 3.51603e+009 9.75529e+009 1.32725e+010 -9.75875e+008
2.187 1.29505e+010 113800 0.546231 1.2646e+006 3.59611e+009 9.80916e+009 1.34065e+010 -4.5605e+008
2.189 1.34632e+010 116031 0.581722 1.32329e+006 3.67778e+009 9.86213e+009 1.35412e+010 -7.80101e+007
2.19 1.3899e+010 117894 0.600306 1.35361e+006 3.71922e+009 9.88828e+009 1.36089e+010 2.90093e+008
2.192 1.42524e+010 119383 0.639238 1.41626e+006 3.80334e+009 9.9399e+009 1.37447e+010 5.07704e+008
2.194 1.38025e+010 117484 0.680643 1.48169e+006 3.88911e+009 9.99058e+009 1.38812e+010 -7.86394e+007
2.196 1.40668e+010 118604 0.724676 1.55001e+006 3.97656e+009 1.00403e+010 1.40184e+010 4.83895e+007
2.198 1.43017e+010 119590 0.771499 1.62136e+006 4.06573e+009 1.00891e+010 1.41564e+010 1.45215e+008
2.2 1.39338e+010 118041 0.821286 1.69584e+006 4.15663e+009 1.01369e+010 1.42952e+010 -3.61466e+008
2.202 1.40402e+010 118492 0.874219 1.77361e+006 4.2493e+009 1.01837e+010 1.44348e+010 -3.94538e+008
2.204 1.51479e+010 123077 0.930494 1.85478e+006 4.34377e+009 1.02295e+010 1.45751e+010 5.72823e+008
2.206 1.62551e+010 127495 0.990317 1.93952e+006 4.44005e+009 1.02743e+010 1.47163e+010 1.53882e+009
2.208 1.45251e+010 120520 1.05391 2.02795e+006 4.53819e+009 1.0318e+010 1.48582e+010 -3.33072e+008
2.21 1.5687e+010 125248 1.12149 2.12025e+006 4.6382e+009 1.03607e+010 1.5001e+010 6.86056e+008
2.212 1.42502e+010 119374 1.19333 2.21656e+006 4.74013e+009 1.04022e+010 1.51446e+010 -8.94388e+008
2.214 1.51494e+010 123083 1.26966 2.31706e+006 4.84398e+009 1.04428e+010 1.52891e+010 -1.39706e+008
2.216 1.5311e+010 123738 1.35078 2.42192e+006 4.94981e+009 1.04822e+010 1.54344e+010 -1.2341e+008
2.218 1.54374e+010 124247 1.43698 2.53131e+006 5.05762e+009 1.05205e+010 1.55806e+010 -1.43264e+008
2.22 1.60883e+010 126840 1.52856 2.64543e+006 5.16746e+009 1.05576e+010 1.57277e+010 3.60603e+008
2.222 1.58211e+010 125782 1.62585 2.76447e+006 5.27936e+009 1.05937e+010 1.58758e+010 -5.47163e+007
2.224 1.52544e+010 123509 1.7292 2.88862e+006 5.39334e+009 1.06285e+010 1.60248e+010 -7.70398e+008
2.226 1.6392e+010 128031 1.83899 3.0181e+006 5.50944e+009 1.06623e+010 1.61747e+010 2.17325e+008
2.228 1.5377e+010 124004 1.9556 3.15313e+006 5.62768e+009 1.06948e+010 1.63256e+010 -9.48673e+008
2.23 1.62818e+010 127600 2.07944 3.29393e+006 5.7481e+009 1.07261e+010 1.64775e+010 -1.95735e+008
2.232 1.60509e+010 126692 2.21097 3.44074e+006 5.87073e+009 1.07563e+010 1.66305e+010 -5.79516e+008
2.234 1.70044e+010 130401 2.35063 3.59379e+006 5.9956e+009 1.07852e+010 1.67844e+010 2.19943e+008
2.236 1.64003e+010 128064 2.49893 3.75334e+006 6.12274e+009 1.0813e+010 1.69395e+010 -5.39113e+008
2.238 1.66294e+010 128955 2.65638 3.91965e+006 6.25219e+009 1.08395e+010 1.70956e+010 -4.66166e+008
2.24 1.77334e+010 133167 2.82354 4.093e+006 6.38397e+009 1.08647e+010 1.72528e+010 4.80594e+008
2.242 1.77009e+010 133045 3.001 4.27366e+006 6.51812e+009 1.08887e+010 1.74111e+010 2.89759e+008
2.244 1.68377e+010 129760 3.18936 4.46193e+006 6.65467e+009 1.09115e+010 1.75706e+010 -7.32914e+008
2.246 1.67639e+010 129475 3.3893 4.65811e+006 6.79366e+009 1.0933e+010 1.77313e+010 -9.67377e+008
2.248 1.81521e+010 134730 3.60149 4.86252e+006 6.93512e+009 1.09532e+010 1.78931e+010 2.58941e+008
2.25 1.86207e+010 136458 3.82669 5.07548e+006 7.07907e+009 1.09721e+010 1.80563e+010 5.64442e+008
2.252 1.84128e+010 135694 4.06565 5.29734e+006 7.22556e+009 1.09898e+010 1.82206e+010 1.92169e+008
2.254 2.09613e+010 144780 4.31922 5.52843e+006 7.37463e+009 1.10061e+010 1.83863e+010 2.57505e+009
2.256 2.41093e+010 155272 4.58825 5.76914e+006 7.52629e+009 1.10212e+010 1.85532e+010 5.55605e+009
2.258 2.49793e+010 158048 4.87367 6.01983e+006 7.68059e+009 1.10349e+010 1.87216e+010 6.25775e+009
2.26 2.51915e+010 158718 5.17646 6.2809e+006 7.83757e+009 1.10474e+010 1.88912e+010 6.30031e+009
2.262 2.50778e+010 158360 5.49764 6.55275e+006 7.99725e+009 1.10585e+010 1.90623e+010 6.01548e+009
2.264 2.42573e+010 155747 5.83831 6.83581e+006 8.15967e+009 1.10683e+010 1.92349e+010 5.02243e+009
2.267 2.54147e+010 159420 6.38841 7.28236e+006 8.40852e+009 1.10806e+010 1.94964e+010 5.91834e+009
2.269 2.40147e+010 154967 6.783 7.59538e+006 8.57795e+009 1.10871e+010 1.96727e+010 4.34205e+009
2.271 2.30271e+010 151747 7.20142 7.9212e+006 8.75025e+009 1.10923e+010 1.98505e+010 3.17666e+009
2.273 2.17428e+010 147454 7.64508 8.26032e+006 8.92545e+009 1.10962e+010 2.00299e+010 1.71288e+009
2.275 2.12937e+010 145924 8.11545 8.61325e+006 9.10358e+009 1.10987e+010 2.02109e+010 1.08285e+009
2.277 2.22004e+010 148998 8.61412 8.98052e+006 9.28469e+009 1.10999e+010 2.03936e+010 1.80688e+009
2.279 2.20242e+010 148406 9.14274 9.36269e+006 9.4688e+009 1.10998e+010 2.05779e+010 1.44631e+009
2.281 2.08222e+010 144299 9.70307 9.76031e+006 9.65597e+009 1.10983e+010 2.0764e+010 5.82247e+007
2.283 2.22544e+010 149179 10.297 1.0174e+007 9.84621e+009 1.10955e+010 2.09519e+010 1.30249e+009
2.285 2.17129e+010 147353 10.9264 1.06043e+007 1.00396e+010 1.10914e+010 2.11416e+010 5.71299e+008
2.288 2.22655e+010 149216 11.9417 1.12825e+007 1.03355e+010 1.10827e+010 2.14295e+010 8.35983e+008
2.29 2.1845e+010 147800 12.6693 1.17573e+007 1.05369e+010 1.10753e+010 2.16239e+010 2.21077e+008
2.292 2.27064e+010 150686 13.4401 1.22511e+007 1.07414e+010 1.10665e+010 2.18202e+010 8.86191e+008
2.294 2.29314e+010 151431 14.2569 1.27646e+007 1.09493e+010 1.10564e+010 2.20185e+010 9.129e+008
2.296 2.30675e+010 151880 15.1221 1.32985e+007 1.11605e+010 1.1045e+010 2.22188e+010 8.48685e+008
2.298 2.23851e+010 149617 16.0386 1.38536e+007 1.1375e+010 1.10323e+010 2.24212e+010 -3.60422e+007
2.3 2.38581e+010 154461 17.0093 1.44307e+007 1.15929e+010 1.10183e+010 2.26256e+010 1.23246e+009
2.302 2.22667e+010 149220 18.0375 1.50306e+007 1.18143e+010 1.10029e+010 2.28323e+010 -5.65554e+008
2.305 2.08271e+010 144316 19.6946 1.5975e+007 1.21529e+010 1.09775e+010 2.31464e+010 -2.31928e+009
2.307 2.5218e+010 158802 20.8812 1.66357e+007 1.2383e+010 1.0959e+010 2.33586e+010 1.85934e+009
2.309 2.40266e+010 155005 22.1375 1.73223e+007 1.26167e+010 1.09392e+010 2.35732e+010 4.53478e+008
2.311 2.45057e+010 156543 23.4677 1.80357e+007 1.2854e+010 1.0918e+010 2.37901e+010 7.15629e+008
2.313 2.50606e+010 158305 24.8759 1.8777e+007 1.30949e+010 1.08957e+010 2.40094e+010 1.0512e+009
2.315 2.52731e+010 158975 26.3667 1.95472e+007 1.33395e+010 1.0872e+010 2.42311e+010 1.04195e+009
2.318 2.46067e+010 156865 28.7679 2.07588e+007 1.37134e+010 1.08343e+010 2.45684e+010 3.83e+007
2.32 2.67368e+010 163514 30.4861 2.16058e+007 1.39674e+010 1.08075e+010 2.47965e+010 1.94031e+009
2.322 2.68729e+010 163930 32.3046 2.24855e+007 1.42252e+010 1.07795e+010 2.50272e+010 1.84566e+009
2.324 2.64048e+010 162496 34.2289 2.33991e+007 1.44868e+010 1.07504e+010 2.52606e+010 1.14422e+009
2.326 2.55715e+010 159911 36.2651 2.43478e+007 1.47524e+010 1.072e+010 2.54967e+010 7.47846e+007
2.329 2.68769e+010 163942 39.5431 2.58396e+007 1.5158e+010 1.06721e+010 2.5856e+010 1.02093e+009
2.331 2.61845e+010 161816 41.8876 2.68817e+007 1.54334e+010 1.06388e+010 2.60991e+010 8.53901e+007
2.333 2.6638e+010 163212 44.3677 2.79636e+007 1.57128e+010 1.06042e+010 2.63451e+010 2.92957e+008
2.335 2.83272e+010 168307 46.9911 2.90867e+007 1.59963e+010 1.05686e+010 2.6594e+010 1.73322e+009
2.337 2.74426e+010 165658 49.7658 3.02523e+007 1.62839e+010 1.05317e+010 2.68459e+010 5.96684e+008
2.34 2.98611e+010 172804 54.2305 3.20841e+007 1.6723e+010 1.04744e+010 2.72295e+010 2.6316e+009
2.342 2.81065e+010 167650 57.4219 3.3363e+007 1.7021e+010 1.04347e+010 2.74891e+010 6.17436e+008
2.344 2.8484e+010 168772 60.7966 3.46901e+007 1.73232e+010 1.0394e+010 2.77519e+010 7.32082e+008
2.346 2.94844e+010 171710 64.3647 3.6067e+007 1.76297e+010 1.03522e+010 2.80179e+010 1.4665e+009
2.349 2.88351e+010 169809 70.1034 3.82296e+007 1.80974e+010 1.02875e+010 2.84231e+010 4.11967e+008
2.351 2.73416e+010 165353 74.2037 3.97389e+007 1.84147e+010 1.0243e+010 2.86974e+010 -1.35582e+009
2.353 3.08468e+010 175632 78.538 4.13043e+007 1.87363e+010 1.01975e+010 2.89752e+010 1.8716e+009
2.355 2.86122e+010 169151 83.1191 4.29279e+007 1.90624e+010 1.0151e+010 2.92564e+010 -6.44186e+008
2.358 2.95872e+010 172009 90.4839 4.54767e+007 1.95599e+010 1.00794e+010 2.96848e+010 -9.75921e+007
2.36 3.16568e+010 177924 95.7438 4.72545e+007 1.98972e+010 1.00305e+010 2.99749e+010 1.6819e+009
2.362 2.99969e+010 173196 101.302 4.90979e+007 2.0239e+010 9.98052e+009 3.02686e+010 -2.7169e+008
2.364 3.05772e+010 174863 107.174 5.1009e+007 2.05854e+010 9.92965e+009 3.05661e+010 1.11035e+007
2.367 3.15955e+010 177751 116.611 5.40076e+007 2.11137e+010 9.85161e+009 3.10193e+010 5.76179e+008
2.369 3.03217e+010 174131 123.348 5.60983e+007 2.14717e+010 9.79845e+009 3.13263e+010 -1.00459e+009
2.371 3.10725e+010 176274 130.464 5.82651e+007 2.18345e+010 9.74442e+009 3.16372e+010 -5.64646e+008
2.373 3.26301e+010 180638 137.981 6.05106e+007 2.22019e+010 9.68951e+009 3.1952e+010 6.78192e+008
2.376 3.15271e+010 177559 150.054 6.40324e+007 2.27621e+010 9.60558e+009 3.24317e+010 -9.04569e+008
2.378 3.24861e+010 180239 158.669 6.64866e+007 2.31415e+010 9.54859e+009 3.27566e+010 -2.70462e+008
2.38 3.33037e+010 182493 167.766 6.90291e+007 2.35258e+010 9.49081e+009 3.30857e+010 2.18067e+008
2.383 3.33932e+010 182738 182.373 7.30152e+007 2.41114e+010 9.40267e+009 3.35871e+010 -1.93942e+008
2.385 3.48605e+010 186710 192.792 7.57918e+007 2.4508e+010 9.34297e+009 3.39268e+010 9.3376e+008
2.387 3.38096e+010 183874 203.792 7.86676e+007 2.49095e+010 9.28253e+009 3.42707e+010 -4.61111e+008
2.39 3.57976e+010 189203 221.448 8.31744e+007 2.55212e+010 9.19054e+009 3.47949e+010 1.00272e+009
2.392 3.63494e+010 190655 234.038 8.63126e+007 2.59352e+010 9.12835e+009 3.51499e+010 1.19956e+009
2.394 3.61721e+010 190190 247.326 8.95619e+007 2.63543e+010 9.06549e+009 3.55094e+010 6.62667e+008
2.397 3.44661e+010 185650 268.647 9.46519e+007 2.69926e+010 8.97e+009 3.60572e+010 -1.59117e+009
2.399 3.65023e+010 191056 283.846 9.8195e+007 2.74245e+010 8.90556e+009 3.64283e+010 7.40436e+007
2.401 3.97883e+010 199470 299.883 1.01862e+008 2.78616e+010 8.84053e+009 3.6804e+010 2.98439e+009
2.404 3.76029e+010 193915 325.606 1.07605e+008 2.85269e+010 8.7419e+009 3.73764e+010 2.26432e+008
2.406 3.86668e+010 196639 343.937 1.11601e+008 2.8977e+010 8.67545e+009 3.77641e+010 9.02744e+008
2.408 3.85845e+010 196429 363.272 1.15736e+008 2.94324e+010 8.60848e+009 3.81566e+010 4.27856e+008
2.411 4.02892e+010 200722 394.276 1.22208e+008 3.01253e+010 8.50708e+009 3.87546e+010 1.53455e+009
2.413 3.84952e+010 196202 416.363 1.2671e+008 3.05939e+010 8.43888e+009 3.91595e+010 -6.64378e+008
2.416 3.96776e+010 199192 451.771 1.33754e+008 3.13069e+010 8.33573e+009 3.97764e+010 -9.87229e+007
2.418 4.20665e+010 205101 476.989 1.38653e+008 3.17889e+010 8.26642e+009 4.0194e+010 1.87251e+009
2.42 4.14773e+010 203660 503.577 1.43719e+008 3.22763e+010 8.1967e+009 4.06167e+010 8.60544e+008
2.423 4.17198e+010 204254 546.185 1.51644e+008 3.30176e+010 8.09141e+009 4.12606e+010 4.59202e+008
2.425 4.15863e+010 203927 576.521 1.57153e+008 3.35185e+010 8.02077e+009 4.16965e+010 -1.10207e+008
2.427 3.99204e+010 199801 608.495 1.62848e+008 3.4025e+010 7.94979e+009 4.21376e+010 -2.21727e+009
2.43 4.36928e+010 209028 659.72 1.71754e+008 3.4795e+010 7.84273e+009 4.28094e+010 8.83323e+008
2.432 4.29805e+010 207317 696.178 1.77942e+008 3.53152e+010 7.77099e+009 4.32641e+010 -2.83593e+008
2.435 4.44815e+010 210906 754.57 1.87615e+008 3.61059e+010 7.66289e+009 4.39564e+010 5.25137e+008
2.437 4.5469e+010 213235 796.12 1.94335e+008 3.66399e+010 7.59052e+009 4.44248e+010 1.04425e+009
2.44 4.30093e+010 207387 862.651 2.04836e+008 3.74515e+010 7.48157e+009 4.51379e+010 -2.12855e+009
2.442 4.90296e+010 221426 909.98 2.12129e+008 3.79995e+010 7.40869e+009 4.56203e+010 3.40932e+009
2.444 4.45373e+010 211039 959.834 2.19663e+008 3.85531e+010 7.33564e+009 4.61084e+010 -1.57111e+009
2.447 4.73359e+010 217568 1039.64 2.31434e+008 3.9394e+010 7.22579e+009 4.68512e+010 4.84707e+008
2.449 4.6513e+010 215669 1096.39 2.39605e+008 3.99617e+010 7.1524e+009 4.73537e+010 -8.40641e+008
2.452 4.78669e+010 218785 1187.2 2.52366e+008 4.08237e+010 7.04213e+009 4.81182e+010 -2.51298e+008
2.454 4.77857e+010 218599 1251.77 2.61223e+008 4.14055e+010 6.96851e+009 4.86352e+010 -8.49574e+008
2.457 4.77926e+010 218615 1355.08 2.75051e+008 4.22888e+010 6.85799e+009 4.94218e+010 -1.62918e+009
2.459 4.96295e+010 222777 1428.51 2.84645e+008 4.28847e+010 6.78426e+009 4.99536e+010 -3.24081e+008
2.462 4.85202e+010 220273 1545.97 2.99621e+008 4.37892e+010 6.67366e+009 5.07625e+010 -2.24231e+009
2.464 5.29129e+010 230028 1629.43 3.10008e+008 4.43994e+010 6.59993e+009 5.13093e+010 1.60356e+009
2.467 5.32094e+010 230672 1762.91 3.26218e+008 4.53252e+010 6.48941e+009 5.21408e+010 1.06859e+009
2.469 5.2089e+010 228230 1857.74 3.37458e+008 4.59495e+010 6.4158e+009 5.27027e+010 -6.13732e+008
2.472 5.25738e+010 229290 2009.35 3.54993e+008 4.68966e+010 6.30553e+009 5.35571e+010 -9.83319e+008
2.474 5.31645e+010 230574 2117.04 3.6715e+008 4.75351e+010 6.23213e+009 5.41344e+010 -9.69853e+008
2.477 4.92385e+010 221897 2289.17 3.86109e+008 4.85035e+010 6.12226e+009 5.50119e+010 -5.7734e+009
2.479 4.9962e+010 223522 2411.39 3.99249e+008 4.91562e+010 6.04918e+009 5.56046e+010 -5.64258e+009
2.482 5.39942e+010 232366 2606.72 4.19737e+008 5.01458e+010 5.93986e+009 5.65054e+010 -2.51123e+009
2.484 5.48366e+010 234172 2745.38 4.33932e+008 5.08126e+010 5.8672e+009 5.71138e+010 -2.27714e+009
2.487 5.39881e+010 232353 2966.92 4.5606e+008 5.18234e+010 5.75858e+009 5.80381e+010 -4.04997e+009
2.489 5.83933e+010 241647 3124.16 4.71387e+008 5.25043e+010 5.68643e+009 5.86621e+010 -2.68815e+008
2.492 6.19213e+010 248840 3375.3 4.95272e+008 5.35362e+010 5.57865e+009 5.96101e+010 2.31124e+009
2.494 5.79449e+010 240718 3553.51 5.11811e+008 5.42311e+010 5.5071e+009 6.025e+010 -2.30503e+009
2.497 5.97878e+010 244515 3838.09 5.37579e+008 5.52838e+010 5.40029e+009 6.12217e+010 -1.43395e+009
2.499 5.76717e+010 240149 4039.98 5.55418e+008 5.59926e+010 5.32943e+009 6.18775e+010 -4.20577e+009
2.502 6.06606e+010 246294 4362.27 5.83201e+008 5.70662e+010 5.22371e+009 6.28731e+010 -2.21254e+009
2.505 6.14288e+010 247848 4709.48 6.12262e+008 5.81522e+010 5.11871e+009 6.38831e+010 -2.45435e+009
2.507 6.25692e+010 250138 4955.71 6.3237e+008 5.8883e+010 5.04912e+009 6.45645e+010 -1.99525e+009
2.51 6.18078e+010 248612 5348.65 6.63677e+008 5.99894e+010 4.9454e+009 6.55985e+010 -3.79065e+009
2.512 6.54743e+010 255879 5627.23 6.85333e+008 6.07338e+010 4.87671e+009 6.62958e+010 -8.21504e+008
2.515 6.38971e+010 252779 6071.69 7.1904e+008 6.18604e+010 4.77438e+009 6.73538e+010 -3.45676e+009
2.518 6.30001e+010 250998 6550.14 7.54265e+008 6.29991e+010 4.67294e+009 6.84263e+010 -5.42614e+009
2.52 6.50937e+010 255135 6889.23 7.78622e+008 6.37648e+010 4.60582e+009 6.91493e+010 -4.05557e+009
2.523 6.77407e+010 260270 7430.01 8.16515e+008 6.49233e+010 4.50594e+009 7.02457e+010 -2.50501e+009
2.525 6.32713e+010 251538 7813.17 8.42709e+008 6.57021e+010 4.43989e+009 7.09847e+010 -7.71339e+009
2.528 5.78648e+010 240551 8424.09 8.83449e+008 6.688e+010 4.34164e+009 7.21051e+010 -1.42403e+010
2.531 5.77459e+010 240304 9081.23 9.25987e+008 6.80694e+010 4.24443e+009 7.32398e+010 -1.5494e+010
2.533 6.46902e+010 254343 9546.67 9.5538e+008 6.88687e+010 4.18021e+009 7.40043e+010 -9.31407e+009
2.536 6.49112e+010 254777 10288.5 1.00107e+009 7.0077e+010 4.08477e+009 7.51629e+010 -1.02517e+010
2.539 6.64494e+010 257778 11086 1.04876e+009 7.12965e+010 3.99043e+009 7.63357e+010 -9.88631e+009
2.541 7.53481e+010 274496 11650.7 1.08169e+009 7.21156e+010 3.92817e+009 7.71255e+010 -1.77732e+009
2.544 1.00685e+011 317310 12550.3 1.13287e+009 7.33533e+010 3.83572e+009 7.83219e+010 2.23635e+010
2.546 7.77997e+010 278926 13187.1 1.1682e+009 7.41844e+010 3.77474e+009 7.91273e+010 -1.32767e+009
2.549 8.86162e+010 297685 14201.4 1.2231e+009 7.54398e+010 3.68425e+009 8.03472e+010 8.26897e+009
2.552 8.59046e+010 293095 15291 1.28033e+009 7.67057e+010 3.59495e+009 8.1581e+010 4.3236e+009
2.555 8.50762e+010 291678 16461.5 1.34e+009 7.79819e+010 3.50688e+009 8.28287e+010 2.24743e+009
2.557 8.6546e+010 294187 17289.5 1.38117e+009 7.88382e+010 3.44885e+009 8.36682e+010 2.87773e+009
2.56 8.14355e+010 285369 18607.7 1.44509e+009 8.0131e+010 3.36284e+009 8.49389e+010 -3.50342e+009
2.563 8.36268e+010 289183 20023 1.51169e+009 8.14334e+010 3.27809e+009 8.62232e+010 -2.59641e+009
2.565 8.34624e+010 288899 21023.8 1.55763e+009 8.2307e+010 3.2223e+009 8.7087e+010 -3.62454e+009
2.568 8.69751e+010 294915 22616.5 1.62891e+009 8.36252e+010 3.13968e+009 8.83938e+010 -1.41877e+009
2.571 8.87926e+010 297981 24325.7 1.70315e+009 8.49525e+010 3.05835e+009 8.9714e+010 -9.21468e+008
2.573 9.29291e+010 304843 25533.9 1.75432e+009 8.58423e+010 3.00485e+009 9.06016e+010 2.3276e+009
2.576 9.26614e+010 304403 27455.8 1.83371e+009 8.71843e+010 2.9257e+009 9.19438e+010 7.17649e+008
2.579 9.61162e+010 310026 29517.4 1.91633e+009 8.85348e+010 2.84787e+009 9.32991e+010 2.81712e+009
2.582 9.41686e+010 306869 31728.3 2.0023e+009 8.98936e+010 2.77136e+009 9.46672e+010 -4.98688e+008
2.584 9.76259e+010 312451 33290.4 2.06154e+009 9.08038e+010 2.72108e+009 9.55865e+010 2.03943e+009
2.587 9.51541e+010 308471 35773.9 2.15336e+009 9.21757e+010 2.64679e+009 9.69759e+010 -1.82178e+009
2.59 9.4366e+010 307191 38436.1 2.24886e+009 9.35551e+010 2.57382e+009 9.83778e+010 -4.01181e+009
2.593 9.29037e+010 304801 41289.4 2.34817e+009 9.49417e+010 2.5022e+009 9.97921e+010 -6.88841e+009
2.595 9.53385e+010 308769 43304.2 2.41654e+009 9.58701e+010 2.45519e+009 1.00742e+011 -5.40331e+009
2.598 9.65148e+010 310668 46505.8 2.52247e+009 9.72681e+010 2.38579e+009 1.02176e+011 -5.6617e+009
2.601 1.05056e+011 324124 49935.6 2.63256e+009 9.86727e+010 2.31773e+009 1.03623e+011 1.43335e+009
2.604 1.01485e+011 318567 53609.2 2.74694e+009 1.00083e+011 2.251e+009 1.05081e+011 -3.59618e+009
2.607 1.02434e+011 320053 57543.3 2.86577e+009 1.015e+011 2.1856e+009 1.06551e+011 -4.1177e+009
2.609 1.00917e+011 317674 60319.5 2.94752e+009 1.02447e+011 2.14274e+009 1.07538e+011 -6.62116e+009
2.612 1.06698e+011 326646 64727.8 3.07408e+009 1.03873e+011 2.07955e+009 1.09027e+011 -2.32891e+009
2.615 1.06056e+011 325662 69446.4 3.20547e+009 1.05304e+011 2.01768e+009 1.10527e+011 -4.47086e+009
2.618 1.08074e+011 328747 74496.4 3.34187e+009 1.06739e+011 1.95712e+009 1.12038e+011 -3.96359e+009
2.621 1.0672e+011 326680 79900.1 3.48342e+009 1.08178e+011 1.89787e+009 1.1356e+011 -6.84006e+009
2.623 1.06213e+011 325903 83710.7 3.58074e+009 1.0914e+011 1.85909e+009 1.1458e+011 -8.36752e+009
2.626 1.07387e+011 327699 89757.3 3.73126e+009 1.10586e+011 1.80199e+009 1.1612e+011 -8.73287e+009
2.629 1.03888e+011 322316 96224.4 3.88739e+009 1.12036e+011 1.74618e+009 1.17669e+011 -1.37815e+010
2.632 1.03413e+011 321579 103140 4.04931e+009 1.13488e+011 1.69164e+009 1.19229e+011 -1.58155e+010
2.635 1.06065e+011 325676 110534 4.2172e+009 1.14943e+011 1.63836e+009 1.20798e+011 -1.47336e+010
2.638 1.08044e+011 328700 118438 4.39123e+009 1.164e+011 1.58633e+009 1.22377e+011 -1.43336e+010
2.641 1.14891e+011 338956 126885 4.5716e+009 1.17859e+011 1.53554e+009 1.23966e+011 -9.07508e+009
2.644 1.14857e+011 338906 135912 4.7585e+009 1.19319e+011 1.48597e+009 1.25564e+011 -1.07066e+010
2.646 1.13477e+011 336864 142270 4.88683e+009 1.20293e+011 1.4536e+009 1.26634e+011 -1.31568e+010
2.649 1.16111e+011 340751 152349 5.08505e+009 1.21755e+011 1.40605e+009 1.28246e+011 -1.21351e+010
2.652 1.34742e+011 367073 163113 5.29033e+009 1.23218e+011 1.35968e+009 1.29868e+011 4.87464e+009
2.655 1.42552e+011 377560 174609 5.50289e+009 1.2468e+011 1.31449e+009 1.31497e+011 1.10545e+010
2.658 1.50727e+011 388235 186883 5.72293e+009 1.26142e+011 1.27046e+009 1.33135e+011 1.75913e+010
2.661 1.43905e+011 379348 199986 5.95067e+009 1.27603e+011 1.22757e+009 1.34781e+011 9.12368e+009
2.664 1.46513e+011 382770 213971 6.18632e+009 1.29062e+011 1.18581e+009 1.36435e+011 1.00778e+010
2.667 1.53045e+011 391210 228895 6.43013e+009 1.3052e+011 1.14516e+009 1.38096e+011 1.49491e+010
2.67 1.4318e+011 378392 244819 6.6823e+009 1.31976e+011 1.1056e+009 1.39764e+011 3.41617e+009
2.673 1.44888e+011 380642 261806 6.94309e+009 1.33429e+011 1.06713e+009 1.4144e+011 3.44855e+009
2.676 1.3443e+011 366646 279925 7.21272e+009 1.3488e+011 1.02971e+009 1.43122e+011 -8.69279e+009
2.679 1.35764e+011 368462 299246 7.49143e+009 1.36326e+011 9.93339e+008 1.44811e+011 -9.04703e+009
2.682 1.44063e+011 379557 319847 7.77948e+009 1.37769e+011 9.57993e+008 1.46507e+011 -2.44353e+009
2.685 1.43887e+011 379324 341808 8.07711e+009 1.39208e+011 9.23656e+008 1.48209e+011 -4.32211e+009
2.688 1.53425e+011 391695 365215 8.38458e+009 1.40641e+011 8.90309e+008 1.49917e+011 3.50846e+009
2.691 1.45593e+011 381566 390159 8.70215e+009 1.4207e+011 8.57935e+008 1.5163e+011 -6.03717e+009
2.694 1.57175e+011 396453 416736 9.03008e+009 1.43492e+011 8.26515e+008 1.53349e+011 3.82554e+009
2.697 1.48034e+011 384752 445048 9.36863e+009 1.44909e+011 7.9603e+008 1.55074e+011 -7.03952e+009
2.7 1.67067e+011 408739 475202 9.71809e+009 1.46319e+011 7.66463e+008 1.56804e+011 1.02639e+010
2.703 1.53684e+011 392026 507314 1.00787e+010 1.47721e+011 7.37795e+008 1.58538e+011 -4.85404e+009
2.706 1.59568e+011 399460 541503 1.04508e+010 1.49116e+011 7.10007e+008 1.60278e+011 -7.09207e+008
2.709 1.61708e+011 402129 577899 1.08346e+010 1.50503e+011 6.83082e+008 1.62021e+011 -3.13906e+008
2.712 1.56249e+011 395283 616636 1.12304e+010 1.51882e+011 6.57001e+008 1.6377e+011 -7.52081e+009
2.715 1.58923e+011 398652 657858 1.16386e+010 1.53251e+011 6.31744e+008 1.65522e+011 -6.5988e+009
2.718 1.67441e+011 409196 701717 1.20593e+010 1.54611e+011 6.07295e+008 1.67279e+011 1.62497e+008
2.721 1.68732e+011 410769 748373 1.2493e+010 1.55961e+011 5.83634e+008 1.69039e+011 -3.07119e+008
2.724 1.61607e+011 402004 797996 1.29398e+010 1.57301e+011 5.60744e+008 1.70802e+011 -9.19495e+009
2.727 1.67008e+011 408666 850765 1.34002e+010 1.5863e+011 5.38607e+008 1.72569e+011 -5.56185e+009
2.73 1.64159e+011 405166 906869 1.38744e+010 1.59947e+011 5.17203e+008 1.7434e+011 -1.01806e+010
2.733 1.66278e+011 407772 966509 1.43627e+010 1.61253e+011 4.96516e+008 1.76113e+011 -9.83475e+009
2.736 1.76962e+011 420668 1.0299e+006 1.48654e+010 1.62546e+011 4.76528e+008 1.77889e+011 -9.27488e+008
2.739 1.85431e+011 430617 1.09726e+006 1.53829e+010 1.63827e+011 4.57221e+008 1.79668e+011 5.7631e+009
2.743 1.79617e+011 423812 1.19365e+006 1.60964e+010 1.65514e+011 4.32508e+008 1.82044e+011 -2.42743e+009
2.746 1.71411e+011 414018 1.27122e+006 1.66496e+010 1.66763e+011 4.14724e+008 1.83829e+011 -1.24177e+010
2.749 1.62164e+011 402696 1.3536e+006 1.72186e+010 1.67998e+011 3.97563e+008 1.85615e+011 -2.34514e+010
2.752 1.72075e+011 414820 1.44107e+006 1.78038e+010 1.69218e+011 3.81009e+008 1.87404e+011 -1.53289e+010
2.755 1.7226e+011 415043 1.53393e+006 1.84055e+010 1.70423e+011 3.65047e+008 1.89195e+011 -1.69348e+010
2.758 1.95102e+011 441703 1.6325e+006 1.90239e+010 1.71612e+011 3.49658e+008 1.90988e+011 4.11397e+009
2.761 1.84302e+011 429304 1.73711e+006 1.96595e+010 1.72786e+011 3.34828e+008 1.92782e+011 -8.4798e+009
2.765 1.85536e+011 430739 1.88659e+006 2.05343e+010 1.74324e+011 3.15896e+008 1.95176e+011 -9.64051e+009
2.768 1.89479e+011 435292 2.00668e+006 2.12112e+010 1.75458e+011 3.02307e+008 1.96974e+011 -7.49444e+009
2.771 1.93596e+011 439996 2.13406e+006 2.19065e+010 1.76575e+011 2.89225e+008 1.98773e+011 -5.17618e+009
2.774 2.09712e+011 457943 2.26914e+006 2.26203e+010 1.77673e+011 2.76635e+008 2.00572e+011 9.13917e+009
2.777 2.00576e+011 447857 2.41236e+006 2.3353e+010 1.78753e+011 2.64521e+008 2.02373e+011 -1.79785e+009
2.78 2.04664e+011 452398 2.56419e+006 2.41051e+010 1.79815e+011 2.52869e+008 2.04175e+011 4.88234e+008
2.784 1.95294e+011 441921 2.78085e+006 2.51384e+010 1.812e+011 2.38028e+008 2.06579e+011 -1.12854e+010
2.787 2.14672e+011 463327 2.9547e+006 2.59368e+010 1.82216e+011 2.274e+008 2.08383e+011 6.28927e+009
2.79 2.2036e+011 469425 3.13888e+006 2.67556e+010 1.83212e+011 2.17187e+008 2.10187e+011 1.01724e+010
2.793 2.17315e+011 466171 3.33398e+006 2.75951e+010 1.84187e+011 2.07378e+008 2.11993e+011 5.32247e+009
2.797 2.28711e+011 478237 3.61215e+006 2.87473e+010 1.85454e+011 1.94902e+008 2.144e+011 1.43104e+010
2.8 2.37491e+011 487331 3.83514e+006 2.96366e+010 1.8638e+011 1.85982e+008 2.16207e+011 2.12847e+010
2.803 2.52115e+011 502111 4.07122e+006 3.05477e+010 1.87284e+011 1.77423e+008 2.18013e+011 3.41019e+010
2.806 2.471e+011 497092 4.32108e+006 3.1481e+010 1.88166e+011 1.69211e+008 2.19821e+011 2.72797e+010
2.81 2.30347e+011 479945 4.67703e+006 3.27605e+010 1.89307e+011 1.58784e+008 2.22231e+011 8.11643e+009
2.813 2.3664e+011 486457 4.96211e+006 3.37468e+010 1.90135e+011 1.5134e+008 2.24039e+011 1.26016e+010
2.816 2.32429e+011 482109 5.26368e+006 3.47565e+010 1.90941e+011 1.44206e+008 2.25847e+011 6.58179e+009
2.82 2.41319e+011 491242 5.69298e+006 3.61394e+010 1.91978e+011 1.35157e+008 2.28258e+011 1.30604e+010
2.823 2.52412e+011 502406 6.03658e+006 3.72046e+010 1.92728e+011 1.28705e+008 2.30067e+011 2.23449e+010
2.826 2.46313e+011 496299 6.39983e+006 3.82941e+010 1.93453e+011 1.22527e+008 2.31876e+011 1.44366e+010
2.83 2.59205e+011 509122 6.91656e+006 3.97852e+010 1.94382e+011 1.14701e+008 2.34289e+011 2.49161e+010
2.833 2.63508e+011 513330 7.32987e+006 4.09326e+010 1.9505e+011 1.09127e+008 2.36099e+011 2.74092e+010
2.836 2.67019e+011 516739 7.76655e+006 4.21054e+010 1.95692e+011 1.03796e+008 2.37909e+011 2.91105e+010
2.84 2.61785e+011 511649 8.38731e+006 4.37089e+010 1.96508e+011 9.70499e+007 2.40322e+011 2.14623e+010
2.843 2.60496e+011 510388 8.88347e+006 4.49418e+010 1.9709e+011 9.22506e+007 2.42133e+011 1.83632e+010
2.846 2.63267e+011 513096 9.40739e+006 4.6201e+010 1.97646e+011 8.7665e+007 2.43944e+011 1.93234e+010
2.85 2.6616e+011 515907 1.01516e+007 4.79212e+010 1.98346e+011 8.18691e+007 2.46359e+011 1.98002e+010
2.853 2.74594e+011 524017 1.07461e+007 4.92426e+010 1.9884e+011 7.77505e+007 2.48171e+011 2.64224e+010
2.856 2.53145e+011 503135 1.13734e+007 5.05911e+010 1.99307e+011 7.38192e+007 2.49984e+011 3.16156e+009
2.86 2.40912e+011 490828 1.2264e+007 5.24316e+010 1.99888e+011 6.88561e+007 2.52401e+011 -1.14886e+010
2.863 2.58568e+011 508496 1.29748e+007 5.38442e+010 2.00292e+011 6.53333e+007 2.54214e+011 4.35372e+009
2.867 2.62075e+011 511933 1.39834e+007 5.57711e+010 2.00787e+011 6.08896e+007 2.56633e+011 5.44254e+009
2.87 2.71606e+011 521158 1.4788e+007 5.7249e+010 2.01126e+011 5.7738e+007 2.58448e+011 1.31585e+010
2.874 3.04768e+011 552058 1.59291e+007 5.92636e+010 2.01535e+011 5.37657e+007 2.60868e+011 4.38996e+010
2.877 3.06553e+011 553672 1.6839e+007 6.08079e+010 2.01809e+011 5.09508e+007 2.62685e+011 4.3868e+010
2.88 2.92193e+011 540549 1.77978e+007 6.23808e+010 2.02055e+011 4.82702e+007 2.64502e+011 2.76912e+010
2.884 2.80468e+011 529593 1.91567e+007 6.45231e+010 2.02339e+011 4.48954e+007 2.66926e+011 1.35422e+010
2.887 2.81242e+011 530323 2.02395e+007 6.61636e+010 2.02519e+011 4.25066e+007 2.68745e+011 1.24967e+010
2.891 2.88427e+011 537054 2.17733e+007 6.83964e+010 2.02715e+011 3.95016e+007 2.71172e+011 1.7255e+010
2.894 2.94859e+011 543009 2.2995e+007 7.01053e+010 2.02828e+011 3.73762e+007 2.72994e+011 2.18654e+010
2.898 2.77332e+011 526623 2.47245e+007 7.24295e+010 2.02935e+011 3.47047e+007 2.75424e+011 1.90796e+009
2.901 2.74062e+011 523510 2.61014e+007 7.4207e+010 2.02982e+011 3.28168e+007 2.77248e+011 -3.1852e+009
2.905 2.61654e+011 511521 2.80499e+007 7.66232e+010 2.02999e+011 3.04456e+007 2.79681e+011 -1.80272e+010
2.908 2.70455e+011 520053 2.96002e+007 7.84699e+010 2.02979e+011 2.87713e+007 2.81508e+011 -1.10527e+010
2.912 2.85978e+011 534769 3.1793e+007 8.09783e+010 2.02908e+011 2.667e+007 2.83945e+011 2.03311e+009
2.916 2.71088e+011 520661 3.4138e+007 8.35394e+010 2.02786e+011 2.47103e+007 2.86384e+011 -1.52959e+010
2.919 2.80641e+011 529755 3.60024e+007 8.54948e+010 2.02661e+011 2.33283e+007 2.88215e+011 -7.57475e+009
2.923 2.93081e+011 541369 3.86375e+007 8.81482e+010 2.0245e+011 2.1596e+007 2.90659e+011 2.42203e+009
2.926 2.88919e+011 537512 4.07315e+007 9.01726e+010 2.02259e+011 2.03753e+007 2.92493e+011 -3.57407e+009
2.93 3.11858e+011 558442 4.36896e+007 9.29177e+010 2.0196e+011 1.88464e+007 2.9494e+011 1.69174e+010
2.933 3.08372e+011 555312 4.60393e+007 9.50107e+010 2.01703e+011 1.777e+007 2.96777e+011 1.15943e+010
2.937 3.09761e+011 556562 4.93568e+007 9.78469e+010 2.01316e+011 1.64228e+007 2.99229e+011 1.05323e+010
2.941 3.08436e+011 555370 5.28974e+007 1.00735e+011 2.0088e+011 1.51705e+007 3.01683e+011 6.75369e+009
2.944 2.95014e+011 543152 5.57076e+007 1.02934e+011 2.00521e+011 1.42899e+007 3.03524e+011 -8.51007e+009
2.948 2.99191e+011 546983 5.96723e+007 1.05911e+011 1.99998e+011 1.31891e+007 3.05982e+011 -6.7913e+009
2.951 2.95601e+011 543692 6.28175e+007 1.08177e+011 1.99575e+011 1.24157e+007 3.07826e+011 -1.22253e+010
2.955 2.98847e+011 546669 6.72528e+007 1.11241e+011 1.98967e+011 1.14497e+007 3.10287e+011 -1.14406e+010
2.959 3.01496e+011 549087 7.19794e+007 1.14355e+011 1.98312e+011 1.05538e+007 3.1275e+011 -1.12537e+010
2.962 3.00687e+011 548349 7.57262e+007 1.16723e+011 1.9779e+011 9.92506e+006 3.14598e+011 -1.39109e+010
2.966 3.10881e+011 557567 8.10056e+007 1.19921e+011 1.97052e+011 9.14078e+006 3.17063e+011 -6.18194e+009
2.97 3.17239e+011 563240 8.6627e+007 1.23167e+011 1.96268e+011 8.41444e+006 3.1953e+011 -2.29023e+009
2.973 3.10846e+011 557536 9.10796e+007 1.25631e+011 1.9565e+011 7.90533e+006 3.2138e+011 -1.05335e+010
2.977 3.1326e+011 559697 9.73487e+007 1.28957e+011 1.94786e+011 7.27105e+006 3.23847e+011 -1.05871e+010
2.981 3.19146e+011 564930 1.04018e+008 1.32328e+011 1.93877e+011 6.68445e+006 3.26315e+011 -7.16886e+009
2.985 3.27692e+011 572444 1.1111e+008 1.35742e+011 1.92924e+011 6.14223e+006 3.28783e+011 -1.09093e+009
2.988 3.35737e+011 579428 1.16722e+008 1.3833e+011 1.9218e+011 5.76281e+006 3.30633e+011 5.10356e+009
2.992 3.34575e+011 578425 1.24615e+008 1.41818e+011 1.91152e+011 5.29091e+006 3.33099e+011 1.47594e+009
2.996 3.40133e+011 583210 1.33002e+008 1.45345e+011 1.90081e+011 4.85531e+006 3.35564e+011 4.56912e+009
3 3.35207e+011 578971 1.41911e+008 1.48912e+011 1.88969e+011 4.45345e+006 3.38027e+011 -2.81986e+009
3.003 3.27409e+011 572196 1.48952e+008 1.51612e+011 1.88108e+011 4.17271e+006 3.39873e+011 -1.24639e+010
3.007 3.33655e+011 577629 1.58844e+008 1.55243e+011 1.86925e+011 3.82413e+006 3.4233e+011 -8.67564e+009
3.011 3.39982e+011 583080 1.69343e+008 1.58908e+011 1.85703e+011 3.50299e+006 3.44785e+011 -4.80244e+009
3.015 3.62637e+011 602194 1.80481e+008 1.62607e+011 1.84443e+011 3.20727e+006 3.47234e+011 1.54031e+010
3.019 3.56215e+011 596837 1.92294e+008 1.66338e+011 1.83146e+011 2.93511e+006 3.49679e+011 6.5357e+009
3.022 3.55251e+011 596029 2.01619e+008 1.69155e+011 1.82149e+011 2.7454e+006 3.51508e+011 3.74249e+009
3.026 3.59529e+011 599608 2.14701e+008 1.72936e+011 1.80788e+011 2.51032e+006 3.53942e+011 5.58776e+009
3.03 3.35534e+011 579253 2.28564e+008 1.76744e+011 1.79393e+011 2.29427e+006 3.56367e+011 -2.08332e+010
3.034 3.36788e+011 580334 2.43249e+008 1.80576e+011 1.77963e+011 2.09581e+006 3.58785e+011 -2.1997e+010
3.038 3.66708e+011 605564 2.58799e+008 1.84431e+011 1.76501e+011 1.9136e+006 3.61193e+011 5.51509e+009
3.042 3.70267e+011 608496 2.7526e+008 1.88306e+011 1.75007e+011 1.7464e+006 3.6359e+011 6.67719e+009
3.046 3.90466e+011 624872 2.9268e+008 1.922e+011 1.73482e+011 1.59303e+006 3.65976e+011 2.44898e+010
3.049 3.81481e+011 617642 3.06404e+008 1.95131e+011 1.72318e+011 1.48645e+006 3.67757e+011 1.37243e+010
3.053 3.84114e+011 619769 3.25623e+008 1.99051e+011 1.70742e+011 1.35478e+006 3.7012e+011 1.39941e+010
3.057 3.79447e+011 615993 3.45943e+008 2.02983e+011 1.69137e+011 1.23418e+006 3.72468e+011 6.97992e+009
3.061 3.81072e+011 617311 3.6742e+008 2.06925e+011 1.67506e+011 1.12377e+006 3.74799e+011 6.27301e+009
3.065 3.83728e+011 619458 3.90113e+008 2.10874e+011 1.65848e+011 1.02275e+006 3.77114e+011 6.61432e+009
3.069 3.76422e+011 613532 4.14082e+008 2.14829e+011 1.64166e+011 930367 3.7941e+011 -2.98841e+009
3.073 3.63174e+011 602639 4.39392e+008 2.18785e+011 1.62461e+011 845921 3.81686e+011 -1.85119e+010
3.077 3.75704e+011 612947 4.66108e+008 2.22741e+011 1.60732e+011 768772 3.8394e+011 -8.23588e+009
3.081 3.63414e+011 602839 4.943e+008 2.26694e+011 1.58982e+011 698323 3.86172e+011 -2.27572e+010
3.085 3.63951e+011 603283 5.24039e+008 2.30642e+011 1.57212e+011 634026 3.88379e+011 -2.44282e+010
3.089 3.85046e+011 620521 5.55399e+008 2.34581e+011 1.55422e+011 575372 3.9056e+011 -5.51343e+009
3.093 3.75811e+011 613035 5.88458e+008 2.3851e+011 1.53615e+011 521894 3.92713e+011 -1.69021e+010
3.097 4.26077e+011 652746 6.23298e+008 2.42424e+011 1.5179e+011 473160 3.94838e+011 3.1239e+010
3.101 4.35102e+011 659623 6.6e+008 2.46322e+011 1.49949e+011 428771 3.96932e+011 3.81704e+010
3.105 4.43295e+011 665804 6.98654e+008 2.502e+011 1.48094e+011 388359 3.98993e+011 4.43017e+010
3.109 4.40441e+011 663657 7.39348e+008 2.54056e+011 1.46225e+011 351588 4.01021e+011 3.94204e+010
3.113 4.03629e+011 635318 7.82176e+008 2.57887e+011 1.44343e+011 318145 4.03012e+011 6.17194e+008
3.117 4.11211e+011 641257 8.27236e+008 2.61689e+011 1.4245e+011 287746 4.04966e+011 6.24445e+009
3.121 4.03683e+011 635361 8.74628e+008 2.65461e+011 1.40546e+011 260126 4.06881e+011 -3.19836e+009
3.126 3.94978e+011 628473 9.37307e+008 2.70127e+011 1.38153e+011 229145 4.09217e+011 -1.42391e+010
3.13 4.05442e+011 636744 9.90332e+008 2.73817e+011 1.3623e+011 206926 4.11038e+011 -5.59523e+009
3.134 3.86949e+011 622052 1.04604e+009 2.77467e+011 1.343e+011 186773 4.12813e+011 -2.58641e+010
3.138 4.04984e+011 636384 1.10455e+009 2.81073e+011 1.32364e+011 168501 4.14542e+011 -9.55737e+009
3.142 4.09154e+011 639651 1.16598e+009 2.84633e+011 1.30423e+011 151944 4.16222e+011 -7.06833e+009
3.146 4.33377e+011 658314 1.23046e+009 2.88143e+011 1.28479e+011 136948 4.17852e+011 1.55252e+010
3.15 4.1899e+011 647294 1.29811e+009 2.916e+011 1.26531e+011 123373 4.1943e+011 -4.40411e+008
3.155 4.25795e+011 652530 1.38734e+009 2.95844e+011 1.24095e+011 108207 4.21326e+011 4.46843e+009
3.159 4.14242e+011 643616 1.46263e+009 2.99173e+011 1.22145e+011 97376.1 4.22781e+011 -8.53887e+009
3.163 3.92739e+011 626689 1.54153e+009 3.0244e+011 1.20196e+011 87586.9 4.24177e+011 -3.14387e+010
3.167 4.17868e+011 646427 1.6242e+009 3.05642e+011 1.18248e+011 78744.1 4.25514e+011 -7.64617e+009
3.171 4.07726e+011 638535 1.71079e+009 3.08777e+011 1.16303e+011 70760 4.2679e+011 -1.9064e+010
3.176 4.242e+011 651306 1.82477e+009 3.12596e+011 1.13876e+011 61866.8 4.28297e+011 -4.09707e+009
3.18 4.15339e+011 644468 1.92075e+009 3.15569e+011 1.11939e+011 55534 4.29429e+011 -1.40899e+010
3.184 4.20835e+011 648718 2.02116e+009 3.18466e+011 1.10007e+011 49825.5 4.30494e+011 -9.65887e+009
3.188 4.27325e+011 653701 2.12619e+009 3.21283e+011 1.08082e+011 44682.3 4.31492e+011 -4.16676e+009
3.193 4.42798e+011 665431 2.26421e+009 3.2469e+011 1.05686e+011 38967.1 4.32641e+011 1.01579e+010
3.197 4.01572e+011 633697 2.38025e+009 3.27321e+011 1.03778e+011 34907.1 4.33479e+011 -3.19072e+010
3.201 4.05926e+011 637123 2.50148e+009 3.29865e+011 1.01879e+011 31255.1 4.34245e+011 -2.83188e+010
3.206 4.21e+011 648845 2.66061e+009 3.32919e+011 9.95184e+010 27204.3 4.35098e+011 -1.40977e+010
3.21 4.10794e+011 640932 2.79422e+009 3.35258e+011 9.76421e+010 24331.8 4.35694e+011 -2.49001e+010
3.214 3.98742e+011 631460 2.93366e+009 3.37503e+011 9.57771e+010 21752.3 4.36214e+011 -3.74716e+010
3.219 4.0094e+011 633198 3.11646e+009 3.40173e+011 9.34629e+010 18896.2 4.36753e+011 -3.58131e+010
3.223 4.13656e+011 643161 3.26976e+009 3.42198e+011 9.1626e+010 16874.7 4.37094e+011 -2.34378e+010
3.228 4.0802e+011 638765 3.47056e+009 3.44587e+011 8.93491e+010 14639.2 4.37407e+011 -2.93868e+010
3.232 3.9353e+011 627320 3.6388e+009 3.46383e+011 8.75437e+010 13059 4.37565e+011 -4.40348e+010
3.236 4.0616e+011 637307 3.81406e+009 3.48073e+011 8.57532e+010 11643.8 4.3764e+011 -3.14805e+010
3.241 3.92593e+011 626572 4.04332e+009 3.50036e+011 8.3537e+010 10081.6 4.37616e+011 -4.50236e+010
3.245 3.69807e+011 608117 4.23518e+009 3.51484e+011 8.17824e+010 8979.36 4.37502e+011 -6.76953e+010
3.25 3.9703e+011 630103 4.48596e+009 3.5314e+011 7.96127e+010 7764.18 4.37239e+011 -4.02088e+010
3.254 4.26684e+011 653211 4.69564e+009 3.54339e+011 7.78965e+010 6907.83 4.36931e+011 -1.02475e+010
3.259 4.29425e+011 655305 4.96946e+009 3.5568e+011 7.57764e+010 5964.94 4.36426e+011 -7.00076e+009
3.263 4.13255e+011 642850 5.1982e+009 3.56624e+011 7.41011e+010 5301.31 4.35924e+011 -2.26681e+010
3.268 4.20452e+011 648423 5.49667e+009 3.57643e+011 7.20335e+010 4571.53 4.35173e+011 -1.4721e+010
3.272 3.99096e+011 631741 5.74579e+009 3.58328e+011 7.04011e+010 4058.54 4.34475e+011 -3.53784e+010
3.277 4.11345e+011 641362 6.07054e+009 3.5902e+011 6.83885e+010 3495.12 4.33479e+011 -2.21339e+010
3.281 3.94006e+011 627699 6.34136e+009 3.59442e+011 6.68011e+010 3099.57 4.32584e+011 -3.85777e+010
3.286 3.92066e+011 626152 6.6941e+009 3.59803e+011 6.48457e+010 2665.67 4.31343e+011 -3.92771e+010
3.29 4.10527e+011 640724 6.98799e+009 3.5996e+011 6.33047e+010 2361.44 4.30252e+011 -1.97257e+010
3.295 3.96525e+011 629702 7.37044e+009 3.59989e+011 6.14083e+010 2028.14 4.28768e+011 -3.22433e+010
3.299 4.15707e+011 644753 7.68881e+009 3.5988e+011 5.99152e+010 1794.73 4.27484e+011 -1.17771e+010
3.304 4.24197e+011 651304 8.10274e+009 3.59577e+011 5.80794e+010 1539.33 4.25759e+011 -1.56289e+009
3.309 4.25119e+011 652011 8.53493e+009 3.59091e+011 5.62777e+010 1319.29 4.23903e+011 1.21548e+009
3.313 4.04884e+011 636305 8.89421e+009 3.58569e+011 5.48612e+010 1165.5 4.22325e+011 -1.74403e+010
3.318 3.90391e+011 624813 9.36068e+009 3.57753e+011 5.31219e+010 997.551 4.20236e+011 -2.98445e+010
3.323 4.01476e+011 633621 9.84697e+009 3.56756e+011 5.14176e+010 853.162 4.18021e+011 -1.6545e+010
3.327 3.90678e+011 625043 1.02506e+010 3.55829e+011 5.00794e+010 752.444 4.16159e+011 -2.54806e+010
3.332 3.89334e+011 623967 1.0774e+010 3.5451e+011 4.84385e+010 642.665 4.13722e+011 -2.43878e+010
3.337 4.00466e+011 632824 1.13188e+010 3.53014e+011 4.68331e+010 548.491 4.11166e+011 -1.06997e+010
3.341 3.84765e+011 620294 1.17704e+010 3.51692e+011 4.55742e+010 482.928 4.09037e+011 -2.42718e+010
3.346 3.93605e+011 627379 1.23551e+010 3.49885e+011 4.40326e+010 411.606 4.06273e+011 -1.26681e+010
3.351 3.97256e+011 630282 1.29626e+010 3.47909e+011 4.25265e+010 350.554 4.03398e+011 -6.14191e+009
3.356 3.80313e+011 616695 1.35937e+010 3.45766e+011 4.10558e+010 298.333 4.00416e+011 -2.01027e+010
3.36 3.57044e+011 597532 1.41158e+010 3.43935e+011 3.99047e+010 262.075 3.97955e+011 -4.09108e+010
3.365 3.63084e+011 602564 1.47905e+010 3.41501e+011 3.84975e+010 222.734 3.94789e+011 -3.17052e+010
3.37 3.74734e+011 612155 1.54901e+010 3.38911e+011 3.71253e+010 189.157 3.91526e+011 -1.67922e+010
3.375 3.84496e+011 620078 1.62152e+010 3.36167e+011 3.57881e+010 160.521 3.88171e+011 -3.67449e+009
3.38 3.60821e+011 600684 1.69662e+010 3.33275e+011 3.44855e+010 136.118 3.84727e+011 -2.39061e+010
3.385 3.85707e+011 621053 1.77436e+010 3.30239e+011 3.32173e+010 115.339 3.812e+011 4.50713e+009
3.389 3.78538e+011 615255 1.83848e+010 3.27708e+011 3.22273e+010 100.969 3.7832e+011 2.17805e+008
3.394 3.58628e+011 598856 1.9211e+010 3.24423e+011 3.10203e+010 85.44 3.74654e+011 -1.60253e+010
3.399 3.60577e+011 600481 2.00647e+010 3.21005e+011 2.98467e+010 72.2451 3.70917e+011 -1.03394e+010
3.404 3.55138e+011 595935 2.09466e+010 3.17461e+011 2.87063e+010 61.0422 3.67114e+011 -1.19752e+010
3.409 3.63014e+011 602506 2.18569e+010 3.13794e+011 2.75987e+010 51.5378 3.6325e+011 -2.36156e+008
3.414 3.4015e+011 583224 2.27961e+010 3.10011e+011 2.65234e+010 43.4807 3.59331e+011 -1.91805e+010
3.419 3.40428e+011 583462 2.37643e+010 3.06117e+011 2.548e+010 36.6557 3.55361e+011 -1.49335e+010
3.424 3.46691e+011 588804 2.47621e+010 3.02116e+011 2.44681e+010 30.8788 3.51346e+011 -4.65553e+009
3.429 3.30811e+011 575162 2.57896e+010 2.98015e+011 2.34872e+010 25.9928 3.47291e+011 -1.64805e+010
3.434 3.33074e+011 577126 2.6847e+010 2.93818e+011 2.25367e+010 21.8636 3.43202e+011 -1.0128e+010
3.439 3.34011e+011 577937 2.79347e+010 2.89532e+011 2.16163e+010 18.3765 3.39083e+011 -5.07256e+009
3.444 3.21539e+011 567044 2.90527e+010 2.85163e+011 2.07253e+010 15.4341 3.3494e+011 -1.34012e+010
3.449 3.36183e+011 579813 3.02012e+010 2.80715e+011 1.98632e+010 12.953 3.30779e+011 5.40379e+009
3.454 3.04481e+011 551798 3.13804e+010 2.76194e+011 1.90296e+010 10.8627 3.26604e+011 -2.21236e+010
3.459 3.15216e+011 561441 3.25902e+010 2.71607e+011 1.82238e+010 9.10283 3.22421e+011 -7.20559e+009
3.464 3.04906e+011 552183 3.38307e+010 2.6696e+011 1.74453e+010 7.62238 3.18236e+011 -1.33294e+010
3.469 3.18262e+011 564147 3.51019e+010 2.62257e+011 1.66935e+010 6.37792 3.14052e+011 4.20991e+009
3.474 3.05829e+011 553018 3.64037e+010 2.57505e+011 1.59678e+010 5.33264 3.09876e+011 -4.04787e+009
3.48 3.10455e+011 557185 3.80061e+010 2.51745e+011 1.51307e+010 4.29762 3.04882e+011 5.57283e+009
3.485 3.14325e+011 560647 3.93748e+010 2.46905e+011 1.44605e+010 3.58736 3.0074e+011 1.3585e+010
3.49 2.97018e+011 544993 4.07735e+010 2.42033e+011 1.38146e+010 2.99223 2.96621e+011 3.96125e+008
3.495 2.78323e+011 527563 4.2202e+010 2.37136e+011 1.31923e+010 2.49397 2.92531e+011 -1.42073e+010
3.5 2.81364e+011 530437 4.36601e+010 2.32219e+011 1.25932e+010 2.07712 2.88472e+011 -7.10858e+009
3.505 2.83119e+011 532089 4.51472e+010 2.27287e+011 1.20165e+010 1.72864 2.84451e+011 -1.33148e+009
3.511 2.8216e+011 531187 4.69695e+010 2.21357e+011 1.13534e+010 1.38538 2.7968e+011 2.48012e+009
3.516 2.74508e+011 523935 4.8519e+010 2.16411e+011 1.08242e+010 1.15105 2.75754e+011 -1.24627e+009
3.521 2.65393e+011 515163 5.0096e+010 2.11467e+011 1.03156e+010 0.955648 2.71879e+011 -6.48627e+009
3.526 2.72881e+011 522380 5.16999e+010 2.06531e+011 9.82705e+009 0.79282 2.68058e+011 4.82338e+009
3.532 2.67132e+011 516848 5.36591e+010 2.00622e+011 9.26644e+009 0.63299 2.63548e+011 3.58397e+009
3.537 2.48261e+011 498258 5.53197e+010 1.95718e+011 8.81998e+009 0.524272 2.59857e+011 -1.15964e+010
3.542 2.44976e+011 494950 5.70048e+010 1.90835e+011 8.39173e+009 0.433902 2.56232e+011 -1.12557e+010
3.548 2.60154e+011 510053 5.90581e+010 1.85011e+011 7.90111e+009 0.345433 2.5197e+011 8.18341e+009
3.553 2.38615e+011 488482 6.07941e+010 1.80192e+011 7.51101e+009 0.285418 2.48497e+011 -9.88202e+009
3.558 2.5016e+011 500160 6.25515e+010 1.75408e+011 7.13736e+009 0.235654 2.45097e+011 5.06265e+009
3.564 2.51846e+011 501842 6.46875e+010 1.69721e+011 6.70997e+009 0.187066 2.41118e+011 1.07276e+010
3.569 2.46011e+011 495995 6.64885e+010 1.65029e+011 6.37069e+009 0.154196 2.37888e+011 8.12317e+009
3.575 2.43529e+011 493487 6.86734e+010 1.59461e+011 5.98301e+009 0.122161 2.34118e+011 9.4115e+009
3.58 2.30935e+011 480557 7.05124e+010 1.54878e+011 5.67559e+009 0.100529 2.31066e+011 -1.30667e+008
3.586 2.31559e+011 481206 7.27389e+010 1.4945e+011 5.3247e+009 0.0794869 2.27514e+011 4.04546e+009
3.591 2.43278e+011 493232 7.46093e+010 1.44991e+011 5.04675e+009 0.0653039 2.24647e+011 1.86307e+010
3.597 2.22603e+011 471808 7.68696e+010 1.3972e+011 4.72985e+009 0.0515325 2.2132e+011 1.28337e+009
3.602 2.26035e+011 475432 7.87645e+010 1.35399e+011 4.47908e+009 0.0422677 2.18642e+011 7.39307e+009
3.608 2.10978e+011 459323 8.10497e+010 1.303e+011 4.19349e+009 0.0332883 2.15543e+011 -4.56559e+009
3.613 2.06897e+011 454859 8.29617e+010 1.26127e+011 3.96774e+009 0.0272585 2.13057e+011 -6.15992e+009
3.619 1.89374e+011 435171 8.52625e+010 1.21214e+011 3.7109e+009 0.0214252 2.10187e+011 -2.0813e+010
3.624 1.94976e+011 441561 8.71834e+010 1.17199e+011 3.50811e+009 0.0175154 2.07891e+011 -1.29149e+010
3.63 1.92931e+011 439239 8.949e+010 1.12481e+011 3.27763e+009 0.0137399 2.05249e+011 -1.23179e+010
3.636 1.98571e+011 445613 9.17953e+010 1.07873e+011 3.06057e+009 0.0107666 2.02729e+011 -4.15764e+009
3.641 1.96735e+011 443548 9.37131e+010 1.04119e+011 2.88947e+009 0.00877943 2.00721e+011 -3.98624e+009
3.647 1.95571e+011 442234 9.60077e+010 9.9718e+010 2.69532e+009 0.00686596 1.98421e+011 -2.84995e+009
3.653 1.88441e+011 434097 9.82917e+010 9.54329e+010 2.51281e+009 0.00536374 1.96237e+011 -7.79683e+009
3.658 2.05754e+011 453601 1.00185e+011 9.1951e+010 2.36916e+009 0.00436263 1.94505e+011 1.12489e+010
3.664 2.02926e+011 450473 1.0244e+011 8.78805e+010 2.20645e+009 0.00340138 1.92527e+011 1.03989e+010
3.67 1.92152e+011 438352 1.04676e+011 8.39281e+010 2.05375e+009 0.00264906 1.90658e+011 1.49444e+009
3.676 1.75788e+011 419271 1.06888e+011 8.00943e+010 1.91054e+009 0.00206092 1.88893e+011 -1.31048e+010
3.681 1.8363e+011 428521 1.0871e+011 7.69901e+010 1.79808e+009 0.00167049 1.87499e+011 -3.86846e+009
3.687 1.88453e+011 434112 1.1087e+011 7.33738e+010 1.67097e+009 0.00129704 1.85914e+011 2.539e+009
3.693 1.87052e+011 432495 1.12995e+011 6.98757e+010 1.55197e+009 0.00100599 1.84423e+011 2.6296e+009
3.699 1.81553e+011 426091 1.15083e+011 6.64952e+010 1.44063e+009 0.000779408 1.83019e+011 -1.46545e+009
3.705 1.87099e+011 432549 1.1713e+011 6.32316e+010 1.33652e+009 0.000603208 1.81698e+011 5.40111e+009
3.711 1.69431e+011 411620 1.19132e+011 6.00837e+010 1.23924e+009 0.000466338 1.80455e+011 -1.1024e+010
3.716 1.86387e+011 431725 1.20765e+011 5.7548e+010 1.1631e+009 0.000376014 1.79476e+011 6.91114e+009
3.722 1.78106e+011 422026 1.22677e+011 5.4609e+010 1.07733e+009 0.00029012 1.78363e+011 -2.56885e+008
3.728 1.71333e+011 413924 1.24534e+011 5.17819e+010 9.97317e+008 0.000223606 1.77314e+011 -5.98056e+009
3.734 1.85897e+011 431158 1.26335e+011 4.90648e+010 9.22727e+008 0.000172155 1.76322e+011 9.57545e+009
3.74 1.6832e+011 410269 1.28074e+011 4.6456e+010 8.53233e+008 0.0001324 1.75383e+011 -7.06245e+009
3.746 1.87766e+011 433320 1.29749e+011 4.39534e+010 7.88529e+008 0.000101715 1.74491e+011 1.32753e+010
3.752 1.81036e+011 425483 1.31357e+011 4.15549e+010 7.2832e+008 7.80577e-005 1.7364e+011 7.39569e+009
3.758 1.73949e+011 417072 1.32894e+011 3.92583e+010 6.72329e+008 5.98379e-005 1.72825e+011 1.12418e+009
3.764 1.6457e+011 405673 1.34358e+011 3.70612e+010 6.20292e+008 4.58214e-005 1.7204e+011 -7.46963e+009
3.77 1.66022e+011 407458 1.35747e+011 3.49612e+010 5.7196e+008 3.50503e-005 1.7128e+011 -5.2576e+009
3.776 1.75758e+011 419235 1.37056e+011 3.29559e+010 5.27097e+008 2.67821e-005 1.70539e+011 5.21825e+009
3.783 1.74795e+011 418085 1.38481e+011 3.07325e+010 4.78842e+008 1.95404e-005 1.69693e+011 5.10207e+009
3.789 1.59148e+011 398934 1.39612e+011 2.89234e+010 4.40744e+008 1.4896e-005 1.68976e+011 -9.82821e+009
3.795 1.75497e+011 418923 1.40656e+011 2.72007e+010 4.05447e+008 1.13433e-005 1.68263e+011 7.23409e+009
3.801 1.58434e+011 398037 1.41613e+011 2.55617e+010 3.72767e+008 8.6286e-006 1.67547e+011 -9.11323e+009
3.807 1.71409e+011 414016 1.42478e+011 2.40037e+010 3.42528e+008 6.5565e-006 1.66825e+011 4.58448e+009
3.813 1.48875e+011 385844 1.43252e+011 2.2524e+010 3.14564e+008 4.97662e-006 1.66091e+011 -1.72154e+010
3.82 1.59664e+011 399580 1.44037e+011 2.08931e+010 2.84609e+008 3.60287e-006 1.65215e+011 -5.55066e+009
3.826 1.62195e+011 402735 1.44607e+011 1.95738e+010 2.61054e+008 2.72832e-006 1.64441e+011 -2.24609e+009
3.832 1.63543e+011 404404 1.4508e+011 1.83243e+010 2.39314e+008 2.06383e-006 1.63644e+011 -1.00735e+008
3.838 1.66155e+011 407621 1.45456e+011 1.71418e+010 2.19261e+008 1.55949e-006 1.62817e+011 3.33795e+009
3.845 1.63956e+011 404914 1.45771e+011 1.58436e+010 1.97837e+008 1.1231e-006 1.61813e+011 2.14303e+009
3.851 1.65193e+011 406439 1.45935e+011 1.47976e+010 1.81038e+008 8.46662e-007 1.60913e+011 4.2794e+009
3.857 1.61077e+011 401344 1.45999e+011 1.38103e+010 1.65572e+008 6.37579e-007 1.59975e+011 1.10218e+009
3.864 1.55206e+011 393962 1.45949e+011 1.27296e+010 1.49083e+008 4.57337e-007 1.58828e+011 -3.62132e+009
3.87 1.50088e+011 387412 1.45799e+011 1.18614e+010 1.3618e+008 3.43593e-007 1.57796e+011 -7.70798e+009
3.877 1.49605e+011 386788 1.45499e+011 1.09128e+010 1.22444e+008 2.45789e-007 1.56534e+011 -6.92919e+009
3.883 1.47431e+011 383968 1.45136e+011 1.01522e+010 1.1171e+008 1.84227e-007 1.554e+011 -7.96847e+009
3.89 1.44375e+011 379967 1.44589e+011 9.32287e+009 1.00299e+008 1.31427e-007 1.54012e+011 -9.63748e+009
3.896 1.34869e+011 367245 1.44016e+011 8.65922e+009 9.13942e+007 9.82793e-008 1.52767e+011 -1.78981e+010
3.903 1.50304e+011 387691 1.43228e+011 7.93701e+009 8.19413e+007 6.99212e-008 1.51247e+011 -9.42778e+008
3.909 1.3327e+011 365062 1.42451e+011 7.36022e+009 7.45753e+007 5.21638e-008 1.49886e+011 -1.66154e+010
3.916 1.34391e+011 366594 1.41428e+011 6.73376e+009 6.67667e+007 3.7011e-008 1.48229e+011 -1.38381e+010
3.922 1.51874e+011 389710 1.40455e+011 6.23443e+009 6.06906e+007 2.75471e-008 1.4675e+011 5.12389e+009
3.929 1.45019e+011 380814 1.39207e+011 5.69315e+009 5.42584e+007 1.94918e-008 1.44955e+011 6.44385e+007
3.936 1.33957e+011 366002 1.37844e+011 5.19364e+009 4.84706e+007 1.37718e-008 1.43086e+011 -9.12862e+009
3.942 1.3794e+011 371403 1.36586e+011 4.79668e+009 4.39768e+007 1.02134e-008 1.41426e+011 -3.48623e+009
3.949 1.36402e+011 369327 1.35016e+011 4.36766e+009 3.92298e+007 7.19654e-009 1.39423e+011 -3.02072e+009
3.956 1.31177e+011 362183 1.33341e+011 3.97302e+009 3.49683e+007 5.06335e-009 1.37349e+011 -6.17261e+009
3.962 1.21225e+011 348173 1.31825e+011 3.66033e+009 3.16667e+007 3.74159e-009 1.35517e+011 -1.42926e+010
3.969 1.27982e+011 357746 1.29967e+011 3.32338e+009 2.81866e+007 2.62534e-009 1.33319e+011 -5.33679e+009
3.976 1.21952e+011 349216 1.28017e+011 3.01442e+009 2.50696e+007 1.8394e-009 1.31056e+011 -9.10417e+009
3.983 1.2201e+011 349300 1.25979e+011 2.73144e+009 2.22803e+007 1.28686e-009 1.28733e+011 -6.72269e+009
3.99 1.28381e+011 358302 1.2386e+011 2.47253e+009 1.9786e+007 8.98968e-010 1.26352e+011 2.0286e+009
3.996 1.26658e+011 355890 1.21982e+011 2.26842e+009 1.78607e+007 6.60247e-010 1.24268e+011 2.38969e+009
4.003 1.17575e+011 342891 1.19724e+011 2.04957e+009 1.58386e+007 4.59976e-010 1.21789e+011 -4.21482e+009
4.01 1.23637e+011 351620 1.17399e+011 1.84997e+009 1.40347e+007 3.19983e-010 1.19263e+011 4.37312e+009
4.017 1.19504e+011 345694 1.15014e+011 1.66813e+009 1.24267e+007 2.22269e-010 1.16694e+011 2.80982e+009
4.024 1.15644e+011 340064 1.12573e+011 1.50265e+009 1.09945e+007 1.54168e-010 1.14086e+011 1.55714e+009
4.031 1.18747e+011 344596 1.10082e+011 1.35223e+009 9.71984e+006 1.06775e-010 1.11444e+011 7.30308e+009
4.038 1.12415e+011 335284 1.07546e+011 1.21564e+009 8.5864e+006 7.3843e-011 1.08771e+011 3.64458e+009
4.045 1.10457e+011 332350 1.04972e+011 1.09175e+009 7.5793e+006 5.09929e-011 1.06072e+011 4.38499e+009
4.052 1.09568e+011 331011 1.02366e+011 9.79506e+008 6.68519e+006 3.51618e-011 1.03352e+011 6.2165e+009
4.059 9.84457e+010 313761 9.97313e+010 8.77915e+008 5.89202e+006 2.421e-011 1.00615e+011 -2.16939e+009
4.066 1.06755e+011 326733 9.70751e+010 7.86069e+008 5.18898e+006 1.66449e-011 9.78663e+010 8.88836e+009
4.073 1.06546e+011 326414 9.44024e+010 7.03125e+008 4.56631e+006 1.14269e-011 9.511e+010 1.14363e+010
4.081 8.99967e+010 299994 9.13345e+010 6.18232e+008 3.94194e+006 7.42092e-012 9.19567e+010 -1.96e+009
4.088 9.484e+010 307961 8.86442e+010 5.51807e+008 3.46322e+006 5.07853e-012 8.91995e+010 5.64048e+009
4.095 8.48564e+010 291301 8.59538e+010 4.92024e+008 3.04029e+006 3.4704e-012 8.64489e+010 -1.59247e+009
4.102 9.03655e+010 300609 8.32681e+010 4.38277e+008 2.66696e+006 2.36801e-012 8.3709e+010 6.65646e+009
4.109 8.38235e+010 289523 8.05918e+010 3.90009e+008 2.33768e+006 1.61342e-012 8.09842e+010 2.8393e+009
4.117 8.25902e+010 287385 7.75506e+010 3.40899e+008 2.00895e+006 1.03879e-012 7.78936e+010 4.69665e+009
4.124 7.24803e+010 269222 7.49097e+010 3.02702e+008 1.75802e+006 7.05544e-013 7.52142e+010 -2.7339e+009
4.131 8.38484e+010 289566 7.2292e+010 2.68515e+008 1.53725e+006 4.78502e-013 7.2562e+010 1.12863e+010
4.139 7.27423e+010 269708 6.93336e+010 2.33858e+008 1.31744e+006 3.06457e-013 6.95688e+010 3.17351e+009
4.146 5.76077e+010 240016 6.67784e+010 2.06999e+008 1.1501e+006 2.07187e-013 6.69866e+010 -9.3789e+009
4.154 7.07369e+010 265964 6.3901e+010 1.79838e+008 983795 1.32216e-013 6.40818e+010 6.65512e+009
4.161 6.25564e+010 250113 6.14243e+010 1.58841e+008 857424 8.91065e-014 6.1584e+010 9.7236e+008
4.168 5.49969e+010 234514 5.89891e+010 1.40155e+008 746711 5.99647e-014 5.913e+010 -4.13309e+009
4.176 5.01284e+010 223894 5.62604e+010 1.21326e+008 636977 3.80651e-014 5.63824e+010 -6.25394e+009
4.183 5.2282e+010 228653 5.39231e+010 1.06822e+008 553817 2.55355e-014 5.40305e+010 -1.74848e+009
4.191 4.94796e+010 222440 5.13125e+010 9.22437e+007 471542 1.61515e-014 5.14052e+010 -1.92564e+009
4.199 5.10612e+010 225967 4.87695e+010 7.95502e+007 401088 1.01964e-014 4.88494e+010 2.21182e+009
4.206 3.84274e+010 196029 4.66017e+010 6.98096e+007 347845 6.80721e-015 4.66719e+010 -8.24452e+009
4.214 4.02176e+010 200543 4.41921e+010 6.00551e+007 295317 4.28194e-015 4.42524e+010 -4.03484e+009
4.222 3.79898e+010 194910 4.18565e+010 5.15958e+007 250469 2.68831e-015 4.19083e+010 -3.9185e+009
4.229 3.91287e+010 197810 3.98749e+010 4.51288e+007 216673 1.78609e-015 3.99202e+010 -7.9148e+008
4.237 3.19568e+010 178765 3.76821e+010 3.86766e+007 183423 1.11732e-015 3.7721e+010 -5.76413e+009
4.245 3.36301e+010 183385 3.5567e+010 3.31034e+007 155120 6.97622e-016 3.56003e+010 -1.9702e+009
4.253 3.07543e+010 175369 3.35302e+010 2.82962e+007 131053 4.34739e-016 3.35586e+010 -2.80434e+009
4.26 3.02978e+010 174063 3.18124e+010 2.46395e+007 112985 2.86963e-016 3.18371e+010 -1.53932e+009
4.268 3.30911e+010 181910 2.99228e+010 2.10095e+007 95275.4 1.78185e-016 2.99439e+010 3.14723e+009
4.276 2.80394e+010 167450 2.81115e+010 1.78908e+007 80261.3 1.10429e-016 2.81295e+010 -9.01091e+007
4.284 2.19477e+010 148147 2.6378e+010 1.52151e+007 67545.5 6.83063e-017 2.63933e+010 -4.44565e+009
4.292 2.58485e+010 160775 2.47216e+010 1.29225e+007 56787.2 4.21702e-017 2.47346e+010 1.11392e+009
4.3 2.11847e+010 145550 2.31413e+010 1.0961e+007 47694.6 2.59846e-017 2.31523e+010 -1.9676e+009
4.308 2.29117e+010 151366 2.16358e+010 9.28503e+006 40017.7 1.59806e-017 2.16452e+010 1.26658e+009
4.316 1.92743e+010 138832 2.02039e+010 7.85499e+006 33542.8 9.80927e-018 2.02118e+010 -9.37559e+008
4.324 1.90129e+010 137887 1.88441e+010 6.63647e+006 28087.4 6.00962e-018 1.88507e+010 1.62193e+008
4.332 1.57049e+010 125319 1.75546e+010 5.59962e+006 23495.7 3.67471e-018 1.75602e+010 -1.85533e+009
4.34 1.94604e+010 139500 1.63336e+010 4.71856e+006 19634.9 2.24267e-018 1.63383e+010 3.12206e+009
4.348 1.9321e+010 139000 1.51792e+010 3.9709e+006 16392 1.36608e-018 1.51832e+010 4.13787e+009
4.357 1.65869e+010 128790 1.39576e+010 3.2653e+006 13363.4 7.80328e-019 1.39609e+010 2.62608e+009
4.365 1.59271e+010 126203 1.29379e+010 2.74026e+006 11132.6 4.73386e-019 1.29406e+010 2.98645e+009
4.373 1.41118e+010 118793 1.19783e+010 2.29662e+006 9264.88 2.86629e-019 1.19806e+010 2.13122e+009
4.381 1.23828e+010 111278 1.10764e+010 1.92228e+006 7702.78 1.73217e-019 1.10784e+010 1.30443e+009
4.39 1.21597e+010 110271 1.01282e+010 1.57109e+006 6250.44 9.80672e-020 1.01297e+010 2.02992e+009
4.398 9.37163e+009 96807.2 9.34164e+009 1.31135e+006 5185.52 5.90233e-020 9.34296e+009 2.86762e+007
4.406 1.23583e+010 111168 8.60582e+009 1.09311e+006 4297.72 3.5456e-020 8.60691e+009 3.75137e+009
4.415 1.34936e+010 116162 7.83576e+009 889289 3475.12 1.99385e-020 7.83665e+009 5.65692e+009
4.423 9.41757e+009 97044.2 7.20007e+009 739223 2874.02 1.19285e-020 7.20081e+009 2.21676e+009
