1.772 1.12049e+010 105853 26.3798 1906.64 3.09341e+006 8.20004e+008 8.23099e+008 1.03818e+010
1.773 1.02372e+010 101179 26.9534 1954.15 3.15526e+006 8.28299e+008 8.31457e+008 9.40574e+009
1.775 1.06986e+010 103434 28.1374 2052.66 3.28252e+006 8.45098e+008 8.48383e+008 9.85026e+009
1.776 1.18711e+010 108954 28.7483 2103.71 3.34796e+006 8.53603e+008 8.56953e+008 1.10141e+010
1.777 1.23289e+010 111036 29.3721 2155.99 3.41465e+006 8.62177e+008 8.65594e+008 1.14633e+010
1.778 1.11281e+010 105490 30.0092 2209.54 3.48261e+006 8.70823e+008 8.74308e+008 1.02538e+010
1.78 1.13492e+010 106533 31.3241 2320.55 3.62241e+006 8.88328e+008 8.91953e+008 1.04573e+010
1.781 1.0153e+010 100762 32.0024 2378.07 3.6943e+006 8.97189e+008 9.00885e+008 9.25212e+009
1.782 1.03748e+010 101857 32.6951 2436.97 3.76755e+006 9.06121e+008 9.09891e+008 9.4649e+009
1.783 1.17733e+010 108505 33.4025 2497.3 3.84218e+006 9.15127e+008 9.18972e+008 1.08543e+010
1.785 9.64073e+009 98187.2 34.8623 2622.35 3.99569e+006 9.33359e+008 9.37357e+008 8.70337e+009
1.786 1.22104e+010 110500 35.6154 2687.13 4.07462e+006 9.42586e+008 9.46663e+008 1.12637e+010
1.787 1.06214e+010 103060 36.3843 2753.47 4.15504e+006 9.51887e+008 9.56045e+008 9.66532e+009
1.788 1.17379e+010 108342 37.1695 2821.41 4.23696e+006 9.61263e+008 9.65503e+008 1.07724e+010
1.789 9.76196e+009 98802.6 37.9712 2890.97 4.32042e+006 9.70714e+008 9.75038e+008 8.78692e+009
1.791 1.16739e+010 108046 39.6255 3035.14 4.49207e+006 9.89845e+008 9.9434e+008 1.06796e+010
1.792 1.09467e+010 104626 40.4789 3109.83 4.58031e+006 9.99524e+008 1.00411e+009 9.94258e+009
1.793 9.16382e+009 95727.8 41.3502 3186.3 4.67019e+006 1.00928e+009 1.01395e+009 8.14986e+009
1.794 9.45784e+009 97251.4 42.2398 3264.6 4.76176e+006 1.01911e+009 1.02388e+009 8.43396e+009
1.796 9.66841e+009 98328.1 44.0754 3426.85 4.95004e+006 1.03902e+009 1.04397e+009 8.62444e+009
1.797 1.246e+010 111625 45.0222 3510.89 5.04682e+006 1.04908e+009 1.05413e+009 1.14059e+010
1.798 1.12577e+010 106102 45.9888 3596.94 5.1454e+006 1.05923e+009 1.06438e+009 1.01934e+010
1.799 1.19815e+010 109460 46.9757 3685.03 5.24581e+006 1.06946e+009 1.07471e+009 1.09068e+010
1.801 1.09785e+010 104778 49.0119 3867.56 5.45224e+006 1.09015e+009 1.09561e+009 9.88289e+009
1.802 1.17947e+010 108603 50.062 3962.09 5.55834e+006 1.10062e+009 1.10618e+009 1.06885e+010
1.803 1.07388e+010 103628 51.1341 4058.87 5.6664e+006 1.11117e+009 1.11684e+009 9.62193e+009
1.805 1.08218e+010 104028 53.3459 4259.37 5.88853e+006 1.13251e+009 1.1384e+009 9.68337e+009
1.806 1.28909e+010 113538 54.4866 4363.19 6.00268e+006 1.1433e+009 1.14931e+009 1.17416e+010
1.807 1.0484e+010 102391 55.651 4469.48 6.11893e+006 1.15418e+009 1.1603e+009 9.32368e+009
1.808 1.21212e+010 110096 56.8398 4578.28 6.23732e+006 1.16513e+009 1.17138e+009 1.09498e+010
1.81 1.08418e+010 104124 59.292 4803.67 6.48067e+006 1.1873e+009 1.19379e+009 9.64799e+009
1.811 9.66185e+009 98294.7 60.5566 4920.37 6.6057e+006 1.19851e+009 1.20512e+009 8.45672e+009
1.812 1.09197e+010 104497 61.8474 5039.82 6.73302e+006 1.20981e+009 1.21655e+009 9.70316e+009
1.813 8.99941e+009 94865.2 63.1651 5162.09 6.86268e+006 1.22119e+009 1.22806e+009 7.77135e+009
1.815 1.01844e+010 100918 65.8832 5415.35 7.12913e+006 1.2442e+009 1.25134e+009 8.93306e+009
1.816 1.0972e+010 104748 67.2847 5546.46 7.26602e+006 1.25584e+009 1.26311e+009 9.70893e+009
1.817 1.05437e+010 102683 68.7153 5680.66 7.4054e+006 1.26756e+009 1.27498e+009 9.26873e+009
1.819 1.01694e+010 100844 71.6661 5958.59 7.69181e+006 1.29127e+009 1.29897e+009 8.87045e+009
1.82 1.06128e+010 103018 73.1875 6102.47 7.83893e+006 1.30326e+009 1.3111e+009 9.30168e+009
1.821 1.12381e+010 106010 74.7403 6249.72 7.98873e+006 1.31533e+009 1.32333e+009 9.91476e+009
1.822 1.05301e+010 102616 76.3253 6400.42 8.14123e+006 1.32749e+009 1.33564e+009 9.19449e+009
1.824 1.06262e+010 103083 79.5944 6712.48 8.45458e+006 1.35209e+009 1.36055e+009 9.26562e+009
1.825 8.08691e+009 89927.2 81.2797 6874.01 8.61551e+006 1.36452e+009 1.37314e+009 6.71377e+009
1.826 1.0437e+010 102162 82.9998 7039.31 8.77935e+006 1.37704e+009 1.38582e+009 9.05116e+009
1.828 1.11005e+010 105359 86.5473 7381.58 9.11594e+006 1.40235e+009 1.41147e+009 9.68901e+009
1.829 9.02107e+009 94979.3 88.376 7558.72 9.28879e+006 1.41514e+009 1.42444e+009 7.59663e+009
1.83 9.26573e+009 96258.6 90.2425 7739.99 9.46474e+006 1.42802e+009 1.4375e+009 7.82823e+009
1.832 1.16129e+010 107763 94.0914 8115.29 9.82619e+006 1.45407e+009 1.4639e+009 1.0149e+010
1.833 9.16969e+009 95758.5 96.0754 8309.5 1.00118e+007 1.46723e+009 1.47725e+009 7.69244e+009
1.834 1.00831e+010 100415 98.1003 8508.23 1.02007e+007 1.48049e+009 1.49069e+009 8.59241e+009
1.835 1.00233e+010 100117 100.167 8711.57 1.0393e+007 1.49383e+009 1.50423e+009 8.51911e+009
1.837 1.02335e+010 101161 104.428 9132.51 1.07879e+007 1.52081e+009 1.53161e+009 8.7019e+009
1.838 1.01447e+010 100721 106.624 9350.32 1.09907e+007 1.53444e+009 1.54544e+009 8.59929e+009
1.839 9.36954e+009 96796.4 108.865 9573.17 1.11971e+007 1.54817e+009 1.55937e+009 7.81016e+009
1.841 9.16611e+009 95739.8 113.487 10034.4 1.16209e+007 1.5759e+009 1.58753e+009 7.57858e+009
1.842 1.10159e+010 104957 115.868 10273.1 1.18384e+007 1.58992e+009 1.60177e+009 9.41413e+009
1.843 9.67893e+009 98381.5 118.299 10517.3 1.20599e+007 1.60403e+009 1.6161e+009 8.06283e+009
1.845 9.3331e+009 96608 123.31 11022.6 1.25145e+007 1.63253e+009 1.64506e+009 7.68804e+009
1.846 1.14544e+010 107025 125.893 11284.1 1.27479e+007 1.64693e+009 1.65969e+009 9.79474e+009
1.847 1.10454e+010 105097 128.528 11551.5 1.29854e+007 1.66143e+009 1.67443e+009 9.37096e+009
1.849 1.147e+010 107098 133.961 12105 1.3473e+007 1.69072e+009 1.70421e+009 9.76575e+009
1.85 1.38791e+010 117810 136.761 12391.3 1.37232e+007 1.70552e+009 1.71925e+009 1.21599e+010
1.851 1.60171e+010 126559 139.618 12684.2 1.39779e+007 1.72041e+009 1.7344e+009 1.42827e+010
1.853 1.56838e+010 125235 145.507 13290.3 1.45007e+007 1.75049e+009 1.76501e+009 1.39188e+010
1.854 1.53087e+010 123728 148.541 13603.8 1.47689e+007 1.76568e+009 1.78047e+009 1.35283e+010
1.855 1.63667e+010 127932 151.638 13924.4 1.50419e+007 1.78098e+009 1.79603e+009 1.45707e+010
1.857 1.40785e+010 118653 158.021 14587.8 1.56022e+007 1.81187e+009 1.82748e+009 1.2251e+010
1.858 1.18613e+010 108910 161.309 14931 1.58897e+007 1.82746e+009 1.84337e+009 1.00179e+010
1.859 1.05978e+010 102946 164.665 15281.9 1.61822e+007 1.84316e+009 1.85936e+009 8.73843e+009
1.861 1.1053e+010 105133 171.581 16008 1.67826e+007 1.87486e+009 1.89166e+009 9.1613e+009
1.862 9.66036e+009 98287.1 175.145 16383.5 1.70906e+007 1.89087e+009 1.90798e+009 7.75238e+009
1.863 8.72142e+009 93388.6 178.78 16767.5 1.7404e+007 1.90698e+009 1.9244e+009 6.79702e+009
1.865 9.1402e+009 95604.4 186.273 17561.9 1.80471e+007 1.93951e+009 1.95757e+009 7.18263e+009
1.866 9.55496e+009 97749.5 190.134 17972.6 1.8377e+007 1.95593e+009 1.97432e+009 7.58063e+009
1.868 9.9616e+009 99807.8 198.09 18822.3 1.90539e+007 1.98908e+009 2.00815e+009 7.95345e+009
1.869 8.9482e+009 94594.9 202.189 19261.6 1.94012e+007 2.00581e+009 2.02523e+009 6.92297e+009
1.87 9.57837e+009 97869.1 206.37 19710.9 1.97544e+007 2.02265e+009 2.04243e+009 7.53594e+009
1.872 8.30068e+009 91108.1 214.988 20640.1 2.04791e+007 2.05665e+009 2.07715e+009 6.22354e+009
1.873 7.68462e+009 87662 219.427 21120.5 2.08509e+007 2.0738e+009 2.09468e+009 5.58994e+009
1.874 1.00844e+010 100421 223.955 21611.7 2.12289e+007 2.09107e+009 2.11232e+009 7.97204e+009
1.876 8.26201e+009 90895.6 233.286 22627.6 2.20046e+007 2.12591e+009 2.14794e+009 6.11407e+009
1.877 8.42793e+009 91803.7 238.093 23152.7 2.24024e+007 2.1435e+009 2.16592e+009 6.262e+009
1.879 8.98669e+009 94798.1 247.998 24238.7 2.32184e+007 2.17899e+009 2.20223e+009 6.78446e+009
1.88 8.47314e+009 92049.7 253.099 24800.1 2.36368e+007 2.19689e+009 2.22056e+009 6.25258e+009
1.881 1.22e+010 110453 258.303 25374.1 2.40624e+007 2.21491e+009 2.239e+009 9.96097e+009
1.883 1.04994e+010 102466 269.025 26560.8 2.49353e+007 2.25126e+009 2.27623e+009 8.22314e+009
1.884 1.23566e+010 111160 274.548 27174.2 2.53828e+007 2.2696e+009 2.29501e+009 1.00616e+010
1.885 1.4284e+010 119516 280.181 27801.3 2.58379e+007 2.28805e+009 2.31392e+009 1.19701e+010
1.887 1.31431e+010 114643 291.786 29097.9 2.67713e+007 2.32528e+009 2.35208e+009 1.0791e+010
1.888 1.14183e+010 106856 297.763 29768 2.72499e+007 2.34406e+009 2.37134e+009 9.04695e+009
1.89 1.15551e+010 107495 310.076 31153.3 2.82312e+007 2.38195e+009 2.41021e+009 9.1449e+009
1.891 1.08997e+010 104401 316.418 31869.1 2.87343e+007 2.40106e+009 2.42983e+009 8.46983e+009
1.892 8.60356e+009 92755.4 322.885 32600.9 2.92458e+007 2.42028e+009 2.44956e+009 6.154e+009
1.894 8.23763e+009 90761.4 336.209 34113.7 3.02947e+007 2.45906e+009 2.48939e+009 5.74824e+009
1.895 7.84856e+009 88592.1 343.07 34895.3 3.08323e+007 2.47861e+009 2.50948e+009 5.33908e+009
1.897 8.0602e+009 89778.6 357.204 36511 3.19346e+007 2.51806e+009 2.55003e+009 5.51017e+009
1.898 7.85315e+009 88618 364.481 37345.8 3.24995e+007 2.53795e+009 2.57048e+009 5.28267e+009
1.9 7.63214e+009 87362.1 379.473 39071.2 3.36578e+007 2.57806e+009 2.61176e+009 5.02039e+009
1.901 7.57284e+009 87022.1 387.192 39962.6 3.42513e+007 2.59829e+009 2.63258e+009 4.94026e+009
1.902 7.14457e+009 84525.6 395.063 40873.6 3.48548e+007 2.61863e+009 2.65352e+009 4.49105e+009
1.904 8.74224e+009 93500 411.277 42756.5 3.60917e+007 2.65965e+009 2.69578e+009 6.04646e+009
1.905 8.19949e+009 90551 419.625 43729.2 3.67256e+007 2.68032e+009 2.71709e+009 5.4824e+009
1.907 6.59725e+009 81223.5 436.819 45739.2 3.80248e+007 2.72202e+009 2.76009e+009 3.83716e+009
1.908 7.31076e+009 85503 445.671 46777.4 3.86905e+007 2.74304e+009 2.78178e+009 4.52899e+009
1.91 7.27642e+009 85301.9 463.902 48922.8 4.00549e+007 2.78542e+009 2.82552e+009 4.4509e+009
1.911 7.62932e+009 87346 473.287 50030.9 4.07539e+007 2.80678e+009 2.84758e+009 4.78174e+009
1.912 7.69148e+009 87701.1 482.858 51163.3 4.14644e+007 2.82825e+009 2.86977e+009 4.82171e+009
1.914 8.89171e+009 94295.9 502.567 53503 4.29204e+007 2.87154e+009 2.91452e+009 5.97719e+009
1.915 6.81687e+009 82564.3 512.713 54711.4 4.36662e+007 2.89336e+009 2.93708e+009 3.87979e+009
1.917 7.06516e+009 84054.5 533.606 57207.8 4.51946e+007 2.93734e+009 2.98259e+009 4.08257e+009
1.918 6.8948e+009 83035 544.361 58497 4.59775e+007 2.9595e+009 3.00553e+009 3.88927e+009
1.92 6.81395e+009 82546.6 566.507 61160.2 4.75817e+007 3.00416e+009 3.05181e+009 3.76214e+009
1.921 7.53148e+009 86784.1 577.907 62535.5 4.84033e+007 3.02667e+009 3.07513e+009 4.45634e+009
1.922 6.48238e+009 80513.2 589.529 63940.6 4.92383e+007 3.04929e+009 3.09859e+009 3.38378e+009
1.924 7.39818e+009 86012.7 613.461 66843.2 5.09488e+007 3.09487e+009 3.14589e+009 4.25229e+009
1.925 6.92697e+009 83228.4 625.778 68341.8 5.18248e+007 3.11784e+009 3.16973e+009 3.75724e+009
1.927 6.60837e+009 81291.9 651.139 71437.2 5.36194e+007 3.16412e+009 3.21781e+009 3.39057e+009
1.928 7.31783e+009 85544.3 664.191 73035.3 5.45384e+007 3.18743e+009 3.24204e+009 4.07579e+009
1.93 7.25306e+009 85164.9 691.065 76336 5.64208e+007 3.2344e+009 3.29089e+009 3.96216e+009
1.931 7.14312e+009 84517 704.895 78040 5.73847e+007 3.25805e+009 3.31552e+009 3.82761e+009
1.933 7.69045e+009 87695.2 733.368 81558.9 5.9359e+007 3.30571e+009 3.36515e+009 4.3253e+009
1.934 6.33504e+009 79593 748.02 83375.4 6.03698e+007 3.32972e+009 3.39017e+009 2.94487e+009
1.936 7.79795e+009 88306 778.185 87126.6 6.24399e+007 3.37807e+009 3.4406e+009 4.35736e+009
1.937 6.01239e+009 77539.6 793.708 89062.8 6.34997e+007 3.40242e+009 3.46601e+009 2.54638e+009
1.939 6.06531e+009 77880.1 825.662 93060.9 6.56701e+007 3.45146e+009 3.51723e+009 2.54809e+009
1.94 6.93291e+009 83264.1 842.104 95124.4 6.67811e+007 3.47616e+009 3.54303e+009 3.38987e+009
1.942 5.42614e+009 73662.3 875.95 99385 6.90562e+007 3.52589e+009 3.59505e+009 1.83109e+009
1.943 6.76631e+009 82257.6 893.365 101584 7.02207e+007 3.55093e+009 3.62125e+009 3.14506e+009
1.945 6.91287e+009 83143.7 929.212 106124 7.2605e+007 3.60136e+009 3.67407e+009 3.23881e+009
1.946 5.63116e+009 75041 947.655 108466 7.38254e+007 3.62674e+009 3.70067e+009 1.93048e+009
1.948 7.98121e+009 89337.6 985.617 113303 7.63238e+007 3.67785e+009 3.75429e+009 4.22692e+009
1.949 6.99015e+009 83607.1 1005.15 115798 7.76024e+007 3.70358e+009 3.7813e+009 3.20885e+009
1.951 7.65725e+009 87505.7 1045.34 120950 8.022e+007 3.75538e+009 3.83572e+009 3.82153e+009
1.952 6.71891e+009 81969 1066.02 123608 8.15595e+007 3.78145e+009 3.86314e+009 2.85577e+009
1.954 7.47211e+009 86441.4 1108.58 129095 8.43014e+007 3.83394e+009 3.91837e+009 3.55374e+009
1.955 6.7155e+009 81948.1 1130.48 131925 8.57044e+007 3.86035e+009 3.94619e+009 2.76931e+009
1.957 6.3262e+009 79537.4 1175.54 137768 8.8576e+007 3.91352e+009 4.00223e+009 2.32397e+009
1.958 6.82521e+009 82614.8 1198.72 140782 9.00453e+007 3.94027e+009 4.03046e+009 2.79475e+009
1.96 7.82648e+009 88467.4 1246.41 147003 9.30522e+007 3.99412e+009 4.08732e+009 3.73916e+009
1.961 7.13658e+009 84478.3 1270.95 150212 9.45906e+007 4.02121e+009 4.11595e+009 3.02063e+009
1.963 5.88576e+009 76718.7 1321.43 156834 9.77388e+007 4.07573e+009 4.17363e+009 1.71213e+009
1.964 7.47496e+009 86457.8 1347.4 160250 9.93492e+007 4.10316e+009 4.20267e+009 3.27229e+009
1.966 7.72452e+009 87889.3 1400.84 167298 1.02645e+008 4.15836e+009 4.26117e+009 3.46336e+009
1.967 7.46994e+009 86428.8 1428.32 170934 1.0433e+008 4.18612e+009 4.29062e+009 3.17932e+009
1.969 5.19058e+009 72045.7 1484.86 178435 1.07779e+008 4.24198e+009 4.34994e+009 8.40634e+008
1.97 6.64627e+009 81524.6 1513.95 182304 1.09543e+008 4.27008e+009 4.37981e+009 2.26646e+009
1.972 7.57763e+009 87049.6 1573.78 190285 1.13152e+008 4.32661e+009 4.43995e+009 3.13768e+009
1.973 5.6297e+009 75031.3 1604.55 194402 1.14998e+008 4.35504e+009 4.47023e+009 1.15946e+009
1.975 7.60413e+009 87201.7 1667.86 202894 1.18774e+008 4.41222e+009 4.5312e+009 3.07293e+009
1.976 8.03824e+009 89656.2 1700.42 207273 1.20705e+008 4.44098e+009 4.5619e+009 3.47634e+009
1.978 7.45516e+009 86343.3 1767.4 216306 1.24654e+008 4.49882e+009 4.62369e+009 2.83147e+009
1.98 6.57715e+009 81099.6 1836.93 225719 1.28724e+008 4.5571e+009 4.68605e+009 1.8911e+009
1.981 6.46836e+009 80426.1 1872.69 230572 1.30805e+008 4.58639e+009 4.71743e+009 1.75093e+009
1.983 7.05218e+009 83977.3 1946.24 240582 1.3506e+008 4.64531e+009 4.78061e+009 2.27157e+009
1.984 7.9071e+009 88921.9 1984.07 245743 1.37236e+008 4.67493e+009 4.81241e+009 3.09469e+009
1.986 7.90909e+009 88933.1 2061.86 256388 1.41686e+008 4.73448e+009 4.87643e+009 3.03266e+009
1.987 7.10397e+009 84285.1 2101.86 261875 1.4396e+008 4.76442e+009 4.90865e+009 2.19533e+009
1.989 6.65361e+009 81569.6 2184.14 273191 1.48612e+008 4.82461e+009 4.97349e+009 1.68011e+009
1.99 7.39716e+009 86006.7 2226.44 279025 1.5099e+008 4.85486e+009 5.00613e+009 2.39103e+009
1.992 6.96646e+009 83465.3 2313.44 291055 1.55851e+008 4.91567e+009 5.07181e+009 1.89465e+009
1.994 6.12789e+009 78280.9 2403.73 303583 1.60858e+008 4.97689e+009 5.13805e+009 9.89841e+008
1.995 7.00914e+009 83720.6 2450.16 310041 1.63417e+008 5.00765e+009 5.17138e+009 1.83776e+009
1.997 5.25216e+009 72471.8 2545.63 323356 1.68648e+008 5.06949e+009 5.23846e+009 1.36992e+007
1.998 6.44867e+009 80303.6 2594.7 330218 1.71322e+008 5.10055e+009 5.27221e+009 1.17647e+009
2 6.06062e+009 77850 2695.63 344367 1.76787e+008 5.16299e+009 5.34012e+009 7.20502e+008
2.001 7.24258e+009 85103.3 2747.52 351658 1.7958e+008 5.19436e+009 5.37429e+009 1.86829e+009
2.003 7.31791e+009 85544.8 2854.2 366689 1.85288e+008 5.25738e+009 5.44304e+009 1.87486e+009
2.005 7.39522e+009 85995.5 2964.91 382339 1.91164e+008 5.3208e+009 5.51235e+009 1.88286e+009
2.006 7.57114e+009 87012.3 3021.81 390403 1.94167e+008 5.35266e+009 5.54722e+009 2.02392e+009
2.008 6.96188e+009 83437.9 3138.81 407025 2.00303e+008 5.41666e+009 5.61737e+009 1.34451e+009
2.009 7.08531e+009 84174.3 3198.95 415590 2.03438e+008 5.4488e+009 5.65265e+009 1.43266e+009
2.011 8.22184e+009 90674.4 3322.6 433242 2.09844e+008 5.51336e+009 5.72364e+009 2.4982e+009
2.013 6.90967e+009 83124.4 3450.88 451616 2.16436e+008 5.5783e+009 5.79519e+009 1.11448e+009
2.014 8.40145e+009 91659.4 3516.81 461082 2.19804e+008 5.61091e+009 5.83118e+009 2.57027e+009
2.016 8.06187e+009 89787.9 3652.35 480590 2.26684e+008 5.67639e+009 5.90356e+009 2.15831e+009
2.017 6.38395e+009 79899.6 3722.01 490640 2.30199e+008 5.70927e+009 5.93997e+009 4.43979e+008
2.019 6.86575e+009 82859.8 3865.21 511349 2.37379e+008 5.7753e+009 6.01319e+009 8.52551e+008
2.021 7.29117e+009 85388.4 4013.75 532898 2.44766e+008 5.84168e+009 6.08698e+009 1.20419e+009
2.022 5.78339e+009 76048.6 4090.08 543998 2.48538e+008 5.875e+009 6.12409e+009 -3.407e+008
2.024 6.54937e+009 80928.2 4246.98 566868 2.56244e+008 5.9419e+009 6.19871e+009 3.5066e+008
2.026 6.16552e+009 78520.8 4409.72 590662 2.6417e+008 6.00914e+009 6.2739e+009 -1.08379e+008
2.027 7.6176e+009 87278.9 4493.34 602916 2.68217e+008 6.04288e+009 6.3117e+009 1.30589e+009
2.029 7.37235e+009 85862.4 4665.21 628163 2.76483e+008 6.11062e+009 6.38773e+009 9.84621e+008
2.03 7.74329e+009 87996 4753.53 641165 2.80703e+008 6.14461e+009 6.42596e+009 1.31733e+009
2.032 6.36105e+009 79756.2 4935.04 667948 2.89323e+008 6.21283e+009 6.50282e+009 -1.41771e+008
2.034 7.46813e+009 86418.4 5123.26 695806 2.98186e+008 6.28136e+009 6.58025e+009 8.87882e+008
2.035 7.25557e+009 85179.6 5219.96 710151 3.0271e+008 6.31575e+009 6.61917e+009 6.36395e+008
2.037 5.92023e+009 76943 5418.7 739698 3.11949e+008 6.38475e+009 6.69744e+009 -7.7721e+008
2.039 7.02064e+009 83789.3 5624.76 770424 3.21447e+008 6.45404e+009 6.77627e+009 2.44375e+008
2.04 6.72305e+009 81994.2 5730.63 786244 3.26295e+008 6.4888e+009 6.81589e+009 -9.2837e+007
2.042 8.06563e+009 89808.8 5948.17 818825 3.36193e+008 6.55854e+009 6.89555e+009 1.17007e+009
2.044 7.96e+009 89218.8 6173.71 852702 3.46366e+008 6.62856e+009 6.97578e+009 9.84216e+008
2.045 7.58232e+009 87076.5 6289.56 870141 3.51558e+008 6.66367e+009 7.0161e+009 5.66214e+008
2.047 7.67762e+009 87622 6527.62 906053 3.62156e+008 6.7341e+009 7.09717e+009 5.80453e+008
2.049 7.41199e+009 86092.9 6774.4 943387 3.73048e+008 6.8048e+009 7.17879e+009 2.33194e+008
2.05 7.47836e+009 86477.5 6901.16 962604 3.78605e+008 6.84024e+009 7.21982e+009 2.58542e+008
2.052 7.61751e+009 87278.4 7161.6 1.00217e+006 3.89949e+008 6.91132e+009 7.30228e+009 3.15231e+008
2.054 7.10994e+009 84320.4 7431.55 1.0433e+006 4.01604e+008 6.98265e+009 7.38531e+009 -2.75371e+008
2.055 8.82092e+009 93919.7 7570.2 1.06446e+006 4.0755e+008 7.01841e+009 7.42703e+009 1.39389e+009
2.057 7.25253e+009 85161.8 7855.05 1.10804e+006 4.19685e+008 7.09009e+009 7.51089e+009 -2.58365e+008
2.059 6.94166e+009 83316.6 8150.26 1.15333e+006 4.3215e+008 7.16201e+009 7.59532e+009 -6.53663e+008
2.06 7.31003e+009 85498.7 8301.87 1.17663e+006 4.38509e+008 7.19805e+009 7.63774e+009 -3.27713e+008
2.062 8.16076e+009 90336.9 8613.32 1.2246e+006 4.51484e+008 7.27029e+009 7.72301e+009 4.37754e+008
2.064 7.99918e+009 89438.2 8936.08 1.27445e+006 4.6481e+008 7.34274e+009 7.80884e+009 1.90348e+008
2.066 9.13753e+009 95590.4 9270.53 1.32624e+006 4.78494e+008 7.4154e+009 7.89523e+009 1.2423e+009
2.067 8.33154e+009 91277.3 9442.27 1.35288e+006 4.85473e+008 7.45179e+009 7.93863e+009 3.92914e+008
2.069 7.84855e+009 88592.1 9795.03 1.40772e+006 4.99712e+008 7.52473e+009 8.02586e+009 -1.77309e+008
2.071 8.1427e+009 90236.9 10160.5 1.46469e+006 5.1433e+008 7.59785e+009 8.11365e+009 2.90433e+007
2.072 8.87973e+009 94232.3 10348.2 1.494e+006 5.21785e+008 7.63447e+009 8.15776e+009 7.21973e+008
2.074 8.06655e+009 89814 10733.7 1.55431e+006 5.36992e+008 7.70784e+009 8.2464e+009 -1.79849e+008
2.076 7.57845e+009 87054.3 11133 1.61696e+006 5.52601e+008 7.78137e+009 8.3356e+009 -7.57147e+008
2.077 8.31535e+009 91188.5 11338 1.64918e+006 5.6056e+008 7.81819e+009 8.38041e+009 -6.50615e+007
2.079 8.02512e+009 89583 11759.1 1.71548e+006 5.76792e+008 7.89194e+009 8.47046e+009 -4.45338e+008
2.081 8.16549e+009 90363.1 12195.3 1.78433e+006 5.93451e+008 7.96582e+009 8.56107e+009 -3.95581e+008
2.083 7.96399e+009 89241.2 12647.1 1.85583e+006 6.10547e+008 8.03983e+009 8.65224e+009 -6.88254e+008
2.084 1.07999e+010 103923 12879 1.8926e+006 6.19262e+008 8.07688e+009 8.69805e+009 2.10189e+009
2.086 1.10696e+010 105212 13355.3 1.96824e+006 6.37033e+008 8.15106e+009 8.79007e+009 2.2795e+009
2.088 9.81805e+009 99086.1 13848.6 2.04677e+006 6.55266e+008 8.22534e+009 8.88267e+009 9.35381e+008
2.09 9.28582e+009 96363 14359.6 2.12831e+006 6.73972e+008 8.29972e+009 8.97584e+009 3.09983e+008
2.091 8.31507e+009 91187 14621.8 2.17023e+006 6.83506e+008 8.33694e+009 9.02263e+009 -7.07562e+008
2.093 8.78216e+009 93713.2 15160.3 2.25646e+006 7.02942e+008 8.41144e+009 9.11666e+009 -3.34498e+008
2.095 8.02857e+009 89602.3 15717.9 2.34597e+006 7.22879e+008 8.48601e+009 9.21125e+009 -1.18268e+009
2.097 9.78466e+009 98917.4 16295.3 2.43887e+006 7.43327e+008 8.56064e+009 9.30642e+009 4.78238e+008
2.098 1.08448e+010 104139 16591.7 2.48664e+006 7.53747e+008 8.59797e+009 9.35422e+009 1.49063e+009
2.1 1.661e+010 128880 17200.1 2.58486e+006 7.74984e+008 8.67267e+009 9.45025e+009 7.15971e+009
2.102 1.56747e+010 125199 17830.1 2.68679e+006 7.96762e+008 8.7474e+009 9.54686e+009 6.12786e+009
2.104 1.64906e+010 128416 18482.3 2.79256e+006 8.19093e+008 8.82215e+009 9.64405e+009 6.84658e+009
2.105 1.61458e+010 127066 18817 2.84693e+006 8.30469e+008 8.85953e+009 9.69287e+009 6.45288e+009
2.107 1.53241e+010 123790 19504.1 2.95872e+006 8.53652e+008 8.9343e+009 9.79093e+009 5.53315e+009
2.109 1.34267e+010 115873 20215.4 3.0747e+006 8.77419e+008 9.00907e+009 9.88958e+009 3.53707e+009
2.111 1.40654e+010 118598 20951.8 3.19503e+006 9.01782e+008 9.08382e+009 9.98882e+009 4.07657e+009
2.113 1.33236e+010 115428 21714 3.31985e+006 9.26755e+008 9.15855e+009 1.00887e+010 3.23498e+009
2.114 9.90292e+009 99513.4 22105.1 3.38399e+006 9.39473e+008 9.19591e+009 1.01388e+010 -2.35869e+008
2.116 9.00632e+009 94901.7 22907.9 3.51586e+006 9.65385e+008 9.27058e+009 1.02395e+010 -1.23318e+009
2.118 8.77178e+009 93657.8 23738.7 3.65262e+006 9.9194e+008 9.34521e+009 1.03408e+010 -1.56904e+009
2.12 7.60948e+009 87232.3 24598.7 3.79446e+006 1.01915e+009 9.41977e+009 1.04427e+010 -2.83325e+009
2.122 8.31325e+009 91177 25488.7 3.94156e+006 1.04703e+009 9.49426e+009 1.05453e+010 -2.232e+009
2.123 1.03131e+010 101554 25945.2 4.01714e+006 1.06123e+009 9.53147e+009 1.05967e+010 -2.83604e+008
2.125 1.23787e+010 111260 26882.2 4.17247e+006 1.09014e+009 9.60583e+009 1.07002e+010 1.67852e+009
2.127 1.17629e+010 108457 27851.9 4.33352e+006 1.11977e+009 9.68009e+009 1.08042e+010 9.58709e+008
2.129 1.08265e+010 104051 28855.2 4.50051e+006 1.15011e+009 9.75423e+009 1.09089e+010 -8.23325e+007
2.131 1.16015e+010 107710 29893.5 4.67362e+006 1.18119e+009 9.82825e+009 1.10141e+010 5.8734e+008
2.132 9.07359e+009 95255.4 30426 4.76255e+006 1.19701e+009 9.86522e+009 1.1067e+010 -1.99343e+009
2.134 8.74413e+009 93510 31518.7 4.94527e+006 1.22923e+009 9.93903e+009 1.11732e+010 -2.42911e+009
2.136 8.93508e+009 94525.5 32649.3 5.13467e+006 1.26222e+009 1.00127e+010 1.12801e+010 -2.345e+009
2.138 9.87107e+009 99353.3 33818.9 5.33098e+006 1.296e+009 1.00862e+010 1.13876e+010 -1.51649e+009
2.14 1.19499e+010 109315 35029 5.53444e+006 1.33059e+009 1.01595e+010 1.14957e+010 4.54184e+008
2.142 1.16288e+010 107837 36280.8 5.7453e+006 1.366e+009 1.02327e+010 1.16044e+010 2.43368e+007
2.143 1.16769e+010 108060 36922.8 5.85358e+006 1.38402e+009 1.02692e+010 1.16591e+010 1.77887e+007
2.145 1.04287e+010 102121 38239.8 6.07602e+006 1.4207e+009 1.0342e+010 1.17688e+010 -1.34017e+009
2.147 1.08232e+010 104035 39602.1 6.30649e+006 1.45825e+009 1.04146e+010 1.18792e+010 -1.05599e+009
2.149 1.07135e+010 103506 41011.1 6.5453e+006 1.49669e+009 1.0487e+010 1.19903e+010 -1.27681e+009
2.151 1.1728e+010 108296 42468.5 6.7927e+006 1.53602e+009 1.05592e+010 1.2102e+010 -3.74046e+008
2.153 1.17639e+010 108461 43975.8 7.04901e+006 1.57628e+009 1.06311e+010 1.22144e+010 -4.50588e+008
2.154 1.32218e+010 114986 44748.6 7.18059e+006 1.59675e+009 1.06669e+010 1.22709e+010 9.50887e+008
2.156 1.23518e+010 111139 46333.8 7.45082e+006 1.63842e+009 1.07384e+010 1.23844e+010 -3.25266e+007
2.158 1.08858e+010 104335 47973.2 7.73071e+006 1.68106e+009 1.08097e+010 1.24985e+010 -1.6127e+009
2.16 1.18784e+010 108988 49668.3 8.02061e+006 1.72468e+009 1.08806e+010 1.26133e+010 -7.34956e+008
2.162 1.16702e+010 108029 51421.2 8.32084e+006 1.7693e+009 1.09512e+010 1.27289e+010 -1.05865e+009
2.164 1.23827e+010 111278 53233.6 8.63176e+006 1.81494e+009 1.10215e+010 1.28452e+010 -4.62451e+008
2.166 1.27788e+010 113043 55107.6 8.95372e+006 1.86163e+009 1.10915e+010 1.29621e+010 -1.83334e+008
2.168 1.3207e+010 114922 57045.1 9.28709e+006 1.90939e+009 1.11611e+010 1.30799e+010 1.27114e+008
2.169 1.37264e+010 117160 58038.3 9.45817e+006 1.93367e+009 1.11958e+010 1.3139e+010 5.87424e+008
2.171 1.3071e+010 114328 60074.9 9.80938e+006 1.98305e+009 1.12649e+010 1.32579e+010 -1.86876e+008
2.173 1.50423e+010 122647 62180.4 1.0173e+007 2.03355e+009 1.13337e+010 1.33775e+010 1.66479e+009
2.175 1.40244e+010 118425 64356.9 1.05494e+007 2.08518e+009 1.1402e+010 1.34978e+010 5.26611e+008
2.177 1.34702e+010 116061 66606.7 1.0939e+007 2.13797e+009 1.147e+010 1.3619e+010 -1.48786e+008
2.179 1.39386e+010 118062 68932.2 1.13423e+007 2.19194e+009 1.15375e+010 1.37409e+010 1.97677e+008
2.181 1.29726e+010 113897 71335.8 1.17597e+007 2.24711e+009 1.16047e+010 1.38636e+010 -8.90995e+008
2.183 1.30496e+010 114235 73820 1.21916e+007 2.3035e+009 1.16714e+010 1.39872e+010 -9.37587e+008
2.185 1.29927e+010 113985 76387.5 1.26387e+007 2.36113e+009 1.17376e+010 1.41115e+010 -1.1188e+009
2.187 1.31859e+010 114830 79040.9 1.31012e+007 2.42003e+009 1.18035e+010 1.42367e+010 -1.05073e+009
2.189 1.4191e+010 119126 81783 1.35799e+007 2.48023e+009 1.18688e+010 1.43627e+010 -1.71719e+008
2.19 1.47377e+010 121399 83188.2 1.38254e+007 2.51081e+009 1.19013e+010 1.4426e+010 3.11669e+008
2.192 1.42524e+010 119383 86068.6 1.43291e+007 2.57298e+009 1.19659e+010 1.45533e+010 -3.0096e+008
2.194 1.51581e+010 123118 89044.9 1.48502e+007 2.6365e+009 1.203e+010 1.46815e+010 4.76655e+008
2.196 1.43094e+010 119622 92120.1 1.53892e+007 2.70139e+009 1.20937e+010 1.48105e+010 -5.01181e+008
2.198 1.41825e+010 119090 95297.5 1.59468e+007 2.76768e+009 1.21568e+010 1.49405e+010 -7.58003e+008
2.2 1.40539e+010 118549 98580.3 1.65236e+007 2.83539e+009 1.22193e+010 1.50713e+010 -1.01747e+009
2.202 1.4667e+010 121108 101972 1.71201e+007 2.90455e+009 1.22814e+010 1.52031e+010 -5.36097e+008
2.204 1.73872e+010 131861 105475 1.7737e+007 2.97517e+009 1.23428e+010 1.53359e+010 2.05134e+009
2.206 1.51978e+010 123279 109095 1.8375e+007 3.0473e+009 1.24038e+010 1.54695e+010 -2.71707e+008
2.208 1.63571e+010 127895 112833 1.90346e+007 3.12095e+009 1.24641e+010 1.56042e+010 7.52944e+008
2.21 1.58167e+010 125764 116695 1.97167e+007 3.19614e+009 1.25238e+010 1.57398e+010 7.68608e+007
2.212 1.41241e+010 118845 120684 2.0422e+007 3.27291e+009 1.2583e+010 1.58764e+010 -1.75235e+009
2.214 1.60258e+010 126593 124804 2.11511e+007 3.35129e+009 1.26415e+010 1.60141e+010 1.16655e+007
2.216 1.63403e+010 127829 129058 2.19048e+007 3.43129e+009 1.26995e+010 1.61528e+010 1.87521e+008
2.218 1.49228e+010 122159 133452 2.26839e+007 3.51294e+009 1.27567e+010 1.62925e+010 -1.36973e+009
2.22 1.7775e+010 133323 137990 2.34892e+007 3.59628e+009 1.28134e+010 1.64333e+010 1.34173e+009
2.222 1.59518e+010 126301 142676 2.43215e+007 3.68134e+009 1.28694e+010 1.65752e+010 -6.23353e+008
2.224 1.77316e+010 133160 147515 2.51818e+007 3.76813e+009 1.29247e+010 1.67182e+010 1.01342e+009
2.226 1.6392e+010 128031 152512 2.60707e+007 3.85668e+009 1.29794e+010 1.68623e+010 -4.70228e+008
2.228 1.64195e+010 128138 157670 2.69893e+007 3.94704e+009 1.30333e+010 1.70075e+010 -5.88049e+008
2.23 1.69228e+010 130088 162997 2.79385e+007 4.03921e+009 1.30866e+010 1.71539e+010 -2.31093e+008
2.232 1.64331e+010 128192 168496 2.89193e+007 4.13325e+009 1.31392e+010 1.73015e+010 -8.68379e+008
2.234 1.84432e+010 135806 174173 2.99325e+007 4.22916e+009 1.3191e+010 1.74503e+010 9.92928e+008
2.236 1.89133e+010 137526 180033 3.09792e+007 4.32699e+009 1.32421e+010 1.76003e+010 1.31302e+009
2.238 1.72999e+010 131529 186083 3.20605e+007 4.42676e+009 1.32925e+010 1.77515e+010 -4.51586e+008
2.24 1.7998e+010 134157 192328 3.31774e+007 4.5285e+009 1.33422e+010 1.7904e+010 9.40174e+007
2.242 1.86187e+010 136450 198774 3.43309e+007 4.63225e+009 1.3391e+010 1.80578e+010 5.60879e+008
2.244 1.70928e+010 130739 205427 3.55224e+007 4.73803e+009 1.34391e+010 1.82129e+010 -1.1201e+009
2.246 1.94309e+010 139395 212294 3.67528e+007 4.84587e+009 1.34865e+010 1.83693e+010 1.06155e+009
2.248 1.77765e+010 133329 219381 3.80233e+007 4.95582e+009 1.3533e+010 1.85271e+010 -7.50573e+008
2.25 1.84966e+010 136002 226694 3.93353e+007 5.06789e+009 1.35788e+010 1.86863e+010 -1.89693e+008
2.252 1.97906e+010 140679 234242 4.06899e+007 5.18212e+009 1.36238e+010 1.88468e+010 9.43817e+008
2.254 2.22552e+010 149182 242030 4.20885e+007 5.29854e+009 1.36679e+010 1.90088e+010 3.24646e+009
2.256 2.67157e+010 163449 250067 4.35323e+007 5.41718e+009 1.37112e+010 1.91722e+010 7.54351e+009
2.258 2.92951e+010 171158 258359 4.50228e+007 5.53808e+009 1.37537e+010 1.93371e+010 9.95801e+009
2.26 2.80337e+010 167433 266915 4.65613e+007 5.66127e+009 1.37954e+010 1.95035e+010 8.53019e+009
2.262 2.86787e+010 169348 275742 4.81494e+007 5.78678e+009 1.38362e+010 1.96714e+010 9.00733e+009
2.264 2.71828e+010 164872 284849 4.97883e+007 5.91465e+009 1.38761e+010 1.98409e+010 7.34192e+009
2.267 2.76907e+010 166405 299053 5.23457e+007 6.11094e+009 1.39344e+010 2.0098e+010 7.59266e+009
2.269 2.64547e+010 162649 308896 5.41188e+007 6.24484e+009 1.39722e+010 2.02715e+010 6.18322e+009
2.271 2.44582e+010 156391 319050 5.59484e+007 6.38121e+009 1.40091e+010 2.04466e+010 4.01161e+009
2.273 2.11033e+010 145270 329524 5.78361e+007 6.52009e+009 1.40451e+010 2.06234e+010 4.79881e+008
2.275 2.27133e+010 150709 340327 5.97837e+007 6.66151e+009 1.40802e+010 2.08019e+010 1.91145e+009
2.277 2.1693e+010 147285 351469 6.17928e+007 6.8055e+009 1.41144e+010 2.09821e+010 7.10912e+008
2.279 2.22803e+010 149266 362960 6.38654e+007 6.9521e+009 1.41477e+010 2.11641e+010 1.11627e+009
2.281 2.35985e+010 153618 374811 6.60033e+007 7.10135e+009 1.41801e+010 2.13478e+010 2.25071e+009
2.283 2.22544e+010 149179 387032 6.82084e+007 7.25328e+009 1.42116e+010 2.15334e+010 7.20946e+008
2.285 2.20851e+010 148610 399635 7.04826e+007 7.40792e+009 1.42421e+010 2.17209e+010 3.64195e+008
2.288 2.20096e+010 148356 419278 7.40279e+007 7.64506e+009 1.42861e+010 2.20056e+010 3.99766e+006
2.29 2.2962e+010 151532 432884 7.64839e+007 7.80664e+009 1.43142e+010 2.21978e+010 7.6423e+008
2.292 2.33406e+010 152776 446912 7.90163e+007 7.97106e+009 1.43415e+010 2.2392e+010 9.48652e+008
2.294 2.39562e+010 154778 461375 8.16272e+007 8.13836e+009 1.43677e+010 2.25881e+010 1.36808e+009
2.296 2.39356e+010 154711 476286 8.4319e+007 8.30857e+009 1.4393e+010 2.27863e+010 1.14925e+009
2.298 2.55648e+010 159890 491658 8.7094e+007 8.48172e+009 1.44173e+010 2.29866e+010 2.57821e+009
2.3 2.46155e+010 156893 507503 8.99546e+007 8.65786e+009 1.44406e+010 2.3189e+010 1.42655e+009
2.302 2.39796e+010 154853 523837 9.29031e+007 8.83701e+009 1.4463e+010 2.33934e+010 5.86133e+008
2.305 2.30755e+010 151906 549285 9.74963e+007 9.11148e+009 1.44947e+010 2.37042e+010 -6.28715e+008
2.307 2.49755e+010 158036 566903 1.00676e+008 9.29834e+009 1.45146e+010 2.39142e+010 1.06133e+009
2.309 2.66409e+010 163221 585061 1.03952e+008 9.48835e+009 1.45335e+010 2.41264e+010 2.51458e+009
2.311 2.41399e+010 155370 603774 1.07329e+008 9.68154e+009 1.45514e+010 2.43408e+010 -2.00905e+008
2.313 2.51834e+010 158693 623060 1.10808e+008 9.87794e+009 1.45683e+010 2.45576e+010 6.2577e+008
2.315 2.78004e+010 166734 642934 1.14392e+008 1.00776e+010 1.45842e+010 2.47768e+010 3.02357e+009
2.318 2.61056e+010 161572 673885 1.19972e+008 1.03833e+010 1.46061e+010 2.511e+010 9.95596e+008
2.32 2.58744e+010 160855 695305 1.23833e+008 1.05912e+010 1.46195e+010 2.53352e+010 5.39117e+008
2.322 2.54397e+010 159498 717375 1.2781e+008 1.08026e+010 1.46318e+010 2.55629e+010 -1.23261e+008
2.324 2.67785e+010 163641 740115 1.31906e+008 1.10174e+010 1.46431e+010 2.57931e+010 9.85326e+008
2.326 2.54491e+010 159528 763542 1.36125e+008 1.12356e+010 1.46534e+010 2.60259e+010 -5.76797e+008
2.329 2.72401e+010 165046 800016 1.4269e+008 1.15695e+010 1.4667e+010 2.63799e+010 8.60195e+008
2.331 2.65415e+010 162916 825251 1.4723e+008 1.17965e+010 1.46747e+010 2.66193e+010 -7.77317e+007
2.333 2.7358e+010 165402 851245 1.51904e+008 1.20271e+010 1.46814e+010 2.68613e+010 4.96677e+008
2.335 2.85662e+010 169016 878020 1.56717e+008 1.22614e+010 1.46871e+010 2.7106e+010 1.46021e+009
2.337 2.8191e+010 167902 905598 1.61672e+008 1.24993e+010 1.46917e+010 2.73536e+010 8.37448e+008
2.34 2.80178e+010 167385 948522 1.6938e+008 1.2863e+010 1.46968e+010 2.77301e+010 2.87683e+008
2.342 2.96883e+010 172303 978210 1.74707e+008 1.31102e+010 1.46988e+010 2.79847e+010 1.70355e+009
2.344 2.90849e+010 170543 1.00878e+006 1.8019e+008 1.33612e+010 1.46999e+010 2.82423e+010 8.42641e+008
2.346 2.8052e+010 167487 1.04027e+006 1.85834e+008 1.3616e+010 1.46999e+010 2.85027e+010 -4.5076e+008
2.349 2.87113e+010 169444 1.08926e+006 1.94608e+008 1.40054e+010 1.46979e+010 2.88991e+010 -1.87734e+008
2.351 2.85514e+010 168972 1.12314e+006 2.00671e+008 1.42699e+010 1.46953e+010 2.91671e+010 -6.15653e+008
2.353 2.94008e+010 171467 1.15802e+006 2.06909e+008 1.45384e+010 1.46917e+010 2.94382e+010 -3.73571e+007
2.355 2.71124e+010 164658 1.19393e+006 2.13328e+008 1.48108e+010 1.46871e+010 2.97124e+010 -2.60007e+009
2.358 3.03059e+010 174086 1.24979e+006 2.23304e+008 1.5227e+010 1.46782e+010 3.01297e+010 1.76186e+008
2.36 3.05567e+010 174805 1.28841e+006 2.30195e+008 1.55095e+010 1.4671e+010 3.04119e+010 1.44787e+008
2.362 3.1948e+010 178740 1.32817e+006 2.37282e+008 1.57961e+010 1.46627e+010 3.06974e+010 1.25051e+009
2.364 3.26318e+010 180643 1.36909e+006 2.44572e+008 1.60869e+010 1.46534e+010 3.09863e+010 1.64552e+009
2.367 3.07578e+010 175379 1.43274e+006 2.55898e+008 1.65309e+010 1.46376e+010 3.14258e+010 -6.68022e+008
2.369 3.13919e+010 177178 1.47673e+006 2.63718e+008 1.68321e+010 1.46258e+010 3.1723e+010 -3.31166e+008
2.371 3.10725e+010 176274 1.522e+006 2.71759e+008 1.71376e+010 1.46129e+010 3.20238e+010 -9.51264e+008
2.373 3.29848e+010 181617 1.56859e+006 2.80028e+008 1.74474e+010 1.4599e+010 3.2328e+010 6.56837e+008
2.376 3.24544e+010 180151 1.64104e+006 2.92869e+008 1.79201e+010 1.45763e+010 3.2791e+010 -3.3657e+008
2.378 3.28393e+010 181216 1.6911e+006 3.01731e+008 1.82407e+010 1.45599e+010 3.31041e+010 -2.64842e+008
2.38 3.29417e+010 181499 1.7426e+006 3.10842e+008 1.85657e+010 1.45425e+010 3.34209e+010 -4.79141e+008
2.383 3.41191e+010 184714 1.82267e+006 3.24986e+008 1.90616e+010 1.45146e+010 3.39029e+010 2.16169e+008
2.385 3.47386e+010 186383 1.87799e+006 3.34745e+008 1.93977e+010 1.44947e+010 3.4229e+010 5.09625e+008
2.387 3.44199e+010 185526 1.9349e+006 3.44775e+008 1.97383e+010 1.44738e+010 3.45588e+010 -1.38948e+008
2.39 3.56742e+010 188876 2.02335e+006 3.60342e+008 2.02578e+010 1.44406e+010 3.50608e+010 6.13394e+008
2.392 3.66001e+010 191312 2.08444e+006 3.71079e+008 2.06098e+010 1.44173e+010 3.54002e+010 1.19991e+009
2.394 3.64132e+010 190822 2.14728e+006 3.82111e+008 2.09664e+010 1.4393e+010 3.57436e+010 6.69599e+008
2.397 3.42275e+010 185007 2.24494e+006 3.9923e+008 2.151e+010 1.43547e+010 3.62661e+010 -2.03859e+009
2.399 3.83903e+010 195935 2.31237e+006 4.11033e+008 2.18782e+010 1.4328e+010 3.66195e+010 1.77084e+009
2.401 3.86551e+010 196609 2.38173e+006 4.23158e+008 2.22511e+010 1.43003e+010 3.69769e+010 1.6782e+009
2.404 3.78519e+010 194556 2.48948e+006 4.41966e+008 2.28194e+010 1.4257e+010 3.75208e+010 3.311e+008
2.406 3.92905e+010 198218 2.56388e+006 4.54931e+008 2.32041e+010 1.42269e+010 3.78885e+010 1.40194e+009
2.408 3.75983e+010 193903 2.64038e+006 4.68245e+008 2.35937e+010 1.41959e+010 3.82605e+010 -6.62219e+008
2.411 3.86626e+010 196628 2.75922e+006 4.88893e+008 2.4187e+010 1.41477e+010 3.88264e+010 -1.63792e+008
2.413 3.96348e+010 199085 2.84125e+006 5.03121e+008 2.45886e+010 1.41144e+010 3.9209e+010 4.25809e+008
2.416 4.03135e+010 200782 2.96864e+006 5.25179e+008 2.52001e+010 1.40628e+010 3.97911e+010 5.22426e+008
2.418 4.02599e+010 200649 3.05657e+006 5.40376e+008 2.56139e+010 1.40272e+010 4.01846e+010 7.5337e+007
2.42 4.08332e+010 202072 3.14696e+006 5.55978e+008 2.60326e+010 1.39908e+010 4.05825e+010 2.50665e+008
2.423 4.08015e+010 201994 3.28733e+006 5.80158e+008 2.66699e+010 1.39344e+010 4.11878e+010 -3.86367e+008
2.425 4.10897e+010 202706 3.38418e+006 5.96812e+008 2.7101e+010 1.38958e+010 4.1597e+010 -5.07279e+008
2.427 4.19289e+010 204766 3.48374e+006 6.13904e+008 2.7537e+010 1.38563e+010 4.20107e+010 -8.17571e+007
2.43 4.34342e+010 208409 3.63831e+006 6.40388e+008 2.82005e+010 1.37954e+010 4.26399e+010 7.94371e+008
2.432 4.3895e+010 209511 3.74495e+006 6.58622e+008 2.8649e+010 1.37537e+010 4.30651e+010 8.2989e+008
2.435 4.3441e+010 208425 3.91047e+006 6.8687e+008 2.93313e+010 1.36897e+010 4.37117e+010 -2.70728e+008
2.437 4.49434e+010 211999 4.02465e+006 7.06315e+008 2.97924e+010 1.36459e+010 4.41487e+010 7.94669e+008
2.44 4.57546e+010 213903 4.20186e+006 7.3643e+008 3.04936e+010 1.35788e+010 4.48131e+010 9.41499e+008
2.442 4.64843e+010 215602 4.32408e+006 7.57156e+008 3.09675e+010 1.3533e+010 4.5262e+010 1.22236e+009
2.444 4.62865e+010 215143 4.44967e+006 7.78416e+008 3.14464e+010 1.34865e+010 4.57157e+010 5.7072e+008
2.447 4.57537e+010 213901 4.64455e+006 8.11331e+008 3.21743e+010 1.34152e+010 4.64055e+010 -6.51795e+008
2.449 4.61243e+010 214766 4.77893e+006 8.33978e+008 3.2666e+010 1.33667e+010 4.68714e+010 -7.47081e+008
2.452 4.72112e+010 217281 4.98743e+006 8.69034e+008 3.34131e+010 1.32925e+010 4.75796e+010 -3.68396e+008
2.454 4.53185e+010 212881 5.13118e+006 8.93148e+008 3.39176e+010 1.32421e+010 4.8058e+010 -2.73948e+009
2.457 4.77926e+010 218615 5.35418e+006 9.30467e+008 3.46839e+010 1.31652e+010 4.87849e+010 -9.92215e+008
2.459 4.96295e+010 222777 5.50792e+006 9.56132e+008 3.52012e+010 1.3113e+010 4.92758e+010 3.53777e+008
2.462 5.14314e+010 226785 5.74637e+006 9.95843e+008 3.59867e+010 1.30333e+010 5.00216e+010 1.40979e+009
2.464 5.16791e+010 227330 5.91072e+006 1.02315e+009 3.65168e+010 1.29794e+010 5.05252e+010 1.1539e+009
2.467 4.96802e+010 222891 6.16562e+006 1.06538e+009 3.73216e+010 1.28971e+010 5.12903e+010 -1.61009e+009
2.469 5.23575e+010 228818 6.34129e+006 1.09442e+009 3.78646e+010 1.28415e+010 5.18068e+010 5.50735e+008
2.472 5.00256e+010 223664 6.61369e+006 1.13932e+009 3.86886e+010 1.27567e+010 5.25912e+010 -2.56565e+009
2.474 4.97599e+010 223069 6.80139e+006 1.17019e+009 3.92443e+010 1.26995e+010 5.31207e+010 -3.36081e+009
2.477 5.14766e+010 226885 7.09242e+006 1.21791e+009 4.00874e+010 1.26123e+010 5.39248e+010 -2.44819e+009
2.479 5.24341e+010 228985 7.29292e+006 1.2507e+009 4.06559e+010 1.25535e+010 5.44674e+010 -2.03327e+009
2.482 5.03247e+010 224332 7.60375e+006 1.30139e+009 4.15181e+010 1.24641e+010 5.52912e+010 -4.96653e+009
2.484 4.95089e+010 222506 7.81788e+006 1.33621e+009 4.20993e+010 1.24038e+010 5.5847e+010 -6.33815e+009
2.487 5.10103e+010 225855 8.14977e+006 1.39003e+009 4.29804e+010 1.23122e+010 5.66908e+010 -5.68047e+009
2.489 5.62928e+010 237261 8.37837e+006 1.42699e+009 4.35742e+010 1.22504e+010 5.726e+010 -9.67128e+008
2.492 6.02131e+010 245384 8.73265e+006 1.48411e+009 4.44742e+010 1.21568e+010 5.81238e+010 2.08938e+009
2.494 5.93378e+010 243594 8.97664e+006 1.52334e+009 4.50804e+010 1.20937e+010 5.87063e+010 6.31504e+008
2.497 5.52832e+010 235124 9.35472e+006 1.58393e+009 4.5999e+010 1.1998e+010 5.95903e+010 -4.3071e+009
2.499 5.58027e+010 236226 9.61505e+006 1.62553e+009 4.66175e+010 1.19337e+010 6.01864e+010 -4.38362e+009
2.502 5.71823e+010 239128 1.00184e+007 1.68978e+009 4.75546e+010 1.18362e+010 6.10906e+010 -3.90823e+009
2.505 5.93346e+010 243587 1.04377e+007 1.75632e+009 4.85026e+010 1.17376e+010 6.2007e+010 -2.67235e+009
2.507 6.14393e+010 247870 1.07263e+007 1.80199e+009 4.91406e+010 1.16714e+010 6.26247e+010 -1.18538e+009
2.51 5.89041e+010 242702 1.11734e+007 1.87249e+009 5.01066e+010 1.15712e+010 6.35614e+010 -4.65732e+009
2.512 6.26338e+010 250267 1.14811e+007 1.92087e+009 5.07565e+010 1.15038e+010 6.41927e+010 -1.55892e+009
2.515 5.98512e+010 244645 1.19577e+007 1.99555e+009 5.17403e+010 1.1402e+010 6.51498e+010 -5.2986e+009
2.518 6.23094e+010 249618 1.24529e+007 2.07283e+009 5.27345e+010 1.12994e+010 6.61191e+010 -3.80976e+009
2.52 6.10515e+010 247086 1.27937e+007 2.12583e+009 5.34031e+010 1.12304e+010 6.67721e+010 -5.72065e+009
2.523 6.37726e+010 252532 1.33214e+007 2.20762e+009 5.44145e+010 1.11264e+010 6.77618e+010 -3.98915e+009
2.525 5.96335e+010 244200 1.36845e+007 2.26371e+009 5.50944e+010 1.10566e+010 6.84283e+010 -8.79483e+009
2.528 5.81169e+010 241075 1.42466e+007 2.35025e+009 5.61226e+010 1.09512e+010 6.94383e+010 -1.13214e+010
2.531 5.79937e+010 240819 1.48304e+007 2.43973e+009 5.71607e+010 1.08452e+010 7.04604e+010 -1.24667e+010
2.533 6.12507e+010 247489 1.5232e+007 2.50108e+009 5.78582e+010 1.07741e+010 7.11486e+010 -9.89792e+009
2.536 6.21179e+010 249235 1.58536e+007 2.59568e+009 5.89124e+010 1.06669e+010 7.21909e+010 -1.0073e+010
2.539 6.22369e+010 249473 1.6499e+007 2.69348e+009 5.99761e+010 1.05592e+010 7.32453e+010 -1.10084e+010
2.541 7.51902e+010 274208 1.69429e+007 2.76049e+009 6.06904e+010 1.0487e+010 7.39548e+010 1.23533e+009
2.544 9.531e+010 308723 1.76298e+007 2.8638e+009 6.17694e+010 1.03783e+010 7.50292e+010 2.02808e+010
2.546 7.81379e+010 279532 1.81022e+007 2.93458e+009 6.24938e+010 1.03056e+010 7.57521e+010 2.38587e+009
2.549 8.97057e+010 299509 1.8833e+007 3.04368e+009 6.35876e+010 1.01961e+010 7.68462e+010 1.28595e+010
2.552 8.19451e+010 286261 1.95915e+007 3.15638e+009 6.46901e+010 1.00862e+010 7.79522e+010 3.99286e+009
2.555 8.38657e+010 289596 2.03785e+007 3.27277e+009 6.58009e+010 9.97588e+009 7.907e+010 4.79577e+009
2.557 8.16151e+010 285683 2.09196e+007 3.35247e+009 6.65461e+010 9.90214e+009 7.98216e+010 1.79344e+009
2.56 8.24513e+010 287143 2.17565e+007 3.47526e+009 6.76705e+010 9.79126e+009 8.09587e+010 1.49257e+009
2.563 8.06461e+010 283983 2.26247e+007 3.60203e+009 6.88026e+010 9.68009e+009 8.21074e+010 -1.46132e+009
2.565 8.15964e+010 285651 2.32214e+007 3.6888e+009 6.95616e+010 9.60583e+009 8.28795e+010 -1.28309e+009
2.568 8.09889e+010 284586 2.41442e+007 3.82244e+009 7.07063e+010 9.49426e+009 8.40471e+010 -3.05821e+009
2.571 8.40264e+010 289873 2.51012e+007 3.96034e+009 7.18581e+010 9.38249e+009 8.5226e+010 -1.19965e+009
2.573 8.99375e+010 299896 2.57588e+007 4.0547e+009 7.26298e+010 9.3079e+009 8.60181e+010 3.91932e+009
2.576 8.39686e+010 289773 2.67755e+007 4.19997e+009 7.37929e+010 9.19591e+009 8.72155e+010 -3.2469e+009
2.579 8.85739e+010 297614 2.78296e+007 4.34982e+009 7.49624e+010 9.08382e+009 8.84239e+010 1.49964e+008
2.582 9.17054e+010 302829 2.89225e+007 4.50436e+009 7.61381e+010 8.97169e+009 8.96431e+010 2.06232e+009
2.584 8.93623e+010 298935 2.96732e+007 4.61006e+009 7.69252e+010 8.89692e+009 9.04618e+010 -1.09951e+009
2.587 9.01256e+010 300209 3.08335e+007 4.7727e+009 7.81104e+010 8.78477e+009 9.16987e+010 -1.5731e+009
2.59 9.30342e+010 305015 3.2036e+007 4.94036e+009 7.93011e+010 8.67267e+009 9.29461e+010 8.81092e+007
2.593 8.6794e+010 294608 3.32822e+007 5.11317e+009 8.04967e+010 8.56064e+009 9.42038e+010 -7.40982e+009
2.595 8.94976e+010 299162 3.41381e+007 5.2313e+009 8.12965e+010 8.48601e+009 9.5048e+010 -5.55034e+009
2.598 9.10051e+010 301670 3.54604e+007 5.41299e+009 8.24999e+010 8.37418e+009 9.63225e+010 -5.31748e+009
2.601 9.95271e+010 315479 3.68303e+007 5.60017e+009 8.37075e+010 8.26252e+009 9.7607e+010 1.9201e+009
2.604 9.79174e+010 312918 3.82495e+007 5.79299e+009 8.49189e+010 8.15106e+009 9.89012e+010 -9.8382e+008
2.607 9.56711e+010 309307 3.97195e+007 5.99159e+009 8.61339e+010 8.03983e+009 1.00205e+011 -4.5339e+009
2.609 9.52118e+010 308564 4.07286e+007 6.12726e+009 8.69456e+010 7.96582e+009 1.01079e+011 -5.86764e+009
2.612 9.73419e+010 311997 4.22872e+007 6.33578e+009 8.81657e+010 7.85505e+009 1.02399e+011 -5.05689e+009
2.615 1.02356e+011 319932 4.39011e+007 6.55046e+009 8.93883e+010 7.74459e+009 1.03727e+011 -1.37081e+009
2.618 1.00267e+011 316649 4.55722e+007 6.77143e+009 9.06131e+010 7.63447e+009 1.05065e+011 -4.79783e+009
2.621 9.89402e+010 314548 4.73023e+007 6.99885e+009 9.18397e+010 7.52473e+009 1.06411e+011 -7.47043e+009
2.623 9.94904e+010 315421 4.84895e+007 7.15411e+009 9.26583e+010 7.45179e+009 1.07313e+011 -7.82232e+009
2.626 9.79461e+010 312963 5.03223e+007 7.39259e+009 9.38872e+010 7.34274e+009 1.08673e+011 -1.07267e+010
2.629 9.839e+010 313672 5.22193e+007 7.63792e+009 9.51169e+010 7.23414e+009 1.10041e+011 -1.16511e+010
2.632 9.89333e+010 314537 5.41826e+007 7.89026e+009 9.6347e+010 7.12602e+009 1.11417e+011 -1.24842e+010
2.635 9.7632e+010 312461 5.62143e+007 8.14975e+009 9.75772e+010 7.01841e+009 1.12802e+011 -1.51695e+010
2.638 1.00854e+011 317574 5.83166e+007 8.41655e+009 9.88069e+010 6.91132e+009 1.14193e+011 -1.33396e+010
2.641 1.10464e+011 332362 6.04916e+007 8.69084e+009 1.00036e+011 6.8048e+009 1.15592e+011 -5.12781e+009
2.644 1.01698e+011 318902 6.27417e+007 8.97277e+009 1.01264e+011 6.69885e+009 1.16998e+011 -1.52998e+010
2.646 1.06634e+011 326549 6.42846e+007 9.16504e+009 1.02081e+011 6.62856e+009 1.17939e+011 -1.1305e+010
2.649 1.08708e+011 329709 6.6665e+007 9.46008e+009 1.03306e+011 6.52363e+009 1.19357e+011 -1.06484e+010
2.652 1.20738e+011 347473 6.91269e+007 9.76319e+009 1.04529e+011 6.41936e+009 1.20781e+011 -4.29091e+007
2.655 1.28997e+011 359161 7.16728e+007 1.00746e+010 1.05749e+011 6.31575e+009 1.22211e+011 6.7863e+009
2.658 1.34522e+011 366772 7.43053e+007 1.03944e+010 1.06965e+011 6.21283e+009 1.23647e+011 1.08749e+010
2.661 1.31084e+011 362055 7.7027e+007 1.07228e+010 1.08178e+011 6.11062e+009 1.25089e+011 5.99493e+009
2.664 1.38731e+011 372466 7.98408e+007 1.10599e+010 1.09387e+011 6.00914e+009 1.26536e+011 1.21948e+010
2.667 1.42692e+011 377746 8.27493e+007 1.14061e+010 1.10592e+011 5.90841e+009 1.27989e+011 1.47027e+010
2.67 1.32151e+011 363525 8.57554e+007 1.17613e+010 1.11792e+011 5.80845e+009 1.29447e+011 2.7035e+009
2.673 1.35435e+011 368015 8.88622e+007 1.21259e+010 1.12986e+011 5.70927e+009 1.3091e+011 4.5249e+009
2.676 1.28836e+011 358938 9.20727e+007 1.25e+010 1.14174e+011 5.61091e+009 1.32377e+011 -3.54078e+009
2.679 1.27932e+011 357676 9.53899e+007 1.28838e+010 1.15356e+011 5.51336e+009 1.33849e+011 -5.91691e+009
2.682 1.35495e+011 368097 9.88171e+007 1.32774e+010 1.16532e+011 5.41666e+009 1.35324e+011 1.70891e+008
2.685 1.2878e+011 358860 1.02358e+008 1.3681e+010 1.177e+011 5.3208e+009 1.36804e+011 -8.02359e+009
2.688 1.39853e+011 373969 1.06015e+008 1.40949e+010 1.1886e+011 5.22582e+009 1.38287e+011 1.56561e+009
2.691 1.38606e+011 372298 1.09792e+008 1.45192e+010 1.20013e+011 5.13172e+009 1.39774e+011 -1.16766e+009
2.694 1.42886e+011 378003 1.13692e+008 1.49542e+010 1.21157e+011 5.03852e+009 1.41263e+011 1.62296e+009
2.697 1.39152e+011 373031 1.1772e+008 1.53999e+010 1.22292e+011 4.94623e+009 1.42756e+011 -3.60344e+009
2.7 1.52713e+011 390785 1.21879e+008 1.58566e+010 1.23417e+011 4.85486e+009 1.44251e+011 8.46251e+009
2.703 1.43625e+011 378979 1.26173e+008 1.63245e+010 1.24533e+011 4.76442e+009 1.45748e+011 -2.12329e+009
2.706 1.43983e+011 379450 1.30605e+008 1.68038e+010 1.25638e+011 4.67493e+009 1.47248e+011 -3.26496e+009
2.709 1.43841e+011 379264 1.3518e+008 1.72947e+010 1.26733e+011 4.58639e+009 1.48749e+011 -4.90754e+009
2.712 1.48155e+011 384909 1.39901e+008 1.77973e+010 1.27816e+011 4.49882e+009 1.50252e+011 -2.09686e+009
2.715 1.42304e+011 377232 1.44774e+008 1.83119e+010 1.28887e+011 4.41222e+009 1.51756e+011 -9.4522e+009
2.718 1.5552e+011 394361 1.49802e+008 1.88386e+010 1.29947e+011 4.32661e+009 1.53262e+011 2.25869e+009
2.721 1.49489e+011 386638 1.54989e+008 1.93777e+010 1.30993e+011 4.24198e+009 1.54768e+011 -5.27923e+009
2.724 1.4599e+011 382086 1.60341e+008 1.99294e+010 1.32027e+011 4.15836e+009 1.56275e+011 -1.0285e+010
2.727 1.468e+011 383144 1.65861e+008 2.04938e+010 1.33047e+011 4.07573e+009 1.57782e+011 -1.09826e+010
2.73 1.47677e+011 384287 1.71555e+008 2.10711e+010 1.34053e+011 3.99412e+009 1.5929e+011 -1.16132e+010
2.733 1.48115e+011 384857 1.77427e+008 2.16615e+010 1.35045e+011 3.91352e+009 1.60797e+011 -1.26825e+010
2.736 1.60311e+011 400388 1.83482e+008 2.22653e+010 1.36022e+011 3.83394e+009 1.62305e+011 -1.99385e+009
2.739 1.67192e+011 408891 1.89726e+008 2.28826e+010 1.36984e+011 3.75538e+009 1.63811e+011 3.3808e+009
2.743 1.63118e+011 403878 1.98353e+008 2.3727e+010 1.38242e+011 3.65224e+009 1.65819e+011 -2.70153e+009
2.746 1.57986e+011 397475 2.05056e+008 2.43766e+010 1.39166e+011 3.57609e+009 1.67324e+011 -9.33786e+009
2.749 1.45933e+011 382011 2.11966e+008 2.50404e+010 1.40074e+011 3.50097e+009 1.68828e+011 -2.2895e+010
2.752 1.54584e+011 393172 2.19087e+008 2.57185e+010 1.40965e+011 3.42688e+009 1.7033e+011 -1.57456e+010
2.755 1.52727e+011 390803 2.26426e+008 2.64112e+010 1.41839e+011 3.35383e+009 1.7183e+011 -1.91032e+010
2.758 1.69849e+011 412127 2.33988e+008 2.71186e+010 1.42695e+011 3.28183e+009 1.73329e+011 -3.48009e+009
2.761 1.67912e+011 409771 2.41779e+008 2.7841e+010 1.43532e+011 3.21085e+009 1.74826e+011 -6.91347e+009
2.765 1.68402e+011 410368 2.52534e+008 2.88276e+010 1.4462e+011 3.11784e+009 1.76818e+011 -8.41623e+009
2.768 1.699e+011 412190 2.60883e+008 2.95855e+010 1.45414e+011 3.04929e+009 1.78309e+011 -8.40908e+009
2.771 1.7826e+011 422209 2.69483e+008 3.03589e+010 1.46188e+011 2.98177e+009 1.79798e+011 -1.53779e+009
2.774 1.86872e+011 432287 2.7834e+008 3.1148e+010 1.46942e+011 2.91529e+009 1.81284e+011 5.58764e+009
2.777 1.7818e+011 422113 2.87459e+008 3.1953e+010 1.47677e+011 2.84984e+009 1.82767e+011 -4.58749e+009
2.78 1.77825e+011 421693 2.96849e+008 3.27741e+010 1.48391e+011 2.78542e+009 1.84247e+011 -6.42184e+009
2.784 1.78109e+011 422030 3.09801e+008 3.38942e+010 1.4931e+011 2.70111e+009 1.86215e+011 -8.1058e+009
2.787 1.97956e+011 444922 3.19849e+008 3.47534e+010 1.49975e+011 2.63908e+009 1.87687e+011 1.02689e+010
2.79 1.98732e+011 445793 3.3019e+008 3.56293e+010 1.50618e+011 2.57806e+009 1.89155e+011 9.57616e+009
2.793 2.02346e+011 449829 3.40833e+008 3.65219e+010 1.51239e+011 2.51806e+009 1.9062e+011 1.17259e+010
2.797 2.027e+011 450223 3.55506e+008 3.77386e+010 1.52033e+011 2.43961e+009 1.92567e+011 1.01335e+010
2.8 2.1365e+011 462223 3.66882e+008 3.8671e+010 1.52603e+011 2.38195e+009 1.94022e+011 1.96274e+010
2.803 2.30301e+011 479897 3.78585e+008 3.96208e+010 1.53149e+011 2.32528e+009 1.95474e+011 3.48277e+010
2.806 2.17692e+011 466575 3.90625e+008 4.05881e+010 1.53672e+011 2.2696e+009 1.96921e+011 2.07717e+010
2.81 2.0909e+011 457263 4.07213e+008 4.19051e+010 1.54334e+011 2.19689e+009 1.98843e+011 1.02465e+010
2.813 2.07756e+011 455803 4.20068e+008 4.29137e+010 1.54803e+011 2.1435e+009 2.0028e+011 7.47638e+009
2.816 2.04448e+011 452159 4.33287e+008 4.39401e+010 1.55247e+011 2.09107e+009 2.01712e+011 2.73608e+009
2.82 2.14816e+011 463482 4.51494e+008 4.53368e+010 1.55803e+011 2.02265e+009 2.03614e+011 1.12015e+010
2.823 2.18163e+011 467079 4.65597e+008 4.64056e+010 1.56191e+011 1.97245e+009 2.05035e+011 1.31275e+010
2.826 2.18287e+011 467212 4.80094e+008 4.74927e+010 1.56555e+011 1.92319e+009 2.06451e+011 1.1836e+010
2.83 2.30122e+011 479710 5.00053e+008 4.89708e+010 1.57002e+011 1.85896e+009 2.08332e+011 2.17899e+010
2.833 2.32241e+011 481914 5.15507e+008 5.01011e+010 1.57308e+011 1.81187e+009 2.09737e+011 2.25046e+010
2.836 2.32822e+011 482517 5.31387e+008 5.125e+010 1.57589e+011 1.76568e+009 2.11136e+011 2.1686e+010
2.84 2.27124e+011 476575 5.5324e+008 5.28112e+010 1.57925e+011 1.70552e+009 2.12994e+011 1.41295e+010
2.843 2.36096e+011 485897 5.70154e+008 5.40041e+010 1.58147e+011 1.66143e+009 2.14382e+011 2.17141e+010
2.846 2.29226e+011 478775 5.87528e+008 5.5216e+010 1.58343e+011 1.61823e+009 2.15765e+011 1.34609e+010
2.85 2.29448e+011 479007 6.11428e+008 5.68614e+010 1.58565e+011 1.56199e+009 2.176e+011 1.18477e+010
2.853 2.37425e+011 487263 6.29918e+008 5.81178e+010 1.58702e+011 1.52081e+009 2.18971e+011 1.84547e+010
2.856 2.27372e+011 476835 6.48904e+008 5.93933e+010 1.58813e+011 1.48049e+009 2.20336e+011 7.036e+009
2.86 2.10668e+011 458985 6.75011e+008 6.1124e+010 1.58921e+011 1.42802e+009 2.22148e+011 -1.14806e+010
2.863 2.27901e+011 477390 6.952e+008 6.24444e+010 1.58972e+011 1.38965e+009 2.23501e+011 4.39937e+009
2.867 2.29609e+011 479175 7.22952e+008 6.42351e+010 1.59e+011 1.33975e+009 2.25298e+011 4.3111e+009
2.87 2.41681e+011 491610 7.44407e+008 6.56006e+010 1.5899e+011 1.30326e+009 2.26639e+011 1.50421e+010
2.874 2.61477e+011 511348 7.73891e+008 6.74514e+010 1.58937e+011 1.25584e+009 2.28419e+011 3.30585e+010
2.877 2.60996e+011 510878 7.96678e+008 6.88621e+010 1.58868e+011 1.22119e+009 2.29748e+011 3.12483e+010
2.88 2.51588e+011 501585 8.20056e+008 7.02921e+010 1.58772e+011 1.1873e+009 2.31071e+011 2.05163e+010
2.884 2.4854e+011 498538 8.52171e+008 7.22289e+010 1.58604e+011 1.1433e+009 2.32829e+011 1.57113e+010
2.887 2.50133e+011 500133 8.7698e+008 7.3704e+010 1.58449e+011 1.11117e+009 2.34141e+011 1.59917e+010
2.891 2.50975e+011 500974 9.1105e+008 7.57007e+010 1.58201e+011 1.06946e+009 2.35883e+011 1.50925e+010
2.894 2.64511e+011 514306 9.37362e+008 7.72207e+010 1.57986e+011 1.03902e+009 2.37183e+011 2.73274e+010
2.898 2.35391e+011 485171 9.73485e+008 7.9277e+010 1.5766e+011 9.99524e+008 2.3891e+011 -3.51886e+009
2.901 2.36404e+011 486214 1.00137e+009 8.08415e+010 1.57385e+011 9.70714e+008 2.40199e+011 -3.79519e+009
2.905 2.31198e+011 480830 1.03965e+009 8.29569e+010 1.56981e+011 9.33359e+008 2.41911e+011 -1.07131e+010
2.908 2.36544e+011 486358 1.0692e+009 8.45655e+010 1.56648e+011 9.06121e+008 2.43189e+011 -6.64474e+009
2.912 2.52274e+011 502269 1.10973e+009 8.67394e+010 1.56166e+011 8.70823e+008 2.44886e+011 7.38768e+009
2.916 2.36053e+011 485852 1.15161e+009 8.89463e+010 1.55641e+011 8.36664e+008 2.46575e+011 -1.05229e+010
2.919 2.45094e+011 495069 1.18391e+009 9.06229e+010 1.55219e+011 8.11777e+008 2.47837e+011 -2.74344e+009
2.923 2.52304e+011 502299 1.22822e+009 9.28869e+010 1.54618e+011 7.79551e+008 2.49513e+011 2.7917e+009
2.926 2.48627e+011 498625 1.26239e+009 9.46059e+010 1.5414e+011 7.56084e+008 2.50764e+011 -2.13732e+009
2.93 2.7447e+011 523899 1.30924e+009 9.69257e+010 1.53466e+011 7.25711e+008 2.52426e+011 2.20439e+010
2.933 2.68937e+011 518592 1.34536e+009 9.86862e+010 1.52933e+011 7.03605e+008 2.53668e+011 1.5269e+010
2.937 2.64099e+011 513905 1.39487e+009 1.01061e+011 1.52187e+011 6.75007e+008 2.55318e+011 8.78081e+009
2.941 2.65389e+011 515159 1.44595e+009 1.03466e+011 1.51401e+011 6.4739e+008 2.5696e+011 8.42881e+009
2.944 2.60726e+011 510613 1.48532e+009 1.05289e+011 1.50786e+011 6.27306e+008 2.58187e+011 2.53853e+009
2.948 2.60213e+011 510110 1.53925e+009 1.07746e+011 1.49931e+011 6.01344e+008 2.59818e+011 3.94667e+008
2.951 2.57548e+011 507492 1.5808e+009 1.09608e+011 1.49265e+011 5.82473e+008 2.61036e+011 -3.48805e+009
2.955 2.51905e+011 501902 1.63771e+009 1.12116e+011 1.48344e+011 5.58092e+008 2.62655e+011 -1.07497e+010
2.959 2.62856e+011 512695 1.69637e+009 1.14651e+011 1.47385e+011 5.34582e+008 2.64268e+011 -1.41111e+009
2.962 2.63522e+011 513344 1.74155e+009 1.16571e+011 1.46643e+011 5.17505e+008 2.65473e+011 -1.95054e+009
2.966 2.67191e+011 516905 1.80339e+009 1.19153e+011 1.45622e+011 4.9546e+008 2.67074e+011 1.16511e+008
2.97 2.696e+011 519230 1.86711e+009 1.21762e+011 1.44567e+011 4.74221e+008 2.68669e+011 9.30359e+008
2.973 2.65214e+011 514989 1.91615e+009 1.23734e+011 1.43753e+011 4.58807e+008 2.69862e+011 -4.64797e+009
2.977 2.67238e+011 516951 1.98325e+009 1.26386e+011 1.42638e+011 4.38923e+008 2.71447e+011 -4.2086e+009
2.981 2.72797e+011 522300 2.05236e+009 1.29062e+011 1.41492e+011 4.19782e+008 2.73026e+011 -2.28391e+008
2.985 2.80802e+011 529908 2.1235e+009 1.3176e+011 1.40314e+011 4.01363e+008 2.74599e+011 6.20321e+009
2.988 2.86818e+011 535554 2.17823e+009 1.33798e+011 1.3941e+011 3.8801e+008 2.75775e+011 1.1043e+010
2.992 2.77576e+011 526854 2.25306e+009 1.36534e+011 1.38179e+011 3.70803e+008 2.77338e+011 2.3786e+008
2.996 2.91759e+011 540147 2.33006e+009 1.39291e+011 1.3692e+011 3.54259e+008 2.78895e+011 1.28639e+010
3 2.85125e+011 533971 2.40928e+009 1.42066e+011 1.35633e+011 3.38358e+008 2.80446e+011 4.6785e+009
3.003 2.80194e+011 529333 2.47018e+009 1.44159e+011 1.3465e+011 3.26842e+008 2.81606e+011 -1.41244e+009
3.007 2.85518e+011 534338 2.5534e+009 1.46965e+011 1.33317e+011 3.12018e+008 2.83147e+011 2.37013e+009
3.011 2.9706e+011 545032 2.63896e+009 1.49788e+011 1.31958e+011 2.97783e+008 2.84683e+011 1.23772e+010
3.015 3.03742e+011 551128 2.72693e+009 1.52625e+011 1.30576e+011 2.84117e+008 2.86212e+011 1.75296e+010
3.019 3.05582e+011 552795 2.81734e+009 1.55476e+011 1.29171e+011 2.71002e+008 2.87735e+011 1.78469e+010
3.022 2.98599e+011 546442 2.88679e+009 1.57623e+011 1.28103e+011 2.61517e+008 2.88874e+011 9.72538e+009
3.026 3.06411e+011 553544 2.98161e+009 1.60495e+011 1.2666e+011 2.49322e+008 2.90386e+011 1.60251e+010
3.03 2.85678e+011 534489 3.07901e+009 1.63377e+011 1.25197e+011 2.37629e+008 2.91891e+011 -6.21319e+009
3.034 2.8644e+011 535201 3.17905e+009 1.66269e+011 1.23716e+011 2.26421e+008 2.9339e+011 -6.9504e+009
3.038 3.08599e+011 555517 3.28178e+009 1.69168e+011 1.22216e+011 2.15681e+008 2.94882e+011 1.3717e+010
3.042 3.14149e+011 560490 3.38724e+009 1.72074e+011 1.207e+011 2.05393e+008 2.96367e+011 1.77824e+010
3.046 3.30891e+011 575231 3.49549e+009 1.74985e+011 1.19169e+011 1.9554e+008 2.97844e+011 3.30466e+010
3.049 3.22986e+011 568319 3.57854e+009 1.7717e+011 1.1801e+011 1.88427e+008 2.98947e+011 2.40394e+010
3.053 3.25299e+011 570350 3.6918e+009 1.80086e+011 1.16454e+011 1.793e+008 3.0041e+011 2.48889e+010
3.057 3.28735e+011 573354 3.80799e+009 1.83002e+011 1.14884e+011 1.70567e+008 3.01865e+011 2.68701e+010
3.061 3.23816e+011 569048 3.92716e+009 1.85919e+011 1.13303e+011 1.62214e+008 3.03311e+011 2.05044e+010
3.065 3.30236e+011 574662 4.04936e+009 1.88833e+011 1.11712e+011 1.54226e+008 3.04748e+011 2.54883e+010
3.069 3.19999e+011 565684 4.17465e+009 1.91743e+011 1.10111e+011 1.46591e+008 3.06175e+011 1.38233e+010
3.073 3.15334e+011 561546 4.30308e+009 1.94649e+011 1.08501e+011 1.39294e+008 3.07592e+011 7.74132e+009
3.077 3.11506e+011 558127 4.4347e+009 1.97547e+011 1.06884e+011 1.32324e+008 3.08999e+011 2.507e+009
3.081 3.11552e+011 558169 4.56955e+009 2.00438e+011 1.05261e+011 1.25666e+008 3.10394e+011 1.15845e+009
3.085 3.15081e+011 561321 4.7077e+009 2.03318e+011 1.03633e+011 1.1931e+008 3.11778e+011 3.30328e+009
3.089 3.2935e+011 573890 4.8492e+009 2.06187e+011 1.02e+011 1.13244e+008 3.13149e+011 1.62007e+010
3.093 3.17237e+011 563238 4.99409e+009 2.09042e+011 1.00363e+011 1.07456e+008 3.14507e+011 2.72932e+009
3.097 3.6207e+011 601723 5.14242e+009 2.11883e+011 9.8725e+010 1.01935e+008 3.15852e+011 4.62181e+010
3.101 3.72606e+011 610415 5.29425e+009 2.14707e+011 9.70851e+010 9.66708e+007 3.17183e+011 5.54234e+010
3.105 3.76184e+011 613338 5.44963e+009 2.17513e+011 9.54449e+010 9.16524e+007 3.18499e+011 5.7685e+010
3.109 3.77202e+011 614168 5.60861e+009 2.20298e+011 9.38053e+010 8.68701e+007 3.19799e+011 5.74029e+010
3.113 3.47994e+011 589910 5.77123e+009 2.23062e+011 9.21671e+010 8.23142e+007 3.21083e+011 2.69113e+010
3.117 3.46916e+011 588996 5.93755e+009 2.25803e+011 9.05314e+010 7.79753e+007 3.2235e+011 2.45663e+010
3.121 3.42861e+011 585544 6.10761e+009 2.28519e+011 8.88989e+010 7.38443e+007 3.23599e+011 1.92621e+010
3.126 3.31402e+011 575675 6.32553e+009 2.31876e+011 8.68644e+010 6.89597e+007 3.25135e+011 6.26737e+009
3.13 3.39734e+011 582867 6.50419e+009 2.34529e+011 8.52426e+010 6.5265e+007 3.26341e+011 1.33932e+010
3.134 3.26234e+011 571169 6.68675e+009 2.37151e+011 8.36269e+010 6.17509e+007 3.27527e+011 -1.29318e+009
3.138 3.49547e+011 591225 6.87325e+009 2.39742e+011 8.2018e+010 5.84096e+007 3.28691e+011 2.08559e+010
3.142 3.42848e+011 585532 7.06374e+009 2.42298e+011 8.04169e+010 5.52336e+007 3.29834e+011 1.30138e+010
3.146 3.71366e+011 609398 7.25826e+009 2.44819e+011 7.88242e+010 5.22155e+007 3.30953e+011 4.04122e+010
3.15 3.59369e+011 599474 7.45686e+009 2.47302e+011 7.72407e+010 4.93485e+007 3.32049e+011 2.732e+010
3.155 3.58998e+011 599165 7.71091e+009 2.50351e+011 7.52753e+010 4.59669e+007 3.33383e+011 2.56149e+010
3.159 3.60783e+011 600652 7.91883e+009 2.52744e+011 7.37151e+010 4.34155e+007 3.34422e+011 2.63611e+010
3.163 3.38598e+011 581892 8.13097e+009 2.55095e+011 7.21664e+010 4.09941e+007 3.35433e+011 3.16516e+009
3.167 3.54271e+011 595206 8.34735e+009 2.57401e+011 7.06298e+010 3.8697e+007 3.36417e+011 1.78539e+010
3.171 3.51629e+011 592983 8.56803e+009 2.59661e+011 6.91058e+010 3.65182e+007 3.37372e+011 1.42576e+010
3.176 3.65936e+011 604926 8.84995e+009 2.6242e+011 6.72198e+010 3.39531e+007 3.38524e+011 2.7412e+010
3.18 3.55774e+011 596468 9.0804e+009 2.64571e+011 6.57266e+010 3.20212e+007 3.3941e+011 1.63638e+010
3.184 3.55641e+011 596357 9.31525e+009 2.66672e+011 6.42481e+010 3.01907e+007 3.40265e+011 1.53759e+010
3.188 3.59563e+011 599636 9.55453e+009 2.6872e+011 6.27846e+010 2.84568e+007 3.41088e+011 1.84756e+010
3.193 3.74338e+011 611831 9.85992e+009 2.71204e+011 6.09772e+010 2.64184e+007 3.42068e+011 3.22696e+010
3.197 3.51771e+011 593103 1.01093e+010 2.73129e+011 5.95495e+010 2.48855e+007 3.42813e+011 8.95771e+009
3.201 3.4665e+011 588770 1.03632e+010 2.74997e+011 5.81384e+010 2.34349e+007 3.43522e+011 3.12739e+009
3.206 3.65022e+011 604170 1.0687e+010 2.7725e+011 5.63985e+010 2.17313e+007 3.44357e+011 2.06644e+010
3.21 3.50053e+011 591653 1.09511e+010 2.78985e+011 5.50262e+010 2.04516e+007 3.44983e+011 5.0704e+009
3.214 3.40107e+011 583187 1.12199e+010 2.80659e+011 5.36718e+010 1.92419e+007 3.45569e+011 -5.46207e+009
3.219 3.37101e+011 580604 1.15624e+010 2.82662e+011 5.20044e+010 1.78228e+007 3.46247e+011 -9.14561e+009
3.223 3.59648e+011 599706 1.18416e+010 2.84194e+011 5.06913e+010 1.67579e+007 3.46743e+011 1.29044e+010
3.228 3.53377e+011 594455 1.21971e+010 2.86016e+011 4.90766e+010 1.55097e+007 3.47305e+011 6.07182e+009
3.232 3.33431e+011 577435 1.24868e+010 2.87399e+011 4.78063e+010 1.45738e+007 3.47707e+011 -1.42762e+010
3.236 3.50914e+011 592380 1.27812e+010 2.88715e+011 4.65555e+010 1.36906e+007 3.48065e+011 2.84811e+009
3.241 3.37606e+011 581039 1.31558e+010 2.90263e+011 4.50195e+010 1.26564e+007 3.48451e+011 -1.0845e+010
3.245 3.17383e+011 563368 1.34608e+010 2.91424e+011 4.38131e+010 1.18818e+007 3.48709e+011 -3.1326e+010
3.25 3.34699e+011 578532 1.38486e+010 2.92775e+011 4.23331e+010 1.09756e+007 3.48967e+011 -1.42679e+010
3.254 3.69125e+011 607556 1.41641e+010 2.93775e+011 4.11719e+010 1.02973e+007 3.49121e+011 2.00033e+010
3.259 3.68161e+011 606763 1.45652e+010 2.94924e+011 3.97488e+010 9.5044e+006 3.49247e+011 1.89138e+010
3.263 3.53235e+011 594336 1.48913e+010 2.9576e+011 3.86333e+010 8.91144e+006 3.49294e+011 3.94115e+009
3.268 3.65604e+011 604652 1.53055e+010 2.96702e+011 3.72676e+010 8.21873e+006 3.49284e+011 1.63207e+010
3.272 3.44724e+011 587132 1.56422e+010 2.97372e+011 3.61981e+010 7.7011e+006 3.4922e+011 -4.49589e+009
3.277 3.52924e+011 594074 1.60695e+010 2.98104e+011 3.48902e+010 7.09686e+006 3.49071e+011 3.85354e+009
3.281 3.4391e+011 586439 1.64166e+010 2.98604e+011 3.38669e+010 6.64568e+006 3.48894e+011 -4.98398e+009
3.286 3.33911e+011 577851 1.6857e+010 2.99122e+011 3.26166e+010 6.11941e+006 3.48602e+011 -1.46909e+010
3.29 3.47984e+011 589902 1.72145e+010 2.99451e+011 3.16394e+010 5.72674e+006 3.48311e+011 -3.26859e+008
3.295 3.44626e+011 587048 1.76677e+010 2.99754e+011 3.04465e+010 5.26907e+006 3.47874e+011 -3.24809e+009
3.299 3.56848e+011 597368 1.80354e+010 2.9991e+011 2.95151e+010 4.92785e+006 3.47466e+011 9.38259e+009
3.304 3.71382e+011 609411 1.85013e+010 2.99997e+011 2.83793e+010 4.53043e+006 3.46882e+011 2.44996e+010
3.309 3.70384e+011 608592 1.89742e+010 2.99963e+011 2.72748e+010 4.16324e+006 3.46217e+011 2.41672e+010
3.313 3.54649e+011 595524 1.93575e+010 2.9985e+011 2.64137e+010 3.8898e+006 3.45625e+011 9.02399e+009
3.318 3.44735e+011 587141 1.98426e+010 2.99599e+011 2.53651e+010 3.5717e+006 3.44811e+011 -7.56536e+007
3.323 3.41343e+011 584246 2.03345e+010 2.99229e+011 2.43471e+010 3.27818e+006 3.43914e+011 -2.57057e+009
3.327 3.39502e+011 582668 2.07327e+010 2.98847e+011 2.35545e+010 3.05986e+006 3.43137e+011 -3.63477e+009
3.332 3.43203e+011 585836 2.12364e+010 2.98262e+011 2.25908e+010 2.80617e+006 3.42092e+011 1.11146e+009
3.337 3.45494e+011 587788 2.17465e+010 2.97559e+011 2.16567e+010 2.57239e+006 3.40964e+011 4.52988e+009
3.341 3.42132e+011 584921 2.21591e+010 2.96911e+011 2.09305e+010 2.39871e+006 3.40003e+011 2.12889e+009
3.346 3.4186e+011 584688 2.26803e+010 2.95997e+011 2.00488e+010 2.19714e+006 3.38728e+011 3.13116e+009
3.351 3.45914e+011 588145 2.32077e+010 2.94967e+011 1.91955e+010 2.01162e+006 3.37372e+011 8.5419e+009
3.356 3.257e+011 570701 2.37409e+010 2.93823e+011 1.83702e+010 1.84095e+006 3.35936e+011 -1.02359e+010
3.36 3.12212e+011 558760 2.41715e+010 2.92826e+011 1.77298e+010 1.71436e+006 3.34729e+011 -2.25171e+010
3.365 3.1399e+011 560348 2.4715e+010 2.9148e+011 1.69538e+010 1.56768e+006 3.3315e+011 -1.91602e+010
3.37 3.32693e+011 576795 2.52638e+010 2.90023e+011 1.62044e+010 1.43291e+006 3.31492e+011 1.20048e+009
3.375 3.35126e+011 578901 2.58179e+010 2.88457e+011 1.54811e+010 1.30915e+006 3.29758e+011 5.36871e+009
3.38 3.19701e+011 565421 2.63771e+010 2.86785e+011 1.47834e+010 1.19556e+006 3.27947e+011 -8.24603e+009
3.385 3.37639e+011 581067 2.69411e+010 2.85008e+011 1.41108e+010 1.09135e+006 3.26061e+011 1.15782e+010
3.389 3.37075e+011 580582 2.73958e+010 2.83513e+011 1.35903e+010 1.01423e+006 3.245e+011 1.25755e+010
3.394 3.22863e+011 568210 2.79681e+010 2.81552e+011 1.29615e+010 925088 3.22483e+011 3.79774e+008
3.399 3.16118e+011 562244 2.85447e+010 2.79494e+011 1.23561e+010 843410 3.20395e+011 -4.27728e+009
3.404 3.18241e+011 564128 2.91254e+010 2.77338e+011 1.17736e+010 768606 3.18238e+011 2.71794e+006
3.409 3.21296e+011 566830 2.971e+010 2.75089e+011 1.12136e+010 700128 3.16014e+011 5.28229e+009
3.414 3.08246e+011 555199 3.02981e+010 2.72749e+011 1.06754e+010 637471 3.13723e+011 -5.47717e+009
3.419 3.03023e+011 550476 3.08896e+010 2.7032e+011 1.01584e+010 580166 3.11369e+011 -8.34507e+009
3.424 3.07891e+011 554879 3.14842e+010 2.67805e+011 9.66207e+009 527781 3.08952e+011 -1.06102e+009
3.429 2.97404e+011 545348 3.20817e+010 2.65207e+011 9.18585e+009 479914 3.06475e+011 -9.07103e+009
3.434 2.90508e+011 538988 3.26817e+010 2.62529e+011 8.72915e+009 436198 3.0394e+011 -1.34319e+010
3.439 2.963e+011 544334 3.3284e+010 2.59773e+011 8.29141e+009 396289 3.01349e+011 -5.04915e+009
3.444 2.74652e+011 524072 3.38883e+010 2.56943e+011 7.87207e+009 359873 2.98704e+011 -2.40525e+010
3.449 2.91999e+011 540369 3.44943e+010 2.54042e+011 7.47055e+009 326660 2.96008e+011 -4.00872e+009
3.454 2.7314e+011 522628 3.51017e+010 2.51073e+011 7.08631e+009 296382 2.93262e+011 -2.01221e+010
3.459 2.82265e+011 531286 3.57102e+010 2.48039e+011 6.71879e+009 268792 2.90469e+011 -8.20338e+009
3.464 2.83043e+011 532017 3.63196e+010 2.44944e+011 6.36746e+009 243664 2.87631e+011 -4.58845e+009
3.469 2.86489e+011 535247 3.69294e+010 2.4179e+011 6.03177e+009 220787 2.84751e+011 1.73833e+009
3.474 2.6602e+011 515771 3.75394e+010 2.3858e+011 5.7112e+009 199971 2.81831e+011 -1.58114e+010
3.48 2.77057e+011 526362 3.82712e+010 2.34661e+011 5.34573e+009 177462 2.78278e+011 -1.22056e+009
3.485 2.77281e+011 526575 3.88804e+010 2.31342e+011 5.05658e+009 160575 2.75279e+011 2.0023e+009
3.49 2.68136e+011 517818 3.94887e+010 2.27978e+011 4.78092e+009 145231 2.72248e+011 -4.11178e+009
3.495 2.46313e+011 496299 4.00958e+010 2.24573e+011 4.51824e+009 131295 2.69187e+011 -2.28744e+010
3.5 2.55337e+011 505309 4.07012e+010 2.2113e+011 4.26806e+009 118645 2.66099e+011 -1.07619e+010
3.505 2.48807e+011 498806 4.13048e+010 2.17652e+011 4.02991e+009 107166 2.62987e+011 -1.41801e+010
3.511 2.49846e+011 499846 4.2026e+010 2.13438e+011 3.75937e+009 94792.9 2.59224e+011 -9.37776e+009
3.516 2.47543e+011 497536 4.2624e+010 2.09896e+011 3.54608e+009 85539.1 2.56066e+011 -8.52368e+009
3.521 2.39964e+011 489861 4.32189e+010 2.0633e+011 3.34338e+009 77154.7 2.52892e+011 -1.29286e+010
3.526 2.46395e+011 496382 4.38104e+010 2.02743e+011 3.15084e+009 69561.6 2.49704e+011 -3.30928e+009
3.532 2.30975e+011 480598 4.45151e+010 1.98415e+011 2.93262e+009 61394 2.45863e+011 -1.48885e+010
3.537 2.19878e+011 468912 4.50976e+010 1.94794e+011 2.76099e+009 55298.4 2.42653e+011 -2.27742e+010
3.542 2.19272e+011 468265 4.56756e+010 1.91162e+011 2.59823e+009 49786.2 2.39436e+011 -2.01636e+010
3.548 2.31626e+011 481275 4.63625e+010 1.86793e+011 2.41409e+009 43866.4 2.3557e+011 -3.94421e+009
3.553 2.07307e+011 455310 4.69289e+010 1.83148e+011 2.26952e+009 39455.6 2.32347e+011 -2.504e+010
3.558 2.15323e+011 464029 4.74896e+010 1.79502e+011 2.13264e+009 35472.7 2.29125e+011 -1.38018e+010
3.564 2.22149e+011 471327 4.81541e+010 1.7513e+011 1.97806e+009 31202.1 2.25262e+011 -3.11378e+009
3.569 2.19877e+011 468911 4.87006e+010 1.71492e+011 1.85692e+009 28025.3 2.2205e+011 -2.17279e+009
3.575 2.10588e+011 458899 4.93471e+010 1.67138e+011 1.72027e+009 24622.7 2.18206e+011 -7.61761e+009
3.58 2.02045e+011 449494 4.98777e+010 1.63522e+011 1.61331e+009 22094.4 2.15013e+011 -1.29679e+010
3.586 2.07185e+011 455175 5.05041e+010 1.59201e+011 1.4928e+009 19389.4 2.11198e+011 -4.01327e+009
3.591 2.16669e+011 465477 5.1017e+010 1.55619e+011 1.39859e+009 17381.6 2.08035e+011 8.63467e+009
3.597 1.91615e+011 437739 5.16211e+010 1.51346e+011 1.29258e+009 15235.9 2.0426e+011 -1.26448e+010
3.602 1.98465e+011 445494 5.21146e+010 1.4781e+011 1.20981e+009 13645 2.01135e+011 -2.66985e+009
3.608 1.83334e+011 428175 5.26943e+010 1.436e+011 1.11677e+009 11946.7 1.97411e+011 -1.40774e+010
3.613 1.79208e+011 423330 5.31667e+010 1.40121e+011 1.04421e+009 10688.9 1.94332e+011 -1.51242e+010
3.619 1.64689e+011 405819 5.372e+010 1.35986e+011 9.62765e+008 9347.68 1.90668e+011 -2.59794e+010
3.624 1.68659e+011 410681 5.41696e+010 1.32574e+011 8.99318e+008 8355.44 1.87643e+011 -1.89841e+010
3.63 1.67842e+011 409685 5.46947e+010 1.28525e+011 8.28183e+008 7298.54 1.84048e+011 -1.62059e+010
3.636 1.67633e+011 409430 5.52035e+010 1.24527e+011 7.62177e+008 6371.29 1.80493e+011 -1.28603e+010
3.641 1.75574e+011 419015 5.56147e+010 1.21238e+011 7.10856e+008 5686.49 1.77563e+011 -1.98947e+009
3.647 1.63729e+011 404635 5.60923e+010 1.17343e+011 6.53421e+008 4958.29 1.74088e+011 -1.03592e+010
3.653 1.63509e+011 404362 5.65522e+010 1.13507e+011 6.00236e+008 4320.61 1.70659e+011 -7.15016e+009
3.658 1.70713e+011 413174 5.69215e+010 1.10357e+011 5.5896e+008 3850.46 1.67838e+011 2.87468e+009
3.664 1.70763e+011 413235 5.73476e+010 1.06637e+011 5.12851e+008 3351.36 1.64497e+011 6.26615e+009
3.67 1.61478e+011 401843 5.77545e+010 1.02982e+011 4.7024e+008 2915.11 1.61207e+011 2.71171e+008
3.676 1.45458e+011 381390 5.81418e+010 9.93953e+010 4.30888e+008 2534.05 1.57968e+011 -1.25097e+010
3.681 1.49268e+011 386352 5.84493e+010 9.64592e+010 4.00424e+008 2253.74 1.55309e+011 -6.04102e+009
3.687 1.50988e+011 388572 5.87997e+010 9.30009e+010 3.66477e+008 1956.86 1.52167e+011 -1.17864e+009
3.693 1.52186e+011 390110 5.91293e+010 8.96147e+010 3.3519e+008 1698.01 1.49079e+011 3.10687e+009
3.699 1.39639e+011 373682 5.94377e+010 8.63019e+010 3.06375e+008 1472.46 1.46046e+011 -6.40749e+009
3.705 1.46972e+011 383370 5.97247e+010 8.30636e+010 2.79855e+008 1276.07 1.43068e+011 3.90435e+009
3.711 1.28128e+011 357950 5.99899e+010 7.99005e+010 2.55464e+008 1105.18 1.40146e+011 -1.20176e+010
3.716 1.39605e+011 373637 6.0194e+010 7.73227e+010 2.36652e+008 979.906 1.37753e+011 1.85121e+009
3.722 1.35758e+011 368453 6.04185e+010 7.42994e+010 2.15769e+008 847.688 1.34934e+011 8.23866e+008
3.728 1.3213e+011 363496 6.06203e+010 7.13531e+010 1.966e+008 732.847 1.3217e+011 -4.03509e+007
3.734 1.40415e+011 374720 6.07994e+010 6.8484e+010 1.79018e+008 633.162 1.29462e+011 1.09523e+010
3.74 1.30529e+011 361288 6.09554e+010 6.56923e+010 1.62902e+008 546.691 1.26811e+011 3.71854e+009
3.746 1.40272e+011 374529 6.10882e+010 6.2978e+010 1.48141e+008 471.731 1.24214e+011 1.60579e+010
3.752 1.32686e+011 364261 6.11977e+010 6.03409e+010 1.34629e+008 406.791 1.21673e+011 1.10129e+010
3.758 1.21348e+011 348350 6.12837e+010 5.77809e+010 1.2227e+008 350.57 1.19187e+011 2.16081e+009
3.764 1.14249e+011 338008 6.1346e+010 5.52974e+010 1.10974e+008 301.927 1.16754e+011 -2.50517e+009
3.77 1.20141e+011 346613 6.13848e+010 5.28902e+010 1.00655e+008 259.869 1.14376e+011 5.76521e+009
3.776 1.23692e+011 351699 6.13998e+010 5.05584e+010 9.1237e+007 223.528 1.12049e+011 1.16425e+010
3.783 1.16625e+011 341505 6.13873e+010 4.79326e+010 8.12899e+007 187.352 1.09401e+011 7.2242e+009
3.789 1.15438e+011 339762 6.1351e+010 4.57621e+010 7.35798e+007 160.932 1.07187e+011 8.2517e+009
3.795 1.18555e+011 344318 6.1291e+010 4.36646e+010 6.65575e+007 138.149 1.05022e+011 1.3533e+010
3.801 1.07509e+011 327885 6.12073e+010 4.16392e+010 6.01663e+007 118.517 1.02907e+011 4.60192e+009
3.807 1.12016e+011 334688 6.11002e+010 3.96848e+010 5.43534e+007 101.611 1.00839e+011 1.11767e+010
3.813 9.39691e+010 306544 6.09697e+010 3.78002e+010 4.90702e+007 87.0605 9.8819e+010 -4.84994e+009
3.82 9.76214e+010 312444 6.07882e+010 3.56883e+010 4.35161e+007 72.6391 9.65199e+010 1.10147e+009
3.826 9.89146e+010 314507 6.06076e+010 3.39509e+010 3.92309e+007 62.1524 9.45977e+010 4.3168e+009
3.832 1.01346e+011 318349 6.04042e+010 3.22795e+010 3.53447e+007 53.1459 9.27191e+010 8.62695e+009
3.838 9.66315e+010 310856 6.01782e+010 3.06726e+010 3.18227e+007 45.4158 9.08827e+010 5.74883e+009
3.845 9.6868e+010 311236 5.98864e+010 2.88776e+010 2.81316e+007 37.7764 8.87922e+010 8.07582e+009
3.851 9.56726e+010 309310 5.96125e+010 2.74058e+010 2.52927e+007 32.2375 8.70435e+010 8.62907e+009
3.857 9.54785e+010 308996 5.93169e+010 2.59939e+010 2.27255e+007 27.4934 8.53335e+010 1.0145e+010
3.864 8.56085e+010 292589 5.89451e+010 2.44205e+010 2.00413e+007 22.8153 8.33856e+010 2.22292e+009
3.87 8.34189e+010 288823 5.86037e+010 2.31334e+010 1.79818e+007 19.4311 8.1755e+010 1.66385e+009
3.877 8.63106e+010 293787 5.81795e+010 2.17014e+010 1.58318e+007 16.099 7.98967e+010 6.41388e+009
3.883 7.91012e+010 281249 5.77941e+010 2.05318e+010 1.41848e+007 13.6923 7.83402e+010 7.61036e+008
3.89 7.51271e+010 274093 5.73198e+010 1.92328e+010 1.24683e+007 11.3262 7.6565e+010 -1.43786e+009
3.896 7.03663e+010 265267 5.68925e+010 1.81735e+010 1.11555e+007 9.61974 7.50771e+010 -4.7108e+009
3.903 7.49752e+010 273816 5.63704e+010 1.69988e+010 9.78946e+006 7.94467 7.3379e+010 1.59625e+009
3.909 6.59721e+010 256850 5.59034e+010 1.60424e+010 8.74635e+006 6.73846 7.19546e+010 -5.98243e+009
3.916 6.84109e+010 261555 5.53364e+010 1.49835e+010 7.6627e+006 5.55621 7.03276e+010 -1.91667e+009
3.922 7.12493e+010 266926 5.4832e+010 1.41229e+010 6.83656e+006 4.70617 6.89617e+010 2.28766e+009
3.929 7.23193e+010 268923 5.42228e+010 1.31714e+010 5.97968e+006 3.87428 6.74002e+010 4.91909e+009
3.936 6.56727e+010 256267 5.35923e+010 1.22744e+010 5.22558e+006 3.18669 6.58719e+010 -1.99149e+008
3.942 6.4246e+010 253468 5.30354e+010 1.15471e+010 4.65208e+006 2.69347 6.45871e+010 -3.4115e+008
3.949 6.12494e+010 247486 5.23675e+010 1.0745e+010 4.05872e+006 2.2119 6.31165e+010 -1.86708e+009
3.956 5.97956e+010 244531 5.16808e+010 9.99072e+009 3.5379e+006 1.81487 6.1675e+010 -1.87943e+009
3.962 5.80564e+010 240949 5.1078e+010 9.38062e+009 3.1428e+006 1.53074 6.04617e+010 -2.40529e+009
3.969 5.59442e+010 236525 5.0359e+010 8.70939e+009 2.73501e+006 1.25397 5.90711e+010 -3.12693e+009
3.976 5.74546e+010 239697 4.9624e+010 8.07984e+009 2.37802e+006 1.02636 5.77062e+010 -2.51584e+008
3.983 5.77943e+010 240405 4.8874e+010 7.4899e+009 2.0658e+006 0.839335 5.6366e+010 1.42836e+009
3.99 5.86175e+010 242111 4.81101e+010 6.93756e+009 1.79298e+006 0.685801 5.50494e+010 3.56809e+009
3.996 5.58659e+010 236360 4.74449e+010 6.4926e+009 1.58689e+006 0.576364 5.39391e+010 1.92673e+009
4.003 5.50265e+010 234577 4.66577e+010 6.00503e+009 1.37505e+006 0.470181 5.26642e+010 2.36231e+009
4.01 5.05226e+010 224772 4.58595e+010 5.54971e+009 1.19044e+006 0.383229 5.14104e+010 -8.87792e+008
4.017 5.32068e+010 230666 4.50512e+010 5.12488e+009 1.0297e+006 0.312089 5.01771e+010 3.02973e+009
4.024 5.0594e+010 224931 4.42339e+010 4.72884e+009 889878 0.253935 4.89636e+010 1.63042e+009
4.031 5.14426e+010 226810 4.34086e+010 4.35998e+009 768360 0.20644 4.77693e+010 3.67331e+009
4.038 4.87425e+010 220777 4.25762e+010 4.01672e+009 662848 0.167684 4.65936e+010 2.14889e+009
4.045 4.66658e+010 216023 4.17379e+010 3.69758e+009 571319 0.136086 4.54361e+010 1.22977e+009
4.052 4.47038e+010 211433 4.08946e+010 3.40112e+009 491993 0.110348 4.42962e+010 4.07631e+008
4.059 4.21314e+010 205259 4.00473e+010 3.12597e+009 423306 0.0894001 4.31736e+010 -1.04224e+009
4.066 4.41894e+010 210213 3.91968e+010 2.87081e+009 363885 0.0723667 4.2068e+010 2.12141e+009
4.073 4.21553e+010 205318 3.83443e+010 2.63441e+009 312529 0.0585282 4.09791e+010 1.17624e+009
4.081 3.86902e+010 196698 3.73686e+010 2.38568e+009 262365 0.0458739 3.97546e+010 -1.06442e+009
4.088 3.84486e+010 196083 3.65147e+010 2.18554e+009 224909 0.0370331 3.87005e+010 -2.51823e+008
4.095 3.73872e+010 193358 3.56615e+010 2.00062e+009 192630 0.0298704 3.76623e+010 -2.75109e+008
4.102 4.07803e+010 201941 3.481e+010 1.8299e+009 164837 0.0240723 3.664e+010 4.14029e+009
4.109 3.49615e+010 186980 3.39609e+010 1.67243e+009 140930 0.0193829 3.56335e+010 -6.71914e+008
4.117 3.65634e+010 191216 3.29946e+010 1.50754e+009 117694 0.0151154 3.45022e+010 2.06113e+009
4.124 3.30236e+010 181724 3.21535e+010 1.37549e+009 100433 0.0121484 3.35291e+010 -5.0555e+008
4.131 3.93187e+010 198290 3.13174e+010 1.25402e+009 85628.1 0.00975545 3.25715e+010 6.74718e+009
4.139 2.97775e+010 172562 3.03689e+010 1.12719e+009 71283.4 0.00758411 3.14962e+010 -1.71865e+009
4.146 2.47932e+010 157458 2.95459e+010 1.02591e+009 60659.8 0.00607896 3.05719e+010 -5.77874e+009
4.154 3.00221e+010 173269 2.86142e+010 9.20378e+008 50388.5 0.00471596 2.95346e+010 4.87434e+008
4.161 3.01845e+010 173737 2.78074e+010 8.36274e+008 42797.6 0.00377306 2.86437e+010 1.54082e+009
4.168 2.48616e+010 157676 2.70091e+010 7.59258e+008 36318.1 0.00301607 2.77684e+010 -2.90681e+009
4.176 2.34644e+010 153181 2.61081e+010 6.7923e+008 30072.6 0.0023326 2.67873e+010 -3.32295e+009
4.183 2.345e+010 153134 2.533e+010 6.15638e+008 25471.3 0.00186117 2.59457e+010 -2.49566e+009
4.191 2.53242e+010 159136 2.44534e+010 5.49688e+008 21045.4 0.00143637 2.50031e+010 3.21065e+008
4.199 2.59359e+010 161046 2.3591e+010 4.90299e+008 17368.4 0.00110729 2.40813e+010 1.85458e+009
4.206 1.88766e+010 137392 2.28484e+010 4.43247e+008 14668.1 0.000881003 2.32917e+010 -4.41508e+009
4.214 2.029e+010 142443 2.20142e+010 3.94597e+008 12079.1 0.000677725 2.24088e+010 -2.11886e+009
4.222 1.86296e+010 136490 2.11959e+010 3.50925e+008 9935.58 0.000520764 2.15468e+010 -2.91718e+009
4.229 2.21483e+010 148823 2.04933e+010 3.16429e+008 8366.51 0.000413171 2.08097e+010 1.33862e+009
4.237 1.59784e+010 126406 1.97061e+010 2.80867e+008 6866.89 0.000316811 1.9987e+010 -4.00854e+009
4.245 1.593e+010 126214 1.89361e+010 2.49046e+008 5629.54 0.000242652 1.91852e+010 -3.25514e+009
4.253 1.53771e+010 124005 1.81838e+010 2.20602e+008 4609.82 0.000185642 1.84044e+010 -3.02723e+009
4.26 1.67915e+010 129582 1.75401e+010 1.98225e+008 3866.62 0.000146727 1.77383e+010 -9.46794e+008
4.268 1.73334e+010 131657 1.68215e+010 1.75248e+008 3159.36 0.000112018 1.69968e+010 3.36657e+008
4.276 1.61322e+010 127013 1.61213e+010 1.54775e+008 2578.49 8.54231e-005 1.62761e+010 -1.4385e+008
4.284 1.34307e+010 115891 1.54396e+010 1.36554e+008 2101.98 6.50692e-005 1.55762e+010 -2.14553e+009
4.292 1.55851e+010 124840 1.47766e+010 1.20353e+008 1711.55 4.95093e-005 1.4897e+010 6.88154e+008
4.3 1.63531e+010 127879 1.41324e+010 1.05966e+008 1392.03 3.76279e-005 1.42383e+010 2.11475e+009
4.308 1.36731e+010 116932 1.35069e+010 9.32029e+007 1130.85 2.85657e-005 1.36001e+010 7.30122e+007
4.316 1.25283e+010 111930 1.29003e+010 8.18927e+007 917.607 2.16616e-005 1.29822e+010 -4.53905e+008
4.324 1.37316e+010 117182 1.23125e+010 7.18811e+007 743.716 1.64077e-005 1.23843e+010 1.34724e+009
4.332 1.02562e+010 101273 1.17433e+010 6.30287e+007 602.082 1.24141e-005 1.18064e+010 -1.55012e+009
4.34 1.14078e+010 106807 1.11928e+010 5.52096e+007 486.856 9.38197e-006 1.1248e+010 1.5977e+008
4.348 9.66052e+009 98287.9 1.06608e+010 4.83109e+007 393.228 7.08247e-006 1.07091e+010 -1.04859e+009
4.357 1.21368e+010 110167 1.00841e+010 4.15237e+007 308.81 5.15499e-006 1.01257e+010 2.01111e+009
4.365 1.01354e+010 100675 9.59081e+009 3.62558e+007 248.809 3.88222e-006 9.62707e+009 5.08362e+008
4.373 1.15122e+010 107295 9.11535e+009 3.16238e+007 200.235 2.92041e-006 9.14697e+009 2.36527e+009
4.381 9.28709e+009 96369.6 8.6575e+009 2.75551e+007 160.957 2.19442e-006 8.68506e+009 6.02035e+008
4.39 1.10542e+010 105139 8.16316e+009 2.35712e+007 125.726 1.58889e-006 8.18673e+009 2.8675e+009
4.398 8.29029e+009 91051 7.74183e+009 2.04938e+007 100.815 1.19105e-006 7.76232e+009 5.27966e+008
4.406 9.65491e+009 98259.4 7.33721e+009 1.77998e+007 80.747 8.91823e-007 7.35501e+009 2.2999e+009
4.415 8.99571e+009 94845.7 6.90157e+009 1.51714e+007 62.8167 6.43185e-007 6.91674e+009 2.07898e+009
4.423 8.33093e+009 91273.9 6.53132e+009 1.31484e+007 50.1888 4.80447e-007 6.54447e+009 1.78646e+009
