1.772 9.05925e+009 95180.1 0.0938904 1034.19 153443 7.34029e+008 7.34183e+008 8.32507e+009
1.773 9.04683e+009 95114.8 0.096421 1059.83 157179 7.41623e+008 7.41782e+008 8.30505e+009
1.775 9.5099e+009 97518.7 0.101685 1112.99 164917 7.57016e+008 7.57182e+008 8.75272e+009
1.776 9.49684e+009 97451.7 0.104421 1140.53 168923 7.64815e+008 7.64985e+008 8.73186e+009
1.777 9.00959e+009 94918.9 0.10723 1168.74 173021 7.72683e+008 7.72857e+008 8.23674e+009
1.778 9.23396e+009 96093.5 0.110113 1197.62 177216 7.8062e+008 7.80798e+008 8.45317e+009
1.78 9.22125e+009 96027.3 0.116109 1257.49 185901 7.96704e+008 7.96892e+008 8.42436e+009
1.781 9.20854e+009 95961.1 0.119225 1288.51 190396 8.04853e+008 8.05044e+008 8.40349e+009
1.782 9.66742e+009 98323 0.122424 1320.27 194996 8.13072e+008 8.13269e+008 8.85415e+009
1.783 8.00581e+009 89475.2 0.125707 1352.8 199702 8.21364e+008 8.21565e+008 7.18425e+009
1.785 8.93531e+009 94526.8 0.132535 1420.2 209445 8.38164e+008 8.38375e+008 8.09693e+009
1.786 8.45332e+009 91942 0.136084 1455.12 214486 8.46674e+008 8.4689e+008 7.60643e+009
1.787 8.96916e+009 94705.6 0.139726 1490.87 219644 8.55258e+008 8.55479e+008 8.11368e+009
1.788 8.62375e+009 92864.2 0.143463 1527.48 224922 8.63916e+008 8.64143e+008 7.75961e+009
1.789 1.04941e+010 102441 0.147299 1564.96 230321 8.72649e+008 8.72881e+008 9.62123e+009
1.791 7.9482e+009 89152.7 0.155274 1642.63 241497 8.90341e+008 8.90584e+008 7.05762e+009
1.792 9.45396e+009 97231.5 0.159419 1682.86 247279 8.99301e+008 8.9955e+008 8.55441e+009
1.793 1.03696e+010 101831 0.163672 1724.04 253193 9.08338e+008 9.08593e+008 9.46099e+009
1.794 9.94286e+009 99713.9 0.168037 1766.21 259244 9.17452e+008 9.17713e+008 9.02515e+009
1.796 7.73473e+009 87947.3 0.177112 1853.58 271765 9.35914e+008 9.36188e+008 6.79854e+009
1.797 9.10542e+009 95422.3 0.181828 1898.82 278242 9.45263e+008 9.45543e+008 8.15987e+009
1.798 9.05513e+009 95158.5 0.186667 1945.14 284868 9.54692e+008 9.54978e+008 8.10015e+009
1.799 8.9861e+009 94795.1 0.191632 1992.56 291645 9.642e+008 9.64493e+008 8.02161e+009
1.801 1.02466e+010 101225 0.201954 2090.79 305666 9.83458e+008 9.83765e+008 9.26283e+009
1.802 8.96398e+009 94678.3 0.207318 2141.66 312918 9.93208e+008 9.93523e+008 7.97046e+009
1.803 8.82965e+009 93966.2 0.212821 2193.73 320335 1.00304e+009 1.00336e+009 7.82629e+009
1.805 8.65742e+009 93045.2 0.224261 2301.6 335680 1.02295e+009 1.02329e+009 7.63413e+009
1.806 9.17236e+009 95772.4 0.230205 2357.45 343615 1.03304e+009 1.03338e+009 8.13897e+009
1.807 8.48703e+009 92125.1 0.236303 2414.61 351730 1.0432e+009 1.04355e+009 7.44348e+009
1.808 9.59593e+009 97958.8 0.24256 2473.13 360029 1.05345e+009 1.05381e+009 8.54212e+009
1.81 8.62414e+009 92866.2 0.255564 2594.32 377195 1.07421e+009 1.07459e+009 7.54955e+009
1.811 9.8975e+009 99486.2 0.262321 2657.07 386070 1.08471e+009 1.0851e+009 8.8124e+009
1.812 9.29337e+009 96402.1 0.269252 2721.29 395146 1.09531e+009 1.0957e+009 8.19767e+009
1.813 8.99941e+009 94865.2 0.276363 2787.01 404427 1.10599e+009 1.10639e+009 7.89301e+009
1.815 1.01844e+010 100918 0.291141 2923.13 423621 1.12761e+009 1.12804e+009 9.05636e+009
1.816 9.30238e+009 96448.9 0.298818 2993.59 433543 1.13855e+009 1.13899e+009 8.16339e+009
1.817 9.60649e+009 98012.7 0.306693 3065.71 443688 1.14959e+009 1.15004e+009 8.45645e+009
1.819 9.70718e+009 98525 0.323059 3215.03 464666 1.17193e+009 1.17239e+009 8.53478e+009
1.82 8.25439e+009 90853.7 0.33156 3292.33 475510 1.18323e+009 1.18371e+009 7.07068e+009
1.821 8.12968e+009 90164.7 0.34028 3371.42 486596 1.19463e+009 1.19512e+009 6.93456e+009
1.822 8.85488e+009 94100.4 0.349225 3452.37 497930 1.20612e+009 1.20662e+009 7.64826e+009
1.824 1.06262e+010 103083 0.367812 3619.96 521363 1.22937e+009 1.2299e+009 9.39627e+009
1.825 9.03831e+009 95070 0.377466 3706.7 533473 1.24114e+009 1.24168e+009 7.79663e+009
1.826 9.25096e+009 96181.9 0.387368 3795.45 545852 1.253e+009 1.25355e+009 7.99741e+009
1.828 9.16996e+009 95759.9 0.407941 3979.2 571444 1.27701e+009 1.27759e+009 7.89238e+009
1.829 8.07148e+009 89841.4 0.418626 4074.29 584668 1.28916e+009 1.28975e+009 6.78174e+009
1.83 9.97847e+009 99892.3 0.429585 4171.59 598185 1.3014e+009 1.30201e+009 8.67647e+009
1.832 8.46775e+009 92020.4 0.452353 4373 626124 1.32618e+009 1.32681e+009 7.14093e+009
1.833 8.46433e+009 92001.8 0.464177 4477.22 640559 1.33872e+009 1.33936e+009 7.12497e+009
1.834 8.64266e+009 92965.9 0.476303 4583.85 655313 1.35136e+009 1.35201e+009 7.29064e+009
1.835 7.45924e+009 86366.9 0.488739 4692.95 670393 1.36409e+009 1.36476e+009 6.09447e+009
1.837 8.64163e+009 92960.4 0.514574 4918.76 701557 1.38986e+009 1.39056e+009 7.25106e+009
1.838 8.49326e+009 92158.9 0.527989 5035.6 717655 1.40289e+009 1.40362e+009 7.08965e+009
1.839 9.60978e+009 98029.5 0.541746 5155.12 734108 1.41603e+009 1.41677e+009 8.19301e+009
1.841 1.04392e+010 102172 0.570323 5402.5 768104 1.44261e+009 1.44338e+009 8.9958e+009
1.842 9.26337e+009 96246.4 0.58516 5530.47 785663 1.45605e+009 1.45684e+009 7.80652e+009
1.843 9.9209e+009 99603.7 0.600375 5661.39 803606 1.4696e+009 1.47041e+009 8.45049e+009
1.845 9.09379e+009 95361.4 0.631978 5932.32 840678 1.49701e+009 1.49785e+009 7.59593e+009
1.846 9.06809e+009 95226.5 0.648385 6072.46 859824 1.51087e+009 1.51174e+009 7.55636e+009
1.847 9.36457e+009 96770.7 0.665209 6215.82 879387 1.52484e+009 1.52572e+009 7.83885e+009
1.849 1.07378e+010 103623 0.700149 6512.46 919799 1.55309e+009 1.55402e+009 9.18381e+009
1.85 1.5614e+010 124956 0.718288 6665.89 940667 1.56738e+009 1.56833e+009 1.40457e+010
1.851 1.4785e+010 121594 0.736887 6822.83 961988 1.58178e+009 1.58275e+009 1.32022e+010
1.853 1.4688e+010 121194 0.77551 7147.55 1.00603e+006 1.6109e+009 1.61191e+009 1.30761e+010
1.854 1.30865e+010 114396 0.795559 7315.49 1.02876e+006 1.62562e+009 1.62666e+009 1.14598e+010
1.855 1.42005e+010 119166 0.816115 7487.25 1.05199e+006 1.64046e+009 1.64152e+009 1.2559e+010
1.857 1.16512e+010 107941 0.858801 7842.61 1.09997e+006 1.67046e+009 1.67157e+009 9.97961e+009
1.858 1.13772e+010 106664 0.880956 8026.37 1.12473e+006 1.68563e+009 1.68676e+009 9.69039e+009
1.859 1.03513e+010 101741 0.903671 8214.31 1.15003e+006 1.70091e+009 1.70207e+009 8.64926e+009
1.861 9.29454e+009 96408.2 0.950836 8603.1 1.20227e+006 1.73182e+009 1.73303e+009 7.56151e+009
1.862 9.41266e+009 97018.8 0.975314 8804.13 1.22924e+006 1.74744e+009 1.74868e+009 7.66398e+009
1.863 8.96369e+009 94676.7 1.00041 9009.72 1.25678e+006 1.76318e+009 1.76445e+009 7.19924e+009
1.865 6.73489e+009 82066.4 1.05251 9434.96 1.31365e+006 1.795e+009 1.79633e+009 4.93856e+009
1.866 9.06496e+009 95210.1 1.07955 9654.83 1.343e+006 1.81109e+009 1.81244e+009 7.25251e+009
1.868 7.28898e+009 85375.5 1.13568 10109.6 1.40359e+006 1.84362e+009 1.84503e+009 5.44395e+009
1.869 8.22267e+009 90678.9 1.16481 10344.7 1.43486e+006 1.86006e+009 1.8615e+009 6.36117e+009
1.87 9.57837e+009 97869.1 1.19467 10585.1 1.46679e+006 1.87662e+009 1.87809e+009 7.70027e+009
1.872 7.11487e+009 84349.7 1.25666 11082.3 1.53271e+006 1.91009e+009 1.91164e+009 5.20324e+009
1.873 7.90418e+009 88905.4 1.28882 11339.3 1.56672e+006 1.92701e+009 1.92859e+009 5.97559e+009
1.874 8.36788e+009 91476.1 1.32179 11602 1.60145e+006 1.94405e+009 1.94567e+009 6.42221e+009
1.876 7.20278e+009 84869.2 1.39022 12145.5 1.67314e+006 1.9785e+009 1.98019e+009 5.22259e+009
1.877 8.19382e+009 90519.7 1.42573 12426.4 1.71012e+006 1.99591e+009 1.99763e+009 6.19619e+009
1.879 8.5137e+009 92269.7 1.49943 13007.2 1.78645e+006 2.03109e+009 2.03289e+009 6.48081e+009
1.88 8.6904e+009 93222.3 1.53766 13307.4 1.82582e+006 2.04887e+009 2.05071e+009 6.63969e+009
1.881 1.2688e+010 112641 1.57685 13614.3 1.86602e+006 2.06678e+009 2.06866e+009 1.06193e+010
1.883 1.35874e+010 116565 1.65818 14248.8 1.94897e+006 2.10297e+009 2.10493e+009 1.14825e+010
1.884 1.21507e+010 110230 1.70037 14576.7 1.99176e+006 2.12125e+009 2.12326e+009 1.00274e+010
1.885 1.32019e+010 114899 1.74362 14912 2.03544e+006 2.13966e+009 2.14171e+009 1.10602e+010
1.887 1.52183e+010 123363 1.83336 15605 2.12557e+006 2.17687e+009 2.17901e+009 1.30393e+010
1.888 1.16297e+010 107841 1.87991 15963.2 2.17205e+006 2.19566e+009 2.19785e+009 9.43189e+009
1.89 1.2444e+010 111553 1.97651 16703.6 2.26793e+006 2.23365e+009 2.23593e+009 1.0208e+010
1.891 1.1311e+010 106353 2.02661 17086.1 2.31738e+006 2.25283e+009 2.25517e+009 9.0558e+009
1.892 9.73561e+009 98669.2 2.07796 17477.2 2.36785e+006 2.27215e+009 2.27454e+009 7.46108e+009
1.894 8.46027e+009 91979.7 2.1845 18285.4 2.47197e+006 2.31119e+009 2.31368e+009 6.14659e+009
1.895 5.83036e+009 76356.8 2.23976 18703 2.52565e+006 2.3309e+009 2.33345e+009 3.49691e+009
1.897 7.82991e+009 88486.8 2.35441 19566.2 2.63636e+006 2.37073e+009 2.37339e+009 5.45652e+009
1.898 6.32615e+009 79537.1 2.41387 20012.1 2.69344e+006 2.39085e+009 2.39356e+009 3.93259e+009
1.9 5.72411e+009 75657.8 2.53723 20933.7 2.81116e+006 2.43149e+009 2.43433e+009 3.28978e+009
1.901 7.57284e+009 87022.1 2.60121 21409.8 2.87184e+006 2.45202e+009 2.45491e+009 5.11793e+009
1.902 6.7243e+009 82001.8 2.66676 21896.3 2.93378e+006 2.47268e+009 2.47564e+009 4.24867e+009
1.904 7.46289e+009 86388 2.80275 22901.8 3.06148e+006 2.51442e+009 2.5175e+009 4.94539e+009
1.905 7.12061e+009 84383.7 2.87327 23421.2 3.1273e+006 2.53549e+009 2.53864e+009 4.58197e+009
1.907 7.25698e+009 85187.9 3.01955 24494.4 3.26301e+006 2.57806e+009 2.58135e+009 4.67563e+009
1.908 6.6657e+009 81643.7 3.0954 25048.7 3.33296e+006 2.59955e+009 2.60291e+009 4.06278e+009
1.91 8.56049e+009 92522.9 3.25273 26194 3.47715e+006 2.64297e+009 2.64647e+009 5.91403e+009
1.911 6.56969e+009 81053.6 3.3343 26785.6 3.55146e+006 2.66488e+009 2.66846e+009 3.90123e+009
1.912 6.85997e+009 82824.9 3.41788 27390 3.62728e+006 2.68694e+009 2.6906e+009 4.16937e+009
1.914 6.82387e+009 82606.7 3.59122 28638.8 3.78358e+006 2.73149e+009 2.7353e+009 4.08857e+009
1.915 6.19715e+009 78722 3.68109 29283.7 3.86411e+006 2.75398e+009 2.75787e+009 3.43928e+009
1.917 6.64956e+009 81544.9 3.86747 30615.9 4.03009e+006 2.79939e+009 2.80345e+009 3.84612e+009
1.918 7.10374e+009 84283.7 3.96409 31303.9 4.11561e+006 2.82231e+009 2.82646e+009 4.27728e+009
1.92 7.43339e+009 86217.1 4.16448 32725 4.29185e+006 2.8686e+009 2.87292e+009 4.56048e+009
1.921 6.51371e+009 80707.6 4.26835 33458.7 4.38265e+006 2.89196e+009 2.89637e+009 3.61734e+009
1.922 7.29267e+009 85397.1 4.37476 34208.4 4.47527e+006 2.91547e+009 2.91998e+009 4.3727e+009
1.924 7.39818e+009 86012.7 4.59541 35756.9 4.66613e+006 2.96293e+009 2.96763e+009 4.43055e+009
1.925 7.74191e+009 87988.1 4.70979 36556.3 4.76444e+006 2.98688e+009 2.99168e+009 4.75023e+009
1.927 6.60837e+009 81291.9 4.94695 38207.4 4.967e+006 3.03524e+009 3.04024e+009 3.56813e+009
1.928 6.72449e+009 82003 5.06987 39059.9 5.07132e+006 3.05964e+009 3.06475e+009 3.65974e+009
1.93 6.85011e+009 82765.4 5.32474 40820.2 5.28626e+006 3.1089e+009 3.11423e+009 3.73588e+009
1.931 7.73838e+009 87968.1 5.45683 41729 5.39695e+006 3.13376e+009 3.13919e+009 4.59919e+009
1.933 7.29607e+009 85417 5.7307 43605.5 5.62498e+006 3.18393e+009 3.18959e+009 4.10647e+009
1.934 7.72083e+009 87868.2 5.87263 44574.2 5.7424e+006 3.20924e+009 3.21503e+009 4.5058e+009
1.936 6.59827e+009 81229.7 6.16687 46574.3 5.98426e+006 3.26033e+009 3.26636e+009 3.33191e+009
1.937 6.81404e+009 82547.2 6.31935 47606.7 6.1088e+006 3.28611e+009 3.29226e+009 3.52178e+009
1.939 7.04359e+009 83926.1 6.63545 49738.2 6.36529e+006 3.33813e+009 3.34454e+009 3.69905e+009
1.94 6.33866e+009 79615.7 6.79925 50838.4 6.49734e+006 3.36437e+009 3.37092e+009 2.96774e+009
1.942 5.81372e+009 76247.8 7.13879 53109.6 6.76928e+006 3.41732e+009 3.42415e+009 2.38958e+009
1.943 7.56235e+009 86961.8 7.31472 54281.7 6.90927e+006 3.44404e+009 3.451e+009 4.11135e+009
1.945 7.90043e+009 88884.3 7.67939 56701.5 7.19755e+006 3.49794e+009 3.50519e+009 4.39524e+009
1.946 8.738e+009 93477.3 7.86833 57950.2 7.34593e+006 3.52512e+009 3.53253e+009 5.20548e+009
1.948 7.79118e+009 88267.7 8.25995 60527.8 7.65146e+006 3.57997e+009 3.58769e+009 4.2035e+009
1.949 6.6123e+009 81316.1 8.46283 61857.8 7.8087e+006 3.60764e+009 3.61551e+009 2.99679e+009
1.951 6.1258e+009 78267.5 8.88333 64603.1 8.13244e+006 3.66345e+009 3.67165e+009 2.45415e+009
1.952 6.33497e+009 79592.5 9.10117 66019.6 8.29905e+006 3.6916e+009 3.69996e+009 2.63501e+009
1.954 6.89734e+009 83050.2 9.55263 68943.1 8.64202e+006 3.74838e+009 3.75709e+009 3.14025e+009
1.955 6.7155e+009 81948.1 9.78649 70451.5 8.81851e+006 3.77701e+009 3.7859e+009 2.9296e+009
1.957 5.95407e+009 77162.6 10.2711 73564.4 9.18179e+006 3.83476e+009 3.84402e+009 2.11005e+009
1.958 6.45628e+009 80351 10.5222 75170.3 9.36871e+006 3.86388e+009 3.87333e+009 2.58295e+009
1.96 6.5524e+009 80946.9 11.0424 78484.3 9.75341e+006 3.92262e+009 3.93245e+009 2.61995e+009
1.961 5.85566e+009 76522.3 11.3118 80193.8 9.95134e+006 3.95223e+009 3.96226e+009 1.8934e+009
1.963 6.80541e+009 82494.9 11.8701 83721.5 1.03587e+007 4.01195e+009 4.0224e+009 2.78302e+009
1.964 7.47496e+009 86457.8 12.1592 85541 1.05682e+007 4.04206e+009 4.05272e+009 3.42224e+009
1.966 7.53612e+009 86810.8 12.7583 89295.5 1.09994e+007 4.10278e+009 4.11387e+009 3.42225e+009
1.967 7.65214e+009 87476.5 13.0686 91231.9 1.12211e+007 4.13339e+009 4.1447e+009 3.50744e+009
1.969 7.61285e+009 87251.6 13.7114 95227.2 1.16775e+007 4.1951e+009 4.20688e+009 3.40597e+009
1.97 7.18515e+009 84765.3 14.0443 97287.7 1.19122e+007 4.22621e+009 4.23822e+009 2.94693e+009
1.972 7.03637e+009 83883.1 14.7339 101539 1.23951e+007 4.28894e+009 4.30143e+009 2.73494e+009
1.973 6.71931e+009 81971.4 15.091 103731 1.26434e+007 4.32055e+009 4.3333e+009 2.38602e+009
1.975 7.25045e+009 85149.6 15.8308 108253 1.31542e+007 4.38429e+009 4.39755e+009 2.8529e+009
1.976 6.81503e+009 82553.2 16.2139 110585 1.34169e+007 4.41641e+009 4.42994e+009 2.38509e+009
1.978 6.41491e+009 80093.1 17.0073 115395 1.39572e+007 4.48116e+009 4.49524e+009 1.91967e+009
1.98 7.28819e+009 85370.9 17.8387 120407 1.45181e+007 4.5466e+009 4.56124e+009 2.72695e+009
1.981 7.16765e+009 84661.9 18.2691 122992 1.48064e+007 4.57957e+009 4.5945e+009 2.57315e+009
1.983 6.34697e+009 79667.8 19.1606 128321 1.53995e+007 4.64603e+009 4.66156e+009 1.68541e+009
1.984 7.72739e+009 87905.6 19.6222 131069 1.57043e+007 4.67952e+009 4.69535e+009 3.03204e+009
1.986 7.73334e+009 87939.4 20.5781 136736 1.63312e+007 4.74701e+009 4.76348e+009 2.96986e+009
1.987 8.87996e+009 94233.6 21.0729 139658 1.66535e+007 4.78101e+009 4.79781e+009 4.08216e+009
1.989 7.52908e+009 86770.3 22.0977 145682 1.73161e+007 4.84954e+009 4.867e+009 2.66208e+009
1.99 6.41087e+009 80067.9 22.6282 148788 1.76567e+007 4.88406e+009 4.90187e+009 1.509e+009
1.992 6.48043e+009 80501.1 23.7268 155192 1.83569e+007 4.95363e+009 4.97214e+009 1.50829e+009
1.994 5.63104e+009 75040.2 24.8774 161861 1.90833e+007 5.02388e+009 5.04313e+009 5.87909e+008
1.995 7.35105e+009 85738.3 25.4729 165299 1.94565e+007 5.05927e+009 5.0789e+009 2.27215e+009
1.997 7.54998e+009 86890.6 26.7061 172387 2.02239e+007 5.13058e+009 5.15097e+009 2.39901e+009
1.998 6.44867e+009 80303.6 27.3443 176039 2.06181e+007 5.16649e+009 5.18728e+009 1.26139e+009
2 6.21602e+009 78841.8 28.6658 183570 2.14285e+007 5.23884e+009 5.26045e+009 9.55572e+008
2.001 6.75974e+009 82217.6 29.3497 187451 2.18449e+007 5.27528e+009 5.29731e+009 1.46243e+009
2.003 8.45625e+009 91957.9 30.7656 195452 2.27007e+007 5.34868e+009 5.37158e+009 3.08467e+009
2.005 6.60849e+009 81292.6 32.2481 203781 2.35879e+007 5.42278e+009 5.44657e+009 1.16192e+009
2.006 6.64406e+009 81511.1 33.0153 208073 2.40437e+007 5.4601e+009 5.48435e+009 1.15971e+009
2.008 6.17076e+009 78554.2 34.6035 216920 2.49804e+007 5.53525e+009 5.56045e+009 6.10308e+008
2.009 6.61296e+009 81320.1 35.4253 221479 2.54614e+007 5.57309e+009 5.59878e+009 1.01418e+009
2.011 8.86669e+009 94163.1 37.1265 230874 2.64499e+007 5.6493e+009 5.67599e+009 3.19071e+009
2.013 8.00893e+009 89492.6 38.9073 240653 2.74745e+007 5.72622e+009 5.75394e+009 2.255e+009
2.014 7.62354e+009 87312.9 39.8287 245690 2.80006e+007 5.76494e+009 5.79319e+009 1.83035e+009
2.016 6.54076e+009 80875 41.7358 256072 2.90816e+007 5.84292e+009 5.87225e+009 6.6851e+008
2.017 6.83994e+009 82703.9 42.7225 261421 2.96366e+007 5.88217e+009 5.91206e+009 9.27877e+008
2.019 6.41798e+009 80112.3 44.7646 272442 3.07768e+007 5.9612e+009 5.99225e+009 4.25732e+008
2.021 7.29117e+009 85388.4 46.9018 283910 3.19581e+007 6.04093e+009 6.07318e+009 1.21799e+009
2.022 7.4146e+009 86108.1 48.0074 289817 3.25647e+007 6.08107e+009 6.11392e+009 1.30068e+009
2.024 6.69822e+009 81842.7 50.2955 301988 3.38103e+007 6.16186e+009 6.19597e+009 5.02249e+008
2.026 7.21817e+009 84959.8 52.6898 314651 3.51007e+007 6.24336e+009 6.27878e+009 9.39394e+008
2.027 7.77306e+009 88165 53.9283 321172 3.57631e+007 6.28438e+009 6.32046e+009 1.4526e+009
2.029 8.12463e+009 90136.8 56.4911 334608 3.71233e+007 6.36693e+009 6.40439e+009 1.72024e+009
2.03 7.4565e+009 86351 57.8167 341527 3.78215e+007 6.40848e+009 6.44664e+009 1.00986e+009
2.032 6.36105e+009 79756.2 60.5594 355780 3.9255e+007 6.49209e+009 6.5317e+009 -1.70648e+008
2.034 7.46813e+009 86418.4 63.4289 370605 4.07394e+007 6.5764e+009 6.61751e+009 8.50617e+008
2.035 7.6909e+009 87697.8 64.913 378239 4.15012e+007 6.61883e+009 6.66071e+009 1.0302e+009
2.037 7.50858e+009 86652.1 67.9834 393963 4.3065e+007 6.70419e+009 6.74765e+009 7.6093e+008
2.039 7.73703e+009 87960.4 71.1953 410315 4.4684e+007 6.79026e+009 6.83536e+009 9.01675e+008
2.04 7.76886e+009 88141.1 72.8562 418734 4.55148e+007 6.83356e+009 6.87949e+009 8.89366e+008
2.042 7.46817e+009 86418.6 76.2922 436073 4.72199e+007 6.92068e+009 6.96833e+009 4.99841e+008
2.044 7.96e+009 89218.8 79.886 454102 4.89848e+007 7.00849e+009 7.05793e+009 9.02065e+008
2.045 6.20371e+009 78763.7 81.7443 463383 4.98903e+007 7.05266e+009 7.10301e+009 -8.993e+008
2.047 8.37559e+009 91518.2 85.5882 482495 5.17484e+007 7.14152e+009 7.19375e+009 1.18184e+009
2.049 8.15319e+009 90295 89.608 502364 5.36712e+007 7.23107e+009 7.28524e+009 8.67945e+008
2.05 8.6749e+009 93139.1 91.6864 512592 5.46575e+007 7.2761e+009 7.33127e+009 1.34362e+009
2.052 6.73857e+009 82088.8 95.985 533650 5.66812e+007 7.36669e+009 7.4239e+009 -6.85334e+008
2.054 7.93031e+009 89052.3 100.48 555539 5.87748e+007 7.45796e+009 7.51729e+009 4.13021e+008
2.055 7.46385e+009 86393.6 102.804 566804 5.98486e+007 7.50386e+009 7.56427e+009 -1.00418e+008
2.057 8.64725e+009 92990.6 107.609 589998 6.20514e+007 7.59616e+009 7.6588e+009 9.88447e+008
2.059 9.20832e+009 95960 112.634 614101 6.43298e+007 7.68914e+009 7.75408e+009 1.45424e+009
2.06 8.17003e+009 90388.2 115.231 626505 6.54982e+007 7.73589e+009 7.80201e+009 3.68022e+008
2.062 9.16296e+009 95723.4 120.601 652039 6.78946e+007 7.82989e+009 7.89843e+009 1.26453e+009
2.064 8.45197e+009 91934.6 126.216 678571 7.03727e+007 7.92456e+009 7.99561e+009 4.56354e+008
2.066 9.13753e+009 95590.4 132.084 706139 7.29351e+007 8.01991e+009 8.09355e+009 1.04397e+009
2.067 9.19343e+009 95882.4 135.117 720323 7.42488e+007 8.06783e+009 8.1428e+009 1.05062e+009
2.069 7.84855e+009 88592.1 141.388 749516 7.69426e+007 8.16418e+009 8.24188e+009 -3.93323e+008
2.071 8.27403e+009 90961.7 147.943 779843 7.97274e+007 8.26119e+009 8.3417e+009 -6.76714e+007
2.072 7.97889e+009 89324.6 151.33 795446 8.11548e+007 8.30995e+009 8.3919e+009 -4.13007e+008
2.074 8.06655e+009 89814 158.333 827554 8.40814e+007 8.40795e+009 8.49286e+009 -4.26308e+008
2.076 8.37618e+009 91521.5 165.651 860904 8.71062e+007 8.5066e+009 8.59457e+009 -2.18386e+008
2.077 8.86062e+009 94130.8 169.432 878059 8.86563e+007 8.55617e+009 8.64571e+009 2.1491e+008
2.079 8.4198e+009 91759.4 177.249 913359 9.1834e+007 8.6558e+009 8.74855e+009 -3.28751e+008
2.081 7.91031e+009 88939.9 185.417 950018 9.51176e+007 8.75607e+009 8.85214e+009 -9.41823e+008
2.083 8.76039e+009 93597 193.951 988087 9.85103e+007 8.85698e+009 8.95648e+009 -1.96088e+008
2.084 1.06499e+010 103199 198.36 1.00767e+006 1.00249e+008 8.90767e+009 9.00893e+009 1.64101e+009
2.086 9.99336e+009 99966.8 207.473 1.04795e+006 1.03811e+008 9.00953e+009 9.11439e+009 8.78971e+008
2.088 9.81805e+009 99086.1 216.994 1.08977e+006 1.07491e+008 9.11202e+009 9.2206e+009 5.97453e+008
2.09 8.5011e+009 92201.4 226.939 1.13319e+006 1.11292e+008 9.21513e+009 9.32755e+009 -8.2645e+008
2.091 8.19456e+009 90523.8 232.077 1.15552e+006 1.13239e+008 9.26691e+009 9.38131e+009 -1.18675e+009
2.093 8.90413e+009 94361.7 242.694 1.20144e+006 1.17229e+008 9.37095e+009 9.48938e+009 -5.85244e+008
2.095 9.01671e+009 94956.3 253.783 1.24912e+006 1.21349e+008 9.47559e+009 9.59818e+009 -5.81478e+008
2.097 9.54306e+009 97688.6 265.365 1.2986e+006 1.25603e+008 9.58083e+009 9.70773e+009 -1.64672e+008
2.098 1.06141e+010 103025 271.348 1.32404e+006 1.27781e+008 9.63368e+009 9.76278e+009 8.51322e+008
2.1 1.56742e+010 125197 283.709 1.37637e+006 1.32244e+008 9.73982e+009 9.87344e+009 5.80075e+009
2.102 1.62776e+010 127584 296.617 1.43067e+006 1.36851e+008 9.84654e+009 9.98483e+009 6.29278e+009
2.104 1.76593e+010 132888 310.097 1.48702e+006 1.41606e+008 9.95385e+009 1.00969e+010 7.56231e+009
2.105 1.7299e+010 131526 317.058 1.51599e+006 1.44041e+008 1.00077e+010 1.01533e+010 7.14574e+009
2.107 1.65307e+010 128572 331.44 1.57555e+006 1.49028e+008 1.01159e+010 1.02665e+010 6.26421e+009
2.109 1.44867e+010 120361 346.456 1.63735e+006 1.54174e+008 1.02246e+010 1.03804e+010 4.10621e+009
2.111 1.54108e+010 124140 362.133 1.70147e+006 1.59484e+008 1.03339e+010 1.04951e+010 4.91566e+009
2.113 1.44113e+010 120047 378.5 1.76799e+006 1.64964e+008 1.04438e+010 1.06105e+010 3.80076e+009
2.114 1.21779e+010 110354 386.951 1.80217e+006 1.67768e+008 1.04989e+010 1.06685e+010 1.50944e+009
2.116 9.85827e+009 99288.8 404.407 1.87245e+006 1.7351e+008 1.06096e+010 1.0785e+010 -9.26678e+008
2.118 8.66858e+009 93105.2 422.628 1.94535e+006 1.79433e+008 1.07208e+010 1.09021e+010 -2.23357e+009
2.12 7.79972e+009 88316 441.647 2.02096e+006 1.85543e+008 1.08325e+010 1.10201e+010 -3.22034e+009
2.122 9.11453e+009 95470 461.497 2.09938e+006 1.91845e+008 1.09447e+010 1.11387e+010 -2.02415e+009
2.123 1.00733e+010 100366 471.745 2.13967e+006 1.95069e+008 1.1001e+010 1.11983e+010 -1.12496e+009
2.125 1.2935e+010 113732 492.909 2.22248e+006 2.01669e+008 1.11141e+010 1.13179e+010 1.61709e+009
2.127 1.20498e+010 109772 514.995 2.30836e+006 2.08475e+008 1.12276e+010 1.14383e+010 6.11485e+008
2.129 1.10906e+010 105312 538.042 2.3974e+006 2.15491e+008 1.13415e+010 1.15594e+010 -4.68838e+008
2.131 1.03124e+010 101550 562.091 2.48972e+006 2.22725e+008 1.1456e+010 1.16812e+010 -1.36881e+009
2.132 1.04178e+010 102068 574.504 2.53715e+006 2.26426e+008 1.15134e+010 1.17424e+010 -1.32458e+009
2.134 9.49979e+009 97466.9 600.135 2.6346e+006 2.33997e+008 1.16286e+010 1.18653e+010 -2.36546e+009
2.136 1.02115e+010 101052 626.876 2.73563e+006 2.41802e+008 1.17443e+010 1.19888e+010 -1.77729e+009
2.138 1.0684e+010 103363 654.774 2.84036e+006 2.49845e+008 1.18604e+010 1.2113e+010 -1.42906e+009
2.14 1.15644e+010 107538 683.877 2.9489e+006 2.58135e+008 1.19769e+010 1.2238e+010 -6.73585e+008
2.142 1.32145e+010 114954 714.236 3.06141e+006 2.66676e+008 1.20939e+010 1.23636e+010 8.50938e+008
2.143 1.15513e+010 107477 729.903 3.11919e+006 2.71044e+008 1.21525e+010 1.24267e+010 -8.75351e+008
2.145 1.19519e+010 109325 762.245 3.23788e+006 2.79977e+008 1.22701e+010 1.25533e+010 -6.01366e+008
2.147 1.08232e+010 104035 795.977 3.36088e+006 2.89181e+008 1.23881e+010 1.26806e+010 -1.85739e+009
2.149 1.03787e+010 101876 831.159 3.48834e+006 2.98662e+008 1.25065e+010 1.28086e+010 -2.42995e+009
2.151 1.1728e+010 108296 867.849 3.6204e+006 3.08427e+008 1.26253e+010 1.29373e+010 -1.20933e+009
2.153 1.21433e+010 110197 906.111 3.75723e+006 3.18485e+008 1.27444e+010 1.30667e+010 -9.23336e+008
2.154 1.30947e+010 114432 925.852 3.82748e+006 3.23626e+008 1.28041e+010 1.31316e+010 -3.69387e+007
2.156 1.30929e+010 114424 966.595 3.97176e+006 3.34137e+008 1.29239e+010 1.3262e+010 -1.69026e+008
2.158 1.21463e+010 110210 1009.08 4.12122e+006 3.44961e+008 1.30439e+010 1.3393e+010 -1.24674e+009
2.16 1.22178e+010 110534 1053.37 4.27604e+006 3.56105e+008 1.31643e+010 1.35247e+010 -1.30692e+009
2.162 1.2849e+010 113354 1099.55 4.4364e+006 3.67578e+008 1.3285e+010 1.3657e+010 -8.07988e+008
2.164 1.32495e+010 115106 1147.69 4.60248e+006 3.79388e+008 1.34061e+010 1.37901e+010 -5.40559e+008
2.166 1.42822e+010 119508 1197.88 4.77448e+006 3.91545e+008 1.35274e+010 1.39237e+010 3.58482e+008
2.168 1.20856e+010 109935 1250.2 4.95259e+006 4.04058e+008 1.3649e+010 1.4058e+010 -1.97241e+009
2.169 1.37264e+010 117160 1277.18 5.04401e+006 4.1045e+008 1.371e+010 1.41255e+010 -3.99014e+008
2.171 1.48828e+010 121995 1332.85 5.23169e+006 4.23513e+008 1.3832e+010 1.42608e+010 6.22048e+008
2.173 1.33709e+010 115633 1390.88 5.42601e+006 4.36955e+008 1.39543e+010 1.43967e+010 -1.02582e+009
2.175 1.25351e+010 111960 1451.36 5.6272e+006 4.50785e+008 1.40769e+010 1.45333e+010 -1.99819e+009
2.177 1.45526e+010 120634 1514.38 5.83548e+006 4.65013e+008 1.41997e+010 1.46706e+010 -1.17942e+008
2.179 1.36962e+010 117031 1580.06 6.0511e+006 4.79651e+008 1.43227e+010 1.48084e+010 -1.11227e+009
2.181 1.4185e+010 119101 1648.5 6.27428e+006 4.94707e+008 1.4446e+010 1.4947e+010 -7.61943e+008
2.183 1.44732e+010 120304 1719.81 6.50529e+006 5.10192e+008 1.45694e+010 1.50861e+010 -6.12978e+008
2.185 1.35727e+010 116502 1794.12 6.74439e+006 5.26118e+008 1.46931e+010 1.52259e+010 -1.65321e+009
2.187 1.45987e+010 120825 1871.53 6.99183e+006 5.42496e+008 1.48169e+010 1.53664e+010 -7.67644e+008
2.189 1.40697e+010 118616 1952.18 7.2479e+006 5.59335e+008 1.49409e+010 1.55074e+010 -1.43776e+009
2.19 1.49773e+010 122382 1993.76 7.37925e+006 5.67932e+008 1.50029e+010 1.55782e+010 -6.00886e+008
2.192 1.42524e+010 119383 2079.52 7.64879e+006 5.85487e+008 1.51271e+010 1.57202e+010 -1.46787e+009
2.194 1.54046e+010 124115 2168.84 7.92768e+006 6.03534e+008 1.52514e+010 1.58629e+010 -4.58256e+008
2.196 1.5522e+010 124587 2261.89 8.21622e+006 6.22085e+008 1.53758e+010 1.60061e+010 -4.84127e+008
2.198 1.52551e+010 123512 2358.8 8.51472e+006 6.41151e+008 1.55004e+010 1.615e+010 -8.9493e+008
2.2 1.48947e+010 122044 2459.73 8.82352e+006 6.60747e+008 1.5625e+010 1.62946e+010 -1.39986e+009
2.202 1.55446e+010 124678 2564.85 9.14295e+006 6.80883e+008 1.57497e+010 1.64397e+010 -8.95163e+008
2.204 1.65969e+010 128829 2674.31 9.47335e+006 7.01574e+008 1.58744e+010 1.65855e+010 1.13838e+007
2.206 1.54621e+010 124347 2788.31 9.81507e+006 7.22832e+008 1.59992e+010 1.67319e+010 -1.26975e+009
2.208 1.60954e+010 126868 2907 1.01685e+007 7.44672e+008 1.61241e+010 1.68789e+010 -7.83494e+008
2.21 1.58167e+010 125764 3030.59 1.0534e+007 7.67107e+008 1.62489e+010 1.70266e+010 -1.20988e+009
2.212 1.61418e+010 127050 3159.26 1.09119e+007 7.90151e+008 1.63738e+010 1.71748e+010 -1.033e+009
2.214 1.6151e+010 127086 3293.23 1.13027e+007 8.13819e+008 1.64986e+010 1.73237e+010 -1.17275e+009
2.216 1.5697e+010 125288 3432.69 1.17067e+007 8.38124e+008 1.66234e+010 1.74732e+010 -1.77624e+009
2.218 1.60806e+010 126809 3577.87 1.21244e+007 8.63083e+008 1.67481e+010 1.76233e+010 -1.54277e+009
2.22 1.7256e+010 131362 3728.99 1.25563e+007 8.8871e+008 1.68728e+010 1.77741e+010 -5.18057e+008
2.222 1.71286e+010 130876 3886.29 1.30027e+007 9.1502e+008 1.69975e+010 1.79255e+010 -7.96888e+008
2.224 1.49936e+010 122448 4050.01 1.34641e+007 9.4203e+008 1.7122e+010 1.80775e+010 -3.08388e+009
2.226 1.81106e+010 134575 4220.41 1.39411e+007 9.69755e+008 1.72464e+010 1.82301e+010 -1.19565e+008
2.228 1.55073e+010 124528 4397.73 1.4434e+007 9.98212e+008 1.73707e+010 1.83834e+010 -2.87611e+009
2.23 1.89741e+010 137746 4582.27 1.49434e+007 1.02742e+009 1.74949e+010 1.85373e+010 4.36802e+008
2.232 1.66879e+010 129182 4774.3 1.54698e+007 1.05739e+009 1.76189e+010 1.86918e+010 -2.00389e+009
2.234 1.75276e+010 132392 4974.11 1.60138e+007 1.08814e+009 1.77428e+010 1.88469e+010 -1.31935e+009
2.236 1.89133e+010 137526 5182.01 1.65759e+007 1.11969e+009 1.78664e+010 1.90027e+010 -8.94211e+007
2.238 1.78364e+010 133553 5398.32 1.71566e+007 1.15206e+009 1.79899e+010 1.91591e+010 -1.32277e+009
2.24 1.86597e+010 136601 5623.35 1.77565e+007 1.18527e+009 1.81132e+010 1.93162e+010 -6.56466e+008
2.242 1.87498e+010 136930 5857.46 1.83763e+007 1.21933e+009 1.82362e+010 1.94739e+010 -7.24094e+008
2.244 1.79857e+010 134111 6100.99 1.90165e+007 1.25426e+009 1.8359e+010 1.96322e+010 -1.64654e+009
2.246 1.76529e+010 132864 6354.31 1.96778e+007 1.29008e+009 1.84815e+010 1.97912e+010 -2.13836e+009
2.248 1.8778e+010 137033 6617.79 2.03608e+007 1.32682e+009 1.86037e+010 1.99509e+010 -1.17288e+009
2.25 1.89931e+010 137815 6891.84 2.10662e+007 1.36448e+009 1.87257e+010 2.01112e+010 -1.1181e+009
2.252 2.06674e+010 143762 7176.85 2.17947e+007 1.4031e+009 1.88473e+010 2.02722e+010 3.9524e+008
2.254 2.22552e+010 149182 7473.26 2.25469e+007 1.44269e+009 1.89686e+010 2.04338e+010 1.82142e+009
2.256 2.85402e+010 168938 7781.49 2.33237e+007 1.48327e+009 1.90895e+010 2.05961e+010 7.94407e+009
2.258 2.92951e+010 171158 8102.01 2.41257e+007 1.52486e+009 1.92101e+010 2.07591e+010 8.536e+009
2.26 2.88088e+010 169732 8435.28 2.49537e+007 1.56748e+009 1.93303e+010 2.09228e+010 7.88603e+009
2.262 2.89359e+010 170106 8781.8 2.58085e+007 1.61117e+009 1.94501e+010 2.10871e+010 7.84882e+009
2.264 2.572e+010 160375 9142.07 2.66909e+007 1.65592e+009 1.95695e+010 2.12522e+010 4.46788e+009
2.267 2.87022e+010 169417 9709.41 2.80681e+007 1.72513e+009 1.97478e+010 2.1501e+010 7.20119e+009
2.269 2.5941e+010 161062 10106.4 2.90233e+007 1.77268e+009 1.98661e+010 2.16678e+010 4.27319e+009
2.271 2.49786e+010 158046 10519.1 3.0009e+007 1.82139e+009 1.9984e+010 2.18354e+010 3.14323e+009
2.273 2.23822e+010 149607 10948 3.10263e+007 1.87127e+009 2.01013e+010 2.20036e+010 3.78641e+008
2.275 2.21971e+010 148987 11393.8 3.20761e+007 1.92236e+009 2.02181e+010 2.21726e+010 2.45204e+007
2.277 2.27079e+010 150691 11857.1 3.31593e+007 1.97468e+009 2.03345e+010 2.23423e+010 3.65567e+008
2.279 2.21523e+010 148836 12338.7 3.4277e+007 2.02825e+009 2.04502e+010 2.25128e+010 -3.60492e+008
2.281 2.24628e+010 149876 12839.1 3.543e+007 2.0831e+009 2.05655e+010 2.2684e+010 -2.21221e+008
2.283 2.18814e+010 147924 13359.1 3.66196e+007 2.13926e+009 2.06801e+010 2.2856e+010 -9.74607e+008
2.285 2.1961e+010 148192 13899.4 3.78468e+007 2.19673e+009 2.07942e+010 2.30288e+010 -1.06778e+009
2.288 2.43129e+010 155926 14749.7 3.97604e+007 2.2855e+009 2.09642e+010 2.32894e+010 1.02348e+009
2.29 2.20932e+010 148638 15344.2 4.10864e+007 2.34641e+009 2.10767e+010 2.34642e+010 -1.371e+009
2.292 2.44823e+010 156468 15961.8 4.24539e+007 2.40875e+009 2.11886e+010 2.36398e+010 8.42509e+008
2.294 2.51092e+010 158459 16603.5 4.38642e+007 2.47253e+009 2.12998e+010 2.38162e+010 1.29301e+009
2.296 2.30675e+010 151880 17270 4.53185e+007 2.53778e+009 2.14103e+010 2.39934e+010 -9.2598e+008
2.298 2.53104e+010 159093 17962.3 4.68181e+007 2.60454e+009 2.15202e+010 2.41715e+010 1.1389e+009
2.3 2.39843e+010 154869 18681.4 4.83643e+007 2.67283e+009 2.16293e+010 2.43505e+010 -3.66165e+008
2.302 2.34902e+010 153265 19428.2 4.99584e+007 2.74267e+009 2.17377e+010 2.45303e+010 -1.04016e+009
2.305 2.22471e+010 149155 20602.8 5.24425e+007 2.85042e+009 2.18989e+010 2.48018e+010 -2.55464e+009
2.307 2.40056e+010 154937 21423.6 5.41626e+007 2.92429e+009 2.20054e+010 2.49839e+010 -9.78319e+008
2.309 2.46491e+010 157000 22275.9 5.59355e+007 2.99982e+009 2.21111e+010 2.51669e+010 -5.17814e+008
2.311 2.41399e+010 155370 23160.9 5.77629e+007 3.07704e+009 2.2216e+010 2.53509e+010 -1.21094e+009
2.313 2.53063e+010 159079 24079.8 5.96463e+007 3.15599e+009 2.23201e+010 2.55358e+010 -2.29548e+008
2.315 2.67895e+010 163675 25033.9 6.15872e+007 3.23668e+009 2.24234e+010 2.57217e+010 1.06774e+009
2.318 2.63554e+010 162344 26533.6 6.461e+007 3.36107e+009 2.25767e+010 2.60024e+010 3.53017e+008
2.32 2.46422e+010 156978 27581.2 6.6702e+007 3.44628e+009 2.26778e+010 2.61908e+010 -1.54859e+009
2.322 2.49619e+010 157993 28668.7 6.88574e+007 3.53335e+009 2.2778e+010 2.63803e+010 -1.41836e+009
2.324 2.60312e+010 161342 29797.4 7.10779e+007 3.62232e+009 2.28773e+010 2.65708e+010 -5.39624e+008
2.326 2.59385e+010 161054 30969 7.33655e+007 3.71321e+009 2.29757e+010 2.67623e+010 -8.23835e+008
2.329 2.57873e+010 160584 32810 7.69267e+007 3.85323e+009 2.31216e+010 2.70517e+010 -1.26443e+009
2.331 2.51133e+010 158472 34095.4 7.93901e+007 3.94908e+009 2.32176e+010 2.72461e+010 -2.13279e+009
2.333 2.7478e+010 165765 35429.4 8.19272e+007 4.04698e+009 2.33126e+010 2.74415e+010 3.64077e+007
2.335 2.61758e+010 161789 36813.6 8.45402e+007 4.14695e+009 2.34067e+010 2.76382e+010 -1.46241e+009
2.337 2.79415e+010 167157 38249.8 8.7231e+007 4.24903e+009 2.34997e+010 2.7836e+010 1.05544e+008
2.34 2.80178e+010 167385 40506 9.14179e+007 4.40618e+009 2.36373e+010 2.8135e+010 -1.1716e+008
2.342 2.87149e+010 169455 42080.7 9.43129e+007 4.51369e+009 2.37278e+010 2.83358e+010 3.79079e+008
2.344 2.80032e+010 167342 43714.3 9.72934e+007 4.62343e+009 2.38172e+010 2.85379e+010 -5.34709e+008
2.346 2.76939e+010 166415 45409 1.00362e+008 4.73544e+009 2.39055e+010 2.87414e+010 -1.04748e+009
2.349 3.04439e+010 174482 48070.2 1.05134e+008 4.90778e+009 2.40359e+010 2.90489e+010 1.395e+009
2.351 2.81885e+010 167894 49927.1 1.08433e+008 5.02562e+009 2.41215e+010 2.92556e+010 -1.06714e+009
2.353 2.83164e+010 168275 51853 1.11828e+008 5.14585e+009 2.4206e+010 2.94637e+010 -1.14734e+009
2.355 2.82661e+010 168125 53850.4 1.15323e+008 5.26851e+009 2.42893e+010 2.96732e+010 -1.40712e+009
2.358 2.92278e+010 170961 56985.9 1.20756e+008 5.45714e+009 2.44121e+010 2.99901e+010 -7.6224e+008
2.36 2.98234e+010 172694 59173.1 1.2451e+008 5.58605e+009 2.44925e+010 3.02031e+010 -3.79769e+008
2.362 2.99969e+010 173196 61441 1.28372e+008 5.71751e+009 2.45718e+010 3.04177e+010 -4.20767e+008
2.364 2.96103e+010 172076 63792.5 1.32346e+008 5.85158e+009 2.46498e+010 3.06338e+010 -1.02346e+009
2.367 3.19546e+010 178758 67482.8 1.38522e+008 6.05763e+009 2.47646e+010 3.09608e+010 9.93772e+008
2.369 3.1273e+010 176842 70056.2 1.42788e+008 6.19836e+009 2.48395e+010 3.11808e+010 9.22093e+007
2.371 3.14243e+010 177269 72723.9 1.47176e+008 6.34182e+009 2.49133e+010 3.14024e+010 2.19155e+007
2.373 3.13297e+010 177002 75489.2 1.51689e+008 6.48806e+009 2.49858e+010 3.16256e+010 -2.95916e+008
2.376 3.15271e+010 177559 79827.5 1.58702e+008 6.71269e+009 2.50921e+010 3.19636e+010 -4.36465e+008
2.378 3.2133e+010 179257 82852 1.63543e+008 6.86603e+009 2.51614e+010 3.21911e+010 -5.8027e+007
2.38 3.22177e+010 179493 85986.4 1.68521e+008 7.02228e+009 2.52294e+010 3.24203e+010 -2.02548e+008
2.383 3.37561e+010 183728 90902.8 1.76253e+008 7.26219e+009 2.53289e+010 3.27675e+010 9.88677e+008
2.385 3.32759e+010 182417 94329.4 1.8159e+008 7.42588e+009 2.53936e+010 3.30012e+010 2.74739e+008
2.387 3.39317e+010 184205 97879.9 1.87076e+008 7.59262e+009 2.5457e+010 3.32368e+010 6.94854e+008
2.39 3.38226e+010 183909 103448 1.95595e+008 7.84854e+009 2.55495e+010 3.35938e+010 2.28788e+008
2.392 3.5472e+010 188340 107327 2.01474e+008 8.02308e+009 2.56095e+010 3.38342e+010 1.63788e+009
2.394 3.2796e+010 181097 111346 2.07515e+008 8.2008e+009 2.56681e+010 3.40765e+010 -1.28054e+009
2.397 3.23194e+010 179776 117647 2.16894e+008 8.47346e+009 2.57534e+010 3.44439e+010 -2.12451e+009
2.399 3.71316e+010 192696 122037 2.23363e+008 8.65933e+009 2.58086e+010 3.46914e+010 2.44028e+009
2.401 3.58851e+010 189434 126583 2.30011e+008 8.84854e+009 2.58623e+010 3.4941e+010 9.44111e+008
2.404 3.66068e+010 191329 133709 2.40327e+008 9.13867e+009 2.59402e+010 3.53193e+010 1.28742e+009
2.406 3.717e+010 192795 138672 2.47441e+008 9.33638e+009 2.59904e+010 3.55743e+010 1.59573e+009
2.408 3.63655e+010 190698 143812 2.5475e+008 9.53755e+009 2.60391e+010 3.58315e+010 5.34016e+008
2.411 3.62853e+010 190487 151865 2.66088e+008 9.84592e+009 2.61095e+010 3.62216e+010 6.36764e+007
2.413 3.83685e+010 195879 157473 2.73904e+008 1.00559e+010 2.61545e+010 3.64845e+010 1.88398e+009
2.416 3.73885e+010 193361 166259 2.86028e+008 1.03778e+010 2.62194e+010 3.68834e+010 5.05147e+008
2.418 3.83244e+010 195766 172375 2.94384e+008 1.05969e+010 2.62608e+010 3.71523e+010 1.17205e+009
2.42 3.95451e+010 198859 178707 3.02965e+008 1.08198e+010 2.63007e+010 3.74237e+010 2.12142e+009
2.423 4.08015e+010 201994 188625 3.1627e+008 1.11611e+010 2.63578e+010 3.78354e+010 2.96607e+009
2.425 3.82345e+010 195537 195528 3.25439e+008 1.13934e+010 2.6394e+010 3.8113e+010 1.21484e+008
2.427 4.0297e+010 200741 202673 3.34852e+008 1.16296e+010 2.64287e+010 3.83933e+010 1.90368e+009
2.43 4.13659e+010 203386 213861 3.49443e+008 1.19911e+010 2.64778e+010 3.88186e+010 2.54734e+009
2.432 4.2066e+010 205100 221647 3.59494e+008 1.22371e+010 2.65087e+010 3.91055e+010 2.96054e+009
2.435 4.12299e+010 203052 233837 3.75071e+008 1.26135e+010 2.65521e+010 3.9541e+010 1.68897e+009
2.437 4.21837e+010 205387 242317 3.85798e+008 1.28696e+010 2.65791e+010 3.98347e+010 2.34895e+009
2.44 4.44473e+010 210825 255593 4.0242e+008 1.32613e+010 2.66168e+010 4.02807e+010 4.16657e+009
2.442 4.58145e+010 214043 264827 4.13865e+008 1.35276e+010 2.664e+010 4.05817e+010 5.23288e+009
2.444 4.42682e+010 210400 274381 4.25609e+008 1.37981e+010 2.66616e+010 4.08855e+010 3.38263e+009
2.447 4.33803e+010 208279 289332 4.438e+008 1.42117e+010 2.66911e+010 4.13469e+010 2.03341e+009
2.449 4.24966e+010 206147 299730 4.56322e+008 1.44928e+010 2.67088e+010 4.16582e+010 8.38347e+008
2.452 4.28835e+010 207083 316001 4.75714e+008 1.49226e+010 2.67325e+010 4.2131e+010 7.52477e+008
2.454 4.35005e+010 208568 327314 4.8906e+008 1.52145e+010 2.67463e+010 4.24502e+010 1.05038e+009
2.457 4.40264e+010 209825 345013 5.09724e+008 1.56607e+010 2.6764e+010 4.29348e+010 1.09159e+009
2.459 4.59239e+010 214299 357317 5.23942e+008 1.59637e+010 2.67739e+010 4.32619e+010 2.66195e+009
2.462 4.9352e+010 222153 376564 5.45951e+008 1.64267e+010 2.67857e+010 4.37588e+010 5.59323e+009
2.464 4.7978e+010 219039 389942 5.61091e+008 1.6741e+010 2.67917e+010 4.40941e+010 3.88384e+009
2.467 4.94087e+010 222281 410865 5.84524e+008 1.72211e+010 2.67976e+010 4.46036e+010 4.80516e+009
2.469 4.7793e+010 218616 425405 6.00639e+008 1.75469e+010 2.67996e+010 4.49475e+010 2.84554e+009
2.472 4.77456e+010 218508 448141 6.25577e+008 1.80443e+010 2.67996e+010 4.54699e+010 2.27573e+009
2.474 4.85814e+010 220412 463939 6.42724e+008 1.83818e+010 2.67976e+010 4.58226e+010 2.75884e+009
2.477 4.85802e+010 220409 488638 6.69251e+008 1.88969e+010 2.67917e+010 4.63583e+010 2.22191e+009
2.479 4.67093e+010 216123 505797 6.87487e+008 1.92463e+010 2.67857e+010 4.672e+010 -1.07001e+007
2.482 4.78346e+010 218711 532618 7.15694e+008 1.97794e+010 2.67739e+010 4.72695e+010 5.6519e+008
2.484 4.62603e+010 215082 551248 7.35081e+008 2.01408e+010 2.6764e+010 4.76404e+010 -1.38015e+009
2.487 4.72558e+010 217384 580364 7.6506e+008 2.06921e+010 2.67463e+010 4.8204e+010 -9.48223e+008
2.489 5.08316e+010 225459 600585 7.85661e+008 2.10658e+010 2.67325e+010 4.85845e+010 2.24712e+009
2.492 5.43769e+010 233189 632182 8.17511e+008 2.16355e+010 2.67088e+010 4.91625e+010 5.21442e+009
2.494 5.37662e+010 231875 654121 8.39393e+008 2.20216e+010 2.66911e+010 4.95527e+010 4.21352e+009
2.497 5.10517e+010 225946 688398 8.73216e+008 2.261e+010 2.66616e+010 5.01455e+010 9.06153e+008
2.499 5.00623e+010 223746 712194 8.96449e+008 2.30086e+010 2.664e+010 5.05457e+010 -4.8345e+008
2.502 5.62084e+010 237083 749364 9.32352e+008 2.36159e+010 2.66046e+010 5.11537e+010 5.05478e+009
2.505 5.13768e+010 226665 788381 9.69557e+008 2.42347e+010 2.65658e+010 5.17709e+010 -3.94053e+008
2.507 5.64959e+010 237689 815461 9.95103e+008 2.46536e+010 2.6538e+010 5.21875e+010 4.3084e+009
2.51 5.44794e+010 233408 857748 1.03457e+009 2.52915e+010 2.64934e+010 5.28204e+010 1.659e+009
2.512 5.63846e+010 237454 887093 1.06166e+009 2.57232e+010 2.64618e+010 5.32476e+010 3.13701e+009
2.515 5.44102e+010 233260 932910 1.10351e+009 2.63805e+010 2.64115e+010 5.38964e+010 5.13727e+008
2.518 5.6783e+010 238292 980977 1.14684e+009 2.70494e+010 2.63578e+010 5.4555e+010 2.22798e+009
2.52 5.58941e+010 236419 1.01432e+006 1.17658e+009 2.75018e+010 2.63201e+010 5.49996e+010 8.94578e+008
2.523 5.93794e+010 243679 1.06637e+006 1.22249e+009 2.81902e+010 2.62608e+010 5.56746e+010 3.70478e+009
2.525 5.35272e+010 231360 1.10247e+006 1.254e+009 2.86557e+010 2.62194e+010 5.61302e+010 -2.60298e+009
2.528 5.10572e+010 225958 1.15882e+006 1.30263e+009 2.93637e+010 2.61545e+010 5.6822e+010 -5.76483e+009
2.531 5.20456e+010 228135 1.2179e+006 1.35295e+009 3.00835e+010 2.60864e+010 5.7524e+010 -5.47836e+009
2.533 5.70174e+010 238783 1.25886e+006 1.38747e+009 3.05698e+010 2.60391e+010 5.79977e+010 -9.80293e+008
2.536 5.48021e+010 234098 1.32278e+006 1.44074e+009 3.13092e+010 2.59655e+010 5.87168e+010 -3.91468e+009
2.539 5.80243e+010 240882 1.38977e+006 1.49584e+009 3.20604e+010 2.58886e+010 5.94463e+010 -1.42196e+009
2.541 6.745e+010 259711 1.43621e+006 1.53362e+009 3.25678e+010 2.58356e+010 5.99384e+010 7.51158e+009
2.544 8.80739e+010 296772 1.50865e+006 1.59189e+009 3.33386e+010 2.57534e+010 6.06854e+010 2.73884e+010
2.546 7.01888e+010 264932 1.55886e+006 1.63184e+009 3.3859e+010 2.56969e+010 6.11893e+010 8.99949e+009
2.549 7.59048e+010 275508 1.63716e+006 1.69345e+009 3.46494e+010 2.56095e+010 6.1954e+010 1.39508e+010
2.552 7.47146e+010 273340 1.71919e+006 1.75714e+009 3.54516e+010 2.5519e+010 6.27295e+010 1.19852e+010
2.555 7.53927e+010 274577 1.80512e+006 1.82297e+009 3.62654e+010 2.54255e+010 6.35156e+010 1.18771e+010
2.557 7.0733e+010 265957 1.86465e+006 1.86808e+009 3.68144e+010 2.53615e+010 6.40458e+010 6.68728e+009
2.56 7.33089e+010 270756 1.95745e+006 1.93761e+009 3.76475e+010 2.52629e+010 6.485e+010 8.45887e+009
2.563 6.9551e+010 263725 2.05463e+006 2.00944e+009 3.84922e+010 2.51614e+010 6.56651e+010 3.88591e+009
2.565 7.17573e+010 267876 2.12194e+006 2.05864e+009 3.90617e+010 2.50921e+010 6.62146e+010 5.54274e+009
2.568 7.37703e+010 271607 2.22685e+006 2.13446e+009 3.99255e+010 2.49858e+010 6.70479e+010 6.7224e+009
2.571 7.60827e+010 275831 2.33666e+006 2.21276e+009 4.08006e+010 2.48766e+010 6.78923e+010 8.19043e+009
2.573 8.00275e+010 282891 2.4127e+006 2.26637e+009 4.13903e+010 2.48022e+010 6.84613e+010 1.15662e+010
2.576 7.67555e+010 277048 2.53117e+006 2.34896e+009 4.22841e+010 2.46884e+010 6.93239e+010 7.43153e+009
2.579 7.98712e+010 282615 2.65515e+006 2.43422e+009 4.3189e+010 2.45718e+010 7.01976e+010 9.67354e+009
2.582 8.01475e+010 283103 2.78486e+006 2.52221e+009 4.41049e+010 2.44525e+010 7.10824e+010 9.06511e+009
2.584 7.86004e+010 280358 2.87465e+006 2.58243e+009 4.47216e+010 2.43715e+010 7.16783e+010 6.92207e+009
2.587 8.4517e+010 290718 3.01449e+006 2.67515e+009 4.56555e+010 2.42478e+010 7.25814e+010 1.19355e+010
2.59 7.87652e+010 280651 3.16076e+006 2.77081e+009 4.66001e+010 2.41215e+010 7.34956e+010 5.26962e+009
2.593 7.20588e+010 268438 3.31373e+006 2.86948e+009 4.75551e+010 2.39927e+010 7.44207e+010 -2.36189e+009
2.595 7.55548e+010 274872 3.41957e+006 2.93698e+009 4.81976e+010 2.39055e+010 7.50435e+010 5.11307e+008
2.598 7.97957e+010 282481 3.58435e+006 3.04086e+009 4.91699e+010 2.37726e+010 7.59869e+010 3.80874e+009
2.601 8.43728e+010 290470 3.75662e+006 3.14797e+009 5.01522e+010 2.36373e+010 7.69412e+010 7.43154e+009
2.604 8.04746e+010 283680 3.93671e+006 3.2584e+009 5.11444e+010 2.34997e+010 7.79064e+010 2.5682e+009
2.607 8.51294e+010 291769 4.12494e+006 3.37222e+009 5.21463e+010 2.33598e+010 7.88824e+010 6.24695e+009
2.609 8.28185e+010 287782 4.25511e+006 3.45003e+009 5.28196e+010 2.32652e+010 7.95391e+010 3.27942e+009
2.612 8.48009e+010 291206 4.45768e+006 3.5697e+009 5.38373e+010 2.31216e+010 8.0533e+010 4.26789e+009
2.615 8.32417e+010 288516 4.66933e+006 3.69301e+009 5.48642e+010 2.29757e+010 8.15376e+010 1.70406e+009
2.618 8.81443e+010 296891 4.89045e+006 3.82004e+009 5.59e+010 2.28278e+010 8.25528e+010 5.59156e+009
2.621 8.51763e+010 291850 5.12143e+006 3.95088e+009 5.69446e+010 2.26778e+010 8.35784e+010 1.59792e+009
2.623 8.48934e+010 291365 5.2811e+006 4.04027e+009 5.76457e+010 2.25767e+010 8.4268e+010 6.25396e+008
2.626 8.49653e+010 291488 5.52943e+006 4.17767e+009 5.87043e+010 2.24234e+010 8.53109e+010 -3.45573e+008
2.629 8.20865e+010 286507 5.78875e+006 4.31914e+009 5.9771e+010 2.22682e+010 8.63641e+010 -4.2776e+009
2.632 8.47466e+010 291113 6.05951e+006 4.46476e+009 6.08454e+010 2.21111e+010 8.74274e+010 -2.68074e+009
2.635 8.26405e+010 287473 6.34218e+006 4.61465e+009 6.19275e+010 2.19523e+010 8.85007e+010 -5.86016e+009
2.638 8.60945e+010 293419 6.63724e+006 4.76889e+009 6.30167e+010 2.17916e+010 8.95839e+010 -3.48941e+009
2.641 9.2959e+010 304892 6.94521e+006 4.9276e+009 6.4113e+010 2.16293e+010 9.06768e+010 2.28214e+009
2.644 8.98554e+010 299759 7.26659e+006 5.09087e+009 6.52159e+010 2.14653e+010 9.17794e+010 -1.92399e+009
2.646 8.80065e+010 296659 7.48858e+006 5.20231e+009 6.59548e+010 2.13551e+010 9.25197e+010 -4.51319e+009
2.649 9.25384e+010 304201 7.83355e+006 5.37342e+009 6.70681e+010 2.11886e+010 9.3638e+010 -1.09958e+009
2.652 1.07582e+011 327996 8.19344e+006 5.54937e+009 6.81873e+010 2.10205e+010 9.47654e+010 1.28163e+010
2.655 1.11602e+011 334068 8.56885e+006 5.73028e+009 6.9312e+010 2.0851e+010 9.59019e+010 1.56997e+010
2.658 1.09438e+011 330814 8.96038e+006 5.91625e+009 7.04419e+010 2.06801e+010 9.70472e+010 1.23905e+010
2.661 1.07652e+011 328104 9.3687e+006 6.1074e+009 7.15766e+010 2.05079e+010 9.82013e+010 9.45099e+009
2.664 1.10051e+011 331740 9.79445e+006 6.30384e+009 7.27157e+010 2.03345e+010 9.93638e+010 1.06874e+010
2.667 1.18835e+011 344724 1.02383e+007 6.50567e+009 7.38589e+010 2.01598e+010 1.00535e+011 1.83003e+010
2.67 1.09258e+011 330543 1.0701e+007 6.71302e+009 7.50058e+010 1.9984e+010 1.01714e+011 7.54484e+009
2.673 1.11389e+011 333750 1.11833e+007 6.92601e+009 7.61561e+010 1.9807e+010 1.029e+011 8.48908e+009
2.676 1.04149e+011 322721 1.1686e+007 7.14474e+009 7.73093e+010 1.96291e+010 1.04095e+011 5.43426e+007
2.679 1.03688e+011 322007 1.22098e+007 7.36934e+009 7.8465e+010 1.94501e+010 1.05297e+011 -1.60852e+009
2.682 1.16367e+011 341126 1.27555e+007 7.59994e+009 7.96229e+010 1.92703e+010 1.06506e+011 9.86074e+009
2.685 1.08009e+011 328648 1.3324e+007 7.83664e+009 8.07825e+010 1.90895e+010 1.07722e+011 2.87392e+008
2.688 1.12708e+011 335721 1.39163e+007 8.07957e+009 8.19435e+010 1.8908e+010 1.08945e+011 3.76346e+009
2.691 1.1198e+011 334634 1.45331e+007 8.32887e+009 8.31053e+010 1.87257e+010 1.10174e+011 1.80574e+009
2.694 1.147e+011 338675 1.51754e+007 8.58464e+009 8.42676e+010 1.85426e+010 1.1141e+011 3.29045e+009
2.697 1.13986e+011 337619 1.58443e+007 8.84702e+009 8.54298e+010 1.8359e+010 1.12652e+011 1.33476e+009
2.7 1.24403e+011 352709 1.65407e+007 9.11614e+009 8.65917e+010 1.81747e+010 1.13899e+011 1.05044e+010
2.703 1.17731e+011 343120 1.72656e+007 9.39212e+009 8.77527e+010 1.79899e+010 1.15152e+011 2.5794e+009
2.706 1.2079e+011 347548 1.80201e+007 9.67509e+009 8.89123e+010 1.78046e+010 1.1641e+011 4.37949e+009
2.709 1.23241e+011 351056 1.88054e+007 9.96518e+009 9.00702e+010 1.76189e+010 1.17673e+011 5.56745e+009
2.712 1.15427e+011 339746 1.96225e+007 1.02625e+010 9.12257e+010 1.74328e+010 1.18941e+011 -3.51355e+009
2.715 1.15817e+011 340319 2.04727e+007 1.05672e+010 9.23786e+010 1.72464e+010 1.20213e+011 -4.39599e+009
2.718 1.2691e+011 356245 2.13572e+007 1.08795e+010 9.35282e+010 1.70597e+010 1.21489e+011 5.42163e+009
2.721 1.26326e+011 355424 2.22773e+007 1.11994e+010 9.46741e+010 1.68728e+010 1.22769e+011 3.55733e+009
2.724 1.18999e+011 344962 2.32342e+007 1.1527e+010 9.58159e+010 1.66858e+010 1.24052e+011 -5.05319e+009
2.727 1.19076e+011 345075 2.42294e+007 1.18626e+010 9.6953e+010 1.64986e+010 1.25338e+011 -6.26199e+009
2.73 1.19873e+011 346227 2.52642e+007 1.22062e+010 9.8085e+010 1.63113e+010 1.26628e+011 -6.75499e+009
2.733 1.23347e+011 351207 2.634e+007 1.2558e+010 9.92113e+010 1.61241e+010 1.2792e+011 -4.5732e+009
2.736 1.3498e+011 367396 2.74583e+007 1.29182e+010 1.00331e+011 1.59368e+010 1.29214e+011 5.76601e+009
2.739 1.38403e+011 372025 2.86208e+007 1.32868e+010 1.01445e+011 1.57497e+010 1.3051e+011 7.89293e+009
2.743 1.28589e+011 358593 3.0242e+007 1.37916e+010 1.02918e+011 1.55004e+010 1.32241e+011 -3.65149e+009
2.746 1.29336e+011 359633 3.15135e+007 1.41804e+010 1.04015e+011 1.53136e+010 1.3354e+011 -4.20425e+009
2.749 1.18429e+011 344136 3.28346e+007 1.45782e+010 1.05102e+011 1.51271e+010 1.3484e+011 -1.64111e+010
2.752 1.2622e+011 355275 3.4207e+007 1.4985e+010 1.06181e+011 1.49409e+010 1.36141e+011 -9.92124e+009
2.755 1.25965e+011 354916 3.56324e+007 1.54009e+010 1.07251e+011 1.4755e+010 1.37443e+011 -1.14772e+010
2.758 1.37332e+011 370583 3.71129e+007 1.58262e+010 1.08311e+011 1.45694e+010 1.38744e+011 -1.41154e+009
2.761 1.34812e+011 367167 3.86503e+007 1.6261e+010 1.0936e+011 1.43843e+010 1.40044e+011 -5.23242e+009
2.765 1.32339e+011 363784 4.07921e+007 1.68555e+010 1.10743e+011 1.41383e+010 1.41778e+011 -9.43848e+009
2.768 1.35435e+011 368015 4.247e+007 1.73129e+010 1.11766e+011 1.39543e+010 1.43076e+011 -7.64127e+009
2.771 1.37364e+011 370627 4.42118e+007 1.77801e+010 1.12778e+011 1.3771e+010 1.44373e+011 -7.00889e+009
2.774 1.46556e+011 382826 4.60194e+007 1.82573e+010 1.13777e+011 1.35882e+010 1.45669e+011 8.87267e+008
2.777 1.37669e+011 371038 4.78953e+007 1.87448e+010 1.14763e+011 1.34061e+010 1.46962e+011 -9.29265e+009
2.78 1.45059e+011 380866 4.98417e+007 1.92425e+010 1.15736e+011 1.32246e+010 1.48253e+011 -3.1936e+009
2.784 1.43419e+011 378707 5.25508e+007 1.99224e+010 1.17011e+011 1.29838e+010 1.4997e+011 -6.55083e+009
2.787 1.56429e+011 395511 5.46712e+007 2.04446e+010 1.1795e+011 1.28041e+010 1.51254e+011 5.17544e+009
2.79 1.55475e+011 394303 5.68703e+007 2.09776e+010 1.18875e+011 1.26253e+010 1.52534e+011 2.94071e+009
2.793 1.60609e+011 400760 5.91509e+007 2.15215e+010 1.19783e+011 1.24472e+010 1.53811e+011 6.79754e+009
2.797 1.64313e+011 405355 6.2323e+007 2.22637e+010 1.2097e+011 1.22112e+010 1.55508e+011 8.80539e+009
2.8 1.65043e+011 406254 6.48043e+007 2.28334e+010 1.21841e+011 1.20353e+010 1.56775e+011 8.26808e+009
2.803 1.73353e+011 416357 6.73763e+007 2.34144e+010 1.22695e+011 1.18604e+010 1.58037e+011 1.53166e+010
2.806 1.70344e+011 412727 7.0042e+007 2.40068e+010 1.23531e+011 1.16864e+010 1.59294e+011 1.10497e+010
2.81 1.66749e+011 408349 7.37474e+007 2.48145e+010 1.24618e+011 1.1456e+010 1.60962e+011 5.78683e+009
2.813 1.61994e+011 402485 7.66438e+007 2.54339e+010 1.25412e+011 1.12845e+010 1.62207e+011 -2.12466e+008
2.816 1.61018e+011 401270 7.96446e+007 2.60651e+010 1.26186e+011 1.11141e+010 1.63445e+011 -2.42734e+009
2.82 1.6425e+011 405278 8.38136e+007 2.69253e+010 1.27189e+011 1.08885e+010 1.65087e+011 -8.36573e+008
2.823 1.75529e+011 418962 8.70709e+007 2.75844e+010 1.27918e+011 1.07208e+010 1.6631e+011 9.2186e+009
2.826 1.70243e+011 412605 9.04439e+007 2.82557e+010 1.28627e+011 1.05542e+010 1.67527e+011 2.71601e+009
2.83 1.82861e+011 427623 9.51278e+007 2.91699e+010 1.2954e+011 1.03339e+010 1.69138e+011 1.37229e+010
2.833 1.79648e+011 423849 9.87855e+007 2.98699e+010 1.302e+011 1.01702e+010 1.70338e+011 9.3096e+009
2.836 1.79666e+011 423871 1.02572e+008 3.05824e+010 1.30838e+011 1.00077e+010 1.71531e+011 8.1358e+009
2.84 1.75917e+011 419424 1.07827e+008 3.15521e+010 1.31655e+011 9.79311e+009 1.73108e+011 2.80843e+009
2.843 1.82313e+011 426981 1.11928e+008 3.22941e+010 1.32242e+011 9.63368e+009 1.74282e+011 8.03132e+009
2.846 1.79446e+011 423611 1.16172e+008 3.3049e+010 1.32806e+011 9.47559e+009 1.75447e+011 3.99913e+009
2.85 1.81519e+011 426050 1.22059e+008 3.40755e+010 1.33523e+011 9.26691e+009 1.76987e+011 4.53146e+009
2.853 1.89141e+011 434904 1.26651e+008 3.48605e+010 1.34033e+011 9.11202e+009 1.78132e+011 1.10091e+010
2.856 1.6792e+011 409781 1.31401e+008 3.56585e+010 1.3452e+011 8.95852e+009 1.79268e+011 -1.13482e+010
2.86 1.66865e+011 408492 1.37987e+008 3.67431e+010 1.35131e+011 8.75607e+009 1.80769e+011 -1.39031e+010
2.863 1.75596e+011 419041 1.43122e+008 3.75719e+010 1.35562e+011 8.6059e+009 1.81883e+011 -6.28712e+009
2.867 1.74041e+011 417182 1.50239e+008 3.86976e+010 1.36098e+011 8.40795e+009 1.83354e+011 -9.31307e+009
2.87 1.87034e+011 432474 1.55787e+008 3.95575e+010 1.36471e+011 8.26119e+009 1.84445e+011 2.58886e+009
2.874 2.01736e+011 449150 1.63473e+008 4.07248e+010 1.36929e+011 8.06783e+009 1.85885e+011 1.58502e+010
2.877 2.06745e+011 454692 1.69462e+008 4.16161e+010 1.37244e+011 7.92456e+009 1.86954e+011 1.9791e+010
2.88 1.96398e+011 443168 1.7565e+008 4.25208e+010 1.37533e+011 7.7828e+009 1.88012e+011 8.38552e+009
2.884 1.86405e+011 431746 1.84219e+008 4.37482e+010 1.37878e+011 7.59616e+009 1.89407e+011 -3.0018e+009
2.887 1.93099e+011 439430 1.90893e+008 4.46846e+010 1.38107e+011 7.45796e+009 1.90441e+011 2.65779e+009
2.891 1.90679e+011 436668 2.00131e+008 4.59543e+010 1.38372e+011 7.2761e+009 1.91803e+011 -1.12398e+009
2.894 1.95827e+011 442524 2.07323e+008 4.69224e+010 1.38541e+011 7.14152e+009 1.92812e+011 3.01513e+009
2.898 1.81985e+011 426597 2.17277e+008 4.82346e+010 1.38725e+011 6.9645e+009 1.94141e+011 -1.21558e+010
2.901 1.82135e+011 426773 2.25022e+008 4.92346e+010 1.38832e+011 6.83356e+009 1.95125e+011 -1.29897e+010
2.905 1.7421e+011 417385 2.35738e+008 5.05892e+010 1.38934e+011 6.66142e+009 1.9642e+011 -2.22101e+010
2.908 1.78273e+011 422224 2.44074e+008 5.1621e+010 1.3898e+011 6.53416e+009 1.97379e+011 -1.91059e+010
2.912 1.90073e+011 435974 2.55602e+008 5.3018e+010 1.39e+011 6.36693e+009 1.9864e+011 -8.56706e+009
2.916 1.80861e+011 425277 2.67617e+008 5.44392e+010 1.38973e+011 6.20252e+009 1.99882e+011 -1.90213e+010
2.919 1.87002e+011 432437 2.7696e+008 5.55208e+010 1.38922e+011 6.08107e+009 2.00801e+011 -1.37991e+010
2.923 1.92272e+011 438489 2.89872e+008 5.69841e+010 1.38813e+011 5.92159e+009 2.02008e+011 -9.73592e+009
2.926 1.8757e+011 433094 2.99908e+008 5.80972e+010 1.387e+011 5.80384e+009 2.02901e+011 -1.53308e+010
2.93 2.07559e+011 455586 3.13773e+008 5.96022e+010 1.38509e+011 5.6493e+009 2.04075e+011 3.48436e+009
2.933 2.01377e+011 448750 3.24547e+008 6.07465e+010 1.38336e+011 5.53525e+009 2.04942e+011 -3.56518e+009
2.937 2.01259e+011 448619 3.39426e+008 6.22928e+010 1.38064e+011 5.38564e+009 2.06081e+011 -4.82257e+009
2.941 1.94061e+011 440524 3.54912e+008 6.38624e+010 1.37746e+011 5.23884e+009 2.07202e+011 -1.31404e+010
2.944 1.90267e+011 436196 3.66937e+008 6.50549e+010 1.37477e+011 5.13058e+009 2.08029e+011 -1.77626e+010
2.948 1.91665e+011 437795 3.83536e+008 6.66649e+010 1.37079e+011 4.98867e+009 2.09116e+011 -1.74515e+010
2.951 1.91581e+011 437700 3.96421e+008 6.78873e+010 1.36751e+011 4.88406e+009 2.09919e+011 -1.8338e+010
2.955 1.90998e+011 437033 4.142e+008 6.95369e+010 1.36275e+011 4.74701e+009 2.10973e+011 -1.9975e+010
2.959 1.92805e+011 439096 4.32685e+008 7.12088e+010 1.35754e+011 4.61272e+009 2.12009e+011 -1.92035e+010
2.962 1.91264e+011 437337 4.47025e+008 7.24771e+010 1.35335e+011 4.51379e+009 2.12773e+011 -2.15093e+010
2.966 1.98799e+011 445869 4.66802e+008 7.4187e+010 1.34739e+011 4.38429e+009 2.13777e+011 -1.49775e+010
2.97 2.01026e+011 448359 4.8735e+008 7.59183e+010 1.34099e+011 4.25749e+009 2.14763e+011 -1.3737e+010
2.973 1.9683e+011 443656 5.03283e+008 7.72306e+010 1.33592e+011 4.16416e+009 2.1549e+011 -1.86599e+010
2.977 1.95433e+011 442078 5.25243e+008 7.89982e+010 1.3288e+011 4.04206e+009 2.16445e+011 -2.10121e+010
2.981 2.04995e+011 452764 5.48044e+008 8.07861e+010 1.32126e+011 3.92262e+009 2.17383e+011 -1.2388e+010
2.985 2.06101e+011 453983 5.71714e+008 8.25938e+010 1.31333e+011 3.8058e+009 2.18304e+011 -1.22036e+010
2.988 2.12756e+011 461255 5.90054e+008 8.39622e+010 1.30712e+011 3.71991e+009 2.18984e+011 -6.22788e+009
2.992 2.05464e+011 453282 6.1531e+008 8.58033e+010 1.2985e+011 3.60764e+009 2.19876e+011 -1.44121e+010
2.996 2.11913e+011 460341 6.41512e+008 8.76627e+010 1.28951e+011 3.49794e+009 2.20753e+011 -8.83928e+009
3 2.12121e+011 460566 6.68688e+008 8.95401e+010 1.28014e+011 3.39077e+009 2.21613e+011 -9.49203e+009
3.003 2.06404e+011 454317 6.89727e+008 9.09594e+010 1.27288e+011 3.31204e+009 2.22249e+011 -1.58445e+010
3.007 2.08948e+011 457108 7.18678e+008 9.28666e+010 1.26288e+011 3.20924e+009 2.23083e+011 -1.41352e+010
3.011 2.14883e+011 463555 7.48687e+008 9.479e+010 1.25254e+011 3.1089e+009 2.23902e+011 -9.01909e+009
3.015 2.2632e+011 475731 7.79783e+008 9.6729e+010 1.24187e+011 3.01098e+009 2.24707e+011 1.61324e+009
3.019 2.22204e+011 471385 8.11999e+008 9.8683e+010 1.23087e+011 2.91547e+009 2.25498e+011 -3.2935e+009
3.022 2.20955e+011 470059 8.36915e+008 1.00158e+011 1.22242e+011 2.84538e+009 2.26082e+011 -5.12648e+009
3.026 2.20448e+011 469519 8.71169e+008 1.02136e+011 1.21087e+011 2.75398e+009 2.26849e+011 -6.40039e+009
3.03 2.15829e+011 464574 9.06632e+008 1.04128e+011 1.19903e+011 2.66488e+009 2.27603e+011 -1.17738e+010
3.034 2.12369e+011 460836 9.43339e+008 1.06131e+011 1.18691e+011 2.57806e+009 2.28344e+011 -1.59742e+010
3.038 2.2741e+011 476876 9.81324e+008 1.08146e+011 1.17451e+011 2.49348e+009 2.29072e+011 -1.66184e+009
3.042 2.29698e+011 479268 1.02062e+009 1.10172e+011 1.16185e+011 2.4111e+009 2.29789e+011 -9.09871e+007
3.046 2.42605e+011 492550 1.06127e+009 1.12207e+011 1.14894e+011 2.3309e+009 2.30493e+011 1.21121e+010
3.049 2.36229e+011 486034 1.09266e+009 1.1374e+011 1.13909e+011 2.27215e+009 2.31014e+011 5.21447e+009
3.053 2.37778e+011 487625 1.13576e+009 1.15791e+011 1.12577e+011 2.19566e+009 2.31699e+011 6.07918e+009
3.057 2.35694e+011 485484 1.1803e+009 1.17849e+011 1.11222e+011 2.12125e+009 2.32372e+011 3.3221e+009
3.061 2.393e+011 489183 1.22634e+009 1.19913e+011 1.09847e+011 2.04887e+009 2.33035e+011 6.26521e+009
3.065 2.37526e+011 487367 1.27389e+009 1.21984e+011 1.08451e+011 1.9785e+009 2.33687e+011 3.83891e+009
3.069 2.33215e+011 482923 1.32302e+009 1.24058e+011 1.07038e+011 1.91009e+009 2.34329e+011 -1.11463e+009
3.073 2.24026e+011 473314 1.37374e+009 1.26137e+011 1.05607e+011 1.84362e+009 2.34961e+011 -1.09355e+010
3.077 2.29113e+011 478658 1.42611e+009 1.28218e+011 1.0416e+011 1.77903e+009 2.35583e+011 -6.47005e+009
3.081 2.24947e+011 474285 1.48016e+009 1.30301e+011 1.02698e+011 1.71631e+009 2.36196e+011 -1.12491e+010
3.085 2.22871e+011 472093 1.53593e+009 1.32385e+011 1.01223e+011 1.6554e+009 2.36799e+011 -1.39272e+010
3.089 2.40235e+011 490137 1.59347e+009 1.34468e+011 9.97348e+010 1.59628e+009 2.37392e+011 2.84232e+009
3.093 2.34169e+011 483910 1.65281e+009 1.36549e+011 9.82355e+010 1.53891e+009 2.37977e+011 -3.80729e+009
3.097 2.64229e+011 514032 1.714e+009 1.38629e+011 9.6726e+010 1.48325e+009 2.38552e+011 2.56774e+010
3.101 2.65978e+011 515731 1.77708e+009 1.40704e+011 9.52075e+010 1.42927e+009 2.39118e+011 2.686e+010
3.105 2.71605e+011 521157 1.84209e+009 1.42775e+011 9.36812e+010 1.37692e+009 2.39675e+011 3.19293e+010
3.109 2.68282e+011 517960 1.90908e+009 1.4484e+011 9.21482e+010 1.32618e+009 2.40224e+011 2.80585e+010
3.113 2.51046e+011 501045 1.97808e+009 1.46898e+011 9.06097e+010 1.27701e+009 2.40763e+011 1.02832e+010
3.117 2.49244e+011 499243 2.04914e+009 1.48948e+011 8.90668e+010 1.22937e+009 2.41294e+011 7.95004e+009
3.121 2.48938e+011 498937 2.1223e+009 1.50989e+011 8.75206e+010 1.18323e+009 2.41815e+011 7.12277e+009
3.126 2.42603e+011 492548 2.21678e+009 1.53525e+011 8.55848e+010 1.12761e+009 2.42454e+011 1.49066e+008
3.13 2.45846e+011 495829 2.29484e+009 1.55541e+011 8.40351e+010 1.08471e+009 2.42956e+011 2.89079e+009
3.134 2.38025e+011 487878 2.37514e+009 1.57544e+011 8.24856e+010 1.0432e+009 2.43448e+011 -5.42305e+009
3.138 2.48001e+011 497997 2.45773e+009 1.59532e+011 8.09373e+010 1.00304e+009 2.4393e+011 4.07108e+009
3.142 2.45652e+011 495633 2.54265e+009 1.61505e+011 7.93912e+010 9.642e+008 2.44403e+011 1.24859e+009
3.146 2.61999e+011 511859 2.62995e+009 1.63462e+011 7.78483e+010 9.26644e+008 2.44867e+011 1.71325e+010
3.15 2.57397e+011 507343 2.71967e+009 1.65401e+011 7.63097e+010 8.90341e+008 2.45321e+011 1.20764e+010
3.155 2.60865e+011 510749 2.83529e+009 1.67798e+011 7.43937e+010 8.46674e+008 2.45873e+011 1.49914e+010
3.159 2.57222e+011 507171 2.93062e+009 1.69692e+011 7.28679e+010 8.13072e+008 2.46304e+011 1.09185e+010
3.163 2.41676e+011 491605 3.02852e+009 1.71565e+011 7.13493e+010 7.8062e+008 2.46723e+011 -5.04784e+009
3.167 2.57108e+011 507058 3.12902e+009 1.73415e+011 6.98387e+010 7.49286e+008 2.47132e+011 9.97569e+009
3.171 2.51843e+011 501839 3.23217e+009 1.75241e+011 6.8337e+010 7.1904e+008 2.4753e+011 4.31305e+009
3.176 2.61775e+011 511640 3.3649e+009 1.77489e+011 6.64736e+010 6.82717e+008 2.4801e+011 1.37654e+010
3.18 2.51839e+011 501835 3.47417e+009 1.79257e+011 6.49948e+010 6.5481e+008 2.4838e+011 3.45831e+009
3.184 2.59824e+011 509729 3.58623e+009 1.80997e+011 6.35275e+010 6.27896e+008 2.48738e+011 1.10853e+010
3.188 2.59639e+011 509548 3.70112e+009 1.82708e+011 6.20723e+010 6.01946e+008 2.49083e+011 1.05554e+010
3.193 2.69166e+011 518812 3.84878e+009 1.84805e+011 6.02714e+010 5.70822e+008 2.49496e+011 1.967e+010
3.197 2.55989e+011 505954 3.97019e+009 1.86447e+011 5.8846e+010 5.46941e+008 2.4981e+011 6.17885e+009
3.201 2.4494e+011 494914 4.09456e+009 1.88057e+011 5.7435e+010 5.23935e+008 2.5011e+011 -5.17031e+009
3.206 2.57856e+011 507795 4.25425e+009 1.90021e+011 5.56921e+010 4.96368e+008 2.50464e+011 7.39168e+009
3.21 2.46925e+011 496916 4.38543e+009 1.91554e+011 5.43154e+010 4.75237e+008 2.5073e+011 -3.80416e+009
3.214 2.47912e+011 497908 4.5197e+009 1.9305e+011 5.29548e+010 4.54898e+008 2.50979e+011 -3.06738e+009
3.219 2.40001e+011 489899 4.69193e+009 1.94868e+011 5.12774e+010 4.30551e+008 2.51268e+011 -1.12673e+010
3.223 2.54768e+011 504745 4.83328e+009 1.9628e+011 4.99549e+010 4.11906e+008 2.5148e+011 3.28766e+009
3.228 2.52641e+011 502634 5.01447e+009 1.97989e+011 4.83267e+010 3.89601e+008 2.5172e+011 9.21695e+008
3.232 2.38861e+011 488734 5.16307e+009 1.99311e+011 4.70445e+010 3.72532e+008 2.51891e+011 -1.30302e+010
3.236 2.44282e+011 494249 5.31495e+009 2.00591e+011 4.57808e+010 3.56126e+008 2.52043e+011 -7.76119e+009
3.241 2.43921e+011 493883 5.50946e+009 2.02132e+011 4.42279e+010 3.36519e+008 2.52205e+011 -8.28459e+009
3.245 2.30959e+011 480582 5.66883e+009 2.03315e+011 4.30071e+010 3.21528e+008 2.52313e+011 -2.13538e+010
3.25 2.39108e+011 488987 5.87278e+009 2.04733e+011 4.15088e+010 3.03625e+008 2.52418e+011 -1.33095e+010
3.254 2.66749e+011 516478 6.03978e+009 2.05816e+011 4.03325e+010 2.89945e+008 2.52478e+011 1.42713e+010
3.259 2.62643e+011 512487 6.25336e+009 2.07104e+011 3.88903e+010 2.73619e+008 2.52522e+011 1.01211e+010
3.263 2.52451e+011 502445 6.42812e+009 2.08082e+011 3.77595e+010 2.61153e+008 2.52531e+011 -7.97309e+007
3.268 2.55622e+011 505591 6.65146e+009 2.09238e+011 3.63748e+010 2.46284e+008 2.5251e+011 3.11228e+009
3.272 2.47986e+011 497982 6.83409e+009 2.10107e+011 3.52902e+010 2.34938e+008 2.52467e+011 -4.48027e+009
3.277 2.53298e+011 503287 7.06733e+009 2.11125e+011 3.39637e+010 2.21415e+008 2.52377e+011 9.20745e+008
3.281 2.4427e+011 494237 7.25791e+009 2.11883e+011 3.2926e+010 2.11103e+008 2.52278e+011 -8.0079e+009
3.286 2.39854e+011 489749 7.50114e+009 2.12759e+011 3.16583e+010 1.9882e+008 2.52118e+011 -1.22639e+010
3.29 2.50029e+011 500029 7.69975e+009 2.13403e+011 3.06677e+010 1.89459e+008 2.5196e+011 -1.93103e+009
3.295 2.43515e+011 493472 7.95306e+009 2.14134e+011 2.9459e+010 1.78317e+008 2.51725e+011 -8.20988e+009
3.299 2.59244e+011 509160 8.15974e+009 2.14661e+011 2.85155e+010 1.69832e+008 2.51506e+011 7.73781e+009
3.304 2.61784e+011 511648 8.42316e+009 2.15245e+011 2.73656e+010 1.59738e+008 2.51194e+011 1.05902e+010
3.309 2.62605e+011 512450 8.6922e+009 2.15746e+011 2.62481e+010 1.50188e+008 2.50837e+011 1.17682e+010
3.313 2.53428e+011 503416 8.91149e+009 2.16087e+011 2.53774e+010 1.42924e+008 2.50519e+011 2.90854e+009
3.318 2.39552e+011 489440 9.19065e+009 2.16438e+011 2.43181e+010 1.3429e+008 2.50081e+011 -1.0529e+010
3.323 2.48398e+011 498396 9.47543e+009 2.16704e+011 2.32906e+010 1.26132e+008 2.49596e+011 -1.19804e+009
3.327 2.45557e+011 495537 9.70727e+009 2.16856e+011 2.24914e+010 1.19932e+008 2.49175e+011 -3.61818e+009
3.332 2.48387e+011 498384 1.00021e+010 2.1697e+011 2.15207e+010 1.12571e+008 2.48605e+011 -2.18728e+008
3.337 2.47681e+011 497676 1.03025e+010 2.16999e+011 2.05809e+010 1.05623e+008 2.47988e+011 -3.07014e+008
3.341 2.48004e+011 498000 1.05467e+010 2.16961e+011 1.98513e+010 1.00348e+008 2.47459e+011 5.44577e+008
3.346 2.50179e+011 500179 1.0857e+010 2.16837e+011 1.89664e+010 9.40917e+007 2.46754e+011 3.42474e+009
3.351 2.55746e+011 505713 1.11726e+010 2.16628e+011 1.81114e+010 8.81932e+007 2.46e+011 9.74527e+009
3.356 2.37467e+011 487306 1.14937e+010 2.16335e+011 1.72858e+010 8.2634e+007 2.45197e+011 -7.72947e+009
3.36 2.26358e+011 475771 1.17544e+010 2.16039e+011 1.66462e+010 7.84191e+007 2.44519e+011 -1.81609e+010
3.365 2.32066e+011 481733 1.20849e+010 2.15595e+011 1.58724e+010 7.34273e+007 2.43626e+011 -1.15593e+010
3.37 2.35019e+011 484787 1.24207e+010 2.15067e+011 1.51265e+010 6.87278e+007 2.42683e+011 -7.66434e+009
3.375 2.4456e+011 494531 1.27615e+010 2.14457e+011 1.4408e+010 6.43054e+007 2.4169e+011 2.87004e+009
3.38 2.31183e+011 480815 1.31074e+010 2.13764e+011 1.37165e+010 6.01454e+007 2.40648e+011 -9.46529e+009
3.385 2.44843e+011 494816 1.34582e+010 2.1299e+011 1.30512e+010 5.62338e+007 2.39556e+011 5.28685e+009
3.389 2.42902e+011 492851 1.37423e+010 2.12314e+011 1.25375e+010 5.32743e+007 2.38647e+011 4.25572e+009
3.394 2.34986e+011 484753 1.41017e+010 2.11396e+011 1.19181e+010 4.97765e+007 2.37466e+011 -2.47977e+009
3.399 2.28017e+011 477511 1.44657e+010 2.104e+011 1.13233e+010 4.64912e+007 2.36236e+011 -8.2187e+009
3.404 2.3588e+011 485675 1.48341e+010 2.09327e+011 1.07525e+010 4.34067e+007 2.34957e+011 9.23575e+008
3.409 2.34832e+011 484595 1.5207e+010 2.08177e+011 1.02051e+010 4.0512e+007 2.3363e+011 1.20187e+009
3.414 2.23331e+011 472579 1.5584e+010 2.06953e+011 9.68046e+009 3.77963e+007 2.32256e+011 -8.92467e+009
3.419 2.18328e+011 467256 1.59651e+010 2.05656e+011 9.17794e+009 3.52497e+007 2.30834e+011 -1.25058e+010
3.424 2.2126e+011 470383 1.63501e+010 2.04287e+011 8.69691e+009 3.28626e+007 2.29367e+011 -8.10669e+009
3.429 2.13805e+011 462390 1.67388e+010 2.02847e+011 8.23673e+009 3.06258e+007 2.27853e+011 -1.40484e+010
3.434 2.19454e+011 468460 1.71312e+010 2.01339e+011 7.79679e+009 2.85307e+007 2.26295e+011 -6.84082e+009
3.439 2.12629e+011 461117 1.75269e+010 1.99763e+011 7.37646e+009 2.65692e+007 2.24693e+011 -1.20646e+010
3.444 2.04808e+011 452558 1.79258e+010 1.98123e+011 6.9751e+009 2.47334e+007 2.23048e+011 -1.82402e+010
3.449 2.20047e+011 469092 1.83277e+010 1.96419e+011 6.59209e+009 2.3016e+007 2.21362e+011 -1.31468e+009
3.454 2.025e+011 450000 1.87325e+010 1.94653e+011 6.22683e+009 2.14099e+007 2.19634e+011 -1.71339e+010
3.459 2.05773e+011 453622 1.91398e+010 1.92828e+011 5.8787e+009 1.99085e+007 2.17866e+011 -1.20934e+010
3.464 2.04909e+011 452669 1.95496e+010 1.90945e+011 5.54711e+009 1.85056e+007 2.1606e+011 -1.11508e+010
3.469 2.09453e+011 457661 1.99615e+010 1.89006e+011 5.23146e+009 1.71953e+007 2.14216e+011 -4.76324e+009
3.474 1.94603e+011 441138 2.03753e+010 1.87014e+011 4.93116e+009 1.59718e+007 2.12337e+011 -1.77339e+010
3.48 2.08107e+011 456188 2.08741e+010 1.84556e+011 4.59027e+009 1.46109e+007 2.10035e+011 -1.92754e+009
3.485 2.05027e+011 452799 2.12914e+010 1.82453e+011 4.32176e+009 1.35603e+007 2.0808e+011 -3.05331e+009
3.49 1.98249e+011 445252 2.17098e+010 1.80304e+011 4.0668e+009 1.25806e+007 2.06093e+011 -7.84382e+009
3.495 1.85998e+011 431275 2.21291e+010 1.7811e+011 3.82487e+009 1.16674e+007 2.04076e+011 -1.8078e+010
3.5 1.90448e+011 436403 2.2549e+010 1.75875e+011 3.59543e+009 1.08165e+007 2.0203e+011 -1.15819e+010
3.505 1.87573e+011 433097 2.29693e+010 1.73599e+011 3.37797e+009 1.00239e+007 1.99956e+011 -1.23832e+010
3.511 1.88106e+011 433712 2.34737e+010 1.70819e+011 3.13212e+009 9.14468e+006 1.97434e+011 -9.3271e+009
3.516 1.81567e+011 426107 2.38939e+010 1.68463e+011 2.93927e+009 8.46775e+006 1.95305e+011 -1.37375e+010
3.521 1.81584e+011 426127 2.43135e+010 1.66075e+011 2.75683e+009 7.83804e+006 1.93153e+011 -1.15687e+010
3.526 1.83351e+011 428195 2.47323e+010 1.63657e+011 2.58435e+009 7.25249e+006 1.90981e+011 -7.62996e+009
3.532 1.76829e+011 420510 2.52333e+010 1.60718e+011 2.3899e+009 6.60406e+006 1.88348e+011 -1.15191e+010
3.537 1.66267e+011 407758 2.56492e+010 1.58241e+011 2.23777e+009 6.10574e+006 1.86134e+011 -1.98679e+010
3.542 1.66989e+011 408643 2.60634e+010 1.55742e+011 2.09423e+009 5.64294e+006 1.83905e+011 -1.69158e+010
3.548 1.70602e+011 413040 2.65577e+010 1.52716e+011 1.93273e+009 5.13115e+006 1.81211e+011 -1.06091e+010
3.553 1.59372e+011 399214 2.69669e+010 1.50174e+011 1.80665e+009 4.73838e+006 1.78952e+011 -1.95806e+010
3.558 1.64364e+011 405419 2.73733e+010 1.47617e+011 1.68791e+009 4.37406e+006 1.76682e+011 -1.23179e+010
3.564 1.66226e+011 407708 2.7857e+010 1.44531e+011 1.55459e+009 3.97172e+006 1.73946e+011 -7.72045e+009
3.569 1.6761e+011 409402 2.82562e+010 1.41947e+011 1.45072e+009 3.66338e+006 1.71658e+011 -4.04825e+009
3.575 1.66078e+011 407527 2.87304e+010 1.38836e+011 1.33428e+009 3.32317e+006 1.68904e+011 -2.82613e+009
3.58 1.47433e+011 383970 2.9121e+010 1.36237e+011 1.24369e+009 3.06269e+006 1.66605e+011 -1.91718e+010
3.586 1.56273e+011 395314 2.95837e+010 1.33114e+011 1.14226e+009 2.77557e+006 1.63843e+011 -7.56949e+009
3.591 1.66409e+011 407932 2.99641e+010 1.30509e+011 1.06347e+009 2.55594e+006 1.61539e+011 4.86921e+009
3.597 1.50625e+011 388104 3.04137e+010 1.27385e+011 9.75387e+008 2.31407e+006 1.58777e+011 -8.15187e+009
3.602 1.51839e+011 389665 3.07823e+010 1.24786e+011 9.07054e+008 2.12923e+006 1.56477e+011 -4.63812e+009
3.608 1.40908e+011 375377 3.12169e+010 1.21673e+011 8.30765e+008 1.92586e+006 1.53722e+011 -1.28145e+010
3.613 1.3979e+011 373885 3.15723e+010 1.19087e+011 7.71667e+008 1.7706e+006 1.51432e+011 -1.16426e+010
3.619 1.28399e+011 358327 3.199e+010 1.15996e+011 7.0578e+008 1.59993e+006 1.48694e+011 -2.02951e+010
3.624 1.30816e+011 361685 3.23306e+010 1.13433e+011 6.54812e+008 1.46974e+006 1.4642e+011 -1.56037e+010
3.63 1.28556e+011 358547 3.27299e+010 1.10375e+011 5.98068e+008 1.32678e+006 1.43704e+011 -1.51487e+010
3.636 1.32853e+011 364490 3.31182e+010 1.07339e+011 5.45826e+008 1.19709e+006 1.41004e+011 -8.15154e+009
3.641 1.28433e+011 358375 3.34332e+010 1.04828e+011 5.05501e+008 1.09831e+006 1.38767e+011 -1.03343e+010
3.647 1.26341e+011 355444 3.38003e+010 1.01839e+011 4.60702e+008 989985 1.36101e+011 -9.76009e+009
3.653 1.25281e+011 353950 3.41552e+010 9.88792e+010 4.19555e+008 891873 1.33455e+011 -8.1741e+009
3.658 1.32302e+011 363734 3.44413e+010 9.64372e+010 3.87861e+008 817251 1.31267e+011 1.0351e+009
3.664 1.33279e+011 365074 3.47725e+010 9.3538e+010 3.52728e+008 735541 1.28664e+011 4.61483e+009
3.67 1.18315e+011 343970 3.50902e+010 9.06748e+010 3.20533e+008 661650 1.26086e+011 -7.77114e+009
3.676 1.12653e+011 335638 3.53939e+010 8.78497e+010 2.91055e+008 594865 1.23535e+011 -1.08824e+010
3.681 1.13155e+011 336385 3.56361e+010 8.55259e+010 2.68416e+008 544170 1.21431e+011 -8.27618e+009
3.687 1.17135e+011 342249 3.59131e+010 8.27756e+010 2.43391e+008 488767 1.18933e+011 -1.7981e+009
3.693 1.14022e+011 337671 3.61751e+010 8.00686e+010 2.20532e+008 438772 1.16465e+011 -2.4429e+009
3.699 1.08608e+011 329557 3.64216e+010 7.74064e+010 1.99668e+008 393682 1.14028e+011 -5.42034e+009
3.705 1.16818e+011 341787 3.66523e+010 7.47906e+010 1.8064e+008 353038 1.11624e+011 5.19427e+009
3.711 9.92605e+010 315056 3.68669e+010 7.22224e+010 1.63302e+008 316423 1.09253e+011 -9.99246e+009
3.716 1.07674e+011 328137 3.70332e+010 7.01196e+010 1.50044e+008 288710 1.07303e+011 3.7057e+008
3.722 1.02847e+011 320697 3.72176e+010 6.76418e+010 1.35453e+008 258515 1.04995e+011 -2.14848e+009
3.728 9.72823e+010 311901 3.7385e+010 6.52149e+010 1.22189e+008 231354 1.02722e+011 -5.43992e+009
3.734 1.07096e+011 327255 3.75352e+010 6.28395e+010 1.10139e+008 206937 1.00485e+011 6.61091e+009
3.74 9.54728e+010 308987 3.76681e+010 6.05166e+010 9.92022e+007 184999 9.82841e+010 -2.81131e+009
3.746 1.02995e+011 320929 3.77835e+010 5.82466e+010 8.92835e+007 165299 9.61196e+010 6.8756e+009
3.752 9.88965e+010 314478 3.78812e+010 5.60302e+010 8.02955e+007 147618 9.39918e+010 4.90464e+009
3.758 9.00993e+010 300165 3.7961e+010 5.38678e+010 7.21574e+007 131759 9.19011e+010 -1.80179e+009
3.764 9.08859e+010 301473 3.80228e+010 5.17596e+010 6.47948e+007 117541 8.98474e+010 1.03855e+009
3.77 8.75198e+010 295837 3.80667e+010 4.97059e+010 5.81393e+007 104801 8.78308e+010 -3.1106e+008
3.776 8.91733e+010 298619 3.80924e+010 4.77068e+010 5.21277e+007 93393.1 8.58514e+010 3.32188e+009
3.783 8.68244e+010 294660 3.80994e+010 4.54435e+010 4.58511e+007 81588.5 8.35889e+010 3.23552e+009
3.789 8.29363e+010 287987 3.80858e+010 4.35625e+010 4.10425e+007 72623.5 8.16895e+010 1.24684e+009
3.795 8.32222e+010 288483 3.80541e+010 4.17359e+010 3.67102e+007 64609.2 7.98267e+010 3.39548e+009
3.801 7.92169e+010 281455 3.80042e+010 3.99633e+010 3.28103e+007 57448.9 7.80004e+010 1.21646e+009
3.807 8.24733e+010 287182 3.79364e+010 3.82444e+010 2.93024e+007 51054.9 7.62102e+010 6.26314e+009
3.813 6.71988e+010 259227 3.78506e+010 3.65789e+010 2.61497e+007 45348.6 7.44557e+010 -7.25685e+009
3.82 7.23339e+010 268950 3.7728e+010 3.47024e+010 2.28756e+007 39465.6 7.24534e+010 -1.19416e+008
3.826 7.15748e+010 267535 3.76039e+010 3.31506e+010 2.03807e+007 35014.3 7.07749e+010 7.99958e+008
3.832 7.16684e+010 267709 3.74622e+010 3.16503e+010 1.81441e+007 31048.5 6.91307e+010 2.53765e+009
3.838 7.52642e+010 274343 3.73034e+010 3.02009e+010 1.61407e+007 27517.3 6.75204e+010 7.74374e+009
3.845 6.80694e+010 260901 3.70965e+010 2.85732e+010 1.40677e+007 23885.8 6.56838e+010 2.38563e+009
3.851 6.58784e+010 256668 3.69011e+010 2.72314e+010 1.24938e+007 21144.9 6.4145e+010 1.73338e+009
3.857 6.80026e+010 260773 3.66892e+010 2.59379e+010 1.10876e+007 18708.6 6.26383e+010 5.36438e+009
3.864 6.17557e+010 248507 3.64216e+010 2.44889e+010 9.63646e+006 16207.8 6.09202e+010 8.35552e+008
3.87 6.04294e+010 245824 3.61751e+010 2.32973e+010 8.53775e+006 14323.8 5.94809e+010 9.4849e+008
3.877 5.88943e+010 242681 3.5868e+010 2.19645e+010 7.4061e+006 12392.5 5.78399e+010 1.05439e+009
3.883 5.65489e+010 237800 3.55885e+010 2.08701e+010 6.55088e+006 10939.4 5.64652e+010 8.37741e+007
3.89 5.16091e+010 227176 3.52438e+010 1.96482e+010 5.67167e+006 9451.75 5.48977e+010 -3.2886e+009
3.896 5.21232e+010 228305 3.49331e+010 1.86464e+010 5.00848e+006 8333.9 5.35846e+010 -1.46135e+009
3.903 5.12802e+010 226451 3.45532e+010 1.75297e+010 4.32796e+006 7190.89 5.20872e+010 -8.06921e+008
3.909 4.6081e+010 214665 3.42132e+010 1.66156e+010 3.81559e+006 6333.15 5.08326e+010 -4.75158e+009
3.916 4.58388e+010 214100 3.38003e+010 1.55982e+010 3.29082e+006 5457.21 4.94019e+010 -3.56308e+009
3.922 4.87495e+010 220793 3.34332e+010 1.47669e+010 2.89647e+006 4800.74 4.8203e+010 5.46598e+008
3.929 4.71979e+010 217251 3.299e+010 1.38429e+010 2.49331e+006 4131.21 4.68354e+010 3.62463e+008
3.936 4.36574e+010 208944 3.25316e+010 1.29668e+010 2.14404e+006 3552.48 4.55005e+010 -1.8431e+009
3.942 4.53501e+010 212956 3.21271e+010 1.22527e+010 1.88234e+006 3119.61 4.43817e+010 9.68436e+008
3.949 4.05824e+010 201451 3.16426e+010 1.14609e+010 1.61555e+006 2679 4.3105e+010 -2.52259e+009
3.956 3.92409e+010 198093 3.11451e+010 1.0712e+010 1.38514e+006 2298.95 4.18585e+010 -2.61762e+009
3.962 3.35924e+010 183282 3.07091e+010 1.0103e+010 1.21299e+006 2015.26 4.08133e+010 -7.22089e+009
3.969 3.6402e+010 190793 3.01899e+010 9.42944e+009 1.038e+006 1727.05 3.96203e+010 -3.21832e+009
3.976 3.66968e+010 191564 2.96602e+010 8.79401e+009 887331 1479 3.84551e+010 -1.75829e+009
3.983 3.69242e+010 192157 2.9121e+010 8.19511e+009 757749 1265.65 3.73168e+010 -3.92662e+008
3.99 3.38496e+010 183983 2.8573e+010 7.63114e+009 646422 1082.3 3.62047e+010 -2.35518e+009
3.996 3.32636e+010 182383 2.8097e+010 7.17435e+009 563648 945.894 3.52719e+010 -2.00823e+009
4.003 3.04823e+010 174592 2.7535e+010 6.67111e+009 479915 807.78 3.42066e+010 -3.72434e+009
4.01 3.1628e+010 177843 2.69669e+010 6.19841e+009 408198 689.335 3.31657e+010 -1.5377e+009
4.017 3.04039e+010 174367 2.63933e+010 5.75478e+009 346839 587.833 3.21484e+010 -1.7445e+009
4.024 2.89109e+010 170032 2.58151e+010 5.33881e+009 294398 500.914 3.11542e+010 -2.24337e+009
4.031 2.74361e+010 165638 2.52333e+010 4.9491e+009 249628 426.539 3.01827e+010 -2.7466e+009
4.038 2.50299e+010 158209 2.46486e+010 4.58433e+009 211448 362.945 2.92331e+010 -4.20318e+009
4.045 2.6972e+010 164232 2.40618e+010 4.24318e+009 178921 308.609 2.83051e+010 -1.33314e+009
4.052 2.45433e+010 156663 2.34737e+010 3.9244e+009 151242 262.218 2.73983e+010 -2.85501e+009
4.059 2.08571e+010 144420 2.28852e+010 3.62679e+009 127712 222.64 2.65121e+010 -5.655e+009
4.066 2.40636e+010 155124 2.2297e+010 3.34918e+009 107732 188.899 2.56463e+010 -1.58271e+009
4.073 2.31622e+010 152191 2.17098e+010 3.09044e+009 90783.2 160.156 2.48003e+010 -1.63805e+009
4.081 2.01862e+010 142078 2.10409e+010 2.81648e+009 74558.4 132.504 2.38574e+010 -3.67125e+009
4.088 2.13604e+010 146152 2.04583e+010 2.59462e+009 62689.6 112.168 2.3053e+010 -1.69261e+009
4.095 1.89037e+010 137491 1.98789e+010 2.38841e+009 52655.6 94.8849 2.22674e+010 -3.36373e+009
4.102 1.76097e+010 132701 1.93034e+010 2.1969e+009 44181.9 80.2065 2.15004e+010 -3.89071e+009
4.109 1.85338e+010 136139 1.87325e+010 2.0192e+009 37033.5 67.7499 2.07517e+010 -2.21788e+009
4.117 1.72063e+010 131173 1.80862e+010 1.83191e+009 30230.4 55.815 1.99182e+010 -2.71187e+009
4.124 1.7584e+010 132605 1.75269e+010 1.68097e+009 25283.1 47.0736 1.92079e+010 -1.62389e+009
4.131 1.84751e+010 135923 1.69738e+010 1.54127e+009 21123.6 39.6725 1.85151e+010 -4.00432e+007
4.139 1.48888e+010 122020 1.63501e+010 1.39447e+009 17179.3 32.5991 1.77446e+010 -2.8558e+009
4.146 1.34904e+010 116148 1.58122e+010 1.27648e+009 14321.2 27.4313 1.70887e+010 -3.59826e+009
4.154 1.23378e+010 111076 1.5207e+010 1.15273e+009 11617.5 22.5005 1.63597e+010 -4.02186e+009
4.161 1.26863e+010 112633 1.46862e+010 1.05347e+009 9663.29 18.9043 1.57397e+010 -3.05343e+009
4.168 1.20541e+010 109791 1.41741e+010 9.6201e+008 8029.47 15.8714 1.51361e+010 -3.082e+009
4.176 1.10211e+010 104982 1.35999e+010 8.66354e+008 6489.45 12.9848 1.44662e+010 -3.44508e+009
4.183 1.07639e+010 103749 1.31074e+010 7.89841e+008 5380.3 10.8847 1.38972e+010 -3.13331e+009
4.191 1.09089e+010 104446 1.25564e+010 7.09969e+008 4337.37 8.88927 1.32664e+010 -2.3575e+009
4.199 9.72595e+009 98620.2 1.20184e+010 6.37535e+008 3491.88 7.25283 1.26559e+010 -2.92999e+009
4.206 1.04496e+010 102223 1.15585e+010 5.79767e+008 2885.24 6.06538 1.21383e+010 -1.68876e+009
4.214 8.6957e+009 93250.7 1.10457e+010 5.19639e+008 2316.93 4.94004 1.15654e+010 -2.86967e+009
4.222 1.0228e+010 101134 1.05467e+010 4.6528e+008 1858.05 4.0197 1.1012e+010 -7.83962e+008
4.229 8.85934e+009 94124 1.01216e+010 4.22054e+008 1530.04 3.35361 1.05436e+010 -1.68429e+009
4.237 8.49916e+009 92190.9 9.64898e+009 3.77194e+008 1223.91 2.724 1.00262e+010 -1.52701e+009
4.245 8.85002e+009 94074.6 9.19065e+009 3.36764e+008 977.7 2.2105 9.52742e+009 -6.77397e+008
4.253 6.83428e+009 82669.7 8.74669e+009 3.00366e+008 779.966 1.79212 9.04706e+009 -2.21277e+009
4.26 6.93564e+009 83280.5 8.37003e+009 2.71537e+008 639.339 1.49037 8.64156e+009 -1.70593e+009
4.268 9.06066e+009 95187.5 7.95306e+009 2.41735e+008 508.745 1.20615 8.19479e+009 8.65867e+008
4.276 8.06612e+009 89811.6 7.55046e+009 2.14987e+008 404.281 0.975208 7.76545e+009 3.00668e+008
4.284 6.22396e+009 78892.1 7.16217e+009 1.91008e+008 320.833 0.787741 7.35318e+009 -1.12922e+009
4.292 8.36275e+009 91448.1 6.7881e+009 1.69533e+008 254.265 0.635711 6.95763e+009 1.40511e+009
4.3 5.57491e+009 74665.3 6.42812e+009 1.50322e+008 201.237 0.512538 6.57844e+009 -1.00353e+009
4.308 6.6518e+009 81558.5 6.08207e+009 1.33154e+008 159.054 0.412841 6.21522e+009 4.36573e+008
4.316 5.13981e+009 71692.5 5.74977e+009 1.17829e+008 125.542 0.332223 5.8676e+009 -7.27796e+008
4.324 5.98556e+009 77366.4 5.43103e+009 1.04163e+008 98.9581 0.267095 5.5352e+009 4.50361e+008
4.332 4.4871e+009 66985.8 5.12562e+009 9.19902e+007 77.8977 0.214533 5.21761e+009 -7.30504e+008
4.34 3.35524e+009 57924.4 4.83328e+009 8.11582e+007 61.2366 0.172151 4.91443e+009 -1.5592e+009
4.348 5.00916e+009 70775.4 4.55375e+009 7.153e+007 48.074 0.138012 4.62528e+009 3.83875e+008
4.357 4.04559e+009 63605 4.25425e+009 6.19824e+007 36.557 0.107507 4.31623e+009 -2.7064e+008
4.365 6.51563e+009 80719.5 4.001e+009 5.45129e+007 28.6169 0.0860145 4.05552e+009 2.46012e+009
4.373 4.45635e+009 66755.9 3.75964e+009 4.78955e+007 22.3711 0.068754 3.80754e+009 6.48813e+008
4.381 4.47156e+009 66869.8 3.52985e+009 4.20392e+007 17.4648 0.0549053 3.57189e+009 8.99672e+008
4.39 4.05322e+009 63664.9 3.28475e+009 3.62589e+007 13.1978 0.0425824 3.32101e+009 7.32205e+008
4.398 3.96492e+009 62967.6 3.07844e+009 3.17577e+007 10.2738 0.0339371 3.1102e+009 8.54724e+008
4.406 3.47577e+009 58955.6 2.88264e+009 2.77874e+007 7.98683 0.0270216 2.91043e+009 5.65337e+008
4.415 6.13344e+009 78316.3 2.6745e+009 2.38824e+007 6.00685 0.0208874 2.69839e+009 3.43505e+009
4.423 5.071e+009 71210.9 2.49989e+009 2.08522e+007 4.65632 0.0165978 2.52074e+009 2.55025e+009
