1.772 4.52963e+010 212829 4.48434e-017 0.000376779 25428.4 3.46408e+008 3.46433e+008 4.49498e+010
1.773 4.8091e+010 219297 4.77006e-017 0.000392183 26084.8 3.50224e+008 3.5025e+008 4.77408e+010
1.775 4.8976e+010 221305 5.3968e-017 0.000424879 27447.1 3.57967e+008 3.57994e+008 4.8618e+010
1.776 4.93836e+010 222224 5.74016e-017 0.000442219 28153.8 3.61895e+008 3.61923e+008 4.90216e+010
1.777 4.64705e+010 215570 6.10519e-017 0.000460257 28878.2 3.65861e+008 3.6589e+008 4.61046e+010
1.778 4.68801e+010 216518 6.49325e-017 0.00047902 29620.5 3.69866e+008 3.69895e+008 4.65102e+010
1.78 4.82342e+010 219623 7.34429e-017 0.000518836 31161.1 3.77991e+008 3.78022e+008 4.78562e+010
1.781 4.95844e+010 222676 7.81043e-017 0.00053995 31960.2 3.82113e+008 3.82145e+008 4.92023e+010
1.782 4.99876e+010 223579 8.30592e-017 0.00056191 32779.1 3.86274e+008 3.86307e+008 4.96013e+010
1.783 4.96831e+010 222897 8.83259e-017 0.00058475 33618.3 3.90475e+008 3.90509e+008 4.92926e+010
1.785 5.12605e+010 226408 9.98736e-017 0.00063321 35359.5 3.98998e+008 3.99034e+008 5.08614e+010
1.786 4.90762e+010 221532 1.06197e-016 0.000658903 36262.5 4.03321e+008 4.03357e+008 4.86729e+010
1.787 5.09826e+010 225793 1.12918e-016 0.000685622 37187.8 4.07685e+008 4.07722e+008 5.05749e+010
1.788 5.17425e+010 227470 1.20061e-016 0.000713409 38136 4.12091e+008 4.12129e+008 5.13304e+010
1.789 5.51551e+010 234851 1.27652e-016 0.000742306 39107.5 4.16538e+008 4.16577e+008 5.47385e+010
1.791 5.58858e+010 236402 1.44291e-016 0.000803602 41122.9 4.2556e+008 4.25601e+008 5.54602e+010
1.792 5.6475e+010 237645 1.53401e-016 0.000836094 42168 4.30135e+008 4.30177e+008 5.60448e+010
1.793 5.3536e+010 231378 1.63081e-016 0.00086988 43238.7 4.34754e+008 4.34797e+008 5.31012e+010
1.794 5.28669e+010 229928 1.73367e-016 0.00090501 44335.6 4.39415e+008 4.3946e+008 5.24274e+010
1.796 5.80104e+010 240854 1.95908e-016 0.000979518 46610.9 4.48871e+008 4.48918e+008 5.75615e+010
1.797 5.48721e+010 234248 2.08247e-016 0.00101901 47790.5 4.53665e+008 4.53713e+008 5.44184e+010
1.798 5.55545e+010 235700 2.21356e-016 0.00106006 48999 4.58505e+008 4.58554e+008 5.50959e+010
1.799 5.76608e+010 240127 2.35283e-016 0.00110275 50236.9 4.63389e+008 4.6344e+008 5.71974e+010
1.801 5.73321e+010 239441 2.658e-016 0.00119326 52804.2 4.73296e+008 4.73348e+008 5.68588e+010
1.802 5.99171e+010 244780 2.82499e-016 0.00124122 54135 4.78318e+008 4.78372e+008 5.94388e+010
1.803 5.8228e+010 241305 3.00239e-016 0.00129109 55498.2 4.83387e+008 4.83442e+008 5.77445e+010
1.805 5.74756e+010 239741 3.39102e-016 0.0013968 58324.8 4.93666e+008 4.93725e+008 5.69819e+010
1.806 6.22233e+010 249446 3.60366e-016 0.00145282 59789.8 4.98877e+008 4.98937e+008 6.17243e+010
1.807 6.31535e+010 251304 3.82951e-016 0.00151104 61290.3 5.04137e+008 5.04198e+008 6.26493e+010
1.808 6.1616e+010 248226 4.06941e-016 0.00157156 62827.2 5.09444e+008 5.09507e+008 6.11065e+010
1.81 6.4065e+010 253111 4.59483e-016 0.00169986 66013.6 5.20206e+008 5.20272e+008 6.35448e+010
1.811 6.12702e+010 247528 4.88225e-016 0.00176782 67664.8 5.25661e+008 5.25729e+008 6.07445e+010
1.812 5.94776e+010 243880 5.18749e-016 0.00183846 69355.8 5.31166e+008 5.31235e+008 5.89463e+010
1.813 6.15749e+010 248143 5.51166e-016 0.00191187 71087.7 5.36721e+008 5.36792e+008 6.10381e+010
1.815 6.25275e+010 250055 6.22151e-016 0.00206748 74677.7 5.47984e+008 5.48059e+008 6.19794e+010
1.816 6.15388e+010 248070 6.60973e-016 0.00214989 76537.7 5.53692e+008 5.53769e+008 6.09851e+010
1.817 6.27936e+010 250587 7.02197e-016 0.00223554 78442.5 5.59452e+008 5.5953e+008 6.22341e+010
1.819 6.21721e+010 249343 7.92451e-016 0.00241705 82390.4 5.71129e+008 5.71211e+008 6.16009e+010
1.82 6.43842e+010 253740 8.41802e-016 0.00251317 84435.6 5.77046e+008 5.77131e+008 6.38071e+010
1.821 6.74285e+010 259670 8.94201e-016 0.00261305 86529.8 5.83017e+008 5.83104e+008 6.68454e+010
1.822 6.6292e+010 257472 9.49835e-016 0.00271684 88674.2 5.89042e+008 5.8913e+008 6.57028e+010
1.824 6.61184e+010 257135 1.07161e-015 0.00293675 93117.9 6.01253e+008 6.01346e+008 6.5517e+010
1.825 6.65981e+010 258066 1.13818e-015 0.00305319 95419.7 6.07441e+008 6.07536e+008 6.59905e+010
1.826 6.52312e+010 255404 1.20886e-015 0.00317417 97776.3 6.13684e+008 6.13782e+008 6.46174e+010
1.828 7.04639e+010 265450 1.36352e-015 0.00343047 102659 6.26337e+008 6.2644e+008 6.98375e+010
1.829 6.95572e+010 263737 1.44807e-015 0.00356616 105188 6.32748e+008 6.32854e+008 6.89243e+010
1.83 6.81862e+010 261125 1.5378e-015 0.00370713 107777 6.39216e+008 6.39324e+008 6.75469e+010
1.832 7.1371e+010 267154 1.73416e-015 0.00400574 113141 6.52324e+008 6.52437e+008 7.07186e+010
1.833 6.70093e+010 258862 1.84147e-015 0.0041638 115919 6.58965e+008 6.59081e+008 6.63502e+010
1.834 6.72207e+010 259270 1.95536e-015 0.004328 118762 6.65664e+008 6.65783e+008 6.65549e+010
1.835 6.82986e+010 261340 2.07624e-015 0.00449857 121673 6.72422e+008 6.72544e+008 6.76261e+010
1.837 6.59493e+010 256806 2.34068e-015 0.00485981 127702 6.86117e+008 6.86245e+008 6.5263e+010
1.838 7.03053e+010 265152 2.48516e-015 0.00505099 130824 6.93054e+008 6.93185e+008 6.96121e+010
1.839 6.75087e+010 259824 2.63849e-015 0.00524958 134019 7.00052e+008 7.00186e+008 6.68085e+010
1.841 7.81666e+010 279583 2.97384e-015 0.00567009 140637 7.1423e+008 7.14371e+008 7.74522e+010
1.842 7.56091e+010 274971 3.15705e-015 0.00589261 144063 7.21412e+008 7.21556e+008 7.48876e+010
1.843 7.2592e+010 269429 3.35144e-015 0.00612373 147570 7.28655e+008 7.28803e+008 7.18632e+010
1.845 6.96393e+010 263893 3.77655e-015 0.00661306 154832 7.43331e+008 7.43486e+008 6.88958e+010
1.846 7.06357e+010 265774 4.00874e-015 0.00687196 158591 7.50764e+008 7.50923e+008 6.98847e+010
1.847 7.34759e+010 271064 4.25508e-015 0.00714083 162438 7.58261e+008 7.58423e+008 7.27174e+010
1.849 7.51648e+010 274162 4.79371e-015 0.00771002 170403 7.73448e+008 7.73618e+008 7.43912e+010
1.85 7.98049e+010 282498 5.08785e-015 0.00801113 174526 7.81139e+008 7.81313e+008 7.90236e+010
1.851 8.05782e+010 283863 5.39989e-015 0.00832382 178744 7.88896e+008 7.89074e+008 7.97891e+010
1.853 8.06596e+010 284006 6.08203e-015 0.00898566 187479 8.04607e+008 8.04795e+008 7.98548e+010
1.854 7.87659e+010 280653 6.45448e-015 0.00933574 191999 8.12564e+008 8.12756e+008 7.79532e+010
1.855 7.91859e+010 281400 6.84955e-015 0.00969924 196623 8.20587e+008 8.20784e+008 7.83651e+010
1.857 7.71891e+010 277829 7.71303e-015 0.0104685 206198 8.36838e+008 8.37044e+008 7.6352e+010
1.858 7.72194e+010 277884 8.18443e-015 0.0108754 211151 8.45066e+008 8.45277e+008 7.63741e+010
1.859 8.18248e+010 286050 8.68438e-015 0.0112978 216220 8.53364e+008 8.5358e+008 8.09712e+010
1.861 8.21436e+010 286607 9.77692e-015 0.0121917 226711 8.70168e+008 8.70394e+008 8.12732e+010
1.862 7.90168e+010 281099 1.03733e-014 0.0126643 232139 8.78675e+008 8.78907e+008 7.81379e+010
1.863 7.72815e+010 277996 1.10056e-014 0.013155 237692 8.87254e+008 8.87492e+008 7.6394e+010
1.865 7.69701e+010 277435 1.23874e-014 0.0141932 249184 9.04626e+008 9.04875e+008 7.60653e+010
1.866 7.54597e+010 274699 1.31414e-014 0.0147421 255129 9.1342e+008 9.13675e+008 7.4546e+010
1.868 7.72631e+010 277962 1.47887e-014 0.0159034 267431 9.31227e+008 9.31494e+008 7.63317e+010
1.869 7.64225e+010 276446 1.56876e-014 0.0165173 273794 9.40241e+008 9.40515e+008 7.5482e+010
1.87 7.9261e+010 281533 1.66406e-014 0.0171546 280303 9.49329e+008 9.49609e+008 7.83114e+010
1.872 7.5892e+010 275485 1.87222e-014 0.0185025 293771 9.6773e+008 9.68023e+008 7.49239e+010
1.873 7.33332e+010 270801 1.98579e-014 0.019215 300737 9.77043e+008 9.77344e+008 7.23559e+010
1.874 6.8874e+010 262439 2.10618e-014 0.0199545 307861 9.86433e+008 9.8674e+008 6.78873e+010
1.876 7.22396e+010 268774 2.36911e-014 0.0215185 322600 1.00544e+009 1.00576e+009 7.12339e+010
1.877 7.67878e+010 277106 2.51253e-014 0.0223451 330222 1.01506e+009 1.01539e+009 7.57724e+010
1.879 8.11167e+010 284810 2.82569e-014 0.0240932 345989 1.03454e+009 1.03488e+009 8.00818e+010
1.88 7.38684e+010 271787 2.99649e-014 0.025017 354141 1.04439e+009 1.04475e+009 7.28237e+010
1.881 8.63758e+010 293898 3.17752e-014 0.0259756 362479 1.05433e+009 1.05469e+009 8.53211e+010
1.883 7.30838e+010 270340 3.57274e-014 0.0280025 379724 1.07444e+009 1.07482e+009 7.2009e+010
1.884 7.51694e+010 274170 3.78826e-014 0.0290736 388639 1.08461e+009 1.085e+009 7.40844e+010
1.885 7.83456e+010 279903 4.01666e-014 0.0301849 397756 1.09487e+009 1.09527e+009 7.72503e+010
1.887 8.53148e+010 292087 4.51522e-014 0.0325343 416611 1.11563e+009 1.11605e+009 8.41987e+010
1.888 7.59105e+010 275519 4.78704e-014 0.0337756 426358 1.12614e+009 1.12656e+009 7.47839e+010
1.89 7.93303e+010 281656 5.38029e-014 0.0363996 446514 1.1474e+009 1.14784e+009 7.81825e+010
1.891 7.09506e+010 266366 5.7037e-014 0.0377857 456932 1.15815e+009 1.15861e+009 6.9792e+010
1.892 7.99226e+010 282706 6.04637e-014 0.0392238 467584 1.16899e+009 1.16946e+009 7.87531e+010
1.894 7.77009e+010 278749 6.79412e-014 0.0422633 489608 1.19093e+009 1.19142e+009 7.65095e+010
1.895 7.96068e+010 282147 7.20168e-014 0.0438687 500991 1.20203e+009 1.20253e+009 7.84042e+010
1.897 8.01414e+010 283093 8.09092e-014 0.0472617 524524 1.22448e+009 1.225e+009 7.89164e+010
1.898 7.70045e+010 277497 8.57553e-014 0.0490537 536686 1.23584e+009 1.23638e+009 7.57682e+010
1.9 7.27174e+010 269662 9.63274e-014 0.0528404 561826 1.25882e+009 1.25938e+009 7.1458e+010
1.901 7.32042e+010 270563 1.02088e-013 0.0548401 574817 1.27045e+009 1.27102e+009 7.19331e+010
1.902 7.35471e+010 271196 1.0819e-013 0.0569142 588097 1.28216e+009 1.28275e+009 7.22643e+010
1.904 7.27099e+010 269648 1.215e-013 0.0612965 615545 1.30586e+009 1.30648e+009 7.14034e+010
1.905 7.78952e+010 279097 1.28752e-013 0.0636104 629726 1.31785e+009 1.31848e+009 7.65767e+010
1.907 7.6968e+010 277431 1.44566e-013 0.068499 659036 1.3421e+009 1.34276e+009 7.56252e+010
1.908 7.76231e+010 278609 1.53181e-013 0.0710799 674178 1.35436e+009 1.35504e+009 7.62681e+010
1.91 7.61884e+010 276022 1.71967e-013 0.076532 705471 1.37917e+009 1.37988e+009 7.48085e+010
1.911 7.73528e+010 278124 1.82198e-013 0.0794101 721635 1.39171e+009 1.39244e+009 7.59604e+010
1.912 7.4836e+010 273562 1.93034e-013 0.0823947 738155 1.40435e+009 1.40509e+009 7.34309e+010
1.914 7.32015e+010 270558 2.16657e-013 0.0886984 772290 1.42992e+009 1.43069e+009 7.17708e+010
1.915 7.45724e+010 273079 2.29521e-013 0.0920257 789921 1.44285e+009 1.44364e+009 7.31287e+010
1.917 7.29374e+010 270069 2.57565e-013 0.0990527 826348 1.46899e+009 1.46982e+009 7.14676e+010
1.918 7.37535e+010 271576 2.72835e-013 0.102761 845160 1.48221e+009 1.48306e+009 7.22705e+010
1.92 7.3921e+010 271884 3.06118e-013 0.110593 884026 1.50894e+009 1.50983e+009 7.24112e+010
1.921 7.32792e+010 270701 3.24238e-013 0.114726 904096 1.52246e+009 1.52336e+009 7.17559e+010
1.922 7.53576e+010 274513 3.43422e-013 0.11901 924603 1.53607e+009 1.537e+009 7.38206e+010
1.924 7.58314e+010 275375 3.85227e-013 0.128057 966964 1.56361e+009 1.56457e+009 7.42668e+010
1.925 7.35481e+010 271198 4.07983e-013 0.13283 988836 1.57753e+009 1.57851e+009 7.19696e+010
1.927 7.30926e+010 270356 4.57569e-013 0.142908 1.03401e+006 1.60567e+009 1.6067e+009 7.14859e+010
1.928 7.37716e+010 271609 4.84557e-013 0.148225 1.05734e+006 1.61989e+009 1.62095e+009 7.21507e+010
1.93 7.17247e+010 267815 5.43355e-013 0.159448 1.1055e+006 1.64866e+009 1.64976e+009 7.00749e+010
1.931 7.20265e+010 268378 5.75353e-013 0.165369 1.13037e+006 1.66319e+009 1.66432e+009 7.03622e+010
1.933 7.00028e+010 264580 6.45058e-013 0.177866 1.18172e+006 1.69259e+009 1.69377e+009 6.83091e+010
1.934 6.94875e+010 263605 6.82986e-013 0.184458 1.20823e+006 1.70744e+009 1.70865e+009 6.77788e+010
1.936 7.25809e+010 269408 7.65598e-013 0.198371 1.26296e+006 1.73747e+009 1.73873e+009 7.08422e+010
1.937 7.43532e+010 272678 8.10544e-013 0.205709 1.29121e+006 1.75265e+009 1.75394e+009 7.25993e+010
1.939 7.08272e+010 266134 9.08429e-013 0.221194 1.34954e+006 1.78332e+009 1.78467e+009 6.90426e+010
1.94 7.21022e+010 268519 9.61677e-013 0.229361 1.37964e+006 1.79883e+009 1.80021e+009 7.0302e+010
1.942 7.09274e+010 266322 1.07763e-012 0.246593 1.44178e+006 1.83016e+009 1.8316e+009 6.90958e+010
1.943 6.94542e+010 263542 1.14069e-012 0.255679 1.47385e+006 1.846e+009 1.84747e+009 6.76067e+010
1.945 7.11038e+010 266653 1.27801e-012 0.274851 1.54005e+006 1.878e+009 1.87954e+009 6.92243e+010
1.946 6.9904e+010 264394 1.35268e-012 0.284959 1.5742e+006 1.89417e+009 1.89574e+009 6.80083e+010
1.948 7.01207e+010 264803 1.51526e-012 0.306284 1.64471e+006 1.92684e+009 1.92849e+009 6.81922e+010
1.949 6.8579e+010 261876 1.60366e-012 0.317527 1.68108e+006 1.94335e+009 1.94503e+009 6.6634e+010
1.951 7.14039e+010 267215 1.79608e-012 0.341242 1.75615e+006 1.97671e+009 1.97847e+009 6.94254e+010
1.952 6.89168e+010 262520 1.9007e-012 0.353744 1.79488e+006 1.99357e+009 1.99536e+009 6.69215e+010
1.954 6.95481e+010 263720 2.1284e-012 0.380112 1.87481e+006 2.02763e+009 2.0295e+009 6.75186e+010
1.955 6.5703e+010 256326 2.25219e-012 0.39401 1.91603e+006 2.04483e+009 2.04675e+009 6.36562e+010
1.957 6.67972e+010 258452 2.52156e-012 0.423322 2.00111e+006 2.07959e+009 2.08159e+009 6.47156e+010
1.958 6.5854e+010 256620 2.66798e-012 0.438771 2.04498e+006 2.09715e+009 2.09919e+009 6.37548e+010
1.96 6.26119e+010 250224 2.98656e-012 0.471347 2.13552e+006 2.13262e+009 2.13476e+009 6.04771e+010
1.961 6.67911e+010 258440 3.15971e-012 0.488515 2.18221e+006 2.15054e+009 2.15272e+009 6.46384e+010
1.963 6.25362e+010 250072 3.5364e-012 0.524713 2.27854e+006 2.18674e+009 2.18901e+009 6.03472e+010
1.964 6.39109e+010 252806 3.7411e-012 0.543787 2.32822e+006 2.20502e+009 2.20734e+009 6.17036e+010
1.966 6.55643e+010 256055 4.18639e-012 0.584001 2.43069e+006 2.24194e+009 2.24437e+009 6.33199e+010
1.967 6.5772e+010 256460 4.42833e-012 0.605189 2.48353e+006 2.26059e+009 2.26308e+009 6.35089e+010
1.969 6.21139e+010 249227 4.95455e-012 0.649854 2.59253e+006 2.29826e+009 2.30085e+009 5.98131e+010
1.97 6.39479e+010 252879 5.24044e-012 0.673385 2.64872e+006 2.31728e+009 2.31993e+009 6.16279e+010
1.972 6.02602e+010 245480 5.86216e-012 0.722984 2.76463e+006 2.3557e+009 2.35847e+009 5.79018e+010
1.973 6.21083e+010 249215 6.19988e-012 0.749111 2.82438e+006 2.3751e+009 2.37793e+009 5.97303e+010
1.975 6.04794e+010 245926 6.93422e-012 0.804178 2.9476e+006 2.41428e+009 2.41723e+009 5.80621e+010
1.976 5.95878e+010 244106 7.33307e-012 0.833183 3.01113e+006 2.43406e+009 2.43707e+009 5.71507e+010
1.978 5.96413e+010 244216 8.20022e-012 0.894307 3.14211e+006 2.47401e+009 2.47715e+009 5.71641e+010
1.98 5.90166e+010 242933 9.16885e-012 0.959827 3.27853e+006 2.51447e+009 2.51775e+009 5.64988e+010
1.981 6.08376e+010 246653 9.69485e-012 0.994332 3.34884e+006 2.5349e+009 2.53825e+009 5.82993e+010
1.983 6.02962e+010 245553 1.08382e-011 1.06703 3.4938e+006 2.57614e+009 2.57964e+009 5.77165e+010
1.984 6.11003e+010 247185 1.14589e-011 1.10532 3.56851e+006 2.59696e+009 2.60053e+009 5.84998e+010
1.986 6.01091e+010 245172 1.28081e-011 1.18597 3.72252e+006 2.639e+009 2.64272e+009 5.74664e+010
1.987 5.93182e+010 243553 1.35405e-011 1.22844 3.80188e+006 2.66022e+009 2.66402e+009 5.66541e+010
1.989 5.95323e+010 243992 1.51321e-011 1.3179 3.96548e+006 2.70306e+009 2.70703e+009 5.68252e+010
1.99 5.50677e+010 234665 1.5996e-011 1.36499 4.04977e+006 2.72468e+009 2.72873e+009 5.2339e+010
1.992 5.24915e+010 229110 1.78732e-011 1.46419 4.22352e+006 2.76833e+009 2.77255e+009 4.97189e+010
1.994 5.59791e+010 236599 1.99683e-011 1.57046 4.40435e+006 2.81252e+009 2.81693e+009 5.31622e+010
1.995 5.45345e+010 233526 2.11054e-011 1.6264 4.49752e+006 2.83482e+009 2.83932e+009 5.16952e+010
1.997 5.4327e+010 233082 2.35753e-011 1.7442 4.68951e+006 2.87984e+009 2.88453e+009 5.14425e+010
1.998 4.84437e+010 220099 2.49156e-011 1.8062 4.78841e+006 2.90256e+009 2.90734e+009 4.55364e+010
2 4.8485e+010 220193 2.78266e-011 1.93676 4.9922e+006 2.9484e+009 2.9534e+009 4.55316e+010
2.001 5.05371e+010 224805 2.9406e-011 2.00547 5.09717e+006 2.97154e+009 2.97663e+009 4.75605e+010
2.003 5.20384e+010 228119 3.28361e-011 2.15013 5.31345e+006 3.01823e+009 3.02354e+009 4.90149e+010
2.005 5.05078e+010 224739 3.6662e-011 2.30502 5.53845e+006 3.06548e+009 3.07102e+009 4.74367e+010
2.006 5.06803e+010 225123 3.87373e-011 2.38652 5.65433e+006 3.08932e+009 3.09497e+009 4.75853e+010
2.008 4.95243e+010 222541 4.32433e-011 2.5581 5.89304e+006 3.13743e+009 3.14332e+009 4.6381e+010
2.009 4.86525e+010 220573 4.56872e-011 2.64836 6.01597e+006 3.16169e+009 3.16771e+009 4.54848e+010
2.011 4.99759e+010 223553 5.09929e-011 2.83837 6.26918e+006 3.21066e+009 3.21693e+009 4.6759e+010
2.013 4.88388e+010 220995 5.69081e-011 3.04173 6.53251e+006 3.26021e+009 3.26674e+009 4.5572e+010
2.014 4.66747e+010 216043 6.01157e-011 3.1487 6.66809e+006 3.2852e+009 3.29187e+009 4.33828e+010
2.016 4.47206e+010 211472 6.70776e-011 3.37383 6.94732e+006 3.33562e+009 3.34257e+009 4.1378e+010
2.017 4.49916e+010 212112 7.08523e-011 3.49224 7.09107e+006 3.36106e+009 3.36815e+009 4.16235e+010
2.019 4.40303e+010 209834 7.90439e-011 3.74142 7.38711e+006 3.41236e+009 3.41975e+009 4.06106e+010
2.021 4.43546e+010 210605 8.81726e-011 4.00801 7.69487e+006 3.46426e+009 3.47195e+009 4.08827e+010
2.022 4.47842e+010 211623 9.31209e-011 4.14821 7.85329e+006 3.49043e+009 3.49828e+009 4.12859e+010
2.024 4.24221e+010 205966 1.03857e-010 4.44318 8.17947e+006 3.54322e+009 3.5514e+009 3.88707e+010
2.026 4.16549e+010 204095 1.15818e-010 4.75869 8.5185e+006 3.59661e+009 3.60513e+009 3.80497e+010
2.027 4.43064e+010 210491 1.223e-010 4.92458 8.69298e+006 3.62353e+009 3.63223e+009 4.06742e+010
2.029 4.31809e+010 207800 1.36362e-010 5.27355 9.05218e+006 3.67783e+009 3.68688e+009 3.9494e+010
2.03 3.91466e+010 197855 1.43981e-010 5.45702 9.23702e+006 3.70521e+009 3.71445e+009 3.54322e+010
2.032 3.83077e+010 195723 1.60508e-010 5.84292 9.61751e+006 3.76042e+009 3.77004e+009 3.45376e+010
2.034 4.05622e+010 201401 1.78911e-010 6.25553 1.00129e+007 3.81624e+009 3.82626e+009 3.67359e+010
2.035 3.9035e+010 197573 1.88881e-010 6.47242 1.02163e+007 3.84439e+009 3.8546e+009 3.51804e+010
2.037 3.82649e+010 195614 2.105e-010 6.92855 1.06349e+007 3.90113e+009 3.91177e+009 3.43531e+010
2.039 3.9115e+010 197775 2.34567e-010 7.41613 1.10698e+007 3.9585e+009 3.96957e+009 3.51454e+010
2.04 3.85455e+010 196330 2.47603e-010 7.67239 1.12936e+007 3.98742e+009 3.99871e+009 3.45468e+010
2.042 3.9432e+010 198575 2.75864e-010 8.21119 1.17539e+007 4.04572e+009 4.05748e+009 3.53745e+010
2.044 3.83786e+010 195904 3.07316e-010 8.78704 1.22321e+007 4.10465e+009 4.11688e+009 3.42617e+010
2.045 3.62573e+010 190413 3.24349e-010 9.08962 1.2478e+007 4.13435e+009 4.14683e+009 3.21104e+010
2.047 3.57358e+010 189039 3.61266e-010 9.72574 1.2984e+007 4.19422e+009 4.20721e+009 3.15286e+010
2.049 3.63187e+010 190575 4.02339e-010 10.4054 1.35095e+007 4.25473e+009 4.26824e+009 3.20505e+010
2.05 3.63448e+010 190643 4.24576e-010 10.7625 1.37797e+007 4.28522e+009 4.299e+009 3.20458e+010
2.052 3.69156e+010 192134 4.72765e-010 11.5131 1.43355e+007 4.34668e+009 4.36102e+009 3.25546e+010
2.054 3.34987e+010 183027 5.26363e-010 12.3148 1.49126e+007 4.40878e+009 4.42369e+009 2.9075e+010
2.055 3.12125e+010 176671 5.55376e-010 12.736 1.52093e+007 4.44007e+009 4.45528e+009 2.67572e+010
2.057 3.16601e+010 177933 6.18233e-010 13.621 1.58196e+007 4.50313e+009 4.51895e+009 2.71411e+010
2.059 3.28666e+010 181292 6.88125e-010 14.5663 1.6453e+007 4.56683e+009 4.58329e+009 2.82833e+010
2.06 3.16768e+010 177980 7.25949e-010 15.0627 1.67786e+007 4.59893e+009 4.61571e+009 2.70611e+010
2.062 3.42179e+010 184981 8.07879e-010 16.1058 1.74483e+007 4.6636e+009 4.68105e+009 2.95369e+010
2.064 3.38079e+010 183869 8.98951e-010 17.2195 1.81432e+007 4.72892e+009 4.74707e+009 2.90608e+010
2.066 3.10971e+010 176344 1.00018e-009 18.4086 1.88642e+007 4.7949e+009 4.81376e+009 2.62833e+010
2.067 3.27516e+010 180974 1.05494e-009 19.0329 1.92348e+007 4.82813e+009 4.84737e+009 2.79042e+010
2.069 2.85525e+010 168975 1.17353e-009 20.3444 1.99968e+007 4.89508e+009 4.91508e+009 2.36374e+010
2.071 2.66608e+010 163281 1.30529e-009 21.7443 2.07872e+007 4.96269e+009 4.98348e+009 2.16773e+010
2.072 2.81835e+010 167879 1.37657e-009 22.4792 2.11934e+007 4.99674e+009 5.01794e+009 2.31656e+010
2.074 2.72726e+010 165144 1.53087e-009 24.0227 2.20285e+007 5.06534e+009 5.08737e+009 2.21853e+010
2.076 2.75217e+010 165897 1.70227e-009 25.6698 2.28945e+007 5.13459e+009 5.15749e+009 2.23643e+010
2.077 2.78087e+010 166759 1.79496e-009 26.5344 2.33395e+007 5.16947e+009 5.19281e+009 2.26159e+010
2.079 2.71012e+010 164624 1.99558e-009 28.3498 2.42541e+007 5.23971e+009 5.26396e+009 2.18373e+010
2.081 2.65378e+010 162904 2.21837e-009 30.2867 2.52025e+007 5.31062e+009 5.33582e+009 2.1202e+010
2.083 2.60157e+010 161294 2.46575e-009 32.353 2.61858e+007 5.38219e+009 5.40837e+009 2.06073e+010
2.084 2.86498e+010 169263 2.59949e-009 33.4372 2.6691e+007 5.41822e+009 5.44491e+009 2.32049e+010
2.086 2.90576e+010 170463 2.88887e-009 35.7135 2.77289e+007 5.49078e+009 5.51851e+009 2.35391e+010
2.088 2.62282e+010 161951 3.2101e-009 38.1413 2.88049e+007 5.56402e+009 5.59282e+009 2.06354e+010
2.09 2.51109e+010 158464 3.56664e-009 40.7304 2.99202e+007 5.63791e+009 5.66783e+009 1.94431e+010
2.091 2.16915e+010 147280 3.75933e-009 42.0887 3.0493e+007 5.67511e+009 5.7056e+009 1.59859e+010
2.093 2.19554e+010 148174 4.17615e-009 44.9396 3.16698e+007 5.75001e+009 5.78168e+009 1.61737e+010
2.095 2.19859e+010 148277 4.63865e-009 47.9792 3.28892e+007 5.82557e+009 5.85846e+009 1.61275e+010
2.097 2.29517e+010 151498 5.15177e-009 51.2197 3.41528e+007 5.90181e+009 5.93596e+009 1.70157e+010
2.098 2.13436e+010 146094 5.42901e-009 52.9194 3.48017e+007 5.94017e+009 5.97498e+009 1.53686e+010
2.1 2.65525e+010 162949 6.02852e-009 56.4858 3.61343e+007 6.01741e+009 6.05354e+009 2.0499e+010
2.102 2.61647e+010 161755 6.69347e-009 60.2871 3.75149e+007 6.09531e+009 6.13283e+009 2.00319e+010
2.104 2.92157e+010 170926 7.43091e-009 64.3383 3.89451e+007 6.17389e+009 6.21283e+009 2.30029e+010
2.105 2.67814e+010 163650 7.82922e-009 66.4626 3.96792e+007 6.21342e+009 6.2531e+009 2.05283e+010
2.107 2.41324e+010 155346 8.69028e-009 70.9191 4.11868e+007 6.293e+009 6.33419e+009 1.77982e+010
2.109 2.41444e+010 155385 9.64494e-009 75.6674 4.27482e+007 6.37324e+009 6.41599e+009 1.77284e+010
2.111 2.20154e+010 148376 1.07032e-008 80.7264 4.43651e+007 6.45415e+009 6.49852e+009 1.55169e+010
2.113 2.62394e+010 161986 1.18763e-008 86.1156 4.60394e+007 6.53573e+009 6.58177e+009 1.96576e+010
2.114 2.03411e+010 142622 1.25096e-008 88.9407 4.68987e+007 6.57677e+009 6.62367e+009 1.37175e+010
2.116 1.78909e+010 133757 1.38783e-008 94.8653 4.86626e+007 6.65935e+009 6.70801e+009 1.11829e+010
2.118 1.57892e+010 125655 1.53948e-008 101.175 5.04887e+007 6.74259e+009 6.79308e+009 8.99612e+009
2.12 1.54092e+010 124134 1.70752e-008 107.895 5.23791e+007 6.8265e+009 6.87888e+009 8.53032e+009
2.122 1.54246e+010 124196 1.89368e-008 115.051 5.43357e+007 6.91107e+009 6.96541e+009 8.45918e+009
2.123 1.78681e+010 133672 1.99415e-008 118.801 5.53396e+007 6.95361e+009 7.00895e+009 1.08592e+010
2.125 1.89158e+010 137535 2.21118e-008 126.663 5.73998e+007 7.03917e+009 7.09657e+009 1.18192e+010
2.127 1.93658e+010 139161 2.45154e-008 135.032 5.95319e+007 7.1254e+009 7.18493e+009 1.21809e+010
2.129 1.84843e+010 135957 2.71772e-008 143.941 6.1738e+007 7.21228e+009 7.27402e+009 1.12103e+010
2.131 1.73436e+010 131695 3.01246e-008 153.425 6.40207e+007 7.29982e+009 7.36384e+009 9.9798e+009
2.132 1.51226e+010 122974 3.17146e-008 158.393 6.51914e+007 7.34384e+009 7.40903e+009 7.71362e+009
2.134 1.44656e+010 120273 3.5148e-008 168.805 6.75935e+007 7.43236e+009 7.49996e+009 6.96563e+009
2.136 1.42536e+010 119388 3.89485e-008 179.885 7.00782e+007 7.52154e+009 7.59162e+009 6.66196e+009
2.138 1.56776e+010 125210 4.31551e-008 191.675 7.26484e+007 7.61137e+009 7.68402e+009 7.99357e+009
2.14 1.68326e+010 129741 4.78104e-008 204.219 7.53067e+007 7.70184e+009 7.77715e+009 9.05546e+009
2.142 1.75753e+010 132572 5.29619e-008 217.564 7.80558e+007 7.79297e+009 7.87102e+009 9.7043e+009
2.143 1.64481e+010 128250 5.57397e-008 224.552 7.94653e+007 7.83877e+009 7.91824e+009 8.52982e+009
2.145 1.44126e+010 120053 6.17349e-008 239.193 8.23561e+007 7.93086e+009 8.01321e+009 6.39942e+009
2.147 1.48819e+010 121992 6.8367e-008 254.766 8.5345e+007 8.02358e+009 8.10893e+009 6.77302e+009
2.149 1.33919e+010 115723 7.57029e-008 271.327 8.84352e+007 8.11695e+009 8.20538e+009 5.18647e+009
2.151 1.57155e+010 125361 8.38162e-008 288.939 9.16297e+007 8.21095e+009 8.30258e+009 7.41292e+009
2.153 1.60646e+010 126746 9.27885e-008 307.665 9.49319e+007 8.30558e+009 8.40051e+009 7.66411e+009
2.154 1.57644e+010 125557 9.76243e-008 317.468 9.66243e+007 8.35313e+009 8.44975e+009 7.3147e+009
2.156 1.46987e+010 121238 1.08056e-007 337.997 1.00094e+008 8.4487e+009 8.54879e+009 6.14988e+009
2.158 1.37505e+010 117262 1.19589e-007 359.821 1.0368e+008 8.54489e+009 8.64857e+009 5.1019e+009
2.16 1.32359e+010 115047 1.32337e-007 383.019 1.07386e+008 8.6417e+009 8.74909e+009 4.48682e+009
2.162 1.44994e+010 120413 1.46427e-007 407.675 1.11215e+008 8.73913e+009 8.85035e+009 5.64904e+009
2.164 1.53546e+010 123913 1.61999e-007 433.879 1.15171e+008 8.83717e+009 8.95234e+009 6.40221e+009
2.166 1.46581e+010 121070 1.79206e-007 461.724 1.19257e+008 8.93582e+009 9.05507e+009 5.60298e+009
2.168 1.45775e+010 120737 1.98219e-007 491.312 1.23479e+008 9.03507e+009 9.15855e+009 5.41898e+009
2.169 1.42396e+010 119330 2.08459e-007 506.793 1.25642e+008 9.08492e+009 9.21056e+009 5.02902e+009
2.171 1.51416e+010 123051 2.30535e-007 539.195 1.30074e+008 9.18507e+009 9.31514e+009 5.8265e+009
2.173 1.43994e+010 119998 2.5492e-007 573.616 1.34651e+008 9.28581e+009 9.42046e+009 4.97897e+009
2.175 1.3528e+010 116310 2.81851e-007 610.179 1.39378e+008 9.38713e+009 9.52651e+009 4.00149e+009
2.177 1.3831e+010 117605 3.11591e-007 649.014 1.44259e+008 9.48905e+009 9.6333e+009 4.19769e+009
2.179 1.22417e+010 110642 3.4443e-007 690.256 1.49298e+008 9.59153e+009 9.74083e+009 2.50087e+009
2.181 1.23664e+010 111204 3.80686e-007 734.053 1.54501e+008 9.6946e+009 9.8491e+009 2.51733e+009
2.183 1.36427e+010 116802 4.2071e-007 780.557 1.59872e+008 9.79823e+009 9.9581e+009 3.68463e+009
2.185 1.32247e+010 114999 4.64889e-007 829.931 1.65416e+008 9.90242e+009 1.00678e+010 3.15687e+009
2.187 1.34214e+010 115851 5.13648e-007 882.348 1.71139e+008 1.00072e+010 1.01783e+010 3.2431e+009
2.189 1.28568e+010 113388 5.67455e-007 937.989 1.77045e+008 1.01125e+010 1.02895e+010 2.56726e+009
2.19 1.30602e+010 114281 5.96411e-007 967.079 1.80068e+008 1.01653e+010 1.03454e+010 2.71483e+009
2.192 1.33848e+010 115693 6.58775e-007 1027.92 1.86259e+008 1.02714e+010 1.04577e+010 2.92712e+009
2.194 1.23237e+010 111012 7.27576e-007 1092.49 1.92647e+008 1.03781e+010 1.05707e+010 1.75295e+009
2.196 1.24904e+010 111760 8.0347e-007 1161.02 1.99238e+008 1.04853e+010 1.06845e+010 1.80586e+009
2.198 1.28715e+010 113453 8.87178e-007 1233.72 2.06038e+008 1.0593e+010 1.0799e+010 2.07248e+009
2.2 1.2132e+010 110145 9.79494e-007 1310.86 2.13052e+008 1.07012e+010 1.09143e+010 1.21773e+009
2.202 1.22852e+010 110839 1.08129e-006 1392.7 2.20287e+008 1.08099e+010 1.10302e+010 1.25499e+009
2.204 1.34356e+010 115912 1.19353e-006 1479.51 2.27748e+008 1.09192e+010 1.11469e+010 2.28865e+009
2.206 1.34798e+010 116103 1.31727e-006 1571.59 2.35444e+008 1.10289e+010 1.12643e+010 2.21547e+009
2.208 1.374e+010 117218 1.45367e-006 1669.24 2.43379e+008 1.11391e+010 1.13825e+010 2.35749e+009
2.21 1.36127e+010 116674 1.60401e-006 1772.81 2.51561e+008 1.12498e+010 1.15014e+010 2.11132e+009
2.212 1.23586e+010 111169 1.7697e-006 1882.62 2.59997e+008 1.1361e+010 1.1621e+010 7.37579e+008
2.214 1.30209e+010 114109 1.95227e-006 1999.05 2.68694e+008 1.14726e+010 1.17413e+010 1.27959e+009
2.216 1.2609e+010 112290 2.15344e-006 2122.5 2.77658e+008 1.15848e+010 1.18624e+010 7.46633e+008
2.218 1.3379e+010 115668 2.37505e-006 2253.35 2.86899e+008 1.16973e+010 1.19842e+010 1.39483e+009
2.22 1.34935e+010 116161 2.61918e-006 2392.06 2.96422e+008 1.18103e+010 1.21067e+010 1.38672e+009
2.222 1.35983e+010 116612 2.88806e-006 2539.07 3.06237e+008 1.19237e+010 1.223e+010 1.3683e+009
2.224 1.35594e+010 116445 3.18418e-006 2694.87 3.1635e+008 1.20376e+010 1.2354e+010 1.20549e+009
2.226 1.30872e+010 114399 3.51026e-006 2859.97 3.26771e+008 1.21519e+010 1.24786e+010 6.08542e+008
2.228 1.38132e+010 117530 3.86928e-006 3034.91 3.37508e+008 1.22666e+010 1.26041e+010 1.20912e+009
2.23 1.32049e+010 114913 4.26454e-006 3220.26 3.48568e+008 1.23816e+010 1.27302e+010 4.74707e+008
2.232 1.41401e+010 118912 4.69963e-006 3416.61 3.59962e+008 1.24971e+010 1.28571e+010 1.28303e+009
2.234 1.42575e+010 119405 5.17851e-006 3624.6 3.71697e+008 1.2613e+010 1.29847e+010 1.27282e+009
2.236 1.40196e+010 118405 5.70553e-006 3844.9 3.83784e+008 1.27292e+010 1.3113e+010 9.06639e+008
2.238 1.46178e+010 120904 6.28547e-006 4078.22 3.96231e+008 1.28458e+010 1.32421e+010 1.37572e+009
2.24 1.42926e+010 119551 6.92356e-006 4325.3 4.09048e+008 1.29628e+010 1.33718e+010 9.20741e+008
2.242 1.41607e+010 118999 7.62555e-006 4586.93 4.22245e+008 1.30801e+010 1.35023e+010 6.58381e+008
2.244 1.39038e+010 117915 8.39774e-006 4863.95 4.35832e+008 1.31977e+010 1.36335e+010 2.70317e+008
2.246 1.46049e+010 120851 9.24707e-006 5157.22 4.4982e+008 1.33156e+010 1.37655e+010 8.39437e+008
2.248 1.36454e+010 116813 1.01811e-005 5467.67 4.64218e+008 1.34339e+010 1.38981e+010 -2.52775e+008
2.25 1.47724e+010 121542 1.12082e-005 5796.29 4.79038e+008 1.35525e+010 1.40315e+010 7.40888e+008
2.252 1.46551e+010 121058 1.23375e-005 6144.09 4.9429e+008 1.36714e+010 1.41657e+010 4.89427e+008
2.254 1.52681e+010 123564 1.35791e-005 6512.17 5.09986e+008 1.37905e+010 1.43005e+010 9.67625e+008
2.256 2.12422e+010 145747 1.49438e-005 6901.66 5.26138e+008 1.39099e+010 1.44361e+010 6.80617e+009
2.258 2.09251e+010 144655 1.64439e-005 7313.79 5.42756e+008 1.40296e+010 1.45724e+010 6.3527e+009
2.26 2.19619e+010 148195 1.80924e-005 7749.81 5.59854e+008 1.41495e+010 1.47094e+010 7.25246e+009
2.262 2.04481e+010 142997 1.99039e-005 8211.08 5.77443e+008 1.42697e+010 1.48472e+010 5.60089e+009
2.264 1.8772e+010 137011 2.18942e-005 8699 5.95535e+008 1.43901e+010 1.49857e+010 3.78631e+009
2.267 2.07364e+010 144001 2.52536e-005 9484.17 6.23646e+008 1.45711e+010 1.51948e+010 5.54163e+009
2.269 2.02905e+010 142445 2.77709e-005 10045.5 6.43054e+008 1.4692e+010 1.53351e+010 4.95541e+009
2.271 1.82136e+010 134958 3.05356e-005 10639 6.63012e+008 1.48131e+010 1.54762e+010 2.73739e+009
2.273 1.68826e+010 129933 3.35717e-005 11266.5 6.83533e+008 1.49344e+010 1.5618e+010 1.26464e+009
2.275 1.57445e+010 125477 3.69054e-005 11930 7.04632e+008 1.50559e+010 1.57605e+010 -1.60609e+007
2.277 1.67455e+010 129404 4.05655e-005 12631.4 7.26322e+008 1.51775e+010 1.59038e+010 8.41661e+008
2.279 1.69023e+010 130009 4.45835e-005 13372.9 7.48619e+008 1.52992e+010 1.60478e+010 8.54476e+008
2.281 1.53958e+010 124080 4.89937e-005 14156.5 7.71536e+008 1.54211e+010 1.61926e+010 -7.96788e+008
2.283 1.7157e+010 130985 5.38341e-005 14984.7 7.9509e+008 1.55431e+010 1.63382e+010 8.18841e+008
2.285 1.61295e+010 127002 5.91459e-005 15859.9 8.19296e+008 1.56651e+010 1.64845e+010 -3.54908e+008
2.288 1.81707e+010 134799 6.80975e-005 17266.6 8.56862e+008 1.58484e+010 1.67053e+010 1.46539e+009
2.29 1.68802e+010 129924 7.4795e-005 18270.9 8.82767e+008 1.59707e+010 1.68535e+010 2.66973e+007
2.292 1.72518e+010 131346 8.21419e-005 19331.8 9.09381e+008 1.60931e+010 1.70025e+010 2.49316e+008
2.294 1.81914e+010 134875 9.02e-005 20452.5 9.3672e+008 1.62154e+010 1.71522e+010 1.03919e+009
2.296 1.66185e+010 128913 9.90373e-005 21636.2 9.64803e+008 1.63378e+010 1.73027e+010 -6.84181e+008
2.298 1.8951e+010 137663 0.000108728 22886.3 9.93645e+008 1.64603e+010 1.74539e+010 1.49708e+009
2.3 1.79251e+010 133885 0.000119353 24206.4 1.02327e+009 1.65827e+010 1.7606e+010 3.19133e+008
2.302 1.72506e+010 131342 0.000131001 25600.3 1.05368e+009 1.67051e+010 1.77588e+010 -5.08245e+008
2.305 1.6922e+010 130085 0.000150607 27838.4 1.10084e+009 1.68887e+010 1.79896e+010 -1.06757e+009
2.307 1.75798e+010 132589 0.000165257 29434.7 1.13334e+009 1.70111e+010 1.81444e+010 -5.64605e+008
2.309 1.65572e+010 128675 0.000181313 31119.8 1.16669e+009 1.71334e+010 1.83001e+010 -1.74286e+009
2.311 1.87755e+010 137024 0.000198905 32898.3 1.20093e+009 1.72556e+010 1.84565e+010 3.18973e+008
2.313 1.73213e+010 131610 0.000218179 34775.2 1.23607e+009 1.73777e+010 1.86138e+010 -1.29253e+009
2.315 1.99657e+010 141300 0.000239293 36755.9 1.27213e+009 1.74997e+010 1.87719e+010 1.19382e+009
2.318 1.84863e+010 135964 0.000274797 39933.6 1.32801e+009 1.76826e+010 1.90106e+010 -5.24325e+008
2.32 1.8112e+010 134581 0.000301303 42198.4 1.36648e+009 1.78043e+010 1.91708e+010 -1.05875e+009
2.322 1.87513e+010 136935 0.000330328 44587.6 1.40594e+009 1.79258e+010 1.93318e+010 -5.80529e+008
2.324 1.80599e+010 134387 0.000362108 47107.8 1.44643e+009 1.80472e+010 1.94937e+010 -1.43383e+009
2.326 1.8108e+010 134566 0.000396899 49765.8 1.48796e+009 1.81685e+010 1.96565e+010 -1.54847e+009
2.329 1.91286e+010 138306 0.000455355 54027.5 1.55226e+009 1.83499e+010 1.99023e+010 -7.73641e+008
2.331 1.92813e+010 138857 0.000498962 57063 1.59651e+009 1.84707e+010 2.00672e+010 -7.85934e+008
2.333 1.83586e+010 135494 0.000546682 60263.5 1.64187e+009 1.85911e+010 2.02331e+010 -1.87445e+009
2.335 1.92434e+010 138720 0.000598896 63637.7 1.68839e+009 1.87114e+010 2.03998e+010 -1.15648e+009
2.337 1.99582e+010 141274 0.000656023 67194.7 1.73609e+009 1.88314e+010 2.05675e+010 -6.09291e+008
2.34 2.15049e+010 146645 0.000751928 72893.9 1.80989e+009 1.90108e+010 2.08208e+010 6.84107e+008
2.342 2.03194e+010 142546 0.000823415 76950.7 1.86064e+009 1.91301e+010 2.09908e+010 -6.71359e+008
2.344 1.98306e+010 140821 0.000901594 81225.8 1.91265e+009 1.9249e+010 2.11618e+010 -1.33116e+009
2.346 1.95767e+010 139917 0.000987082 85730.6 1.96595e+009 1.93677e+010 2.13337e+010 -1.75701e+009
2.349 2.19048e+010 148003 0.00113051 92944.5 2.04839e+009 1.9545e+010 2.15935e+010 3.11308e+008
2.351 2.15346e+010 146747 0.00123734 98076.8 2.10505e+009 1.96627e+010 2.17679e+010 -2.3331e+008
2.353 2.06047e+010 143543 0.00135412 103483 2.16309e+009 1.97801e+010 2.19433e+010 -1.3386e+009
2.355 2.03054e+010 142497 0.00148175 109177 2.22256e+009 1.9897e+010 2.21197e+010 -1.8143e+009
2.358 2.19209e+010 148057 0.00169574 118291 2.31447e+009 2.00717e+010 2.23863e+010 -4.65449e+008
2.36 2.2612e+010 150373 0.00185503 124772 2.37761e+009 2.01876e+010 2.25654e+010 4.66064e+007
2.362 2.08515e+010 144401 0.00202905 131595 2.44227e+009 2.03031e+010 2.27455e+010 -1.89398e+009
2.364 2.17545e+010 147494 0.00221914 138780 2.50848e+009 2.04181e+010 2.29267e+010 -1.17221e+009
2.367 2.3577e+010 153548 0.00253764 150272 2.61078e+009 2.05897e+010 2.32006e+010 3.76322e+008
2.369 2.41385e+010 155366 0.00277459 158439 2.68101e+009 2.07035e+010 2.33846e+010 7.53807e+008
2.371 2.21611e+010 148866 0.0030333 167035 2.7529e+009 2.08167e+010 2.35698e+010 -1.40866e+009
2.373 2.2581e+010 150270 0.00331576 176082 2.82649e+009 2.09295e+010 2.37561e+010 -1.17511e+009
2.376 2.30658e+010 151874 0.00378871 190546 2.94013e+009 2.10975e+010 2.40378e+010 -9.72026e+008
2.378 2.30699e+010 151888 0.00414032 200819 3.01811e+009 2.12088e+010 2.42271e+010 -1.15726e+009
2.38 2.48571e+010 157661 0.00452404 211628 3.09789e+009 2.13196e+010 2.44177e+010 4.39464e+008
2.383 2.3714e+010 153993 0.0051662 228901 3.22106e+009 2.14845e+010 2.47058e+010 -9.91817e+008
2.385 2.42561e+010 155744 0.00564338 241166 3.30553e+009 2.15937e+010 2.48995e+010 -6.43411e+008
2.387 2.50215e+010 158182 0.00616392 254064 3.39195e+009 2.17023e+010 2.50945e+010 -7.29432e+007
2.39 2.48114e+010 157516 0.00703461 274670 3.52528e+009 2.18639e+010 2.53895e+010 -5.78015e+008
2.392 2.61967e+010 161854 0.00768126 289294 3.6167e+009 2.19708e+010 2.55878e+010 6.08892e+008
2.394 2.5441e+010 159502 0.0083864 304670 3.71018e+009 2.2077e+010 2.57875e+010 -3.46457e+008
2.397 2.51638e+010 158631 0.00956524 329222 3.85436e+009 2.2235e+010 2.60897e+010 -9.25845e+008
2.399 2.52999e+010 159059 0.0104403 346640 3.95318e+009 2.23394e+010 2.62929e+010 -9.93015e+008
2.401 2.74489e+010 165677 0.0113941 364946 4.05419e+009 2.2443e+010 2.64976e+010 9.5135e+008
2.404 2.62722e+010 162087 0.0129879 394166 4.20993e+009 2.25971e+010 2.68074e+010 -5.35195e+008
2.406 2.59442e+010 161072 0.0141704 414887 4.31662e+009 2.26988e+010 2.70158e+010 -1.07164e+009
2.408 2.56408e+010 160127 0.0154588 436657 4.42566e+009 2.27997e+010 2.72258e+010 -1.58502e+009
2.411 2.65258e+010 162867 0.0176105 471393 4.59368e+009 2.29496e+010 2.75437e+010 -1.01794e+009
2.413 2.76051e+010 166148 0.0192061 496015 4.70875e+009 2.30484e+010 2.77577e+010 -1.52616e+008
2.416 2.8868e+010 169906 0.0218699 535289 4.88602e+009 2.31952e+010 2.80817e+010 7.8631e+008
2.418 2.76142e+010 166175 0.0238446 563120 5.00738e+009 2.32919e+010 2.82998e+010 -6.85642e+008
2.42 3.13012e+010 176921 0.0259946 592344 5.13134e+009 2.33877e+010 2.85196e+010 2.78152e+009
2.423 3.04371e+010 174462 0.0295821 638939 5.32223e+009 2.35298e+010 2.88526e+010 1.58446e+009
2.425 2.76828e+010 166381 0.0322401 671944 5.45286e+009 2.36233e+010 2.90769e+010 -1.39407e+009
2.427 2.83711e+010 168437 0.0351329 706589 5.58624e+009 2.3716e+010 2.93029e+010 -9.31821e+008
2.43 3.1283e+010 176870 0.0399575 761804 5.79155e+009 2.38531e+010 2.96454e+010 1.63757e+009
2.432 3.07004e+010 175215 0.0435302 800900 5.932e+009 2.39433e+010 2.98761e+010 8.24226e+008
2.435 3.04347e+010 174455 0.0494865 863189 6.14814e+009 2.40768e+010 3.02258e+010 2.08875e+008
2.437 2.98308e+010 172716 0.0538958 907280 6.29594e+009 2.41646e+010 3.04614e+010 -6.30598e+008
2.44 3.13746e+010 177129 0.061244 977508 6.52333e+009 2.42943e+010 3.08186e+010 5.55967e+008
2.442 3.18826e+010 178557 0.0666817 1.0272e+006 6.67878e+009 2.43795e+010 3.10593e+010 8.23351e+008
2.444 3.31002e+010 181935 0.0725938 1.07933e+006 6.83737e+009 2.44636e+010 3.13021e+010 1.79813e+009
2.447 3.16452e+010 177891 0.0824415 1.16231e+006 7.08126e+009 2.45878e+010 3.16702e+010 -2.50522e+007
2.449 3.13542e+010 177071 0.0897251 1.22101e+006 7.24793e+009 2.46693e+010 3.19184e+010 -5.6424e+008
2.452 3.27856e+010 181068 0.101853 1.31445e+006 7.50416e+009 2.47894e+010 3.22949e+010 4.90686e+008
2.454 3.15541e+010 177635 0.110819 1.38051e+006 7.6792e+009 2.48681e+010 3.25487e+010 -9.94569e+008
2.457 3.16886e+010 178013 0.125744 1.48564e+006 7.94823e+009 2.4984e+010 3.29338e+010 -1.24517e+009
2.459 3.32187e+010 182260 0.136775 1.55996e+006 8.13197e+009 2.50599e+010 3.31934e+010 2.52596e+007
2.462 3.42414e+010 185044 0.155128 1.67817e+006 8.41427e+009 2.51716e+010 3.35875e+010 6.53903e+008
2.464 3.6052e+010 189874 0.168687 1.76171e+006 8.60701e+009 2.52445e+010 3.38533e+010 2.19874e+009
2.467 3.50205e+010 187138 0.19124 1.89457e+006 8.90307e+009 2.53517e+010 3.42567e+010 7.63777e+008
2.469 3.7053e+010 192492 0.207896 1.98843e+006 9.10514e+009 2.54217e+010 3.45288e+010 2.52417e+009
2.472 3.54068e+010 188167 0.235589 2.13765e+006 9.41543e+009 2.55244e+010 3.4942e+010 4.64867e+008
2.474 3.4701e+010 186282 0.256035 2.24305e+006 9.62716e+009 2.55913e+010 3.52207e+010 -5.19757e+008
2.477 3.60731e+010 189929 0.290015 2.41055e+006 9.95218e+009 2.56894e+010 3.5644e+010 4.29088e+008
2.479 3.39586e+010 184279 0.315093 2.52882e+006 1.01739e+010 2.57532e+010 3.59297e+010 -1.9711e+009
2.482 3.78746e+010 194614 0.356757 2.71672e+006 1.05141e+010 2.58466e+010 3.63635e+010 1.5111e+009
2.484 3.65144e+010 191088 0.387495 2.84937e+006 1.07462e+010 2.59072e+010 3.66563e+010 -1.41825e+008
2.487 3.54742e+010 188346 0.438544 3.06004e+006 1.11021e+010 2.59958e+010 3.7101e+010 -1.6268e+009
2.489 3.9629e+010 199070 0.476191 3.20871e+006 1.13448e+010 2.60532e+010 3.74012e+010 2.22782e+009
2.492 3.97151e+010 199286 0.538692 3.44478e+006 1.1717e+010 2.61369e+010 3.78573e+010 1.85777e+009
2.494 4.01157e+010 200289 0.584769 3.61132e+006 1.19707e+010 2.6191e+010 3.81652e+010 1.9505e+009
2.497 3.87665e+010 196892 0.661235 3.87568e+006 1.23596e+010 2.62696e+010 3.86331e+010 1.33418e+008
2.499 3.93823e+010 198450 0.717586 4.06212e+006 1.26246e+010 2.63204e+010 3.8949e+010 4.33311e+008
2.502 4.0765e+010 201904 0.81107 4.35798e+006 1.30307e+010 2.6394e+010 3.94291e+010 1.33597e+009
2.505 4.28605e+010 207028 0.916495 4.67443e+006 1.34475e+010 2.64645e+010 3.99166e+010 2.94389e+009
2.507 4.23719e+010 205844 0.994143 4.89751e+006 1.37313e+010 2.65098e+010 4.0246e+010 2.12597e+009
2.51 4.41089e+010 210021 1.12288 5.25133e+006 1.4166e+010 2.65752e+010 4.07465e+010 3.36248e+009
2.512 4.2608e+010 206417 1.21766 5.50068e+006 1.4462e+010 2.6617e+010 4.10845e+010 1.52349e+009
2.515 4.19935e+010 204923 1.37475 5.89607e+006 1.49154e+010 2.66771e+010 4.15984e+010 3.95139e+008
2.518 4.51777e+010 212551 1.5517 6.31857e+006 1.53801e+010 2.6734e+010 4.21204e+010 3.05732e+009
2.52 4.22342e+010 205510 1.68191 6.61617e+006 1.56963e+010 2.67702e+010 4.24731e+010 -2.38867e+008
2.523 4.35071e+010 208584 1.89757 7.08785e+006 1.61804e+010 2.68218e+010 4.30092e+010 4.97891e+008
2.525 4.00155e+010 200039 2.05621 7.41999e+006 1.65097e+010 2.68544e+010 4.33714e+010 -3.35591e+009
2.528 3.93329e+010 198325 2.31887 7.94625e+006 1.70136e+010 2.69005e+010 4.3922e+010 -4.5891e+009
2.531 3.97777e+010 199444 2.61441 8.50808e+006 1.75296e+010 2.69435e+010 4.44816e+010 -4.70387e+009
2.533 4.32591e+010 207988 2.83167 8.90352e+006 1.78805e+010 2.69703e+010 4.48597e+010 -1.60055e+009
2.536 4.32298e+010 207918 3.19119 9.52976e+006 1.84172e+010 2.70077e+010 4.54344e+010 -2.20464e+009
2.539 4.41637e+010 210152 3.59542 1.0198e+007 1.89665e+010 2.70419e+010 4.60186e+010 -1.85485e+009
2.541 5.03901e+010 224477 3.89241 1.0668e+007 1.93398e+010 2.70628e+010 4.64132e+010 3.97681e+009
2.544 6.88465e+010 262386 4.38357 1.14121e+007 1.99104e+010 2.70915e+010 4.70133e+010 2.18332e+010
2.546 5.41215e+010 232640 4.7443 1.19355e+007 2.02981e+010 2.71087e+010 4.74188e+010 6.70273e+009
2.549 6.13776e+010 247745 5.34066 1.27636e+007 2.08907e+010 2.71318e+010 4.80352e+010 1.33424e+010
2.552 5.83601e+010 241578 6.01041 1.36464e+007 2.14966e+010 2.71515e+010 4.86617e+010 9.69835e+009
2.555 5.7755e+010 240323 6.76241 1.45872e+007 2.21159e+010 2.71679e+010 4.92984e+010 8.45658e+009
2.557 5.52602e+010 235075 7.31427 1.52484e+007 2.25364e+010 2.71769e+010 4.97286e+010 5.53162e+009
2.56 5.75635e+010 239924 8.22585 1.62941e+007 2.31786e+010 2.71877e+010 5.03826e+010 7.18096e+009
2.563 5.63032e+010 237283 9.24864 1.7408e+007 2.38347e+010 2.71951e+010 5.10472e+010 5.25601e+009
2.565 5.69987e+010 238744 9.99878 1.81904e+007 2.42798e+010 2.71982e+010 5.14962e+010 5.5025e+009
2.568 5.79247e+010 240675 11.2372 1.94272e+007 2.49594e+010 2.72e+010 5.21789e+010 5.74583e+009
2.571 6.07249e+010 246424 12.6257 2.07438e+007 2.56533e+010 2.71984e+010 5.28725e+010 7.85248e+009
2.573 6.26384e+010 250277 13.6434 2.16683e+007 2.61239e+010 2.71955e+010 5.3341e+010 9.29732e+009
2.576 6.19592e+010 248916 15.3227 2.31289e+007 2.68419e+010 2.71883e+010 5.40533e+010 7.90594e+009
2.579 6.3046e+010 251090 17.2041 2.46828e+007 2.75745e+010 2.71778e+010 5.47769e+010 8.26911e+009
2.582 6.36632e+010 252316 19.3115 2.63358e+007 2.83219e+010 2.71638e+010 5.5512e+010 8.15121e+009
2.584 6.66854e+010 258235 20.855 2.74956e+007 2.88284e+010 2.71527e+010 5.60086e+010 1.06768e+010
2.587 6.44031e+010 253778 23.3996 2.93269e+007 2.96007e+010 2.71332e+010 5.67632e+010 7.6399e+009
2.59 6.37351e+010 252458 26.2479 3.12737e+007 3.0388e+010 2.71103e+010 5.75296e+010 6.20549e+009
2.593 6.1816e+010 248628 29.4352 3.33428e+007 3.11905e+010 2.70841e+010 5.8308e+010 3.508e+009
2.595 6.8395e+010 261524 31.7677 3.47938e+007 3.1734e+010 2.70648e+010 5.88337e+010 9.56135e+009
2.598 6.66864e+010 258237 35.61 3.70831e+007 3.25621e+010 2.70331e+010 5.96323e+010 7.05409e+009
2.601 6.88089e+010 262314 39.9066 3.9515e+007 3.34056e+010 2.69981e+010 6.04432e+010 8.36568e+009
2.604 7.13568e+010 267127 44.71 4.20976e+007 3.42646e+010 2.69597e+010 6.12665e+010 1.00903e+010
2.607 7.04108e+010 265350 50.0787 4.48398e+007 3.51393e+010 2.69181e+010 6.21022e+010 8.30853e+009
2.609 6.76712e+010 260137 54.0035 4.67612e+007 3.57311e+010 2.68885e+010 6.26664e+010 5.00481e+009
2.612 7.10656e+010 266581 60.462 4.97901e+007 3.66319e+010 2.68415e+010 6.35232e+010 7.5424e+009
2.615 7.13206e+010 267059 67.6754 5.30044e+007 3.75485e+010 2.67912e+010 6.43927e+010 6.92798e+009
2.618 7.08853e+010 266243 75.7297 5.64145e+007 3.84809e+010 2.67377e+010 6.5275e+010 5.61033e+009
2.621 7.20109e+010 268348 84.7207 6.00317e+007 3.94291e+010 2.6681e+010 6.61701e+010 5.84075e+009
2.623 6.81836e+010 261120 91.287 6.2564e+007 4.00702e+010 2.66414e+010 6.67741e+010 1.40945e+009
2.626 7.4148e+010 272301 102.081 6.65527e+007 4.1045e+010 2.65794e+010 6.76909e+010 6.45704e+009
2.629 7.01432e+010 264846 114.122 7.07811e+007 4.20358e+010 2.65143e+010 6.86208e+010 1.52237e+009
2.632 6.68266e+010 258509 127.549 7.52626e+007 4.30425e+010 2.6446e+010 6.95638e+010 -2.73713e+009
2.635 7.08348e+010 266148 142.52 8.00115e+007 4.40652e+010 2.63747e+010 7.05199e+010 3.14845e+008
2.638 7.30384e+010 270256 159.207 8.50425e+007 4.51039e+010 2.63002e+010 7.14892e+010 1.54918e+009
2.641 7.80695e+010 279409 177.802 9.03713e+007 4.61586e+010 2.62228e+010 7.24718e+010 5.59769e+009
2.644 7.42529e+010 272494 198.517 9.60142e+007 4.72292e+010 2.61423e+010 7.34675e+010 7.85362e+008
2.646 7.52712e+010 274356 213.62 9.99591e+007 4.79518e+010 2.6087e+010 7.41388e+010 1.13247e+009
2.649 7.63685e+010 276349 238.405 1.06164e+008 4.90489e+010 2.60016e+010 7.51567e+010 1.21185e+009
2.652 8.53014e+010 292064 265.997 1.12732e+008 5.01619e+010 2.59132e+010 7.61878e+010 9.11362e+009
2.655 9.14952e+010 302482 296.705 1.1968e+008 5.12906e+010 2.5822e+010 7.72323e+010 1.4263e+010
2.658 9.1901e+010 303152 330.873 1.27031e+008 5.2435e+010 2.57279e+010 7.82899e+010 1.36111e+010
2.661 9.43891e+010 307228 368.88 1.34806e+008 5.35952e+010 2.56309e+010 7.93609e+010 1.50283e+010
2.664 9.89349e+010 314539 411.146 1.43028e+008 5.47708e+010 2.55312e+010 8.0445e+010 1.84899e+010
2.667 1.0128e+011 318245 458.136 1.51719e+008 5.59619e+010 2.54286e+010 8.15423e+010 1.97374e+010
2.67 9.5523e+010 309068 510.365 1.60905e+008 5.71684e+010 2.53234e+010 8.26527e+010 1.28703e+010
2.673 9.47426e+010 307803 568.4 1.70613e+008 5.83901e+010 2.52155e+010 8.37762e+010 1.09665e+010
2.676 9.04554e+010 300758 632.872 1.80869e+008 5.96269e+010 2.51049e+010 8.49127e+010 5.54279e+009
2.679 8.72771e+010 295427 704.473 1.91702e+008 6.08787e+010 2.49917e+010 8.60621e+010 1.21506e+009
2.682 9.64408e+010 310549 783.972 2.03143e+008 6.21452e+010 2.48759e+010 8.72243e+010 9.21652e+009
2.685 9.15814e+010 302624 872.217 2.15221e+008 6.34265e+010 2.47576e+010 8.83993e+010 3.18211e+009
2.688 1.013e+011 318276 970.144 2.27971e+008 6.47221e+010 2.46368e+010 8.95869e+010 1.17129e+010
2.691 9.46071e+010 307583 1078.79 2.41427e+008 6.60321e+010 2.45136e+010 9.07871e+010 3.82e+009
2.694 9.96289e+010 315640 1199.28 2.55624e+008 6.73561e+010 2.43879e+010 9.19997e+010 7.62919e+009
2.697 9.71475e+010 311685 1332.89 2.70601e+008 6.86941e+010 2.42599e+010 9.32246e+010 3.92294e+009
2.7 1.07059e+011 327198 1481.01 2.86396e+008 7.00456e+010 2.41296e+010 9.44616e+010 1.25971e+010
2.703 1.02829e+011 320669 1645.15 3.03051e+008 7.14106e+010 2.3997e+010 9.57106e+010 7.11802e+009
2.706 1.02792e+011 320611 1827.02 3.20608e+008 7.27887e+010 2.38622e+010 9.69715e+010 5.82021e+009
2.709 1.0428e+011 322925 2028.46 3.39113e+008 7.41798e+010 2.37252e+010 9.8244e+010 6.03639e+009
2.712 1.0223e+011 319735 2251.54 3.58612e+008 7.55834e+010 2.3586e+010 9.95281e+010 2.7024e+009
2.715 1.01102e+011 317965 2498.49 3.79154e+008 7.69994e+010 2.34448e+010 1.00823e+011 2.78203e+008
2.718 1.09488e+011 330889 2771.82 4.00791e+008 7.84275e+010 2.33015e+010 1.0213e+011 7.35793e+009
2.721 1.04767e+011 323677 3074.25 4.23575e+008 7.98673e+010 2.31562e+010 1.03447e+011 1.31966e+009
2.724 1.06607e+011 326507 3408.8 4.47562e+008 8.13186e+010 2.3009e+010 1.04775e+011 1.83145e+009
2.727 1.0772e+011 328207 3778.77 4.7281e+008 8.27809e+010 2.28599e+010 1.06114e+011 1.60632e+009
2.73 1.09883e+011 331487 4187.81 4.9938e+008 8.4254e+010 2.27089e+010 1.07462e+011 2.42113e+009
2.733 1.04688e+011 323555 4639.93 5.27335e+008 8.57374e+010 2.25562e+010 1.08821e+011 -4.13324e+009
2.736 1.14078e+011 337754 5139.53 5.5674e+008 8.72309e+010 2.24016e+010 1.10189e+011 3.88823e+009
2.739 1.18376e+011 344058 5691.46 5.87664e+008 8.8734e+010 2.22454e+010 1.11567e+011 6.80855e+009
2.743 1.14812e+011 338839 6518 6.31382e+008 9.07525e+010 2.20346e+010 1.13418e+011 1.39333e+009
2.746 1.16239e+011 340938 7213.59 6.66132e+008 9.22765e+010 2.18746e+010 1.14817e+011 1.42131e+009
2.749 1.04452e+011 323191 7981.35 7.0265e+008 9.38088e+010 2.17131e+010 1.16225e+011 -1.17723e+010
2.752 1.12984e+011 336130 8828.53 7.41018e+008 9.5349e+010 2.15501e+010 1.1764e+011 -4.65657e+009
2.755 1.08586e+011 329523 9763.11 7.8132e+008 9.68966e+010 2.13857e+010 1.19064e+011 -1.04781e+010
2.758 1.24014e+011 352156 10793.8 8.23644e+008 9.84511e+010 2.12199e+010 1.20495e+011 3.51935e+009
2.761 1.1778e+011 343190 11930.3 8.68083e+008 1.00012e+011 2.10528e+010 1.21933e+011 -4.15329e+009
2.765 1.23527e+011 351465 13628.3 9.30788e+008 1.02103e+011 2.0828e+010 1.23861e+011 -3.34161e+008
2.768 1.22975e+011 350679 15054.1 9.80537e+008 1.03677e+011 2.0658e+010 1.25315e+011 -2.33999e+009
2.771 1.25326e+011 354015 16624.7 1.03273e+009 1.05256e+011 2.04869e+010 1.26776e+011 -1.44917e+009
2.774 1.31502e+011 362633 18354.5 1.08748e+009 1.06839e+011 2.03146e+010 1.28242e+011 3.26082e+009
2.777 1.29435e+011 359771 20258.9 1.1449e+009 1.08427e+011 2.01413e+010 1.29713e+011 -2.77398e+008
2.78 1.28923e+011 359059 22355.2 1.2051e+009 1.10017e+011 1.9967e+010 1.31189e+011 -2.26603e+009
2.784 1.25913e+011 354842 25481.3 1.28991e+009 1.12142e+011 1.97332e+010 1.33165e+011 -7.25191e+009
2.787 1.41473e+011 376128 28100.9 1.35708e+009 1.13738e+011 1.95568e+010 1.34652e+011 6.82079e+009
2.79 1.43597e+011 378942 30981.9 1.42746e+009 1.15335e+011 1.93795e+010 1.36142e+011 7.45501e+009
2.793 1.42822e+011 377918 34149.5 1.50118e+009 1.16934e+011 1.92015e+010 1.37636e+011 5.18585e+009
2.797 1.50501e+011 387944 38866.5 1.60492e+009 1.19065e+011 1.8963e+010 1.39633e+011 1.08677e+010
2.8 1.55062e+011 393780 42814.3 1.68699e+009 1.20663e+011 1.87834e+010 1.41133e+011 1.39291e+010
2.803 1.61771e+011 402207 47150.8 1.7729e+009 1.2226e+011 1.86032e+010 1.42636e+011 1.91349e+010
2.806 1.58507e+011 398129 51913.1 1.8628e+009 1.23855e+011 1.84224e+010 1.4414e+011 1.43665e+010
2.81 1.51938e+011 389793 58995.5 1.98915e+009 1.25978e+011 1.81806e+010 1.46148e+011 5.79072e+009
2.813 1.5225e+011 390192 64914.9 2.08902e+009 1.27567e+011 1.79987e+010 1.47654e+011 4.59571e+009
2.816 1.50203e+011 387561 71409.7 2.19344e+009 1.29152e+011 1.78164e+010 1.49161e+011 1.04168e+009
2.82 1.5466e+011 393269 81058.7 2.34009e+009 1.31258e+011 1.75729e+010 1.51171e+011 3.48945e+009
2.823 1.66253e+011 407741 89114.9 2.45588e+009 1.32831e+011 1.73899e+010 1.52677e+011 1.35759e+010
2.826 1.5771e+011 397127 97946.3 2.57688e+009 1.34399e+011 1.72067e+010 1.54183e+011 3.52744e+009
2.83 1.63412e+011 404242 111053 2.74665e+009 1.36479e+011 1.69621e+010 1.56187e+011 7.22443e+009
2.833 1.73322e+011 416320 121985 2.88059e+009 1.3803e+011 1.67786e+010 1.57689e+011 1.56333e+010
2.836 1.67086e+011 408762 133958 3.02043e+009 1.39573e+011 1.6595e+010 1.59188e+011 7.89798e+009
2.84 1.68427e+011 410399 151709 3.21649e+009 1.41616e+011 1.63501e+010 1.61183e+011 7.24395e+009
2.843 1.69769e+011 412031 166500 3.37102e+009 1.43138e+011 1.61665e+010 1.62676e+011 7.09386e+009
2.846 1.70722e+011 413185 182684 3.53226e+009 1.44649e+011 1.59829e+010 1.64164e+011 6.5575e+009
2.85 1.70811e+011 413293 206654 3.7581e+009 1.46647e+011 1.57384e+010 1.66143e+011 4.66793e+009
2.853 1.77505e+011 421313 226605 3.93596e+009 1.48131e+011 1.55553e+010 1.67622e+011 9.88221e+009
2.856 1.63335e+011 404147 248418 4.12139e+009 1.49603e+011 1.53723e+010 1.69097e+011 -5.76193e+009
2.86 1.57479e+011 396837 280690 4.38088e+009 1.51544e+011 1.51288e+010 1.71054e+011 -1.3575e+010
2.863 1.67657e+011 409459 307523 4.58507e+009 1.52984e+011 1.49466e+010 1.72516e+011 -4.8595e+009
2.867 1.66704e+011 408294 347193 4.87065e+009 1.54881e+011 1.47041e+010 1.74456e+011 -7.75147e+009
2.87 1.75324e+011 418717 380154 5.09522e+009 1.56285e+011 1.45228e+010 1.75903e+011 -5.78997e+008
2.874 1.96194e+011 442938 428847 5.40911e+009 1.58131e+011 1.42817e+010 1.77823e+011 1.83717e+010
2.877 2.01528e+011 448919 469276 5.65579e+009 1.59496e+011 1.41015e+010 1.79254e+011 2.22743e+010
2.88 1.91094e+011 437143 513384 5.91251e+009 1.60843e+011 1.39219e+010 1.80678e+011 1.04157e+010
2.884 1.83588e+011 428472 578477 6.27101e+009 1.6261e+011 1.36833e+010 1.82565e+011 1.02254e+009
2.887 1.843e+011 429302 632466 6.55251e+009 1.63913e+011 1.3505e+010 1.83971e+011 3.28608e+008
2.891 1.83841e+011 428767 712083 6.94537e+009 1.65619e+011 1.32684e+010 1.85833e+011 -1.99207e+009
2.894 1.93751e+011 440171 778071 7.25366e+009 1.66874e+011 1.30918e+010 1.8722e+011 6.53081e+009
2.898 1.76906e+011 420602 875312 7.68364e+009 1.68513e+011 1.28575e+010 1.89055e+011 -1.21495e+010
2.901 1.82565e+011 427276 955850 8.02084e+009 1.69717e+011 1.26827e+010 1.90422e+011 -7.85664e+009
2.905 1.71232e+011 413802 1.07444e+006 8.49087e+009 1.71286e+011 1.24509e+010 1.92229e+011 -2.09969e+010
2.908 1.78135e+011 422060 1.17259e+006 8.85925e+009 1.72436e+011 1.22781e+010 1.93574e+011 -1.54394e+010
2.912 1.85011e+011 430128 1.31702e+006 9.3724e+009 1.7393e+011 1.2049e+010 1.95353e+011 -1.03424e+010
2.916 1.76532e+011 420157 1.47855e+006 9.91166e+009 1.7538e+011 1.18216e+010 1.97115e+011 -2.05828e+010
2.919 1.82022e+011 426641 1.61208e+006 1.03339e+010 1.76437e+011 1.16522e+010 1.98425e+011 -1.6403e+010
2.923 1.93122e+011 439456 1.80834e+006 1.09215e+010 1.77806e+011 1.14279e+010 2.00157e+011 -7.03545e+009
2.926 1.90183e+011 436100 1.97047e+006 1.13812e+010 1.78801e+011 1.12609e+010 2.01445e+011 -1.12621e+010
2.93 2.04295e+011 451990 2.20859e+006 1.20207e+010 1.80085e+011 1.10399e+010 2.03147e+011 1.14762e+009
2.933 1.98622e+011 445670 2.40514e+006 1.25207e+010 1.81014e+011 1.08754e+010 2.04413e+011 -5.79068e+009
2.937 2.0269e+011 450211 2.69361e+006 1.32157e+010 1.82209e+011 1.06579e+010 2.06085e+011 -3.395e+009
2.941 2.03117e+011 450685 3.01529e+006 1.39442e+010 1.83352e+011 1.04423e+010 2.07741e+011 -4.62446e+009
2.944 1.97124e+011 443987 3.28053e+006 1.45133e+010 1.84173e+011 1.02821e+010 2.08972e+011 -1.18477e+010
2.948 2.02283e+011 449759 3.66934e+006 1.53035e+010 1.85222e+011 1.00703e+010 2.10599e+011 -8.31635e+009
2.951 1.97901e+011 444861 3.9897e+006 1.59205e+010 1.85972e+011 9.91287e+009 2.11809e+011 -1.39081e+010
2.955 1.96688e+011 443495 4.45897e+006 1.67766e+010 1.86923e+011 9.70493e+009 2.13409e+011 -1.67214e+010
2.959 2.00559e+011 447839 4.98115e+006 1.76723e+010 1.87818e+011 9.49927e+009 2.14994e+011 -1.44349e+010
2.962 1.99422e+011 446567 5.4109e+006 1.83708e+010 1.88451e+011 9.34653e+009 2.16174e+011 -1.67516e+010
2.966 2.05306e+011 453108 6.03968e+006 1.93392e+010 1.89244e+011 9.14493e+009 2.17734e+011 -1.24278e+010
2.97 2.11359e+011 459738 6.73843e+006 2.03512e+010 1.89978e+011 8.94571e+009 2.19282e+011 -7.92324e+009
2.973 2.10351e+011 458640 7.31284e+006 2.11398e+010 1.9049e+011 8.79788e+009 2.20435e+011 -1.00836e+010
2.977 2.05746e+011 453593 8.15231e+006 2.22318e+010 1.91119e+011 8.6029e+009 2.21962e+011 -1.62154e+010
2.981 2.1069e+011 459009 9.08397e+006 2.33716e+010 1.91687e+011 8.41039e+009 2.23478e+011 -1.27888e+010
2.985 2.19133e+011 468116 1.01174e+007 2.4561e+010 1.92194e+011 8.22038e+009 2.24986e+011 -5.85263e+009
2.988 2.25328e+011 474687 1.09657e+007 2.54864e+010 1.92534e+011 8.07953e+009 2.26111e+011 -7.83139e+008
2.992 2.17394e+011 466256 1.22034e+007 2.67662e+010 1.92932e+011 7.89395e+009 2.27605e+011 -1.02101e+010
2.996 2.28954e+011 478492 1.35746e+007 2.81e+010 1.93268e+011 7.71093e+009 2.29093e+011 -1.38092e+008
3 2.20336e+011 469399 1.50929e+007 2.94894e+010 1.93541e+011 7.53049e+009 2.30576e+011 -1.02401e+010
3.003 2.23304e+011 472550 1.63371e+007 3.05691e+010 1.93704e+011 7.39688e+009 2.31686e+011 -8.38289e+009
3.007 2.30636e+011 480246 1.81497e+007 3.20601e+010 1.93866e+011 7.22101e+009 2.33166e+011 -2.52983e+009
3.011 2.34442e+011 484192 2.01542e+007 3.36116e+010 1.93965e+011 7.04776e+009 2.34644e+011 -2.02089e+008
3.015 2.40284e+011 490187 2.23697e+007 3.52253e+010 1.94e+011 6.87716e+009 2.36125e+011 4.15884e+009
3.019 2.44218e+011 494184 2.48174e+007 3.69029e+010 1.93971e+011 6.70922e+009 2.37608e+011 6.60987e+009
3.022 2.38583e+011 488450 2.68192e+007 3.82042e+010 1.93908e+011 6.585e+009 2.38724e+011 -1.4094e+008
3.026 2.41669e+011 491598 2.97298e+007 3.99982e+010 1.93768e+011 6.42171e+009 2.40218e+011 1.4509e+009
3.03 2.33772e+011 483499 3.29411e+007 4.1861e+010 1.93565e+011 6.26109e+009 2.4172e+011 -7.94809e+009
3.034 2.3319e+011 482897 3.64824e+007 4.37946e+010 1.93298e+011 6.10314e+009 2.43232e+011 -1.00425e+010
3.038 2.50219e+011 500219 4.03859e+007 4.58008e+010 1.92969e+011 5.94787e+009 2.44758e+011 5.4616e+009
3.042 2.57482e+011 507426 4.46864e+007 4.78813e+010 1.92577e+011 5.79527e+009 2.46298e+011 1.11837e+010
3.046 2.62416e+011 512265 4.94221e+007 5.00381e+010 1.92122e+011 5.64534e+009 2.47855e+011 1.45609e+010
3.049 2.68851e+011 518508 5.32843e+007 5.17068e+010 1.91741e+011 5.53464e+009 2.49035e+011 1.98153e+010
3.053 2.70266e+011 519871 5.88838e+007 5.40013e+010 1.91178e+011 5.38938e+009 2.50628e+011 1.96379e+010
3.057 2.61806e+011 511670 6.50417e+007 5.6377e+010 1.90555e+011 5.24677e+009 2.52244e+011 9.56223e+009
3.061 2.70942e+011 520521 7.18105e+007 5.88357e+010 1.89872e+011 5.10681e+009 2.53886e+011 1.7056e+010
3.065 2.71478e+011 521036 7.92472e+007 6.13792e+010 1.89129e+011 4.96949e+009 2.55557e+011 1.59216e+010
3.069 2.68681e+011 518344 8.74139e+007 6.40093e+010 1.88327e+011 4.8348e+009 2.57258e+011 1.14222e+010
3.073 2.6042e+011 510314 9.63778e+007 6.67276e+010 1.87467e+011 4.70272e+009 2.58994e+011 1.42675e+009
3.077 2.61602e+011 511471 1.06212e+008 6.95359e+010 1.8655e+011 4.57324e+009 2.60765e+011 8.37507e+008
3.081 2.58042e+011 507978 1.16996e+008 7.2436e+010 1.85576e+011 4.44635e+009 2.62575e+011 -4.53311e+009
3.085 2.65568e+011 515333 1.28815e+008 7.54294e+010 1.84547e+011 4.32202e+009 2.64427e+011 1.14131e+009
3.089 2.78484e+011 527716 1.41763e+008 7.85178e+010 1.83463e+011 4.20025e+009 2.66323e+011 1.21615e+010
3.093 2.73046e+011 522538 1.55941e+008 8.17028e+010 1.82326e+011 4.081e+009 2.68265e+011 4.78094e+009
3.097 3.13003e+011 559467 1.71458e+008 8.49859e+010 1.81136e+011 3.96427e+009 2.70258e+011 4.27456e+010
3.101 3.20773e+011 566368 1.88431e+008 8.83686e+010 1.79895e+011 3.85003e+009 2.72302e+011 4.84708e+010
3.105 3.26076e+011 571031 2.0699e+008 9.18524e+010 1.78604e+011 3.73826e+009 2.74402e+011 5.16742e+010
3.109 3.22593e+011 567973 2.27273e+008 9.54386e+010 1.77264e+011 3.62894e+009 2.76559e+011 4.60341e+010
3.113 3.03376e+011 550796 2.49428e+008 9.91285e+010 1.75877e+011 3.52203e+009 2.78777e+011 2.45994e+010
3.117 3.03689e+011 551080 2.73616e+008 1.02924e+011 1.74443e+011 3.41752e+009 2.81057e+011 2.26312e+010
3.121 3.00609e+011 548278 3.00012e+008 1.06825e+011 1.72964e+011 3.31538e+009 2.83404e+011 1.72053e+010
3.126 2.97079e+011 545049 3.36398e+008 1.11852e+011 1.71054e+011 3.19101e+009 2.86433e+011 1.06453e+010
3.13 3.02074e+011 549612 3.68469e+008 1.15997e+011 1.69478e+011 3.0941e+009 2.88937e+011 1.31364e+010
3.134 2.96321e+011 544354 4.03412e+008 1.2025e+011 1.67862e+011 2.99948e+009 2.91515e+011 4.80607e+009
3.138 3.09702e+011 556509 4.41465e+008 1.24614e+011 1.66207e+011 2.90712e+009 2.9417e+011 1.55317e+010
3.142 3.13689e+011 560079 4.82885e+008 1.2909e+011 1.64514e+011 2.81697e+009 2.96904e+011 1.67851e+010
3.146 3.36132e+011 579769 5.27948e+008 1.33677e+011 1.62785e+011 2.72902e+009 2.99719e+011 3.64124e+010
3.15 3.30998e+011 575324 5.76951e+008 1.38377e+011 1.61022e+011 2.64324e+009 3.02618e+011 2.83793e+010
3.155 3.38382e+011 581706 6.44232e+008 1.4441e+011 1.58771e+011 2.539e+009 3.06364e+011 3.20183e+010
3.159 3.30023e+011 574477 7.03299e+008 1.49364e+011 1.56935e+011 2.45797e+009 3.0946e+011 2.05639e+010
3.163 3.12096e+011 558656 7.67428e+008 1.54431e+011 1.55069e+011 2.379e+009 3.12646e+011 -5.50399e+008
3.167 3.35382e+011 579122 8.3702e+008 1.59612e+011 1.53175e+011 2.30206e+009 3.15926e+011 1.94555e+010
3.171 3.30642e+011 575015 9.12502e+008 1.64907e+011 1.51255e+011 2.22711e+009 3.19301e+011 1.13415e+010
3.176 3.49446e+011 591139 1.01584e+009 1.71684e+011 1.48819e+011 2.1362e+009 3.23656e+011 2.57903e+010
3.18 3.45824e+011 588068 1.1063e+009 1.77233e+011 1.46845e+011 2.06563e+009 3.2725e+011 1.8574e+010
3.184 3.52647e+011 593841 1.20426e+009 1.82895e+011 1.4485e+011 1.99695e+009 3.30946e+011 2.17013e+010
3.188 3.61213e+011 601010 1.3103e+009 1.88668e+011 1.42834e+011 1.93014e+009 3.34743e+011 2.64696e+010
3.193 3.71078e+011 609161 1.45512e+009 1.96041e+011 1.4029e+011 1.84918e+009 3.39635e+011 3.14422e+010
3.197 3.50585e+011 592102 1.5816e+009 2.02063e+011 1.38236e+011 1.78642e+009 3.43667e+011 6.91776e+009
3.201 3.54614e+011 595495 1.71829e+009 2.08194e+011 1.36167e+011 1.72541e+009 3.47805e+011 6.80886e+009
3.206 3.74602e+011 612048 1.90464e+009 2.16009e+011 1.33564e+011 1.65156e+009 3.53129e+011 2.14734e+010
3.21 3.57316e+011 597759 2.0671e+009 2.2238e+011 1.31468e+011 1.59436e+009 3.5751e+011 -1.93843e+008
3.214 3.53609e+011 594650 2.24238e+009 2.28856e+011 1.29363e+011 1.53881e+009 3.61999e+011 -8.39043e+009
3.219 3.59234e+011 599361 2.48093e+009 2.37094e+011 1.2672e+011 1.47163e+009 3.67766e+011 -8.53214e+009
3.223 3.81879e+011 617963 2.68852e+009 2.43797e+011 1.24599e+011 1.41965e+009 3.72503e+011 9.37529e+009
3.228 3.80498e+011 616845 2.97068e+009 2.52313e+011 1.2194e+011 1.35683e+009 3.78581e+011 1.91756e+009
3.232 3.59572e+011 599643 3.21591e+009 2.59233e+011 1.19811e+011 1.30825e+009 3.83568e+011 -2.39955e+010
3.236 3.84594e+011 620156 3.47979e+009 2.66245e+011 1.1768e+011 1.26114e+009 3.88666e+011 -4.07191e+009
3.241 3.75654e+011 612906 3.83781e+009 2.75137e+011 1.15016e+011 1.20426e+009 3.95194e+011 -1.95406e+010
3.245 3.64737e+011 603935 4.14842e+009 2.82347e+011 1.12886e+011 1.16031e+009 4.00542e+011 -3.58048e+010
3.25 3.87995e+011 622892 4.56931e+009 2.91476e+011 1.10229e+011 1.10729e+009 4.07382e+011 -1.93874e+010
3.254 4.25395e+011 652223 4.93401e+009 2.98869e+011 1.08109e+011 1.06636e+009 4.12978e+011 1.24176e+010
3.259 4.27984e+011 654205 5.42757e+009 3.08215e+011 1.05467e+011 1.017e+009 4.20126e+011 7.85733e+009
3.263 4.24922e+011 651861 5.8547e+009 3.15772e+011 1.03362e+011 9.78915e+008 4.25967e+011 -1.04498e+009
3.268 4.39785e+011 663163 6.43203e+009 3.25312e+011 1.00743e+011 9.33024e+008 4.3342e+011 6.36529e+009
3.272 4.26144e+011 652797 6.93102e+009 3.33014e+011 9.86589e+010 8.97642e+008 4.39502e+011 -1.33575e+010
3.277 4.34911e+011 659478 7.60463e+009 3.42723e+011 9.60703e+010 8.55031e+008 4.47253e+011 -1.23419e+010
3.281 4.36236e+011 660482 8.18612e+009 3.50549e+011 9.40137e+010 8.222e+008 4.53571e+011 -1.73349e+010
3.286 4.35887e+011 660217 8.97008e+009 3.60398e+011 9.14626e+010 7.82685e+008 4.61613e+011 -2.57266e+010
3.29 4.6236e+011 679971 9.64598e+009 3.68324e+011 8.94386e+010 7.52258e+008 4.68161e+011 -5.80083e+009
3.295 4.62424e+011 680017 1.05561e+010 3.78283e+011 8.69314e+010 7.15661e+008 4.76486e+011 -1.40629e+010
3.299 4.88763e+011 699116 1.13397e+010 3.86285e+011 8.4945e+010 6.87499e+008 4.83257e+011 5.50515e+009
3.304 5.07082e+011 712097 1.23936e+010 3.96322e+011 8.24876e+010 6.53648e+008 4.91857e+011 1.5225e+010
3.309 5.13371e+011 716499 1.35356e+010 4.06388e+011 8.00602e+010 6.21249e+008 5.00605e+011 1.27664e+010
3.313 5.08955e+011 713411 1.4517e+010 4.14453e+011 7.8141e+010 5.96342e+008 5.07708e+011 1.24687e+009
3.318 4.95141e+011 703663 1.58342e+010 4.24543e+011 7.57715e+010 5.66433e+008 5.16715e+011 -2.15737e+010
3.323 5.16544e+011 718710 1.72585e+010 4.34629e+011 7.34363e+010 5.37838e+008 5.25862e+011 -9.31822e+009
3.327 5.10728e+011 714653 1.84801e+010 4.42688e+011 7.15936e+010 5.15878e+008 5.33278e+011 -2.25496e+010
3.332 5.21116e+011 721884 2.01163e+010 4.5274e+011 6.93231e+010 4.89532e+008 5.42669e+011 -2.15531e+010
3.337 5.5018e+011 741741 2.18817e+010 4.62756e+011 6.70902e+010 4.64372e+008 5.52192e+011 -2.01173e+009
3.341 5.49642e+011 741379 2.33928e+010 4.70734e+011 6.53317e+010 4.45067e+008 5.59903e+011 -1.0261e+010
3.346 5.70595e+011 755377 2.54127e+010 4.80653e+011 6.31691e+010 4.21931e+008 5.69657e+011 9.38135e+008
3.351 5.9428e+011 770895 2.75873e+010 4.90501e+011 6.10467e+010 3.9986e+008 5.79534e+011 1.47452e+010
3.356 5.67427e+011 753278 2.99263e+010 5.00264e+011 5.89654e+010 3.78812e+008 5.89535e+011 -2.21077e+010
3.36 5.48679e+011 740729 3.19231e+010 5.08006e+011 5.73304e+010 3.62685e+008 5.97622e+011 -4.8943e+010
3.365 5.73464e+011 757274 3.4585e+010 5.17585e+011 5.53247e+010 3.43382e+008 6.07839e+011 -3.43741e+010
3.37 6.05959e+011 778434 3.74419e+010 5.27044e+011 5.33619e+010 3.24994e+008 6.18173e+011 -1.22139e+010
3.375 6.30038e+011 793749 4.05056e+010 5.3637e+011 5.14423e+010 3.07485e+008 6.28625e+011 1.41228e+009
3.38 6.10053e+011 781059 4.37886e+010 5.45548e+011 4.95663e+010 2.90819e+008 6.39194e+011 -2.91416e+010
3.385 6.52914e+011 808031 4.73035e+010 5.54567e+011 4.77343e+010 2.74962e+008 6.4988e+011 3.03415e+009
3.389 6.58707e+011 811608 5.02916e+010 5.61658e+011 4.63004e+010 2.62836e+008 6.58513e+011 1.93585e+008
3.394 6.39737e+011 799836 5.42582e+010 5.70357e+011 4.4548e+010 2.4835e+008 6.69411e+011 -2.96738e+010
3.399 6.5561e+011 809697 5.84957e+010 5.78859e+011 4.28399e+010 2.34583e+008 6.80429e+011 -2.48194e+010
3.404 6.71567e+011 819492 6.30188e+010 5.87152e+011 4.11762e+010 2.21502e+008 6.91569e+011 -2.00013e+010
3.409 6.97599e+011 835224 6.78427e+010 5.95224e+011 3.95568e+010 2.09078e+008 7.02833e+011 -5.23397e+009
3.414 6.82591e+011 826191 7.29835e+010 6.03063e+011 3.79816e+010 1.97284e+008 7.14225e+011 -3.16338e+010
3.419 7.00628e+011 837035 7.84573e+010 6.10655e+011 3.64505e+010 1.86091e+008 7.25749e+011 -2.51207e+010
3.424 7.21478e+011 849399 8.42809e+010 6.1799e+011 3.49631e+010 1.75472e+008 7.3741e+011 -1.5932e+010
3.429 7.09044e+011 842047 9.04718e+010 6.25056e+011 3.35193e+010 1.65402e+008 7.49213e+011 -4.01693e+010
3.434 7.24448e+011 851145 9.70476e+010 6.31842e+011 3.21186e+010 1.55857e+008 7.61164e+011 -3.67158e+010
3.439 7.42265e+011 861548 1.04026e+011 6.38337e+011 3.07606e+010 1.46812e+008 7.73271e+011 -3.10059e+010
3.444 7.34249e+011 856883 1.11427e+011 6.4453e+011 2.9445e+010 1.38244e+008 7.8554e+011 -5.12907e+010
3.449 7.95487e+011 891901 1.19268e+011 6.50411e+011 2.81712e+010 1.30132e+008 7.97981e+011 -2.49339e+009
3.454 7.56411e+011 869719 1.27569e+011 6.55971e+011 2.69387e+010 1.22453e+008 8.10602e+011 -5.41905e+010
3.459 7.88628e+011 888047 1.3635e+011 6.61201e+011 2.57469e+010 1.15188e+008 8.23414e+011 -3.47855e+010
3.464 8.22857e+011 907115 1.45631e+011 6.66092e+011 2.45952e+010 1.08316e+008 8.36426e+011 -1.35692e+010
3.469 8.53433e+011 923814 1.55431e+011 6.70636e+011 2.3483e+010 1.0182e+008 8.49652e+011 3.78101e+009
3.474 8.40431e+011 916750 1.65772e+011 6.74825e+011 2.24096e+010 9.56797e+007 8.63102e+011 -2.26714e+010
3.48 9.04072e+011 950827 1.78922e+011 6.79374e+011 2.11718e+010 8.87582e+007 8.79557e+011 2.45154e+010
3.485 9.33256e+011 966052 1.90524e+011 6.82759e+011 2.01812e+010 8.33428e+007 8.93548e+011 3.97085e+010
3.49 9.0692e+011 952323 2.02732e+011 6.85769e+011 1.92272e+010 7.82309e+007 9.07807e+011 -8.86988e+008
3.495 8.84165e+011 940300 2.15567e+011 6.88399e+011 1.83088e+010 7.34072e+007 9.22349e+011 -3.81839e+010
3.5 9.28148e+011 963404 2.2905e+011 6.90645e+011 1.74254e+010 6.88573e+007 9.37189e+011 -9.04095e+009
3.505 9.45607e+011 972423 2.43201e+011 6.92502e+011 1.65761e+010 6.45671e+007 9.52344e+011 -6.73613e+009
3.511 9.83317e+011 991623 2.61093e+011 6.94213e+011 1.56009e+010 5.97431e+007 9.70967e+011 1.23498e+010
3.516 9.9053e+011 995254 2.76786e+011 6.95205e+011 1.48238e+010 5.59784e+007 9.86871e+011 3.65884e+009
3.521 1.0057e+012 1.00285e+006 2.9321e+011 6.95801e+011 1.40782e+010 5.24329e+007 1.00314e+012 2.55613e+009
3.526 1.06131e+012 1.0302e+006 3.10386e+011 6.96e+011 1.33633e+010 4.9095e+007 1.0198e+012 4.15082e+010
3.532 1.03723e+012 1.01844e+006 3.32016e+011 6.95714e+011 1.25446e+010 4.53482e+007 1.04032e+012 -3.09176e+009
3.537 1.02879e+012 1.01429e+006 3.50909e+011 6.95038e+011 1.18941e+010 4.24292e+007 1.05788e+012 -2.90983e+010
3.542 1.04478e+012 1.02214e+006 3.70611e+011 6.93967e+011 1.12715e+010 3.96844e+007 1.07589e+012 -3.11129e+010
3.548 1.13338e+012 1.0646e+006 3.95343e+011 6.92162e+011 1.05602e+010 3.66074e+007 1.0981e+012 3.52772e+010
3.553 1.09084e+012 1.04443e+006 4.16879e+011 6.90227e+011 9.9962e+009 3.42133e+007 1.11714e+012 -2.62994e+010
3.558 1.14369e+012 1.06944e+006 4.39273e+011 6.87904e+011 9.45747e+009 3.19648e+007 1.13667e+012 7.02826e+009
3.564 1.20601e+012 1.09818e+006 4.67295e+011 6.84611e+011 8.84319e+009 2.94474e+007 1.16078e+012 4.52271e+010
3.569 1.24754e+012 1.11693e+006 4.91618e+011 6.8145e+011 8.35716e+009 2.74913e+007 1.18145e+012 6.60907e+010
3.575 1.26235e+012 1.12354e+006 5.21986e+011 6.77165e+011 7.80378e+009 2.53032e+007 1.20698e+012 5.53702e+010
3.58 1.21469e+012 1.10213e+006 5.48288e+011 6.73192e+011 7.36657e+009 2.36045e+007 1.22887e+012 -1.41777e+010
3.586 1.30935e+012 1.14427e+006 5.81053e+011 6.67952e+011 6.86947e+009 2.1706e+007 1.2559e+012 5.34565e+010
3.591 1.41891e+012 1.19118e+006 6.09365e+011 6.63199e+011 6.4773e+009 2.02335e+007 1.27906e+012 1.39848e+011
3.597 1.32817e+012 1.15246e+006 6.44555e+011 6.57044e+011 6.03204e+009 1.85892e+007 1.30765e+012 2.05174e+010
3.602 1.39088e+012 1.17935e+006 6.74892e+011 6.51549e+011 5.68126e+009 1.7315e+007 1.33214e+012 5.87366e+010
3.608 1.34496e+012 1.15972e+006 7.12512e+011 6.4453e+011 5.28357e+009 1.58935e+007 1.36234e+012 -1.73816e+010
3.613 1.3629e+012 1.16743e+006 7.44868e+011 6.38337e+011 4.97071e+009 1.47928e+007 1.38819e+012 -2.52877e+010
3.619 1.30885e+012 1.14405e+006 7.84896e+011 6.30508e+011 4.6165e+009 1.3566e+007 1.42003e+012 -1.1118e+011
3.624 1.38481e+012 1.17678e+006 8.19243e+011 6.23665e+011 4.33824e+009 1.2617e+007 1.44726e+012 -6.24499e+010
3.63 1.4217e+012 1.19235e+006 8.61629e+011 6.15088e+011 4.02366e+009 1.15601e+007 1.48075e+012 -5.90556e+010
3.636 1.47452e+012 1.2143e+006 9.05271e+011 6.0613e+011 3.72913e+009 1.05865e+007 1.51514e+012 -4.06184e+010
3.641 1.55293e+012 1.24617e+006 9.42577e+011 5.98388e+011 3.49825e+009 9.83443e+006 1.54447e+012 8.45484e+009
3.647 1.54546e+012 1.24317e+006 9.8844e+011 5.88785e+011 3.2378e+009 8.998e+006 1.58047e+012 -3.50079e+010
3.653 1.57546e+012 1.25517e+006 1.03546e+012 5.78859e+011 2.99452e+009 8.22863e+006 1.61732e+012 -4.186e+010
3.658 1.7215e+012 1.31206e+006 1.0755e+012 5.70357e+011 2.80424e+009 7.6351e+006 1.64867e+012 7.28353e+010
3.664 1.79371e+012 1.33929e+006 1.12452e+012 5.59896e+011 2.59003e+009 6.97592e+006 1.68702e+012 1.06694e+011
3.67 1.71272e+012 1.30871e+006 1.17457e+012 5.49176e+011 2.39042e+009 6.37049e+006 1.72614e+012 -1.34187e+010
3.676 1.6345e+012 1.27847e+006 1.22557e+012 5.38218e+011 2.20457e+009 5.81473e+006 1.76599e+012 -1.31495e+011
3.681 1.74241e+012 1.32e+006 1.26875e+012 5.28921e+011 2.05961e+009 5.38677e+006 1.79973e+012 -5.73254e+010
3.687 1.81637e+012 1.34773e+006 1.32133e+012 5.17585e+011 1.89691e+009 4.91236e+006 1.84081e+012 -2.44377e+010
3.693 1.90963e+012 1.38189e+006 1.37466e+012 5.06077e+011 1.74577e+009 4.47751e+006 1.88248e+012 2.71451e+010
3.699 1.90098e+012 1.37876e+006 1.42866e+012 4.94417e+011 1.60549e+009 4.07913e+006 1.92469e+012 -2.37034e+010
3.705 1.95504e+012 1.39823e+006 1.48325e+012 4.82628e+011 1.47539e+009 3.71435e+006 1.96736e+012 -1.23127e+010
3.711 1.86397e+012 1.36527e+006 1.53833e+012 4.70734e+011 1.35483e+009 3.38052e+006 2.01042e+012 -1.46453e+011
3.716 2.07674e+012 1.44109e+006 1.58453e+012 4.60756e+011 1.26122e+009 3.12418e+006 2.04655e+012 3.019e+010
3.722 2.05064e+012 1.43201e+006 1.64025e+012 4.48723e+011 1.15659e+009 2.84081e+006 2.09014e+012 -3.94952e+010
3.728 2.07899e+012 1.44187e+006 1.69618e+012 4.36645e+011 1.05986e+009 2.58186e+006 2.13388e+012 -5.48987e+010
3.734 2.26488e+012 1.50495e+006 1.75219e+012 4.24543e+011 9.7051e+008 2.34535e+006 2.17771e+012 8.71747e+010
3.74 2.15286e+012 1.46726e+006 1.80818e+012 4.12436e+011 8.88033e+008 2.12945e+006 2.22151e+012 -6.86477e+010
3.746 2.37524e+012 1.54118e+006 1.86403e+012 4.00346e+011 8.11965e+008 1.93247e+006 2.26519e+012 1.1005e+011
3.752 2.37379e+012 1.54071e+006 1.91961e+012 3.8829e+011 7.41865e+008 1.75284e+006 2.30865e+012 6.51428e+010
3.758 2.27123e+012 1.50706e+006 1.97481e+012 3.76287e+011 6.77317e+008 1.58912e+006 2.35177e+012 -8.05435e+010
3.764 2.25828e+012 1.50276e+006 2.02949e+012 3.64356e+011 6.17929e+008 1.43998e+006 2.39446e+012 -1.36177e+011
3.77 2.32723e+012 1.52553e+006 2.08352e+012 3.52513e+011 5.63332e+008 1.30419e+006 2.4366e+012 -1.09366e+011
3.776 2.54086e+012 1.59401e+006 2.13678e+012 3.40774e+011 5.1318e+008 1.18061e+006 2.47806e+012 6.27983e+010
3.783 2.52822e+012 1.59004e+006 2.19775e+012 3.27232e+011 4.59855e+008 1.05051e+006 2.52545e+012 2.77678e+009
3.789 2.46988e+012 1.57158e+006 2.24888e+012 3.15772e+011 4.18245e+008 949949 2.56507e+012 -9.51908e+010
3.795 2.5793e+012 1.60602e+006 2.29881e+012 3.04463e+011 3.8012e+008 858592 2.60365e+012 -2.43459e+010
3.801 2.5041e+012 1.58244e+006 2.34741e+012 2.93317e+011 3.45215e+008 775637 2.64108e+012 -1.36975e+011
3.807 2.73085e+012 1.65253e+006 2.39457e+012 2.82347e+011 3.13285e+008 700349 2.67723e+012 5.3624e+010
3.813 2.41205e+012 1.55308e+006 2.44014e+012 2.71564e+011 2.84097e+008 632056 2.71199e+012 -2.99931e+011
3.82 2.5855e+012 1.60795e+006 2.49114e+012 2.59233e+011 2.53228e+008 560399 2.75062e+012 -1.65126e+011
3.826 2.68636e+012 1.63901e+006 2.53285e+012 2.48888e+011 2.29269e+008 505210 2.78197e+012 -9.56134e+010
3.832 2.78244e+012 1.66806e+006 2.57261e+012 2.3876e+011 2.07423e+008 455230 2.81157e+012 -2.9136e+010
3.838 2.7937e+012 1.67144e+006 2.61027e+012 2.28856e+011 1.87521e+008 409991 2.83932e+012 -4.56143e+010
3.845 2.85073e+012 1.68841e+006 2.65145e+012 2.17592e+011 1.66546e+008 362636 2.8692e+012 -1.84697e+010
3.851 2.84833e+012 1.6877e+006 2.68424e+012 2.08194e+011 1.50325e+008 326248 2.89258e+012 -4.42534e+010
3.857 2.94541e+012 1.71622e+006 2.71462e+012 1.99039e+011 1.35584e+008 293366 2.9138e+012 3.1611e+010
3.864 2.78946e+012 1.67017e+006 2.74691e+012 1.88668e+011 1.20091e+008 259006 2.9357e+012 -1.46232e+011
3.87 2.7791e+012 1.66706e+006 2.77177e+012 1.8005e+011 1.08141e+008 232651 2.95193e+012 -1.72836e+011
3.877 2.84216e+012 1.68587e+006 2.7974e+012 1.70315e+011 9.56055e+007 205145 2.96781e+012 -1.25659e+011
3.883 2.82745e+012 1.6815e+006 2.8164e+012 1.62245e+011 8.59549e+007 184073 2.97873e+012 -1.51284e+011
3.89 2.71046e+012 1.64635e+006 2.83501e+012 1.53154e+011 7.58491e+007 162107 2.98824e+012 -2.77783e+011
3.896 2.65828e+012 1.63042e+006 2.84786e+012 1.45638e+011 6.80837e+007 145300 2.99357e+012 -3.35285e+011
3.903 2.8526e+012 1.68896e+006 2.85918e+012 1.37191e+011 5.99671e+007 127801 2.99644e+012 -1.4384e+011
3.909 2.67403e+012 1.63525e+006 2.86571e+012 1.30226e+011 5.37417e+007 114427 2.99599e+012 -3.21961e+011
3.916 2.76491e+012 1.6628e+006 2.86958e+012 1.22418e+011 4.72466e+007 100520 2.99204e+012 -2.27132e+011
3.922 2.93135e+012 1.71212e+006 2.86968e+012 1.15997e+011 4.2274e+007 89904.9 2.98572e+012 -5.43673e+010
3.929 2.95405e+012 1.71874e+006 2.86604e+012 1.08816e+011 3.70956e+007 78879.3 2.97489e+012 -2.08359e+010
3.936 2.83363e+012 1.68334e+006 2.85837e+012 1.01965e+011 3.25188e+007 69159.1 2.96037e+012 -1.26738e+011
3.942 2.83514e+012 1.68379e+006 2.84862e+012 9.63513e+010 2.90248e+007 61753.5 2.945e+012 -1.09859e+011
3.949 2.76487e+012 1.66279e+006 2.83357e+012 9.00978e+010 2.53963e+007 54075.9 2.92369e+012 -1.58823e+011
3.956 2.73864e+012 1.65488e+006 2.81463e+012 8.41559e+010 2.21992e+007 47320.9 2.8988e+012 -1.60165e+011
3.962 2.60597e+012 1.6143e+006 2.79535e+012 7.9305e+010 1.97653e+007 42184 2.87468e+012 -2.6871e+011
3.969 2.70946e+012 1.64604e+006 2.76941e+012 7.39209e+010 1.72448e+007 36868.3 2.84334e+012 -1.33884e+011
3.976 2.5432e+012 1.59474e+006 2.73983e+012 6.88253e+010 1.50306e+007 32200.7 2.80868e+012 -2.65474e+011
3.983 2.72155e+012 1.64971e+006 2.70676e+012 6.40093e+010 1.30875e+007 28105 2.77078e+012 -4.92309e+010
3.99 2.73273e+012 1.6531e+006 2.67032e+012 5.94636e+010 1.13842e+007 24513.8 2.72979e+012 2.9403e+009
3.996 2.76898e+012 1.66403e+006 2.63651e+012 5.57754e+010 1.00938e+007 21791.4 2.6923e+012 7.66873e+010
4.003 2.51301e+012 1.58525e+006 2.59421e+012 5.17068e+010 8.76372e+006 18983.1 2.64593e+012 -1.32922e+011
4.01 2.54995e+012 1.59686e+006 2.549e+012 4.78813e+010 7.60129e+006 16525.5 2.59689e+012 -4.69328e+010
4.017 2.54971e+012 1.59678e+006 2.50104e+012 4.42893e+010 6.58642e+006 14376.4 2.54534e+012 4.36852e+009
4.024 2.5127e+012 1.58515e+006 2.45053e+012 4.09209e+010 5.70132e+006 12498.4 2.49146e+012 2.12393e+010
4.031 2.47911e+012 1.57452e+006 2.39766e+012 3.77663e+010 4.93021e+006 10858.3 2.43543e+012 4.36791e+010
4.038 2.46259e+012 1.56927e+006 2.34262e+012 3.4816e+010 4.25911e+006 9427.14 2.37744e+012 8.51583e+010
4.045 2.34057e+012 1.52989e+006 2.28562e+012 3.20601e+010 3.67566e+006 8179.07 2.31768e+012 2.28903e+010
4.052 2.32591e+012 1.5251e+006 2.22686e+012 2.94894e+010 3.16896e+006 7091.44 2.25635e+012 6.95606e+010
4.059 2.15371e+012 1.46755e+006 2.16656e+012 2.70945e+010 2.72936e+006 6144.3 2.19366e+012 -3.995e+010
4.066 2.16091e+012 1.47e+006 2.10492e+012 2.48662e+010 2.34838e+006 5320.06 2.12979e+012 3.1116e+010
4.073 2.23933e+012 1.49644e+006 2.04216e+012 2.27956e+010 2.01855e+006 4603.29 2.06495e+012 1.74372e+011
4.081 1.95343e+012 1.39765e+006 1.96931e+012 2.06112e+010 1.69584e+006 3898.37 1.98992e+012 -3.64909e+010
4.088 1.92371e+012 1.38698e+006 1.90482e+012 1.88497e+010 1.45453e+006 3368.27 1.92368e+012 3.79167e+007
4.095 1.80677e+012 1.34416e+006 1.83985e+012 1.72194e+010 1.2463e+006 2908.29 1.85708e+012 -5.03065e+010
4.102 1.94448e+012 1.39445e+006 1.7746e+012 1.57125e+010 1.06681e+006 2509.43 1.79031e+012 1.54169e+011
4.109 1.68363e+012 1.29755e+006 1.70924e+012 1.43214e+010 912246 2163.81 1.72357e+012 -3.99353e+010
4.117 1.67374e+012 1.29373e+006 1.63467e+012 1.28641e+010 761893 1825.21 1.64753e+012 2.62074e+010
4.124 1.59242e+012 1.26191e+006 1.56972e+012 1.16971e+010 650109 1571.55 1.58142e+012 1.10054e+010
4.131 1.68407e+012 1.29772e+006 1.50523e+012 1.06241e+010 554168 1352.24 1.51585e+012 1.68223e+011
4.139 1.42422e+012 1.19341e+006 1.43228e+012 9.50473e+009 461164 1137.87 1.44179e+012 -1.75694e+010
4.146 1.18096e+012 1.08672e+006 1.36929e+012 8.61212e+009 392262 977.661 1.3779e+012 -1.96947e+011
4.154 1.27121e+012 1.12748e+006 1.29844e+012 7.68364e+009 325628 821.316 1.30613e+012 -3.49199e+010
4.161 1.29094e+012 1.13619e+006 1.2376e+012 6.94537e+009 276380 704.658 1.24454e+012 4.63947e+010
4.168 1.06378e+012 1.0314e+006 1.17794e+012 6.27101e+009 234345 604.162 1.18421e+012 -1.20431e+011
4.176 9.57773e+011 978659 1.11135e+012 5.57247e+009 193836 506.317 1.11692e+012 -1.59148e+011
4.183 9.91436e+011 995709 1.05458e+012 5.01935e+009 164001 433.481 1.0596e+012 -6.81674e+010
4.191 9.4245e+011 970799 9.91539e+011 4.44802e+009 135318 362.679 9.95987e+011 -5.35369e+010
4.199 9.22344e+011 960387 9.30548e+011 3.93596e+009 111506 303.174 9.34484e+011 -1.21395e+010
4.206 7.38547e+011 859388 8.78937e+011 3.53226e+009 94032.1 258.986 8.82469e+011 -1.43922e+011
4.214 7.45294e+011 863304 8.22029e+011 3.11706e+009 77294.2 216.136 8.25146e+011 -7.98524e+010
4.222 6.98063e+011 835502 7.67391e+011 2.74665e+009 63452.4 180.217 7.70138e+011 -7.20743e+010
4.229 6.54483e+011 809001 7.2148e+011 2.45588e+009 53332.7 153.609 7.23935e+011 -6.94521e+010
4.237 5.77943e+011 760226 6.71203e+011 2.15811e+009 43674.3 127.87 6.73361e+011 -9.54185e+010
4.245 5.68879e+011 754241 6.23282e+011 1.89368e+009 35718 106.35 6.25175e+011 -5.62961e+010
4.253 5.10179e+011 714268 5.77717e+011 1.65921e+009 29172.9 88.3739 5.79376e+011 -6.91969e+010
4.26 5.06302e+011 711549 5.39772e+011 1.47623e+009 24411.4 75.1014 5.41249e+011 -3.4947e+010
4.268 5.12912e+011 716179 4.98588e+011 1.28991e+009 19889.2 62.3041 4.99878e+011 1.30343e+010
4.276 4.70524e+011 685947 4.59698e+011 1.12546e+009 16183.4 51.6419 4.60824e+011 9.69957e+009
4.284 3.68852e+011 607332 4.23063e+011 9.80537e+008 13150.8 42.7666 4.24043e+011 -5.51915e+010
4.292 3.88108e+011 622983 3.8863e+011 8.53029e+008 10672.5 35.3855 3.89483e+011 -1.37561e+009
4.3 3.56794e+011 597323 3.56343e+011 7.41018e+008 8649.87 29.2525 3.57084e+011 -2.89884e+008
4.308 3.2409e+011 569289 3.26138e+011 6.42774e+008 7001.37 24.1612 3.2678e+011 -2.6901e+009
4.316 2.58597e+011 508524 2.97943e+011 5.5674e+008 5659.61 19.9384 2.985e+011 -3.99034e+010
4.324 2.67942e+011 517631 2.71685e+011 4.81517e+008 4568.99 16.4392 2.72167e+011 -4.22527e+009
4.332 2.14419e+011 463054 2.47286e+011 4.15849e+008 3683.69 13.5421 2.47702e+011 -3.32824e+010
4.34 2.13057e+011 461581 2.24664e+011 3.58612e+008 2966.04 11.1458 2.25022e+011 -1.19648e+010
4.348 2.04302e+011 451998 2.03735e+011 3.08801e+008 2385.06 9.1654 2.04044e+011 2.57859e+008
4.357 2.13607e+011 462177 1.82111e+011 2.60528e+008 1863.41 7.34709 1.82371e+011 3.1236e+010
4.365 1.74112e+011 417268 1.64502e+011 2.23645e+008 1494.24 6.03036 1.64725e+011 9.38701e+009
4.373 1.57086e+011 396341 1.48322e+011 1.91702e+008 1196.64 4.94525 1.48513e+011 8.57313e+009
4.381 1.28987e+011 359148 1.33487e+011 1.64082e+008 957.049 4.05183 1.33651e+011 -4.6637e+009
4.39 1.30071e+011 360654 1.18303e+011 1.37496e+008 743.184 3.23474 1.18441e+011 1.16306e+010
4.398 1.15704e+011 340152 1.06055e+011 1.1732e+008 592.731 2.64538 1.06173e+011 9.53101e+009
4.406 1.147e+011 338674 9.49004e+010 9.99591e+007 472.115 2.1615 9.50003e+010 1.97e+010
4.415 1.12038e+011 334720 8.35631e+010 8.33332e+007 364.928 1.72027 8.36464e+010 2.83911e+010
4.423 8.91047e+010 298504 7.44818e+010 7.07811e+007 289.859 1.40298 7.45526e+010 1.45521e+010
