1.772 3.83826e+010 195915 2.32355e-016 1.10778 435617 2.80509e+008 2.80945e+008 3.81017e+010
1.773 3.95204e+010 198797 2.46779e-016 1.14294 445003 2.83979e+008 2.84424e+008 3.92359e+010
1.775 3.92284e+010 198061 2.78346e-016 1.21658 464361 2.91032e+008 2.91497e+008 3.89369e+010
1.776 4.10738e+010 202667 2.956e-016 1.25512 474342 2.94617e+008 2.95091e+008 4.07787e+010
1.777 3.91206e+010 197789 3.13914e-016 1.29486 484528 2.9824e+008 2.98725e+008 3.88219e+010
1.778 3.81197e+010 195243 3.33355e-016 1.33584 494924 3.01903e+008 3.02398e+008 3.78173e+010
1.78 4.11409e+010 202832 3.75889e-016 1.42164 516364 3.09348e+008 3.09864e+008 4.08311e+010
1.781 4.25009e+010 206158 3.99134e-016 1.46655 527416 3.13131e+008 3.13658e+008 4.21873e+010
1.782 4.24423e+010 206015 4.23804e-016 1.51284 538696 3.16954e+008 3.17493e+008 4.21248e+010
1.783 4.4032e+010 209838 4.49986e-016 1.56058 550207 3.20819e+008 3.21369e+008 4.37106e+010
1.785 4.25603e+010 206301 5.0726e-016 1.66051 573942 3.28673e+008 3.29247e+008 4.2231e+010
1.786 4.01533e+010 200383 5.38552e-016 1.71281 586175 3.32663e+008 3.3325e+008 3.982e+010
1.787 4.31936e+010 207831 5.71759e-016 1.76672 598659 3.36696e+008 3.37295e+008 4.28563e+010
1.788 4.57538e+010 213901 6.06996e-016 1.8223 611398 3.40772e+008 3.41383e+008 4.54124e+010
1.789 4.61253e+010 214768 6.44387e-016 1.87959 624397 3.44891e+008 3.45516e+008 4.57797e+010
1.791 4.69441e+010 216666 7.26158e-016 1.99952 651197 3.53261e+008 3.53912e+008 4.65902e+010
1.792 4.62746e+010 215115 7.70824e-016 2.06227 665008 3.57512e+008 3.58177e+008 4.59165e+010
1.793 4.4131e+010 210074 8.18214e-016 2.12695 679100 3.61809e+008 3.62488e+008 4.37685e+010
1.794 4.65617e+010 215782 8.68493e-016 2.19362 693478 3.6615e+008 3.66844e+008 4.61948e+010
1.796 4.66501e+010 215986 9.78428e-016 2.33317 723117 3.74971e+008 3.75694e+008 4.62744e+010
1.797 4.91213e+010 221633 1.03846e-015 2.40617 738389 3.79451e+008 3.80189e+008 4.87411e+010
1.798 4.72335e+010 217333 1.10215e-015 2.48141 753970 3.83977e+008 3.84731e+008 4.68488e+010
1.799 4.89243e+010 221188 1.16972e-015 2.55896 769867 3.88551e+008 3.89321e+008 4.8535e+010
1.801 4.80614e+010 219229 1.31741e-015 2.72126 802631 3.97842e+008 3.98645e+008 4.76628e+010
1.802 4.50558e+010 212264 1.39805e-015 2.80615 819511 4.0256e+008 4.0338e+008 4.46524e+010
1.803 5.2262e+010 228609 1.48358e-015 2.89363 836732 4.07327e+008 4.08164e+008 5.18538e+010
1.805 4.92992e+010 222034 1.67053e-015 3.07671 872220 4.17009e+008 4.17881e+008 4.88813e+010
1.806 4.88366e+010 220990 1.77259e-015 3.17246 890502 4.21925e+008 4.22815e+008 4.84138e+010
1.807 5.24199e+010 228954 1.88082e-015 3.27113 909151 4.26891e+008 4.27801e+008 5.19921e+010
1.808 5.25251e+010 229184 1.99561e-015 3.3728 928174 4.31909e+008 4.32837e+008 5.20923e+010
1.81 5.69193e+010 238578 2.24645e-015 3.58554 967373 4.42098e+008 4.43066e+008 5.64763e+010
1.811 4.85449e+010 220329 2.38335e-015 3.69679 987563 4.47271e+008 4.48259e+008 4.80966e+010
1.812 5.04165e+010 224536 2.52853e-015 3.81143 1.00816e+006 4.52497e+008 4.53505e+008 4.9963e+010
1.813 5.30491e+010 230324 2.68247e-015 3.92954 1.02916e+006 4.57775e+008 4.58804e+008 5.25903e+010
1.815 5.16325e+010 227228 3.01879e-015 4.17664 1.07244e+006 4.68493e+008 4.69566e+008 5.1163e+010
1.816 5.10438e+010 225929 3.20231e-015 4.30584 1.09473e+006 4.73934e+008 4.75029e+008 5.05688e+010
1.817 4.82668e+010 219697 3.39689e-015 4.43895 1.11746e+006 4.79429e+008 4.80547e+008 4.77862e+010
1.819 4.96915e+010 222916 3.82192e-015 4.7174 1.16429e+006 4.90586e+008 4.9175e+008 4.91997e+010
1.82 5.56582e+010 235920 4.05381e-015 4.86297 1.1884e+006 4.96249e+008 4.97437e+008 5.51607e+010
1.821 5.76251e+010 240052 4.29964e-015 5.01295 1.21299e+006 5.01968e+008 5.03181e+008 5.71219e+010
1.822 5.48045e+010 234104 4.56026e-015 5.16746 1.23807e+006 5.07744e+008 5.08982e+008 5.42956e+010
1.824 5.36031e+010 231523 5.12941e-015 5.49061 1.28973e+006 5.1947e+008 5.20759e+008 5.30824e+010
1.825 5.49434e+010 234400 5.43986e-015 5.65953 1.31633e+006 5.2542e+008 5.26736e+008 5.44167e+010
1.826 5.52686e+010 235093 5.76894e-015 5.83354 1.34345e+006 5.31429e+008 5.32773e+008 5.47358e+010
1.828 5.88808e+010 242654 6.48748e-015 6.19744 1.39931e+006 5.43626e+008 5.45025e+008 5.83358e+010
1.829 5.6263e+010 237198 6.87935e-015 6.38765 1.42807e+006 5.49815e+008 5.51243e+008 5.57118e+010
1.83 5.77326e+010 240276 7.29469e-015 6.58357 1.4574e+006 5.56064e+008 5.57522e+008 5.71751e+010
1.832 5.66129e+010 237935 8.20142e-015 6.99325 1.51778e+006 5.68748e+008 5.70265e+008 5.60427e+010
1.833 5.6664e+010 238042 8.69584e-015 7.20735 1.54887e+006 5.75182e+008 5.76731e+008 5.60873e+010
1.834 5.90582e+010 243019 9.21981e-015 7.42788 1.58056e+006 5.8168e+008 5.8326e+008 5.84749e+010
1.835 5.71098e+010 238977 9.77508e-015 7.65501 1.61288e+006 5.8824e+008 5.89853e+008 5.65199e+010
1.837 5.57158e+010 236042 1.0987e-014 8.12989 1.67942e+006 6.01553e+008 6.03232e+008 5.51125e+010
1.838 5.68577e+010 238448 1.16477e-014 8.37803 1.71366e+006 6.08306e+008 6.1002e+008 5.62476e+010
1.839 5.93404e+010 243599 1.23478e-014 8.63359 1.74858e+006 6.15124e+008 6.16873e+008 5.87235e+010
1.841 6.26351e+010 250270 1.38756e-014 9.16784 1.82046e+006 6.28958e+008 6.30778e+008 6.20043e+010
1.842 6.03371e+010 245636 1.47084e-014 9.44698 1.85746e+006 6.35974e+008 6.37831e+008 5.96992e+010
1.843 5.75896e+010 239978 1.55907e-014 9.73445 1.89517e+006 6.43058e+008 6.44953e+008 5.69447e+010
1.845 5.8631e+010 242138 1.75158e-014 10.3353 1.9728e+006 6.57428e+008 6.59401e+008 5.79716e+010
1.846 5.72722e+010 239316 1.85649e-014 10.6492 2.01275e+006 6.64716e+008 6.66728e+008 5.66054e+010
1.847 6.38712e+010 252727 1.96764e-014 10.9725 2.05348e+006 6.72073e+008 6.74126e+008 6.3197e+010
1.849 6.4427e+010 253825 2.2101e-014 11.6481 2.1373e+006 6.86996e+008 6.89133e+008 6.37378e+010
1.85 6.56779e+010 256277 2.34221e-014 12.001 2.18043e+006 6.94563e+008 6.96743e+008 6.49812e+010
1.851 6.80109e+010 260789 2.48216e-014 12.3644 2.22439e+006 7.02201e+008 7.04426e+008 6.73065e+010
1.853 6.77142e+010 260220 2.78739e-014 13.1238 2.31487e+006 7.17694e+008 7.20009e+008 6.69942e+010
1.854 6.41979e+010 253373 2.95368e-014 13.5204 2.36141e+006 7.25549e+008 7.2791e+008 6.347e+010
1.855 6.40227e+010 253027 3.1298e-014 13.9288 2.40886e+006 7.33477e+008 7.35886e+008 6.32868e+010
1.857 6.60234e+010 256950 3.51389e-014 14.7822 2.50649e+006 7.49555e+008 7.52062e+008 6.52713e+010
1.858 6.75367e+010 259878 3.7231e-014 15.2278 2.55671e+006 7.57706e+008 7.60263e+008 6.67764e+010
1.859 6.50655e+010 255079 3.94466e-014 15.6867 2.6079e+006 7.65932e+008 7.6854e+008 6.4297e+010
1.861 6.9081e+010 262833 4.42774e-014 16.6453 2.71322e+006 7.82613e+008 7.85326e+008 6.82957e+010
1.862 6.31639e+010 251324 4.69084e-014 17.1459 2.76739e+006 7.91069e+008 7.93836e+008 6.237e+010
1.863 6.29881e+010 250974 4.96943e-014 17.6612 2.8226e+006 7.99601e+008 8.02424e+008 6.21856e+010
1.865 6.37409e+010 252470 5.57675e-014 18.7378 2.93618e+006 8.16902e+008 8.19838e+008 6.29211e+010
1.866 6.39447e+010 252873 5.90746e-014 19.2999 2.9946e+006 8.2567e+008 8.28665e+008 6.3116e+010
1.868 5.95266e+010 243981 6.6283e-014 20.4741 3.11478e+006 8.43447e+008 8.46562e+008 5.86801e+010
1.869 6.31211e+010 251239 7.02077e-014 21.0872 3.17659e+006 8.52456e+008 8.55632e+008 6.22655e+010
1.87 6.44145e+010 253800 7.43627e-014 21.7182 3.23956e+006 8.61546e+008 8.64786e+008 6.35497e+010
1.872 6.33224e+010 251639 8.34179e-014 23.0362 3.3691e+006 8.79972e+008 8.83342e+008 6.2439e+010
1.873 5.7964e+010 240757 8.83472e-014 23.7243 3.43572e+006 8.8931e+008 8.92745e+008 5.70712e+010
1.874 5.53567e+010 235280 9.35651e-014 24.4325 3.50358e+006 8.9873e+008 9.02234e+008 5.44545e+010
1.876 5.76222e+010 240046 1.04935e-013 25.9115 3.64318e+006 9.17825e+008 9.21468e+008 5.67008e+010
1.877 6.39118e+010 252808 1.11123e-013 26.6835 3.71495e+006 9.27499e+008 9.31214e+008 6.29806e+010
1.879 6.21973e+010 249394 1.24606e-013 28.2956 3.86257e+006 9.47105e+008 9.50968e+008 6.12464e+010
1.88 5.69221e+010 238584 1.31943e-013 29.1371 3.93846e+006 9.57039e+008 9.60977e+008 5.59611e+010
1.881 6.85638e+010 261847 1.39708e-013 30.003 4.01577e+006 9.67059e+008 9.71075e+008 6.75928e+010
1.883 6.0114e+010 245182 1.56623e-013 31.8111 4.17475e+006 9.87365e+008 9.91539e+008 5.91225e+010
1.884 6.15772e+010 248147 1.65827e-013 32.7548 4.25648e+006 9.97651e+008 1.00191e+009 6.05753e+010
1.885 6.25466e+010 250093 1.75567e-013 33.7258 4.33973e+006 1.00803e+009 1.01237e+009 6.15342e+010
1.887 6.89436e+010 262571 1.96779e-013 35.753 4.51091e+006 1.02905e+009 1.03356e+009 6.791e+010
1.888 6.51266e+010 255199 2.08319e-013 36.8109 4.5989e+006 1.0397e+009 1.0443e+009 6.40823e+010
1.89 6.82196e+010 261189 2.3345e-013 39.0194 4.77981e+006 1.06127e+009 1.06605e+009 6.71536e+010
1.891 6.43697e+010 253712 2.47119e-013 40.1717 4.87279e+006 1.07219e+009 1.07707e+009 6.32926e+010
1.892 7.0187e+010 264928 2.61582e-013 41.3574 4.96749e+006 1.08321e+009 1.08818e+009 6.90988e+010
1.894 6.56784e+010 256278 2.93072e-013 43.8323 5.16218e+006 1.10554e+009 1.1107e+009 6.45677e+010
1.895 6.21157e+010 249230 3.10198e-013 45.1235 5.26223e+006 1.11684e+009 1.1221e+009 6.09936e+010
1.897 6.60936e+010 257087 3.47481e-013 47.8185 5.4679e+006 1.13973e+009 1.1452e+009 6.49484e+010
1.898 6.32615e+010 251518 3.67755e-013 49.2245 5.57359e+006 1.15133e+009 1.1569e+009 6.21046e+010
1.9 6.46612e+010 254286 4.11887e-013 52.1588 5.79083e+006 1.17481e+009 1.1806e+009 6.34806e+010
1.901 5.88999e+010 242693 4.35882e-013 53.6894 5.90245e+006 1.1867e+009 1.1926e+009 5.77073e+010
1.902 5.90478e+010 242997 4.61263e-013 55.264 6.01611e+006 1.19868e+009 1.2047e+009 5.78431e+010
1.904 6.16221e+010 248238 5.16499e-013 58.5498 6.24973e+006 1.22296e+009 1.22921e+009 6.03929e+010
1.905 6.27908e+010 250581 5.46527e-013 60.2637 6.36975e+006 1.23525e+009 1.24162e+009 6.15492e+010
1.907 6.39934e+010 252969 6.11871e-013 63.8398 6.61641e+006 1.26013e+009 1.26675e+009 6.27266e+010
1.908 6.25715e+010 250143 6.47389e-013 65.7049 6.74312e+006 1.27273e+009 1.27947e+009 6.12921e+010
1.91 6.03515e+010 245665 7.2467e-013 69.5964 7.00351e+006 1.29823e+009 1.30524e+009 5.90462e+010
1.911 6.10345e+010 247052 7.66671e-013 71.6258 7.13726e+006 1.31114e+009 1.31828e+009 5.97162e+010
1.912 6.40264e+010 253034 8.11084e-013 73.713 7.27344e+006 1.32416e+009 1.33143e+009 6.26949e+010
1.914 5.91402e+010 243188 9.07701e-013 78.0675 7.55326e+006 1.3505e+009 1.35806e+009 5.77821e+010
1.915 6.23847e+010 249769 9.60202e-013 80.3381 7.69697e+006 1.36384e+009 1.37154e+009 6.10131e+010
1.917 6.44177e+010 253806 1.0744e-012 85.0746 7.99225e+006 1.39083e+009 1.39882e+009 6.30188e+010
1.918 5.87103e+010 242302 1.13645e-012 87.5442 8.14389e+006 1.40449e+009 1.41263e+009 5.72977e+010
1.92 6.25644e+010 250129 1.27139e-012 92.6955 8.45543e+006 1.43214e+009 1.44059e+009 6.11238e+010
1.921 6.04554e+010 245877 1.3447e-012 95.3812 8.61541e+006 1.44612e+009 1.45474e+009 5.90006e+010
1.922 5.87465e+010 242377 1.4222e-012 98.1429 8.77827e+006 1.46023e+009 1.469e+009 5.72775e+010
1.924 6.04185e+010 245802 1.59072e-012 103.903 9.11281e+006 1.48876e+009 1.49787e+009 5.89206e+010
1.925 5.72494e+010 239268 1.68225e-012 106.905 9.28458e+006 1.5032e+009 1.51248e+009 5.57369e+010
1.927 5.72726e+010 239317 1.88126e-012 113.167 9.63741e+006 1.53242e+009 1.54205e+009 5.57305e+010
1.928 5.69604e+010 238664 1.98935e-012 116.431 9.81856e+006 1.5472e+009 1.55702e+009 5.54034e+010
1.93 5.88304e+010 242550 2.22432e-012 123.238 1.01906e+007 1.5771e+009 1.5873e+009 5.72431e+010
1.931 5.87323e+010 242348 2.35191e-012 126.785 1.03816e+007 1.59223e+009 1.60261e+009 5.71297e+010
1.933 5.71854e+010 239135 2.62926e-012 134.182 1.07739e+007 1.62284e+009 1.63362e+009 5.55518e+010
1.934 5.72133e+010 239193 2.77985e-012 138.037 1.09753e+007 1.63832e+009 1.6493e+009 5.5564e+010
1.936 5.73849e+010 239552 3.10713e-012 146.075 1.13888e+007 1.66964e+009 1.68103e+009 5.57039e+010
1.937 5.6316e+010 237310 3.28481e-012 150.264 1.1601e+007 1.68548e+009 1.69709e+009 5.4619e+010
1.939 5.92836e+010 243482 3.67093e-012 158.996 1.20369e+007 1.71753e+009 1.72956e+009 5.7554e+010
1.94 5.86326e+010 242142 3.88052e-012 163.546 1.22606e+007 1.73373e+009 1.74599e+009 5.68866e+010
1.942 5.65869e+010 237880 4.33593e-012 173.031 1.27199e+007 1.76651e+009 1.77923e+009 5.48077e+010
1.943 5.91057e+010 243117 4.58311e-012 177.974 1.29556e+007 1.78308e+009 1.79604e+009 5.73097e+010
1.945 5.88582e+010 242607 5.12011e-012 188.275 1.34395e+007 1.8166e+009 1.83004e+009 5.70281e+010
1.946 5.84475e+010 241759 5.41153e-012 193.642 1.36878e+007 1.83355e+009 1.84724e+009 5.66003e+010
1.948 5.75787e+010 239956 6.04457e-012 204.829 1.41976e+007 1.86782e+009 1.88202e+009 5.56967e+010
1.949 5.68658e+010 238465 6.38807e-012 210.656 1.44592e+007 1.88515e+009 1.89961e+009 5.49662e+010
1.951 5.53236e+010 235210 7.13414e-012 222.801 1.49962e+007 1.92019e+009 1.93518e+009 5.33884e+010
1.952 5.47111e+010 233904 7.53892e-012 229.127 1.52717e+007 1.9379e+009 1.95317e+009 5.2758e+010
1.954 5.72862e+010 239345 8.41798e-012 242.311 1.58371e+007 1.97371e+009 1.98955e+009 5.52967e+010
1.955 5.4087e+010 232566 8.89486e-012 249.178 1.61273e+007 1.99181e+009 2.00794e+009 5.2079e+010
1.957 5.41448e+010 232690 9.93034e-012 263.486 1.67227e+007 2.02841e+009 2.04513e+009 5.20997e+010
1.958 5.53395e+010 235244 1.0492e-011 270.938 1.70281e+007 2.04691e+009 2.06393e+009 5.32756e+010
1.96 5.22372e+010 228555 1.17114e-011 286.465 1.76549e+007 2.0843e+009 2.10195e+009 5.01353e+010
1.961 5.36159e+010 231551 1.23728e-011 294.551 1.79765e+007 2.10319e+009 2.12117e+009 5.14947e+010
1.963 5.37076e+010 231749 1.38085e-011 311.397 1.86363e+007 2.14139e+009 2.16003e+009 5.15476e+010
1.964 5.36328e+010 231588 1.4587e-011 320.169 1.89747e+007 2.16069e+009 2.17967e+009 5.14532e+010
1.966 5.25644e+010 229269 1.62769e-011 338.444 1.96691e+007 2.1997e+009 2.21937e+009 5.03451e+010
1.967 5.3565e+010 231441 1.71932e-011 347.959 2.00252e+007 2.21942e+009 2.23944e+009 5.13255e+010
1.969 5.12137e+010 226304 1.91818e-011 367.78 2.07559e+007 2.25925e+009 2.28001e+009 4.89337e+010
1.97 5.15535e+010 227054 2.02599e-011 378.099 2.11306e+007 2.27938e+009 2.30051e+009 4.9253e+010
1.972 4.92546e+010 221934 2.25993e-011 399.594 2.18993e+007 2.32005e+009 2.34195e+009 4.69127e+010
1.973 4.9396e+010 222252 2.38674e-011 410.783 2.22935e+007 2.34059e+009 2.36289e+009 4.70332e+010
1.975 5.05763e+010 224892 2.66189e-011 434.088 2.31021e+007 2.38211e+009 2.40521e+009 4.81711e+010
1.976 4.77052e+010 218415 2.81103e-011 446.22 2.35167e+007 2.40308e+009 2.4266e+009 4.52786e+010
1.978 5.09725e+010 225771 3.13456e-011 471.484 2.43671e+007 2.44545e+009 2.46981e+009 4.85027e+010
1.98 5.01285e+010 223894 3.49494e-011 498.142 2.52465e+007 2.48839e+009 2.51363e+009 4.76149e+010
1.981 4.82505e+010 219660 3.69022e-011 512.017 2.56974e+007 2.51007e+009 2.53577e+009 4.57147e+010
1.983 4.98942e+010 223370 4.11379e-011 540.908 2.66221e+007 2.55388e+009 2.58051e+009 4.73137e+010
1.984 5.10367e+010 225913 4.34328e-011 555.944 2.70961e+007 2.57601e+009 2.60311e+009 4.84336e+010
1.986 4.81576e+010 219448 4.84099e-011 587.25 2.80682e+007 2.6207e+009 2.64876e+009 4.55088e+010
1.987 4.79518e+010 218979 5.11063e-011 603.542 2.85664e+007 2.64326e+009 2.67183e+009 4.528e+010
1.989 4.71005e+010 217027 5.6953e-011 637.459 2.95882e+007 2.68883e+009 2.71842e+009 4.43821e+010
1.99 4.58624e+010 214155 6.01201e-011 655.107 3.01118e+007 2.71184e+009 2.74196e+009 4.31204e+010
1.992 4.30948e+010 207593 6.69868e-011 691.847 3.11856e+007 2.75831e+009 2.7895e+009 4.03053e+010
1.994 4.50483e+010 212246 7.46294e-011 730.593 3.22954e+007 2.80538e+009 2.83768e+009 4.22106e+010
1.995 4.54739e+010 213246 7.87683e-011 750.753 3.28641e+007 2.82914e+009 2.86201e+009 4.26119e+010
1.997 4.1689e+010 204179 8.77402e-011 792.712 3.40301e+007 2.87712e+009 2.91115e+009 3.87779e+010
1.998 4.05795e+010 201443 9.25985e-011 814.541 3.46276e+007 2.90134e+009 2.93597e+009 3.76435e+010
2 4.18028e+010 204457 1.03128e-010 859.972 3.58524e+007 2.95023e+009 2.98609e+009 3.88167e+010
2.001 4.16851e+010 204169 1.08829e-010 883.605 3.648e+007 2.97491e+009 3.01139e+009 3.86737e+010
2.003 4.26065e+010 206413 1.21184e-010 932.787 3.77663e+007 3.02473e+009 3.0625e+009 3.9544e+010
2.005 4.12244e+010 203038 1.34927e-010 984.635 3.90953e+007 3.07517e+009 3.11427e+009 3.81101e+010
2.006 3.92463e+010 198107 1.42366e-010 1011.6 3.97763e+007 3.10062e+009 3.1404e+009 3.61059e+010
2.008 3.84486e+010 196083 1.58483e-010 1067.71 4.11717e+007 3.152e+009 3.19317e+009 3.52554e+010
2.009 4.09374e+010 202330 1.67207e-010 1096.9 4.18866e+007 3.17792e+009 3.21981e+009 3.77176e+010
2.011 4.01419e+010 200355 1.86105e-010 1157.61 4.33515e+007 3.23025e+009 3.2736e+009 3.68683e+010
2.013 3.97306e+010 199325 2.07117e-010 1221.6 4.48646e+007 3.2832e+009 3.32806e+009 3.64025e+010
2.014 3.79621e+010 194839 2.18486e-010 1254.88 4.56397e+007 3.30991e+009 3.35555e+009 3.46065e+010
2.016 3.8484e+010 196173 2.43112e-010 1324.1 4.72277e+007 3.36382e+009 3.41105e+009 3.5073e+010
2.017 3.64797e+010 190997 2.56436e-010 1360.1 4.8041e+007 3.39102e+009 3.43906e+009 3.30406e+010
2.019 3.55228e+010 188475 2.85291e-010 1434.97 4.97074e+007 3.44589e+009 3.4956e+009 3.20272e+010
2.021 3.56964e+010 188935 3.17358e-010 1513.85 5.1428e+007 3.5014e+009 3.55283e+009 3.21435e+010
2.022 3.82593e+010 195600 3.34704e-010 1554.86 5.23092e+007 3.5294e+009 3.58171e+009 3.46776e+010
2.024 3.6617e+010 191356 3.72261e-010 1640.15 5.41142e+007 3.58589e+009 3.64e+009 3.2977e+010
2.026 3.5339e+010 187987 4.13986e-010 1730 5.59776e+007 3.64302e+009 3.699e+009 3.164e+010
2.027 3.63779e+010 190730 4.36552e-010 1776.7 5.69317e+007 3.67184e+009 3.72877e+009 3.26492e+010
2.029 3.49058e+010 186831 4.85401e-010 1873.83 5.8886e+007 3.72995e+009 3.78884e+009 3.1117e+010
2.03 3.34109e+010 182786 5.11817e-010 1924.31 5.98866e+007 3.75926e+009 3.81915e+009 2.95917e+010
2.032 3.19466e+010 178736 5.68991e-010 2029.28 6.19359e+007 3.81836e+009 3.8803e+009 2.80663e+010
2.034 3.30941e+010 181918 6.32482e-010 2139.83 6.40508e+007 3.87812e+009 3.94218e+009 2.91519e+010
2.035 3.19245e+010 178674 6.66808e-010 2197.28 6.51335e+007 3.90825e+009 3.97339e+009 2.79511e+010
2.037 3.22003e+010 179444 7.41088e-010 2316.72 6.73506e+007 3.96901e+009 4.03636e+009 2.81639e+010
2.039 3.10914e+010 176328 8.2355e-010 2442.48 6.96384e+007 4.03043e+009 4.10007e+009 2.69913e+010
2.04 3.18224e+010 178388 8.68123e-010 2507.83 7.08094e+007 4.06139e+009 4.1322e+009 2.76902e+010
2.042 3.286e+010 181273 9.64557e-010 2643.67 7.32069e+007 4.1238e+009 4.19701e+009 2.8663e+010
2.044 3.09871e+010 176032 1.07158e-009 2786.67 7.56804e+007 4.18689e+009 4.26257e+009 2.67246e+010
2.045 2.86749e+010 169337 1.12942e-009 2860.97 7.69463e+007 4.21869e+009 4.29563e+009 2.43793e+010
2.047 2.88958e+010 169988 1.25453e-009 3015.39 7.95379e+007 4.28278e+009 4.36232e+009 2.45335e+010
2.049 3.15751e+010 177694 1.39334e-009 3177.93 8.2211e+007 4.34754e+009 4.42975e+009 2.71453e+010
2.05 3.111e+010 176380 1.46834e-009 3262.36 8.35789e+007 4.38017e+009 4.46376e+009 2.66462e+010
2.052 3.03236e+010 174137 1.63053e-009 3437.83 8.63788e+007 4.44595e+009 4.53233e+009 2.57912e+010
2.054 2.93969e+010 171455 1.81043e-009 3622.47 8.92663e+007 4.51239e+009 4.60166e+009 2.47952e+010
2.055 2.78198e+010 166793 1.90761e-009 3718.38 9.07437e+007 4.54587e+009 4.63661e+009 2.31832e+010
2.057 2.7197e+010 164915 2.11772e-009 3917.67 9.37673e+007 4.61333e+009 4.7071e+009 2.24899e+010
2.059 2.72e+010 164924 2.35071e-009 4127.33 9.68849e+007 4.68146e+009 4.77835e+009 2.24216e+010
2.06 2.86668e+010 169313 2.47655e-009 4236.22 9.84799e+007 4.71578e+009 4.81426e+009 2.38525e+010
2.062 2.76321e+010 166229 2.74856e-009 4462.45 1.01744e+008 4.78493e+009 4.88667e+009 2.27454e+010
2.064 2.9431e+010 171555 3.05009e-009 4700.42 1.05108e+008 4.85475e+009 4.95986e+009 2.44711e+010
2.066 2.71178e+010 164675 3.38433e-009 4950.73 1.08576e+008 4.92525e+009 5.03383e+009 2.2084e+010
2.067 2.75803e+010 166073 3.5648e-009 5080.69 1.1035e+008 4.96075e+009 5.07111e+009 2.25092e+010
2.069 2.58461e+010 160767 3.95477e-009 5350.66 1.1398e+008 5.03227e+009 5.14625e+009 2.06998e+010
2.071 2.37714e+010 154180 4.38691e-009 5634.57 1.1772e+008 5.10446e+009 5.22219e+009 1.85492e+010
2.072 2.27784e+010 150925 4.62018e-009 5781.97 1.19633e+008 5.14081e+009 5.26045e+009 1.7518e+010
2.074 2.24071e+010 149690 5.12416e-009 6088.1 1.23546e+008 5.21401e+009 5.33757e+009 1.70695e+010
2.076 2.3932e+010 154700 5.68248e-009 6409.97 1.27579e+008 5.28789e+009 5.41548e+009 1.85165e+010
2.077 2.44008e+010 156207 5.9838e-009 6577.05 1.29641e+008 5.32508e+009 5.45473e+009 1.8946e+010
2.079 2.30229e+010 151733 6.63467e-009 6924.02 1.33858e+008 5.39997e+009 5.53384e+009 1.7489e+010
2.081 2.25827e+010 150275 7.3555e-009 7288.77 1.38203e+008 5.47554e+009 5.61375e+009 1.69689e+010
2.083 2.29628e+010 151535 8.15373e-009 7672.17 1.42679e+008 5.55177e+009 5.69446e+009 1.72684e+010
2.084 2.56498e+010 160156 8.5844e-009 7871.16 1.44967e+008 5.59014e+009 5.73511e+009 1.99147e+010
2.086 2.53678e+010 159273 9.51438e-009 8284.29 1.49647e+008 5.66737e+009 5.81703e+009 1.95507e+010
2.088 2.14595e+010 146490 1.05439e-008 8718.48 1.54466e+008 5.74528e+009 5.89976e+009 1.55597e+010
2.09 2.11874e+010 145559 1.16836e-008 9174.76 1.5943e+008 5.82385e+009 5.98329e+009 1.52041e+010
2.091 1.89198e+010 137549 1.22982e-008 9411.52 1.61967e+008 5.86339e+009 6.02536e+009 1.28944e+010
2.093 1.97599e+010 140570 1.36252e-008 9902.99 1.67155e+008 5.94295e+009 6.11012e+009 1.36497e+010
2.095 1.96391e+010 140140 1.50936e-008 10419.4 1.72497e+008 6.02318e+009 6.19569e+009 1.34434e+010
2.097 1.88445e+010 137275 1.67184e-008 10961.9 1.77997e+008 6.10407e+009 6.28207e+009 1.25625e+010
2.098 1.91515e+010 138389 1.75945e-008 11243.3 1.80807e+008 6.14476e+009 6.32557e+009 1.2826e+010
2.1 2.33943e+010 152952 1.94852e-008 11827.5 1.86553e+008 6.22662e+009 6.41319e+009 1.69811e+010
2.102 2.35121e+010 153337 2.15767e-008 12441 1.92467e+008 6.30915e+009 6.50163e+009 1.70105e+010
2.104 2.558e+010 159937 2.389e-008 13085.5 1.98556e+008 6.39232e+009 6.59089e+009 1.89891e+010
2.105 2.57563e+010 160488 2.51369e-008 13419.8 2.01667e+008 6.43414e+009 6.63582e+009 1.91205e+010
2.107 2.18398e+010 147783 2.78272e-008 14113.4 2.08024e+008 6.51828e+009 6.72632e+009 1.51135e+010
2.109 2.26133e+010 150377 3.08019e-008 14841.8 2.14568e+008 6.60306e+009 6.81764e+009 1.57957e+010
2.111 2.07923e+010 144195 3.40908e-008 15606.6 2.21301e+008 6.68848e+009 6.9098e+009 1.38825e+010
2.113 2.20248e+010 148407 3.77266e-008 16409.7 2.2823e+008 6.77453e+009 7.00278e+009 1.5022e+010
2.114 1.86014e+010 136387 3.96857e-008 16826.1 2.3177e+008 6.81779e+009 7.04958e+009 1.15518e+010
2.116 1.75258e+010 132385 4.39108e-008 17690 2.39002e+008 6.90479e+009 7.14381e+009 1.0382e+010
2.118 1.43444e+010 119768 4.85802e-008 18597 2.46442e+008 6.9924e+009 7.23887e+009 7.10557e+009
2.12 1.31264e+010 114570 5.37401e-008 19548.9 2.54097e+008 7.08064e+009 7.33476e+009 5.7916e+009
2.122 1.32211e+010 114983 5.94414e-008 20548.2 2.61971e+008 7.1695e+009 7.43149e+009 5.78959e+009
2.123 1.499e+010 122434 6.25124e-008 21066.2 2.65992e+008 7.21415e+009 7.48016e+009 7.50986e+009
2.125 1.72467e+010 131327 6.91326e-008 22140.6 2.74206e+008 7.30392e+009 7.57815e+009 9.66857e+009
2.127 1.92223e+010 138645 7.64453e-008 23268 2.82654e+008 7.39429e+009 7.67696e+009 1.15454e+010
2.129 1.61078e+010 126916 8.4522e-008 24451.2 2.91342e+008 7.48525e+009 7.77662e+009 8.33116e+009
2.131 1.42968e+010 119569 9.34416e-008 25692.6 3.00276e+008 7.57681e+009 7.87711e+009 6.41967e+009
2.132 1.50106e+010 122518 9.82442e-008 26336 3.04837e+008 7.62281e+009 7.92768e+009 7.08295e+009
2.134 1.32781e+010 115231 1.08594e-007 27670.1 3.14153e+008 7.71525e+009 8.02943e+009 5.24869e+009
2.136 1.31899e+010 114847 1.20019e-007 29069.7 3.2373e+008 7.80826e+009 8.13202e+009 5.05785e+009
2.138 1.56776e+010 125210 1.32633e-007 30537.8 3.33576e+008 7.90185e+009 8.23546e+009 7.44213e+009
2.14 1.67041e+010 129244 1.46555e-007 32077.8 3.43698e+008 7.996e+009 8.33973e+009 8.36438e+009
2.142 1.61217e+010 126971 1.61921e-007 33693 3.54102e+008 8.09071e+009 8.44485e+009 7.67687e+009
2.143 1.48158e+010 121720 1.7019e-007 34529.9 3.59412e+008 8.13828e+009 8.49772e+009 6.31808e+009
2.145 1.41783e+010 119073 1.88002e-007 36264.6 3.70254e+008 8.23382e+009 8.60411e+009 5.57417e+009
2.147 1.26271e+010 112370 2.07654e-007 38083.7 3.81396e+008 8.3299e+009 8.71133e+009 3.91578e+009
2.149 1.27223e+010 112793 2.29336e-007 39991.1 3.92845e+008 8.42651e+009 8.8194e+009 3.90286e+009
2.151 1.37217e+010 117140 2.53252e-007 41991 4.04611e+008 8.52366e+009 8.92831e+009 4.79343e+009
2.153 1.49262e+010 122173 2.79631e-007 44087.8 4.167e+008 8.62132e+009 9.03806e+009 5.88812e+009
2.154 1.48745e+010 121961 2.93821e-007 45173.9 4.22868e+008 8.67034e+009 9.09326e+009 5.78126e+009
2.156 1.45752e+010 120728 3.2437e-007 47424.4 4.35457e+008 8.76877e+009 9.20428e+009 5.37088e+009
2.158 1.21463e+010 110210 3.58056e-007 49783.4 4.48389e+008 8.86771e+009 9.31614e+009 2.83011e+009
2.16 1.3349e+010 115538 3.95196e-007 52256 4.61673e+008 8.96713e+009 9.42886e+009 3.92018e+009
2.162 1.35563e+010 116432 4.36138e-007 54847.4 4.75318e+008 9.06704e+009 9.54241e+009 4.01393e+009
2.164 1.43639e+010 119850 4.81269e-007 57563.1 4.89333e+008 9.16742e+009 9.65681e+009 4.70712e+009
2.166 1.36558e+010 116858 5.31009e-007 60408.9 5.03725e+008 9.26827e+009 9.77206e+009 3.88373e+009
2.168 1.3207e+010 114922 5.85824e-007 63390.9 5.18505e+008 9.36958e+009 9.88815e+009 3.31884e+009
2.169 1.44961e+010 120400 6.15293e-007 64934.8 5.26042e+008 9.4204e+009 9.94651e+009 4.54964e+009
2.171 1.44946e+010 120393 6.78694e-007 68132.7 5.4142e+008 9.52238e+009 1.00639e+010 4.43069e+009
2.173 1.50423e+010 122647 7.48543e-007 71482.9 5.57209e+008 9.62479e+009 1.01821e+010 4.86018e+009
2.175 1.51414e+010 123051 8.25489e-007 74992.4 5.73418e+008 9.72763e+009 1.03011e+010 4.84031e+009
2.177 1.44323e+010 120135 9.10241e-007 78668.6 5.90058e+008 9.83088e+009 1.0421e+010 4.01132e+009
2.179 1.30901e+010 114412 1.00358e-006 82518.9 6.07139e+008 9.93454e+009 1.05418e+010 2.54838e+009
2.181 1.34576e+010 116007 1.10637e-006 86551.4 6.2467e+008 1.00386e+010 1.06634e+010 2.79423e+009
2.183 1.32868e+010 115269 1.21955e-006 90774.3 6.42663e+008 1.0143e+010 1.07858e+010 2.50104e+009
2.185 1.33407e+010 115502 1.34415e-006 95196.5 6.61128e+008 1.02478e+010 1.09091e+010 2.43164e+009
2.187 1.35391e+010 116358 1.48132e-006 99826.7 6.80077e+008 1.0353e+010 1.10332e+010 2.50594e+009
2.189 1.38271e+010 117589 1.63231e-006 104675 6.9952e+008 1.04585e+010 1.11582e+010 2.66893e+009
2.19 1.34197e+010 115843 1.7134e-006 107183 7.09431e+008 1.05114e+010 1.1221e+010 2.1987e+009
2.192 1.32609e+010 115156 1.88772e-006 112376 7.29637e+008 1.06175e+010 1.13472e+010 1.91366e+009
2.194 1.35561e+010 116430 2.07954e-006 117812 7.50366e+008 1.07238e+010 1.14743e+010 2.08174e+009
2.196 1.39456e+010 118091 2.29059e-006 123502 7.71631e+008 1.08305e+010 1.16023e+010 2.3433e+009
2.198 1.35866e+010 116561 2.52278e-006 129458 7.93443e+008 1.09375e+010 1.1731e+010 1.85554e+009
2.2 1.28527e+010 113370 2.77819e-006 135690 8.15815e+008 1.10447e+010 1.18607e+010 9.9201e+008
2.202 1.32881e+010 115274 3.05912e-006 142213 8.38759e+008 1.11523e+010 1.19912e+010 1.29691e+009
2.204 1.46211e+010 120918 3.36807e-006 149038 8.62289e+008 1.12601e+010 1.21225e+010 2.49855e+009
2.206 1.62551e+010 127495 3.70781e-006 156180 8.86418e+008 1.13681e+010 1.22547e+010 4.00038e+009
2.208 1.49177e+010 122138 4.08136e-006 163651 9.11158e+008 1.14764e+010 1.23877e+010 2.52997e+009
2.21 1.43906e+010 119961 4.49203e-006 171468 9.36523e+008 1.15849e+010 1.25216e+010 1.86896e+009
2.212 1.3998e+010 118313 4.94348e-006 179645 9.62528e+008 1.16937e+010 1.26564e+010 1.34162e+009
2.214 1.28957e+010 113559 5.43968e-006 188199 9.89186e+008 1.18026e+010 1.2792e+010 1.03768e+008
2.216 1.31237e+010 114559 5.98501e-006 197145 1.01651e+009 1.19117e+010 1.29284e+010 1.9529e+008
2.218 1.38936e+010 117871 6.58427e-006 206502 1.04452e+009 1.2021e+010 1.30657e+010 8.27901e+008
2.22 1.34935e+010 116161 7.24271e-006 216287 1.07322e+009 1.21304e+010 1.32039e+010 2.89572e+008
2.222 1.4252e+010 119382 7.9661e-006 226519 1.10264e+009 1.224e+010 1.33429e+010 9.0914e+008
2.224 1.46025e+010 120841 8.76076e-006 237219 1.13279e+009 1.23498e+010 1.34828e+010 1.1197e+009
2.226 1.45413e+010 120587 9.63361e-006 248405 1.16367e+009 1.24596e+010 1.36235e+010 9.17802e+008
2.228 1.45951e+010 120810 1.05922e-005 260100 1.19532e+009 1.25695e+010 1.37651e+010 8.2995e+008
2.23 1.4487e+010 120362 1.16449e-005 272327 1.22774e+009 1.26796e+010 1.39076e+010 5.79366e+008
2.232 1.45223e+010 120508 1.28008e-005 285107 1.26096e+009 1.27897e+010 1.40509e+010 4.71362e+008
2.234 1.54347e+010 124237 1.40698e-005 298465 1.29498e+009 1.28998e+010 1.41951e+010 1.23961e+009
2.236 1.62681e+010 127546 1.54629e-005 312426 1.32983e+009 1.30101e+010 1.43402e+010 1.92788e+009
2.238 1.4886e+010 122008 1.6992e-005 327017 1.36552e+009 1.31203e+010 1.44861e+010 3.99843e+008
2.24 1.50866e+010 122827 1.86702e-005 342265 1.40207e+009 1.32306e+010 1.4633e+010 4.53627e+008
2.242 1.52096e+010 123327 2.05118e-005 358197 1.4395e+009 1.33408e+010 1.47807e+010 4.2897e+008
2.244 1.4159e+010 118991 2.25326e-005 374844 1.47782e+009 1.3451e+010 1.49292e+010 -7.70279e+008
2.246 1.60019e+010 126499 2.47497e-005 392236 1.51707e+009 1.35612e+010 1.50787e+010 9.23195e+008
2.248 1.41461e+010 118937 2.71818e-005 410405 1.55724e+009 1.36714e+010 1.52291e+010 -1.08294e+009
2.25 1.50207e+010 122559 2.98496e-005 429385 1.59837e+009 1.37815e+010 1.53803e+010 -3.59598e+008
2.252 1.61582e+010 127115 3.27756e-005 449210 1.64047e+009 1.38915e+010 1.55324e+010 6.25736e+008
2.254 1.9538e+010 139778 3.59843e-005 469916 1.68356e+009 1.40014e+010 1.56855e+010 3.85256e+009
2.256 2.30667e+010 151877 3.95026e-005 491540 1.72766e+009 1.41112e+010 1.58394e+010 7.22734e+009
2.258 2.4587e+010 156802 4.33601e-005 514123 1.7728e+009 1.42209e+010 1.59942e+010 8.59273e+009
2.26 2.33829e+010 152915 4.75889e-005 537704 1.81898e+009 1.43304e+010 1.615e+010 7.23295e+009
2.262 2.36632e+010 153828 5.22243e-005 562326 1.86624e+009 1.44398e+010 1.63066e+010 7.35653e+009
2.264 2.18194e+010 147714 5.73047e-005 588033 1.9146e+009 1.4549e+010 1.64642e+010 5.35515e+009
2.267 2.25066e+010 150022 6.5853e-005 628728 1.98923e+009 1.47125e+010 1.67023e+010 5.80427e+009
2.269 2.23452e+010 149483 7.22389e-005 657351 2.04042e+009 1.48211e+010 1.68622e+010 5.48303e+009
2.271 2.13359e+010 146068 7.92351e-005 687228 2.09278e+009 1.49296e+010 1.70231e+010 4.31283e+009
2.273 1.75221e+010 132371 8.68991e-005 718410 2.14634e+009 1.50378e+010 1.71848e+010 3.37272e+008
2.275 1.76803e+010 132967 9.52937e-005 750953 2.20111e+009 1.51457e+010 1.73476e+010 3.32693e+008
2.277 1.82678e+010 135158 0.000104487 784912 2.25712e+009 1.52533e+010 1.75112e+010 7.5654e+008
2.279 1.74145e+010 131964 0.000114555 820348 2.3144e+009 1.53607e+010 1.76759e+010 -2.61383e+008
2.281 1.76674e+010 132919 0.000125579 857322 2.37296e+009 1.54677e+010 1.78415e+010 -1.74156e+008
2.283 1.74057e+010 131931 0.000137648 895897 2.43284e+009 1.55744e+010 1.80081e+010 -6.02454e+008
2.285 1.83629e+010 135510 0.00015086 936140 2.49406e+009 1.56807e+010 1.81757e+010 1.87175e+008
2.288 1.88105e+010 137151 0.000173057 999783 2.58844e+009 1.58395e+010 1.84289e+010 3.81588e+008
2.29 1.88661e+010 137354 0.000189614 1.0445e+006 2.65311e+009 1.59449e+010 1.8599e+010 2.67094e+008
2.292 1.94082e+010 139313 0.000207732 1.09114e+006 2.71921e+009 1.60498e+010 1.87701e+010 6.38141e+008
2.294 2.06254e+010 143616 0.000227556 1.13979e+006 2.78676e+009 1.61543e+010 1.89422e+010 1.68321e+009
2.296 1.81067e+010 134561 0.000249243 1.19051e+006 2.85579e+009 1.62584e+010 1.91154e+010 -1.00864e+009
2.298 1.99685e+010 141310 0.000272967 1.2434e+006 2.92632e+009 1.6362e+010 1.92895e+010 6.78995e+008
2.3 1.91875e+010 138519 0.000298915 1.29854e+006 2.99839e+009 1.64651e+010 1.94648e+010 -2.77307e+008
2.302 1.93305e+010 139034 0.000327293 1.35604e+006 3.07202e+009 1.65677e+010 1.96411e+010 -3.10612e+008
2.305 1.94071e+010 139309 0.00037491 1.44689e+006 3.18545e+009 1.67206e+010 1.99075e+010 -5.00452e+008
2.307 1.92772e+010 138842 0.000410387 1.51067e+006 3.26311e+009 1.68219e+010 2.00865e+010 -8.0934e+008
2.309 2.01674e+010 142012 0.00044917 1.57716e+006 3.34243e+009 1.69226e+010 2.02666e+010 -9.91934e+007
2.311 1.92632e+010 138792 0.000491563 1.64645e+006 3.42343e+009 1.70228e+010 2.04478e+010 -1.18467e+009
2.313 2.00239e+010 141506 0.000537897 1.71866e+006 3.50616e+009 1.71223e+010 2.06302e+010 -6.063e+008
2.315 2.02185e+010 142192 0.000588531 1.79391e+006 3.59063e+009 1.72212e+010 2.08137e+010 -5.95204e+008
2.318 2.08595e+010 144428 0.000673416 1.91274e+006 3.72069e+009 1.73684e+010 2.1091e+010 -2.31508e+008
2.32 2.06995e+010 143873 0.0007366 1.99613e+006 3.80968e+009 1.74657e+010 2.12774e+010 -5.77919e+008
2.322 1.97068e+010 140381 0.000805622 2.08299e+006 3.90052e+009 1.75624e+010 2.1465e+010 -1.75818e+009
2.324 2.17964e+010 147636 0.000881012 2.17348e+006 3.99324e+009 1.76583e+010 2.16537e+010 1.42705e+008
2.326 2.17786e+010 147576 0.000963349 2.26774e+006 4.08789e+009 1.77535e+010 2.18437e+010 -6.51244e+007
2.329 2.20342e+010 148439 0.00110127 2.41652e+006 4.23353e+009 1.7895e+010 2.21309e+010 -9.67102e+007
2.331 2.05905e+010 143494 0.00120385 2.52085e+006 4.33312e+009 1.79884e+010 2.2324e+010 -1.7335e+009
2.333 2.14784e+010 146555 0.00131584 2.62951e+006 4.43475e+009 1.8081e+010 2.25184e+010 -1.03996e+009
2.335 2.19924e+010 148298 0.00143809 2.74265e+006 4.53844e+009 1.81728e+010 2.2714e+010 -7.21559e+008
2.337 2.34509e+010 153137 0.00157151 2.86044e+006 4.64423e+009 1.82638e+010 2.29109e+010 5.40018e+008
2.34 2.35939e+010 153603 0.00179484 3.04628e+006 4.80694e+009 1.83988e+010 2.32088e+010 3.85161e+008
2.342 2.17795e+010 147579 0.00196081 3.17654e+006 4.91813e+009 1.84877e+010 2.3409e+010 -1.62952e+009
2.344 2.31958e+010 152302 0.00214189 3.31214e+006 5.03155e+009 1.85758e+010 2.36107e+010 -4.14855e+008
2.346 2.23222e+010 149406 0.00233943 3.45327e+006 5.14723e+009 1.8663e+010 2.38137e+010 -1.49147e+009
2.349 2.48749e+010 157718 0.00266985 3.67582e+006 5.32506e+009 1.87921e+010 2.41208e+010 7.5406e+008
2.351 2.40751e+010 155162 0.00291526 3.83175e+006 5.44654e+009 1.8877e+010 2.43274e+010 -2.5226e+008
2.353 2.5304e+010 159072 0.00318287 3.994e+006 5.5704e+009 1.8961e+010 2.45354e+010 7.68568e+008
2.355 2.33051e+010 152660 0.00347465 4.16283e+006 5.69668e+009 1.90441e+010 2.47449e+010 -1.43983e+009
2.358 2.38375e+010 154394 0.0039624 4.42894e+006 5.89073e+009 1.91668e+010 2.5062e+010 -1.22452e+009
2.36 2.62788e+010 162107 0.00432442 4.61531e+006 6.02322e+009 1.92474e+010 2.52753e+010 1.00353e+009
2.362 2.46316e+010 156945 0.004719 4.80918e+006 6.15827e+009 1.9327e+010 2.54901e+010 -8.58465e+008
2.364 2.62263e+010 161945 0.00514899 5.01083e+006 6.29591e+009 1.94056e+010 2.57065e+010 5.19772e+008
2.367 2.66886e+010 163367 0.00586731 5.32854e+006 6.50731e+009 1.95215e+010 2.60341e+010 6.54494e+008
2.369 2.62788e+010 162107 0.00640013 5.55096e+006 6.6516e+009 1.95975e+010 2.62546e+010 2.42032e+007
2.371 2.59133e+010 160976 0.00698056 5.78224e+006 6.79861e+009 1.96723e+010 2.64767e+010 -5.63435e+008
2.373 2.5182e+010 158688 0.00761276 6.02272e+006 6.94839e+009 1.97461e+010 2.67005e+010 -1.51858e+009
2.376 2.54999e+010 159687 0.0086682 6.40145e+006 7.17833e+009 1.98548e+010 2.70395e+010 -1.53961e+009
2.378 2.61302e+010 161648 0.00945059 6.66648e+006 7.33519e+009 1.99258e+010 2.72676e+010 -1.13748e+009
2.38 2.70291e+010 164405 0.0103024 6.94197e+006 7.49497e+009 1.99957e+010 2.74976e+010 -4.68459e+008
2.383 2.80696e+010 167540 0.0117238 7.3757e+006 7.74017e+009 2.00983e+010 2.78459e+010 2.23761e+008
2.385 2.75471e+010 165973 0.012777 7.67911e+006 7.90739e+009 2.01653e+010 2.80804e+010 -5.33252e+008
2.387 2.70965e+010 164610 0.0139232 7.99443e+006 8.07766e+009 2.02311e+010 2.83168e+010 -1.22025e+009
2.39 2.86381e+010 169228 0.0158348 8.49068e+006 8.33888e+009 2.03276e+010 2.86749e+010 -3.68442e+007
2.392 2.87035e+010 169421 0.0172504 8.83771e+006 8.51696e+009 2.03903e+010 2.89161e+010 -2.12605e+008
2.394 2.76113e+010 166167 0.0187905 9.19826e+006 8.69824e+009 2.04519e+010 2.91593e+010 -1.54798e+009
2.397 2.87416e+010 169533 0.0213577 9.76552e+006 8.97625e+009 2.05419e+010 2.95279e+010 -7.8631e+008
2.399 3.04605e+010 174529 0.0232579 1.01621e+007 9.16572e+009 2.06003e+010 2.97762e+010 6.84342e+008
2.401 3.04708e+010 174559 0.0253244 1.0574e+007 9.35853e+009 2.06575e+010 3.00266e+010 4.44244e+008
2.404 3.07547e+010 175370 0.0287673 1.12218e+007 9.65412e+009 2.07408e+010 3.04062e+010 3.48506e+008
2.406 3.09335e+010 175879 0.0313144 1.16745e+007 9.85549e+009 2.07947e+010 3.06619e+010 2.71551e+008
2.408 3.2051e+010 179028 0.0340832 1.21447e+007 1.00604e+010 2.08474e+010 3.09199e+010 1.13111e+009
2.411 3.25316e+010 180365 0.0386939 1.28838e+007 1.03743e+010 2.09238e+010 3.1311e+010 1.22059e+009
2.413 3.27969e+010 181099 0.0421034 1.34002e+007 1.05882e+010 2.09731e+010 3.15747e+010 1.22217e+009
2.416 3.1793e+010 178306 0.0477789 1.42119e+007 1.09157e+010 2.10446e+010 3.19745e+010 -1.81549e+008
2.418 3.3679e+010 183518 0.0519743 1.47788e+007 1.11388e+010 2.10905e+010 3.22441e+010 1.43492e+009
2.42 3.28469e+010 181237 0.0565316 1.53672e+007 1.13656e+010 2.1135e+010 3.2516e+010 3.30885e+008
2.423 3.43729e+010 185399 0.0641142 1.62919e+007 1.1713e+010 2.11993e+010 3.29285e+010 1.44438e+009
2.425 3.45104e+010 185770 0.0697164 1.69375e+007 1.19494e+010 2.12404e+010 3.32067e+010 1.30368e+009
2.427 3.3518e+010 183079 0.0757995 1.76074e+007 1.21897e+010 2.12801e+010 3.34874e+010 3.06272e+007
2.43 3.42562e+010 185084 0.0859157 1.86597e+007 1.25577e+010 2.1337e+010 3.39133e+010 3.42833e+008
2.432 3.67098e+010 191598 0.093386 1.93942e+007 1.28081e+010 2.13731e+010 3.42006e+010 2.50922e+009
2.435 3.42065e+010 184950 0.105805 2.05478e+007 1.31913e+010 2.14247e+010 3.46365e+010 -4.29959e+008
2.437 3.5613e+010 188714 0.114972 2.13527e+007 1.34519e+010 2.14573e+010 3.49305e+010 6.82501e+008
2.44 3.67344e+010 191662 0.130206 2.26166e+007 1.38508e+010 2.15034e+010 3.53768e+010 1.3576e+009
2.442 3.67052e+010 191586 0.141448 2.34984e+007 1.4122e+010 2.15324e+010 3.56778e+010 1.02738e+009
2.444 3.79441e+010 194793 0.153643 2.44127e+007 1.43975e+010 2.15598e+010 3.59818e+010 1.96235e+009
2.447 3.79742e+010 194870 0.173898 2.58479e+007 1.4819e+010 2.15983e+010 3.64432e+010 1.53106e+009
2.449 3.71845e+010 192833 0.188837 2.68488e+007 1.51055e+010 2.16222e+010 3.67545e+010 4.30012e+008
2.452 3.75067e+010 193666 0.213642 2.84194e+007 1.55437e+010 2.16551e+010 3.72272e+010 2.79517e+008
2.454 3.73975e+010 193384 0.231931 2.95145e+007 1.58414e+010 2.16752e+010 3.75461e+010 -1.48661e+008
2.457 3.64938e+010 191034 0.262285 3.12326e+007 1.62967e+010 2.17026e+010 3.80305e+010 -1.53664e+009
2.459 3.79831e+010 194893 0.284658 3.24302e+007 1.6606e+010 2.1719e+010 3.83574e+010 -3.74219e+008
2.462 4.11729e+010 202911 0.321777 3.43087e+007 1.70787e+010 2.17407e+010 3.88538e+010 2.3191e+009
2.464 4.1124e+010 202790 0.349126 3.56178e+007 1.73999e+010 2.17533e+010 3.91888e+010 1.93517e+009
2.467 4.08572e+010 202132 0.394485 3.76707e+007 1.78906e+010 2.17695e+010 3.96977e+010 1.15953e+009
2.469 4.1886e+010 204661 0.427893 3.9101e+007 1.82238e+010 2.17783e+010 4.00412e+010 1.84483e+009
2.472 4.22468e+010 205540 0.483282 4.13434e+007 1.87328e+010 2.17888e+010 4.05629e+010 1.68388e+009
2.474 4.11174e+010 202774 0.524062 4.29054e+007 1.90784e+010 2.17938e+010 4.09152e+010 2.02248e+008
2.477 4.3709e+010 209067 0.59165 4.53536e+007 1.96062e+010 2.17986e+010 4.14502e+010 2.25883e+009
2.479 3.95533e+010 198880 0.641394 4.70586e+007 1.99644e+010 2.17999e+010 4.18114e+010 -2.25813e+009
2.482 4.20683e+010 205106 0.723808 4.97303e+007 2.05114e+010 2.1799e+010 4.23601e+010 -2.91867e+008
2.484 4.17122e+010 204236 0.784443 5.15904e+007 2.08826e+010 2.17965e+010 4.27306e+010 -1.01843e+009
2.487 4.27244e+010 206699 0.884864 5.45045e+007 2.14491e+010 2.17899e+010 4.32935e+010 -5.69118e+008
2.489 4.62105e+010 214966 0.95872 5.6533e+007 2.18334e+010 2.17836e+010 4.36736e+010 2.53699e+009
2.492 4.68324e+010 216408 1.08099 5.97101e+007 2.24199e+010 2.17714e+010 4.42509e+010 2.5815e+009
2.494 4.66624e+010 216015 1.17089 6.19211e+007 2.28176e+010 2.17613e+010 4.46408e+010 2.02156e+009
2.497 4.70931e+010 217009 1.31967 6.53832e+007 2.34244e+010 2.17434e+010 4.52332e+010 1.85992e+009
2.499 4.52563e+010 212735 1.42901 6.7792e+007 2.38358e+010 2.17295e+010 4.56332e+010 -3.76884e+008
2.502 4.68867e+010 216533 1.60991 7.15628e+007 2.44634e+010 2.1706e+010 4.62409e+010 6.45843e+008
2.505 4.95619e+010 222625 1.81324 7.55311e+007 2.51035e+010 2.16791e+010 4.68581e+010 2.70381e+009
2.507 4.80215e+010 219138 1.9626 7.8291e+007 2.55373e+010 2.16592e+010 4.72748e+010 7.46728e+008
2.51 4.95016e+010 222489 2.20954 8.26099e+007 2.61986e+010 2.16267e+010 4.7908e+010 1.59358e+009
2.512 5.14137e+010 226746 2.39087 8.56129e+007 2.66467e+010 2.16032e+010 4.83356e+010 3.07811e+009
2.515 4.96667e+010 222860 2.69057 9.03112e+007 2.73297e+010 2.15652e+010 4.89852e+010 6.81537e+008
2.518 5.2362e+010 228827 3.02707 9.52517e+007 2.80258e+010 2.15238e+010 4.96449e+010 2.71708e+009
2.52 4.92036e+010 221819 3.274 9.86857e+007 2.84972e+010 2.14944e+010 5.00903e+010 -8.86768e+008
2.523 5.1585e+010 227123 3.68192 1.04056e+008 2.92154e+010 2.14476e+010 5.07671e+010 8.17841e+008
2.525 4.66415e+010 215966 3.98115 1.07788e+008 2.97017e+010 2.14146e+010 5.12241e+010 -4.58266e+009
2.528 4.66448e+010 215974 4.47528 1.13623e+008 3.04423e+010 2.13624e+010 5.19184e+010 -5.27355e+009
2.531 4.62215e+010 214992 5.02946 1.19754e+008 3.11966e+010 2.1307e+010 5.26233e+010 -6.40187e+009
2.533 4.92122e+010 221838 5.43577 1.24012e+008 3.1707e+010 2.12683e+010 5.30993e+010 -3.8871e+009
2.536 5.09447e+010 225709 6.10631 1.30669e+008 3.24841e+010 2.12076e+010 5.38224e+010 -2.8777e+009
2.539 5.21811e+010 228432 6.85782 1.3766e+008 3.3275e+010 2.11438e+010 5.45564e+010 -2.37533e+009
2.541 6.19213e+010 248840 7.4085 1.42514e+008 3.381e+010 2.10995e+010 5.5052e+010 6.86929e+009
2.544 7.69096e+010 277326 8.31676 1.50098e+008 3.46242e+010 2.10305e+010 5.58048e+010 2.11048e+010
2.546 6.3931e+010 252846 8.98206 1.55362e+008 3.51748e+010 2.09828e+010 5.6313e+010 7.61805e+009
2.549 7.10019e+010 266462 10.079 1.63585e+008 3.60124e+010 2.09088e+010 5.70848e+010 1.39171e+010
2.552 6.76564e+010 260108 11.307 1.72216e+008 3.68643e+010 2.08317e+010 5.78682e+010 9.78815e+009
2.555 6.64009e+010 257684 12.6814 1.81272e+008 3.77303e+010 2.07517e+010 5.86633e+010 7.73759e+009
2.557 6.46119e+010 254189 13.6874 1.87555e+008 3.83157e+010 2.06967e+010 5.92e+010 5.41196e+009
2.56 6.63674e+010 257619 15.3447 1.97364e+008 3.92056e+010 2.06119e+010 6.00148e+010 6.35253e+009
2.563 6.72327e+010 259293 17.1983 2.07652e+008 4.011e+010 2.05241e+010 6.08417e+010 6.39091e+009
2.565 6.44629e+010 253895 18.5542 2.14787e+008 4.07209e+010 2.0464e+010 6.13997e+010 3.06312e+009
2.568 7.09533e+010 266371 20.7868 2.25922e+008 4.16493e+010 2.03716e+010 6.22469e+010 8.70645e+009
2.571 6.90217e+010 262720 23.282 2.37595e+008 4.25923e+010 2.02764e+010 6.31063e+010 5.91533e+009
2.573 7.5914e+010 275525 25.1063 2.45688e+008 4.3229e+010 2.02115e+010 6.36862e+010 1.22278e+010
2.576 7.30564e+010 270290 28.1082 2.58312e+008 4.41962e+010 2.01118e+010 6.45663e+010 8.49011e+009
2.579 7.54232e+010 274633 31.461 2.71541e+008 4.51779e+010 2.00095e+010 6.5459e+010 9.96418e+009
2.582 7.54106e+010 274610 35.2049 2.854e+008 4.61743e+010 1.99046e+010 6.63643e+010 9.04637e+009
2.584 7.74473e+010 278294 37.9398 2.95004e+008 4.68466e+010 1.98332e+010 6.69748e+010 1.04725e+010
2.587 7.77479e+010 278833 42.4368 3.09976e+008 4.78673e+010 1.97241e+010 6.79013e+010 9.84651e+009
2.59 7.2677e+010 269587 47.4547 3.25656e+008 4.89025e+010 1.96125e+010 6.88407e+010 3.83637e+009
2.593 7.09806e+010 266422 53.0525 3.42072e+008 4.99523e+010 1.94985e+010 6.97929e+010 1.18771e+009
2.595 7.64969e+010 276581 57.1386 3.53442e+008 5.06603e+010 1.94212e+010 7.04349e+010 6.06202e+009
2.598 7.25761e+010 269399 63.8518 3.71158e+008 5.17343e+010 1.93032e+010 7.14087e+010 1.16732e+009
2.601 8.21201e+010 286566 71.3356 3.89699e+008 5.28229e+010 1.9183e+010 7.23956e+010 9.72448e+009
2.604 8.00782e+010 282981 79.6764 4.09099e+008 5.39259e+010 1.90606e+010 7.33956e+010 6.68259e+009
2.607 8.13503e+010 285220 88.9699 4.29396e+008 5.50434e+010 1.89359e+010 7.44087e+010 6.94155e+009
2.609 7.71137e+010 277694 95.7468 4.43442e+008 5.57964e+010 1.88517e+010 7.50915e+010 2.02223e+009
2.612 8.04215e+010 283587 106.87 4.65316e+008 5.69377e+010 1.87235e+010 7.61265e+010 4.29498e+009
2.615 8.67357e+010 294509 119.254 4.88188e+008 5.80933e+010 1.85933e+010 7.71748e+010 9.5609e+009
2.618 8.67061e+010 294459 133.04 5.12101e+008 5.92632e+010 1.84611e+010 7.82364e+010 8.46966e+009
2.621 8.31816e+010 288412 148.383 5.37098e+008 6.04471e+010 1.8327e+010 7.93112e+010 3.87036e+009
2.623 7.85552e+010 280277 159.559 5.54387e+008 6.12441e+010 1.82366e+010 8.00351e+010 -1.47993e+009
2.626 8.14251e+010 285351 177.885 5.8129e+008 6.24513e+010 1.80994e+010 8.1132e+010 2.931e+008
2.629 7.98116e+010 282509 198.264 6.09398e+008 6.36723e+010 1.79604e+010 8.22422e+010 -2.43061e+009
2.632 8.15733e+010 285610 220.923 6.38762e+008 6.49071e+010 1.78198e+010 8.33656e+010 -1.79229e+009
2.635 8.20784e+010 286493 246.109 6.69432e+008 6.61554e+010 1.76774e+010 8.45023e+010 -2.42389e+009
2.638 8.53376e+010 292126 274.096 7.01459e+008 6.74172e+010 1.75334e+010 8.56521e+010 -3.14502e+008
2.641 8.75263e+010 295848 305.189 7.34899e+008 6.86923e+010 1.73879e+010 8.68152e+010 7.11145e+008
2.644 8.74117e+010 295655 339.724 7.69808e+008 6.99806e+010 1.72409e+010 8.79914e+010 -5.7972e+008
2.646 9.08577e+010 301426 364.84 7.93924e+008 7.08467e+010 1.71421e+010 8.87828e+010 2.07492e+009
2.649 9.42917e+010 307070 405.952 8.3141e+008 7.21566e+010 1.69928e+010 8.99808e+010 4.31094e+009
2.652 1.03338e+011 321462 451.583 8.70524e+008 7.34792e+010 1.68421e+010 9.11918e+010 1.2146e+010
2.655 1.10472e+011 332373 502.215 9.1133e+008 7.48143e+010 1.66901e+010 9.24158e+010 1.80562e+010
2.658 1.11436e+011 333820 558.383 9.53892e+008 7.61618e+010 1.6537e+010 9.36527e+010 1.77829e+010
2.661 1.11852e+011 334443 620.676 9.98279e+008 7.75214e+010 1.63826e+010 9.49023e+010 1.69499e+010
2.664 1.17388e+011 342619 689.743 1.04456e+009 7.8893e+010 1.62272e+010 9.61647e+010 2.12231e+010
2.667 1.19285e+011 345377 766.302 1.09281e+009 8.02762e+010 1.60707e+010 9.74398e+010 2.18452e+010
2.67 1.13212e+011 336471 851.142 1.1431e+009 8.16709e+010 1.59133e+010 9.87273e+010 1.44851e+010
2.673 1.12417e+011 335286 945.136 1.19551e+009 8.30769e+010 1.57549e+010 1.00027e+011 1.23896e+010
2.676 1.11092e+011 333305 1049.24 1.25012e+009 8.44938e+010 1.55957e+010 1.0134e+011 9.75277e+009
2.679 1.08537e+011 329449 1164.53 1.30701e+009 8.59215e+010 1.54356e+010 1.02664e+011 5.87279e+009
2.682 1.14573e+011 338487 1292.14 1.36627e+009 8.73596e+010 1.52748e+010 1.04001e+011 1.05726e+010
2.685 1.12352e+011 335190 1433.39 1.42798e+009 8.88079e+010 1.51134e+010 1.05349e+011 7.0032e+009
2.688 1.2038e+011 346958 1589.66 1.49224e+009 9.02661e+010 1.49512e+010 1.0671e+011 1.36701e+010
2.691 1.14435e+011 338282 1762.53 1.55913e+009 9.17339e+010 1.47886e+010 1.08082e+011 6.3534e+009
2.694 1.21551e+011 348642 1953.71 1.62875e+009 9.32109e+010 1.46253e+010 1.09465e+011 1.20861e+010
2.697 1.18983e+011 344939 2165.07 1.70121e+009 9.4697e+010 1.44617e+010 1.1086e+011 8.12276e+009
2.7 1.25002e+011 353556 2398.69 1.7766e+009 9.61916e+010 1.42976e+010 1.12266e+011 1.27358e+010
2.703 1.19967e+011 346362 2656.84 1.85502e+009 9.76946e+010 1.41332e+010 1.13683e+011 6.28398e+009
2.706 1.29696e+011 360133 2942.03 1.9366e+009 9.92055e+010 1.39685e+010 1.15111e+011 1.45851e+010
2.709 1.22694e+011 350276 3257.01 2.02143e+009 1.00724e+011 1.38035e+010 1.16549e+011 6.14458e+009
2.712 1.25105e+011 353701 3604.8 2.10963e+009 1.0225e+011 1.36384e+010 1.17998e+011 7.10689e+009
2.715 1.22915e+011 350592 3988.71 2.20132e+009 1.03783e+011 1.34731e+010 1.19457e+011 3.45767e+009
2.718 1.30945e+011 361863 4412.39 2.29662e+009 1.05322e+011 1.33077e+010 1.20926e+011 1.00191e+010
2.721 1.30958e+011 361882 4879.84 2.39566e+009 1.06867e+011 1.31423e+010 1.22405e+011 8.55354e+009
2.724 1.25959e+011 354907 5395.44 2.49856e+009 1.08418e+011 1.2977e+010 1.23893e+011 2.06527e+009
2.727 1.23085e+011 350834 5964.01 2.60545e+009 1.09974e+011 1.28117e+010 1.25391e+011 -2.30674e+009
2.73 1.30362e+011 361056 6590.83 2.71647e+009 1.11535e+011 1.26466e+010 1.26898e+011 3.46328e+009
2.733 1.26319e+011 355413 7281.68 2.83176e+009 1.13101e+011 1.24816e+010 1.28414e+011 -2.0956e+009
2.736 1.44191e+011 379725 8042.91 2.95147e+009 1.14671e+011 1.23168e+010 1.29939e+011 1.42522e+010
2.739 1.42337e+011 377276 8881.46 3.07573e+009 1.16244e+011 1.21523e+010 1.31472e+011 1.08649e+010
2.743 1.38795e+011 372552 10133.1 3.24876e+009 1.18346e+011 1.19335e+010 1.33529e+011 5.26596e+009
2.746 1.3261e+011 364157 11182.9 3.38425e+009 1.19926e+011 1.17699e+010 1.3508e+011 -2.47026e+009
2.749 1.23539e+011 351482 12338.5 3.52482e+009 1.21508e+011 1.16067e+010 1.3664e+011 -1.31005e+010
2.752 1.36778e+011 369835 13609.9 3.67062e+009 1.23092e+011 1.14439e+010 1.38206e+011 -1.42854e+009
2.755 1.30887e+011 361783 15008.6 3.82183e+009 1.24677e+011 1.12817e+010 1.3978e+011 -8.89307e+009
2.758 1.51342e+011 389027 16546.8 3.97862e+009 1.26262e+011 1.112e+010 1.41361e+011 9.98145e+009
2.761 1.42525e+011 377524 18238.1 4.14117e+009 1.27848e+011 1.09589e+010 1.42948e+011 -4.22938e+008
2.765 1.45067e+011 380877 20756.8 4.36717e+009 1.29961e+011 1.07451e+010 1.45073e+011 -6.18998e+006
2.768 1.50321e+011 387713 22864.8 4.54386e+009 1.31545e+011 1.05856e+010 1.46674e+011 3.64693e+009
2.771 1.48248e+011 385030 25180.5 4.72693e+009 1.33127e+011 1.04269e+010 1.48281e+011 -3.31763e+007
2.774 1.62302e+011 402867 27723.8 4.91657e+009 1.34708e+011 1.02689e+010 1.49893e+011 1.24084e+010
2.777 1.56113e+011 395111 30516.2 5.11298e+009 1.36286e+011 1.01117e+010 1.5151e+011 4.60274e+009
2.78 1.59878e+011 399847 33581.3 5.31638e+009 1.3786e+011 9.95532e+009 1.53132e+011 6.74591e+009
2.784 1.5434e+011 392861 38137.2 5.59879e+009 1.39954e+011 9.74825e+009 1.55301e+011 -9.61414e+008
2.787 1.71562e+011 414200 41943 5.81929e+009 1.4152e+011 9.59402e+009 1.56933e+011 1.46288e+010
2.79 1.73558e+011 416603 46116.9 6.04749e+009 1.4308e+011 9.44076e+009 1.58569e+011 1.49892e+010
2.793 1.74521e+011 417757 50693.4 6.28362e+009 1.44635e+011 9.2885e+009 1.60208e+011 1.43136e+010
2.797 1.79022e+011 423110 57486.7 6.61117e+009 1.467e+011 9.08708e+009 1.62398e+011 1.66242e+010
2.8 1.84264e+011 429260 63154 6.86669e+009 1.4824e+011 8.93725e+009 1.64044e+011 2.02197e+010
2.803 2.01345e+011 448715 69362.5 7.13092e+009 1.49773e+011 8.78852e+009 1.65693e+011 3.56521e+010
2.806 1.91799e+011 437948 76162 7.40411e+009 1.51298e+011 8.64091e+009 1.67344e+011 2.44551e+010
2.81 1.84347e+011 429357 86242 7.78273e+009 1.53319e+011 8.4459e+009 1.69548e+011 1.47996e+010
2.813 1.78872e+011 422933 94640.3 8.07782e+009 1.54824e+011 8.30102e+009 1.71203e+011 7.66933e+009
2.816 1.86939e+011 432364 103830 8.38272e+009 1.56319e+011 8.15734e+009 1.72859e+011 1.40793e+010
2.82 1.89707e+011 435554 117439 8.805e+009 1.58297e+011 7.9677e+009 1.75069e+011 1.46378e+010
2.823 1.92119e+011 438313 128767 9.13387e+009 1.59767e+011 7.82694e+009 1.76728e+011 1.53906e+010
2.826 1.95136e+011 441742 141151 9.47348e+009 1.61226e+011 7.68746e+009 1.78387e+011 1.67486e+010
2.83 2.02674e+011 450194 159473 9.94349e+009 1.63152e+011 7.50352e+009 1.80599e+011 2.20751e+010
2.833 2.02782e+011 450313 174707 1.03093e+010 1.64582e+011 7.36711e+009 1.82258e+011 2.05235e+010
2.836 2.06422e+011 454336 191348 1.06868e+010 1.65998e+011 7.23206e+009 1.83917e+011 2.25046e+010
2.84 2.06746e+011 454693 215942 1.12088e+010 1.67864e+011 7.05411e+009 1.86128e+011 2.0618e+010
2.843 2.01386e+011 448761 236370 1.16149e+010 1.69247e+011 6.92226e+009 1.87784e+011 1.3602e+010
2.846 2.08185e+011 456273 258666 1.20336e+010 1.70614e+011 6.79182e+009 1.8944e+011 1.87448e+010
2.85 2.09902e+011 458151 291584 1.26123e+010 1.72413e+011 6.62009e+009 1.91645e+011 1.82569e+010
2.853 2.13978e+011 462578 318899 1.30621e+010 1.73742e+011 6.49297e+009 1.93298e+011 2.06805e+010
2.856 1.9812e+011 445107 348684 1.35257e+010 1.75055e+011 6.3673e+009 1.94948e+011 3.17248e+009
2.86 1.90554e+011 436525 392616 1.41659e+010 1.76777e+011 6.202e+009 1.97145e+011 -6.59068e+009
2.863 2.00347e+011 447602 429033 1.4663e+010 1.78047e+011 6.07973e+009 1.9879e+011 1.55692e+009
2.867 2.06663e+011 454602 482706 1.53493e+010 1.79711e+011 5.91901e+009 2.0098e+011 5.68333e+009
2.87 2.13869e+011 462460 527168 1.58819e+010 1.80937e+011 5.80021e+009 2.02619e+011 1.12503e+010
2.874 2.33425e+011 483140 592651 1.66167e+010 1.82539e+011 5.64413e+009 2.048e+011 2.86242e+010
2.877 2.37174e+011 487005 646857 1.71868e+010 1.83716e+011 5.52883e+009 2.06433e+011 3.07414e+010
2.88 2.30208e+011 479800 705843 1.77736e+010 1.84873e+011 5.41503e+009 2.08062e+011 2.21458e+010
2.884 2.20681e+011 469767 792627 1.85824e+010 1.8638e+011 5.26566e+009 2.10229e+011 1.0452e+010
2.887 2.2138e+011 470510 864394 1.92095e+010 1.87485e+011 5.1554e+009 2.1185e+011 9.52951e+009
2.891 2.25489e+011 474857 969908 2.00736e+010 1.88921e+011 5.01074e+009 2.14007e+011 1.14824e+010
2.894 2.36239e+011 486044 1.0571e+006 2.0743e+010 1.89972e+011 4.90403e+009 2.1562e+011 2.06189e+010
2.898 2.14928e+011 463604 1.1852e+006 2.16651e+010 1.91334e+011 4.76411e+009 2.17765e+011 -2.83634e+009
2.901 2.14926e+011 463601 1.29099e+006 2.23791e+010 1.92328e+011 4.66095e+009 2.19369e+011 -4.44353e+009
2.905 2.05479e+011 453298 1.44629e+006 2.3362e+010 1.93613e+011 4.52576e+009 2.21502e+011 -1.60235e+010
2.908 2.15644e+011 464375 1.57445e+006 2.41228e+010 1.94547e+011 4.42614e+009 2.23098e+011 -7.45363e+009
2.912 2.29708e+011 479279 1.76246e+006 2.51694e+010 1.95752e+011 4.29568e+009 2.25219e+011 4.48895e+009
2.916 2.14679e+011 463335 1.97204e+006 2.62539e+010 1.9691e+011 4.16789e+009 2.27334e+011 -1.26544e+010
2.919 2.23793e+011 473068 2.14479e+006 2.70926e+010 1.97747e+011 4.07382e+009 2.28915e+011 -5.12193e+009
2.923 2.32482e+011 482164 2.39794e+006 2.82456e+010 1.98819e+011 3.95071e+009 2.31018e+011 1.46451e+009
2.926 2.30337e+011 479935 2.60645e+006 2.91369e+010 1.99591e+011 3.86013e+009 2.32591e+011 -2.25326e+009
2.93 2.48804e+011 498802 2.9118e+006 3.03615e+010 2.00576e+011 3.74166e+009 2.34682e+011 1.41216e+010
2.933 2.46465e+011 496453 3.16313e+006 3.13076e+010 2.01281e+011 3.65453e+009 2.36247e+011 1.02189e+010
2.937 2.45633e+011 495614 3.5309e+006 3.26068e+010 2.02176e+011 3.54065e+009 2.38327e+011 7.30607e+009
2.941 2.42542e+011 492485 3.93966e+006 3.39501e+010 2.03019e+011 3.42936e+009 2.40402e+011 2.13994e+009
2.944 2.36791e+011 486612 4.27573e+006 3.49871e+010 2.03615e+011 3.34758e+009 2.41954e+011 -5.16306e+009
2.948 2.36691e+011 486509 4.76696e+006 3.641e+010 2.04364e+011 3.24079e+009 2.4402e+011 -7.32865e+009
2.951 2.42669e+011 492615 5.17055e+006 3.75078e+010 2.0489e+011 3.16235e+009 2.45566e+011 -2.8964e+009
2.955 2.35224e+011 484999 5.76004e+006 3.90134e+010 2.05544e+011 3.05997e+009 2.47623e+011 -1.23993e+010
2.959 2.43931e+011 493893 6.41384e+006 4.05676e+010 2.06142e+011 2.96009e+009 2.49676e+011 -5.74567e+009
2.962 2.37882e+011 487732 6.9504e+006 4.17659e+010 2.06554e+011 2.88679e+009 2.51214e+011 -1.33319e+010
2.966 2.51122e+011 501121 7.73322e+006 4.34077e+010 2.07055e+011 2.7912e+009 2.53261e+011 -2.13948e+009
2.97 2.5712e+011 507070 8.60033e+006 4.5101e+010 2.07499e+011 2.69802e+009 2.55306e+011 1.81318e+009
2.973 2.45063e+011 495038 9.31115e+006 4.64054e+010 2.07794e+011 2.6297e+009 2.56839e+011 -1.17758e+010
2.977 2.44549e+011 494519 1.0347e+007 4.81911e+010 2.08138e+011 2.54068e+009 2.58881e+011 -1.43313e+010
2.981 2.53596e+011 503583 1.1493e+007 5.00311e+010 2.08425e+011 2.45399e+009 2.60922e+011 -7.32625e+009
2.985 2.64948e+011 514731 1.27601e+007 5.19262e+010 2.08654e+011 2.36959e+009 2.62963e+011 1.98519e+009
2.988 2.67278e+011 516989 1.37972e+007 5.33844e+010 2.08788e+011 2.30779e+009 2.64494e+011 2.78343e+009
2.992 2.6485e+011 514636 1.53063e+007 5.53784e+010 2.08916e+011 2.22734e+009 2.66537e+011 -1.68696e+009
2.996 2.79528e+011 528704 1.69728e+007 5.74303e+010 2.08986e+011 2.1491e+009 2.68582e+011 1.09457e+010
3 2.68828e+011 518487 1.88123e+007 5.95409e+010 2.08997e+011 2.07302e+009 2.7063e+011 -1.80181e+009
3.003 2.65745e+011 515505 2.03156e+007 6.11629e+010 2.08968e+011 2.01737e+009 2.72169e+011 -6.42313e+009
3.007 2.71764e+011 521310 2.24996e+007 6.33785e+010 2.08878e+011 1.94502e+009 2.74224e+011 -2.45989e+009
3.011 2.81575e+011 530637 2.49072e+007 6.56553e+010 2.0873e+011 1.87474e+009 2.76285e+011 5.29055e+009
3.015 2.89225e+011 537797 2.756e+007 6.79942e+010 2.08524e+011 1.80649e+009 2.78352e+011 1.08731e+010
3.019 2.88246e+011 536886 3.04816e+007 7.0396e+010 2.0826e+011 1.74025e+009 2.80427e+011 7.8194e+009
3.022 2.84873e+011 533735 3.28646e+007 7.2239e+010 2.08025e+011 1.69185e+009 2.81988e+011 2.8851e+009
3.026 2.8911e+011 537690 3.63199e+007 7.47528e+010 2.0766e+011 1.62902e+009 2.84078e+011 5.03181e+009
3.03 2.7581e+011 525176 4.01204e+007 7.73315e+010 2.07239e+011 1.56808e+009 2.86179e+011 -1.03693e+010
3.034 2.74326e+011 523762 4.42986e+007 7.99761e+010 2.06761e+011 1.50901e+009 2.88291e+011 -1.39645e+010
3.038 2.95023e+011 543160 4.88899e+007 8.2687e+010 2.06227e+011 1.45175e+009 2.90415e+011 4.60768e+009
3.042 3.07135e+011 554197 5.39327e+007 8.54651e+010 2.05637e+011 1.39628e+009 2.92553e+011 1.45821e+010
3.046 3.27733e+011 572479 5.9469e+007 8.83109e+010 2.04992e+011 1.34256e+009 2.94705e+011 3.30278e+010
3.049 3.123e+011 558838 6.39721e+007 9.049e+010 2.04472e+011 1.30338e+009 2.96329e+011 1.59705e+010
3.053 3.15637e+011 561816 7.04833e+007 9.34556e+010 2.03731e+011 1.25262e+009 2.9851e+011 1.7127e+010
3.057 3.16779e+011 562831 7.76222e+007 9.64904e+010 2.02937e+011 1.20351e+009 3.00708e+011 1.60706e+010
3.061 3.13268e+011 559704 8.54458e+007 9.95949e+010 2.02089e+011 1.15599e+009 3.02925e+011 1.03431e+010
3.065 3.18596e+011 564443 9.40155e+007 1.02769e+011 2.01189e+011 1.11005e+009 3.05162e+011 1.34333e+010
3.069 3.14759e+011 561034 1.03398e+008 1.06014e+011 2.00237e+011 1.06563e+009 3.0742e+011 7.33882e+009
3.073 3.09289e+011 556138 1.13666e+008 1.0933e+011 1.99234e+011 1.0227e+009 3.09701e+011 -4.11465e+008
3.077 3.11376e+011 558011 1.24897e+008 1.12717e+011 1.98182e+011 9.81236e+008 3.12004e+011 -6.28631e+008
3.081 3.04578e+011 551886 1.37176e+008 1.16175e+011 1.97079e+011 9.41187e+008 3.14332e+011 -9.75411e+009
3.085 3.13152e+011 559600 1.50594e+008 1.19704e+011 1.95929e+011 9.02522e+008 3.16686e+011 -3.53422e+009
3.089 3.30155e+011 574591 1.65251e+008 1.23305e+011 1.94731e+011 8.65205e+008 3.19066e+011 1.10887e+010
3.093 3.23457e+011 568733 1.81252e+008 1.26977e+011 1.93487e+011 8.292e+008 3.21474e+011 1.98305e+009
3.097 3.65878e+011 604879 1.98713e+008 1.3072e+011 1.92197e+011 7.94472e+008 3.2391e+011 4.19682e+010
3.101 3.73791e+011 611384 2.17758e+008 1.34535e+011 1.90862e+011 7.60987e+008 3.26376e+011 4.74147e+010
3.105 3.79795e+011 616275 2.38521e+008 1.38421e+011 1.89485e+011 7.28711e+008 3.28873e+011 5.09221e+010
3.109 3.83303e+011 619114 2.61146e+008 1.42378e+011 1.88064e+011 6.9761e+008 3.31401e+011 5.19014e+010
3.113 3.52952e+011 594098 2.85788e+008 1.46406e+011 1.86603e+011 6.6765e+008 3.33962e+011 1.89899e+010
3.117 3.53483e+011 594544 3.12615e+008 1.50504e+011 1.85101e+011 6.38799e+008 3.36556e+011 1.69263e+010
3.121 3.51473e+011 592852 3.41806e+008 1.54671e+011 1.83561e+011 6.11025e+008 3.39185e+011 1.22885e+010
3.126 3.42843e+011 585528 3.81915e+008 1.59978e+011 1.81582e+011 5.77774e+008 3.4252e+011 3.23118e+008
3.13 3.47767e+011 589717 4.17154e+008 1.64301e+011 1.79958e+011 5.52307e+008 3.45229e+011 2.53799e+009
3.134 3.42908e+011 585584 4.55439e+008 1.68692e+011 1.78299e+011 5.27817e+008 3.47974e+011 -5.06599e+009
3.138 3.55278e+011 596052 4.97014e+008 1.7315e+011 1.76606e+011 5.04272e+008 3.50757e+011 4.52058e+009
3.142 3.62686e+011 602234 5.4214e+008 1.77674e+011 1.74881e+011 4.81643e+008 3.53578e+011 9.10817e+009
3.146 3.85741e+011 621080 5.91097e+008 1.82263e+011 1.73124e+011 4.59902e+008 3.56438e+011 2.93031e+010
3.15 3.74994e+011 612367 6.44185e+008 1.86917e+011 1.71337e+011 4.3902e+008 3.59337e+011 1.56566e+010
3.155 3.82363e+011 618355 7.16844e+008 1.92822e+011 1.69064e+011 4.14083e+008 3.63017e+011 1.93465e+010
3.159 3.73006e+011 610742 7.80434e+008 1.97616e+011 1.67214e+011 3.95035e+008 3.66006e+011 6.99979e+009
3.163 3.53111e+011 594232 8.49281e+008 2.02471e+011 1.65339e+011 3.76757e+008 3.69036e+011 -1.59245e+010
3.167 3.78595e+011 615301 9.23787e+008 2.07385e+011 1.63439e+011 3.59226e+008 3.72107e+011 6.48858e+009
3.171 3.79084e+011 615698 1.00438e+009 2.12356e+011 1.61516e+011 3.42415e+008 3.75219e+011 3.86471e+009
3.176 3.98091e+011 630944 1.11436e+009 2.18649e+011 1.59082e+011 3.22377e+008 3.79168e+011 1.89227e+010
3.18 3.92884e+011 626805 1.21035e+009 2.23744e+011 1.57112e+011 3.07098e+008 3.82374e+011 1.05104e+010
3.184 3.95656e+011 629012 1.31401e+009 2.28892e+011 1.55124e+011 2.92462e+008 3.85622e+011 1.00341e+010
3.188 4.07395e+011 638275 1.42591e+009 2.3409e+011 1.53118e+011 2.78446e+008 3.88912e+011 1.84832e+010
3.193 4.15868e+011 644878 1.57828e+009 2.40656e+011 1.50588e+011 2.61764e+008 3.93083e+011 2.27845e+010
3.197 3.89715e+011 624271 1.71095e+009 2.4596e+011 1.48547e+011 2.49063e+008 3.96467e+011 -6.75275e+009
3.201 3.87255e+011 622299 1.85393e+009 2.51309e+011 1.46494e+011 2.36913e+008 3.99893e+011 -1.26378e+010
3.206 4.06903e+011 637889 2.04828e+009 2.58053e+011 1.4391e+011 2.22468e+008 4.04234e+011 2.6685e+009
3.21 3.96929e+011 630023 2.21721e+009 2.63493e+011 1.41832e+011 2.11483e+008 4.07753e+011 -1.08241e+010
3.214 3.85369e+011 620781 2.39899e+009 2.68969e+011 1.39745e+011 2.00984e+008 4.11314e+011 -2.59445e+010
3.219 3.96462e+011 629652 2.64563e+009 2.75862e+011 1.37126e+011 1.88516e+008 4.15822e+011 -1.93596e+010
3.223 4.12565e+011 642312 2.85964e+009 2.81411e+011 1.35024e+011 1.79046e+008 4.19473e+011 -6.90807e+009
3.228 4.09089e+011 639601 3.14965e+009 2.88387e+011 1.32389e+011 1.67808e+008 4.24094e+011 -1.50048e+010
3.232 3.89814e+011 624351 3.40097e+009 2.93997e+011 1.30278e+011 1.59278e+008 4.27835e+011 -3.80208e+010
3.236 4.11085e+011 641159 3.6707e+009 2.99628e+011 1.28165e+011 1.51139e+008 4.31615e+011 -2.05296e+010
3.241 4.0901e+011 639539 4.03557e+009 3.06695e+011 1.25522e+011 1.41493e+008 4.36394e+011 -2.73835e+010
3.245 3.87487e+011 622485 4.35121e+009 3.12366e+011 1.23409e+011 1.34179e+008 4.4026e+011 -5.27728e+010
3.25 4.15362e+011 644486 4.77767e+009 3.19472e+011 1.2077e+011 1.25517e+008 4.45145e+011 -2.97821e+010
3.254 4.55893e+011 675199 5.14614e+009 3.25166e+011 1.18662e+011 1.18955e+008 4.49094e+011 6.79959e+009
3.259 4.5321e+011 673209 5.64336e+009 3.32292e+011 1.16034e+011 1.11189e+008 4.54081e+011 -8.70696e+008
3.263 4.50224e+011 670987 6.07243e+009 3.37995e+011 1.13938e+011 1.05309e+008 4.5811e+011 -7.88658e+009
3.268 4.66708e+011 683160 6.65072e+009 3.4512e+011 1.11327e+011 9.8357e+007 4.63196e+011 3.5118e+009
3.272 4.51398e+011 671862 7.14913e+009 3.50814e+011 1.09247e+011 9.3098e+007 4.67303e+011 -1.59048e+010
3.277 4.58054e+011 676797 7.82004e+009 3.57917e+011 1.06661e+011 8.68838e+007 4.72484e+011 -1.4431e+010
3.281 4.59421e+011 677806 8.39756e+009 3.63584e+011 1.04603e+011 8.21868e+007 4.76667e+011 -1.72457e+010
3.286 4.58548e+011 677162 9.174e+009 3.70644e+011 1.02046e+011 7.6641e+007 4.8194e+011 -2.33925e+010
3.29 4.76925e+011 690598 9.84154e+009 3.76267e+011 1.00014e+011 7.24524e+007 4.86195e+011 -9.2703e+009
3.295 4.76424e+011 690234 1.07379e+010 3.8326e+011 9.74937e+010 6.75106e+007 4.91559e+011 -1.51351e+010
3.299 5.04438e+011 710238 1.15075e+010 3.8882e+011 9.54931e+010 6.37811e+007 4.95885e+011 8.5538e+009
3.304 5.25857e+011 725160 1.25397e+010 3.95723e+011 9.30135e+010 5.93843e+007 5.01336e+011 2.45213e+010
3.309 5.23365e+011 723440 1.36548e+010 4.02566e+011 9.05589e+010 5.52665e+007 5.06835e+011 1.65297e+010
3.313 5.11954e+011 715509 1.46105e+010 4.07993e+011 8.86142e+010 5.21626e+007 5.1127e+011 6.84238e+008
3.318 4.9962e+011 706838 1.58897e+010 4.14709e+011 8.62083e+010 4.85077e+007 5.16856e+011 -1.72356e+010
3.323 5.13871e+011 716848 1.72687e+010 4.21345e+011 8.38312e+010 4.50892e+007 5.2249e+011 -8.6194e+009
3.327 5.05272e+011 710825 1.84482e+010 4.26591e+011 8.19512e+010 4.25155e+007 5.27033e+011 -2.17619e+010
3.332 5.15406e+011 717918 2.00238e+010 4.33064e+011 7.96292e+010 3.94884e+007 5.32757e+011 -1.73508e+010
3.337 5.36514e+011 732471 2.17187e+010 4.39436e+011 7.73394e+010 3.66609e+007 5.38531e+011 -2.01674e+009
3.341 5.39252e+011 734337 2.31656e+010 4.44456e+011 7.55315e+010 3.45346e+007 5.43187e+011 -3.93582e+009
3.346 5.48063e+011 740313 2.50947e+010 4.50627e+011 7.33021e+010 3.20368e+007 5.49056e+011 -9.93018e+008
3.351 5.69411e+011 754593 2.71652e+010 4.56677e+011 7.11077e+010 2.97067e+007 5.5498e+011 1.4431e+010
3.356 5.52062e+011 743009 2.93859e+010 4.62599e+011 6.89489e+010 2.75342e+007 5.60961e+011 -8.89892e+009
3.36 5.33589e+011 730471 3.12766e+010 4.67239e+011 6.72482e+010 2.5903e+007 5.6579e+011 -3.22011e+010
3.365 5.48767e+011 740788 3.37906e+010 4.72911e+011 6.51557e+010 2.39898e+007 5.71882e+011 -2.31148e+010
3.37 5.86835e+011 766052 3.64809e+010 4.78436e+011 6.31008e+010 2.22083e+007 5.7804e+011 8.79565e+009
3.375 5.96688e+011 772456 3.93577e+010 4.83805e+011 6.10842e+010 2.05501e+007 5.84268e+011 1.24204e+010
3.38 5.75053e+011 758323 4.24315e+010 4.89014e+011 5.91064e+010 1.90075e+007 5.90571e+011 -1.55171e+010
3.385 6.20369e+011 787635 4.57132e+010 4.94054e+011 5.71677e+010 1.75731e+007 5.96952e+011 2.34163e+010
3.389 6.25805e+011 791078 4.84958e+010 4.97961e+011 5.56453e+010 1.64987e+007 6.02118e+011 2.36867e+010
3.394 6.01221e+011 775384 5.21803e+010 5.02683e+011 5.3778e+010 1.52416e+007 6.08656e+011 -7.43595e+009
3.399 6.16871e+011 785412 5.61053e+010 5.0722e+011 5.19509e+010 1.40743e+007 6.1529e+011 1.58127e+009
3.404 6.28081e+011 792516 6.02831e+010 5.11566e+011 5.0164e+010 1.29906e+007 6.22026e+011 6.05538e+009
3.409 6.47134e+011 804446 6.47264e+010 5.15715e+011 4.84176e+010 1.19852e+007 6.28871e+011 1.82628e+010
3.414 6.29417e+011 793358 6.94482e+010 5.19662e+011 4.67116e+010 1.10528e+007 6.35833e+011 -6.41588e+009
3.419 6.41309e+011 800818 7.44622e+010 5.23402e+011 4.50462e+010 1.01886e+007 6.42921e+011 -1.61185e+009
3.424 6.67794e+011 817186 7.97819e+010 5.2693e+011 4.34213e+010 9.38778e+006 6.50143e+011 1.76505e+010
3.429 6.53311e+011 808276 8.54216e+010 5.30242e+011 4.18368e+010 8.64618e+006 6.57509e+011 -4.1981e+009
3.434 6.74264e+011 821136 9.13955e+010 5.33332e+011 4.02926e+010 7.9597e+006 6.65029e+011 9.23504e+009
3.439 6.80311e+011 824810 9.77184e+010 5.36198e+011 3.87885e+010 7.32455e+006 6.72712e+011 7.59887e+009
3.444 6.74825e+011 821478 1.04405e+011 5.38834e+011 3.73244e+010 6.73714e+006 6.80571e+011 -5.74535e+009
3.449 7.22837e+011 850198 1.11471e+011 5.41238e+011 3.58999e+010 6.19416e+006 6.88616e+011 3.4221e+010
3.454 6.74892e+011 821518 1.18932e+011 5.43407e+011 3.45148e+010 5.69246e+006 6.96859e+011 -2.19672e+010
3.459 7.07092e+011 840888 1.26802e+011 5.45337e+011 3.31687e+010 5.22912e+006 7.05313e+011 1.77959e+009
3.464 7.16759e+011 846616 1.35098e+011 5.47025e+011 3.18613e+010 4.80141e+006 7.1399e+011 2.76912e+009
3.469 7.72137e+011 878713 1.43836e+011 5.4847e+011 3.05921e+010 4.40677e+006 7.22903e+011 4.92339e+010
3.474 7.41848e+011 861306 1.53031e+011 5.4967e+011 2.93607e+010 4.04281e+006 7.32066e+011 9.78215e+009
3.48 7.99211e+011 893986 1.64691e+011 5.50783e+011 2.79322e+010 3.64342e+006 7.4341e+011 5.58003e+010
3.485 8.13321e+011 901843 1.74948e+011 5.51438e+011 2.67823e+010 3.33931e+006 7.53172e+011 6.01493e+010
3.49 7.98168e+011 893402 1.85714e+011 5.51843e+011 2.56685e+010 3.05925e+006 7.63228e+011 3.49397e+010
3.495 7.70106e+011 877557 1.97002e+011 5.51998e+011 2.45904e+010 2.80147e+006 7.73594e+011 -3.4877e+009
3.5 8.05755e+011 897639 2.08831e+011 5.51903e+011 2.35473e+010 2.56429e+006 7.84284e+011 2.14713e+010
3.505 8.23491e+011 907464 2.21213e+011 5.51558e+011 2.25386e+010 2.34617e+006 7.95312e+011 2.81793e+010
3.511 8.50631e+011 922297 2.36825e+011 5.50814e+011 2.13729e+010 2.10757e+006 8.09014e+011 4.16169e+010
3.516 8.55703e+011 925042 2.50479e+011 5.49921e+011 2.04378e+010 1.92645e+006 8.2084e+011 3.48624e+010
3.521 8.58676e+011 926648 2.64734e+011 5.48781e+011 1.95352e+010 1.76014e+006 8.33052e+011 2.5624e+010
3.526 9.12649e+011 955327 2.79604e+011 5.47394e+011 1.86643e+010 1.60749e+006 8.45664e+011 6.69855e+010
3.532 8.91519e+011 944203 2.98277e+011 5.45409e+011 1.76602e+010 1.44085e+006 8.61347e+011 3.01722e+010
3.537 8.7636e+011 936141 3.14543e+011 5.43489e+011 1.68568e+010 1.31463e+006 8.74889e+011 1.47064e+009
3.542 8.84432e+011 940442 3.31462e+011 5.4133e+011 1.60829e+010 1.19894e+006 8.88876e+011 -4.44464e+009
3.548 9.77513e+011 988693 3.52644e+011 5.38428e+011 1.51923e+010 1.07286e+006 9.06265e+011 7.12477e+010
3.553 9.20676e+011 959518 3.71038e+011 5.35755e+011 1.4481e+010 977519 9.21275e+011 -5.99193e+008
3.558 9.64506e+011 982093 3.90117e+011 5.32853e+011 1.3797e+010 890260 9.36768e+011 2.77377e+010
3.564 1.01953e+012 1.00972e+006 4.13927e+011 5.29075e+011 1.30113e+010 795313 9.56014e+011 6.35173e+010
3.569 1.04732e+012 1.02338e+006 4.34538e+011 5.25685e+011 1.23849e+010 723627 9.72608e+011 7.47067e+010
3.575 1.05823e+012 1.0287e+006 4.60203e+011 5.21334e+011 1.16661e+010 645711 9.93203e+011 6.50308e+010
3.58 1.01787e+012 1.00889e+006 4.8237e+011 5.17477e+011 1.10939e+010 586948 1.01094e+012 6.92495e+009
3.586 1.09765e+012 1.04769e+006 5.09912e+011 5.1258e+011 1.04381e+010 523148 1.03293e+012 6.47163e+010
3.591 1.19147e+012 1.09154e+006 5.33647e+011 5.0828e+011 9.91658e+009 475084 1.05184e+012 1.39625e+011
3.597 1.10831e+012 1.05276e+006 5.63069e+011 5.02868e+011 9.3197e+009 422958 1.07526e+012 3.30523e+010
3.602 1.15937e+012 1.07674e+006 5.88367e+011 4.98153e+011 8.8456e+009 383732 1.09537e+012 6.40023e+010
3.608 1.09731e+012 1.04753e+006 6.19653e+011 4.92259e+011 8.30364e+009 341237 1.12022e+012 -2.29012e+010
3.613 1.12409e+012 1.06023e+006 6.46491e+011 4.87158e+011 7.8737e+009 309294 1.14152e+012 -1.74355e+010
3.619 1.08503e+012 1.04165e+006 6.79604e+011 4.80818e+011 7.38282e+009 274727 1.1678e+012 -8.27731e+010
3.624 1.15122e+012 1.07295e+006 7.07942e+011 4.75361e+011 6.99387e+009 248773 1.1903e+012 -3.90746e+010
3.63 1.1607e+012 1.07736e+006 7.4282e+011 4.68613e+011 6.55031e+009 220716 1.21798e+012 -5.72885e+010
3.636 1.23146e+012 1.10971e+006 7.78628e+011 4.6166e+011 6.13106e+009 195702 1.24642e+012 -1.49551e+010
3.641 1.27281e+012 1.12819e+006 8.09156e+011 4.55718e+011 5.79948e+009 176951 1.27067e+012 2.13237e+009
3.647 1.27943e+012 1.13112e+006 8.46587e+011 4.48419e+011 5.42205e+009 156717 1.30043e+012 -2.09993e+010
3.653 1.29935e+012 1.13989e+006 8.84852e+011 4.40949e+011 5.06602e+009 138709 1.33087e+012 -3.15214e+010
3.658 1.41018e+012 1.18751e+006 9.17347e+011 4.34603e+011 4.78496e+009 125234 1.35674e+012 5.3441e+010
3.664 1.46398e+012 1.20995e+006 9.5703e+011 4.26852e+011 4.46564e+009 110717 1.38835e+012 7.5636e+010
3.67 1.40379e+012 1.18481e+006 9.97419e+011 4.18966e+011 4.16501e+009 97821.3 1.42055e+012 -1.67642e+010
3.676 1.3378e+012 1.15663e+006 1.03846e+012 4.10957e+011 3.8822e+009 86373.7 1.4533e+012 -1.15494e+011
3.681 1.43118e+012 1.19632e+006 1.07311e+012 4.04199e+011 3.65949e+009 77827.1 1.48097e+012 -4.97954e+010
3.687 1.47513e+012 1.21455e+006 1.1152e+012 3.95998e+011 3.40709e+009 68640.5 1.5146e+012 -3.94733e+010
3.693 1.56403e+012 1.25061e+006 1.15775e+012 3.87711e+011 3.17012e+009 60500.5 1.54863e+012 1.53967e+010
3.699 1.5351e+012 1.23899e+006 1.20071e+012 3.79349e+011 2.94778e+009 53292.4 1.58301e+012 -4.79142e+010
3.705 1.60031e+012 1.26504e+006 1.24401e+012 3.70925e+011 2.73932e+009 46913.7 1.61768e+012 -1.73614e+010
3.711 1.49735e+012 1.22366e+006 1.28756e+012 3.62452e+011 2.54401e+009 41272.6 1.65256e+012 -1.55212e+011
3.716 1.68689e+012 1.2988e+006 1.32399e+012 3.55362e+011 2.39079e+009 37075.8 1.68174e+012 5.14376e+009
3.722 1.64458e+012 1.28241e+006 1.3678e+012 3.46829e+011 2.21778e+009 32580.3 1.71685e+012 -7.22679e+010
3.728 1.66396e+012 1.28995e+006 1.41162e+012 3.3828e+011 2.05601e+009 28611.9 1.75196e+012 -8.79971e+010
3.734 1.82195e+012 1.3498e+006 1.45538e+012 3.29726e+011 1.90484e+009 25111.2 1.78701e+012 3.49451e+010
3.74 1.73616e+012 1.31764e+006 1.49897e+012 3.21179e+011 1.76369e+009 22025.1 1.82191e+012 -8.57482e+010
3.746 1.93261e+012 1.39018e+006 1.5423e+012 3.1265e+011 1.63197e+009 19306.1 1.85658e+012 7.60289e+010
3.752 1.91749e+012 1.38474e+006 1.58528e+012 3.04148e+011 1.50914e+009 16912.2 1.89093e+012 2.65606e+010
3.758 1.83349e+012 1.35407e+006 1.6278e+012 2.95684e+011 1.39469e+009 14805.9 1.92488e+012 -9.1383e+010
3.764 1.8113e+012 1.34585e+006 1.66977e+012 2.87268e+011 1.28811e+009 12953.8 1.95833e+012 -1.47025e+011
3.77 1.88274e+012 1.37213e+006 1.71109e+012 2.7891e+011 1.18893e+009 11326.2 1.99119e+012 -1.0845e+011
3.776 2.04236e+012 1.42911e+006 1.75165e+012 2.70618e+011 1.0967e+009 9897.02 2.02337e+012 1.899e+010
3.783 2.0408e+012 1.42857e+006 1.79789e+012 2.6104e+011 9.97313e+008 8449.2 2.05992e+012 -1.91224e+010
3.789 1.99411e+012 1.41213e+006 1.83647e+012 2.52922e+011 9.18701e+008 7373.02 2.09031e+012 -9.6198e+010
3.795 2.07939e+012 1.44201e+006 1.87398e+012 2.44896e+011 8.45756e+008 6429.88 2.11972e+012 -4.03373e+010
3.801 2.01692e+012 1.42018e+006 1.91032e+012 2.3697e+011 7.78116e+008 5603.89 2.14807e+012 -1.31154e+011
3.807 2.17846e+012 1.47596e+006 1.9454e+012 2.2915e+011 7.15438e+008 4880.94 2.17526e+012 3.20145e+009
3.813 1.93593e+012 1.39138e+006 1.97911e+012 2.21445e+011 6.57397e+008 4248.6 2.20121e+012 -2.65283e+011
3.82 2.08034e+012 1.44234e+006 2.01659e+012 2.12606e+011 5.95136e+008 3610.79 2.22979e+012 -1.49455e+011
3.826 2.15646e+012 1.46849e+006 2.04703e+012 2.05166e+011 5.46113e+008 3138.74 2.25275e+012 -9.62851e+010
3.832 2.2173e+012 1.48906e+006 2.07583e+012 1.97858e+011 5.00816e+008 2726.7 2.27419e+012 -5.68902e+010
3.838 2.23879e+012 1.49626e+006 2.1029e+012 1.90685e+011 4.58988e+008 2367.27 2.29404e+012 -5.52553e+010
3.845 2.2692e+012 1.50639e+006 2.1322e+012 1.82494e+011 4.14256e+008 2005.78 2.3151e+012 -4.59057e+010
3.851 2.27926e+012 1.50972e+006 2.15526e+012 1.7563e+011 3.79143e+008 1739.02 2.33127e+012 -5.20135e+010
3.857 2.36567e+012 1.53807e+006 2.17637e+012 1.68913e+011 3.46789e+008 1506.79 2.34563e+012 2.00341e+010
3.864 2.20654e+012 1.48544e+006 2.19845e+012 1.61268e+011 3.12269e+008 1273.75 2.36003e+012 -1.53484e+011
3.87 2.20896e+012 1.48626e+006 2.21511e+012 1.54882e+011 2.85235e+008 1102.16 2.37028e+012 -1.61318e+011
3.877 2.28774e+012 1.51253e+006 2.23185e+012 1.47628e+011 2.56436e+008 930.226 2.37973e+012 -9.19947e+010
3.883 2.24479e+012 1.49826e+006 2.24383e+012 1.41581e+011 2.33918e+008 803.823 2.38565e+012 -1.40855e+011
3.89 2.1519e+012 1.46694e+006 2.255e+012 1.34728e+011 2.09968e+008 677.356 2.38994e+012 -2.38038e+011
3.896 2.12207e+012 1.45673e+006 2.26214e+012 1.29027e+011 1.91271e+008 584.521 2.39136e+012 -2.69289e+011
3.903 2.28285e+012 1.51091e+006 2.26758e+012 1.22579e+011 1.71416e+008 491.779 2.39033e+012 -1.07478e+011
3.909 2.1257e+012 1.45798e+006 2.26977e+012 1.17226e+011 1.5594e+008 423.803 2.38715e+012 -2.61454e+011
3.916 2.20269e+012 1.48415e+006 2.26941e+012 1.11184e+011 1.39532e+008 355.997 2.38073e+012 -1.78041e+011
3.922 2.3486e+012 1.53252e+006 2.26661e+012 1.06178e+011 1.26763e+008 306.374 2.37292e+012 -2.43144e+010
3.929 2.34162e+012 1.53024e+006 2.26046e+012 1.0054e+011 1.13245e+008 256.95 2.36111e+012 -1.94859e+010
3.936 2.26832e+012 1.50609e+006 2.25121e+012 9.51162e+010 1.01083e+008 215.315 2.34643e+012 -7.81048e+010
3.942 2.27053e+012 1.50683e+006 2.24085e+012 9.06366e+010 9.1641e+007 184.915 2.33158e+012 -6.10505e+010
3.949 2.23579e+012 1.49526e+006 2.22597e+012 8.56058e+010 8.16697e+007 154.708 2.31166e+012 -7.58692e+010
3.956 2.16161e+012 1.47024e+006 2.20815e+012 8.07824e+010 7.27214e+007 129.325 2.289e+012 -1.27391e+011
3.962 2.07214e+012 1.43949e+006 2.19057e+012 7.68106e+010 6.57914e+007 110.834 2.26745e+012 -1.9531e+011
3.969 2.13814e+012 1.46224e+006 2.16747e+012 7.23632e+010 5.84902e+007 92.5032 2.23989e+012 -1.01752e+011
3.976 2.0287e+012 1.42433e+006 2.14165e+012 6.81128e+010 5.1955e+007 77.1381 2.20982e+012 -1.81115e+011
3.983 2.16127e+012 1.47013e+006 2.11323e+012 6.40551e+010 4.61107e+007 64.2704 2.17733e+012 -1.60614e+010
3.99 2.14945e+012 1.4661e+006 2.0823e+012 6.01857e+010 4.0889e+007 53.5037 2.14253e+012 6.91637e+009
3.996 2.19796e+012 1.48255e+006 2.0539e+012 5.70152e+010 3.68615e+007 45.6916 2.11095e+012 8.70043e+010
4.003 2.04746e+012 1.43089e+006 2.01867e+012 5.34827e+010 3.26355e+007 37.9771 2.07218e+012 -2.47243e+010
4.01 2.03035e+012 1.4249e+006 1.9813e+012 5.01245e+010 2.88694e+007 31.5382 2.03146e+012 -1.10582e+009
4.017 2.04466e+012 1.42992e+006 1.94195e+012 4.69355e+010 2.55162e+007 26.1688 1.98891e+012 5.5752e+010
4.024 2.00633e+012 1.41645e+006 1.90075e+012 4.39103e+010 2.25332e+007 21.6949 1.94469e+012 6.16435e+010
4.031 2.00026e+012 1.41431e+006 1.85787e+012 4.10436e+010 1.9882e+007 17.9707 1.89893e+012 1.01331e+011
4.038 1.95102e+012 1.39679e+006 1.81344e+012 3.83299e+010 1.75279e+007 14.873 1.85179e+012 9.92272e+010
4.045 1.8448e+012 1.35823e+006 1.76764e+012 3.5764e+010 1.54393e+007 12.2989 1.80342e+012 4.13776e+010
4.052 1.84557e+012 1.35852e+006 1.72062e+012 3.33401e+010 1.3588e+007 10.1616 1.75398e+012 9.1591e+010
4.059 1.70236e+012 1.30474e+006 1.67255e+012 3.10529e+010 1.19485e+007 8.38857 1.70361e+012 -1.25079e+009
4.066 1.75139e+012 1.3234e+006 1.62357e+012 2.8897e+010 1.04979e+007 6.91901 1.65248e+012 9.8912e+010
4.073 1.79137e+012 1.33842e+006 1.57386e+012 2.68668e+010 9.21551e+006 5.70204 1.60073e+012 1.90637e+011
4.081 1.5455e+012 1.24318e+006 1.51634e+012 2.46938e+010 7.93234e+006 4.56627 1.54104e+012 4.46513e+009
4.088 1.51829e+012 1.23219e+006 1.46557e+012 2.29153e+010 6.95068e+006 3.75625 1.48849e+012 2.9805e+010
4.095 1.47533e+012 1.21463e+006 1.41454e+012 2.12459e+010 6.08531e+006 3.0873 1.4358e+012 3.95287e+010
4.102 1.56355e+012 1.25042e+006 1.36342e+012 1.96807e+010 5.32315e+006 2.53531 1.3831e+012 1.80453e+011
4.109 1.35381e+012 1.16353e+006 1.31232e+012 1.82146e+010 4.65248e+006 2.08025 1.33054e+012 2.32692e+010
4.117 1.318e+012 1.14804e+006 1.25415e+012 1.66542e+010 3.98467e+006 1.65757 1.27081e+012 4.71913e+010
4.124 1.26776e+012 1.12595e+006 1.20359e+012 1.53843e+010 3.47629e+006 1.35757 1.21898e+012 4.87826e+010
4.131 1.3591e+012 1.16581e+006 1.15348e+012 1.41985e+010 3.03018e+006 1.11092 1.16768e+012 1.91423e+011
4.139 1.14601e+012 1.07052e+006 1.0969e+012 1.29408e+010 2.58731e+006 0.882496 1.10984e+012 3.61687e+010
4.146 9.48704e+011 974014 1.04812e+012 1.19207e+010 2.25117e+006 0.720844 1.06005e+012 -1.11342e+011
4.154 1.02815e+012 1.01398e+006 9.9335e+011 1.08411e+010 1.91815e+006 0.571431 1.00419e+012 2.39602e+010
4.161 1.04027e+012 1.01994e+006 9.46377e+011 9.96752e+009 1.6659e+006 0.465907 9.56346e+011 8.39269e+010
4.168 8.52829e+011 923488 9.00383e+011 9.15617e+009 1.4456e+006 0.379547 9.0954e+011 -5.67109e+010
4.176 7.66147e+011 875298 8.49113e+011 8.30044e+009 1.22798e+006 0.299957 8.57414e+011 -9.12671e+010
4.183 7.8423e+011 885568 8.05461e+011 7.61029e+009 1.06365e+006 0.243911 8.13072e+011 -2.88417e+010
4.191 7.4609e+011 863765 7.57034e+011 6.88403e+009 901647 0.192362 7.63919e+011 -1.78285e+010
4.199 7.42009e+011 861399 7.10237e+011 6.21986e+009 763470 0.151539 7.16458e+011 2.55507e+010
4.206 5.85849e+011 765408 6.70678e+011 5.68608e+009 659450 0.12288 6.76365e+011 -9.05156e+010
4.214 5.83336e+011 763765 6.27098e+011 5.12632e+009 557226 0.0966008 6.32224e+011 -4.88881e+010
4.222 5.78249e+011 760427 5.85294e+011 4.61631e+009 470325 0.0758571 5.8991e+011 -1.16611e+010
4.229 5.33775e+011 730599 5.50194e+011 4.20784e+009 405109 0.0613393 5.54402e+011 -2.0627e+010
4.237 4.60315e+011 678465 5.11784e+011 3.78097e+009 341219 0.0480671 5.15566e+011 -5.5251e+010
4.245 4.56307e+011 675505 4.75199e+011 3.39346e+009 287085 0.0376248 4.78593e+011 -2.22859e+010
4.253 4.10057e+011 640357 4.40435e+011 3.04214e+009 241271 0.0294183 4.43478e+011 -3.34207e+010
4.26 4.10663e+011 640830 4.11501e+011 2.76207e+009 207034 0.0236986 4.14263e+011 -3.60012e+009
4.268 4.08124e+011 638846 3.8011e+011 2.47073e+009 173632 0.0184909 3.82581e+011 2.55425e+010
4.276 3.69889e+011 608185 3.50482e+011 2.20756e+009 145457 0.0144116 3.5269e+011 1.71992e+010
4.284 2.93837e+011 542067 3.22582e+011 1.97013e+009 121718 0.0112198 3.24552e+011 -3.07156e+010
4.292 3.14363e+011 560681 2.96368e+011 1.7562e+009 101741 0.00872514 2.98124e+011 1.6239e+010
4.3 2.81719e+011 530772 2.71794e+011 1.56368e+009 84947.6 0.00677762 2.73358e+011 8.36093e+009
4.308 2.54246e+011 504229 2.48809e+011 1.39066e+009 70847.3 0.00525894 2.502e+011 4.04645e+009
4.316 2.11053e+011 459405 2.27358e+011 1.23534e+009 59021.9 0.00407603 2.28593e+011 -1.75401e+010
4.324 2.09494e+011 457706 2.07382e+011 1.0961e+009 49115.6 0.00315567 2.08478e+011 1.01609e+009
4.332 1.82048e+011 426671 1.88821e+011 9.71424e+008 40826.5 0.00244042 1.89792e+011 -7.74432e+009
4.34 1.70781e+011 413257 1.71612e+011 8.59931e+008 33898.6 0.00188518 1.72471e+011 -1.69e+009
4.348 1.65302e+011 406574 1.5569e+011 7.60352e+008 28115.1 0.00145465 1.5645e+011 8.85203e+009
4.357 1.70319e+011 412698 1.39236e+011 6.61123e+008 22749 0.00108521 1.39897e+011 3.0422e+010
4.365 1.37914e+011 371368 1.25836e+011 5.83125e+008 18823.2 0.000835395 1.26419e+011 1.14956e+010
4.373 1.2812e+011 357939 1.1352e+011 5.13734e+008 15557.5 0.000642374 1.14034e+011 1.40866e+010
4.381 1.11445e+011 333834 1.02225e+011 4.52074e+008 12844.1 0.000493402 1.02677e+011 8.76804e+009
4.39 1.08331e+011 329137 9.06605e+010 3.90965e+008 10339.2 0.000366195 9.10515e+010 1.728e+010
4.398 9.40768e+010 306719 8.13281e+010 3.43194e+008 8515.74 0.000280607 8.16714e+010 1.24054e+010
4.406 9.848e+010 313815 7.28251e+010 3.0091e+008 7006.09 0.000214784 7.3126e+010 2.5354e+010
4.415 8.91393e+010 298562 6.41787e+010 2.59175e+008 5617.71 0.000158787 6.44379e+010 2.47014e+010
4.423 7.06318e+010 265766 5.72491e+010 2.26683e+008 4610.91 0.000121252 5.74757e+010 1.3156e+010
