1.772 3.3853e+010 183992 3.27194e-017 0.0119422 435552 4.51124e+008 4.5156e+008 3.34014e+010
1.773 3.30923e+010 181913 3.48024e-017 0.0123938 445006 4.562e+008 4.56645e+008 3.26357e+010
1.775 3.49489e+010 186946 3.93712e-017 0.0133479 464511 4.66501e+008 4.66966e+008 3.44819e+010
1.776 3.37138e+010 183613 4.1874e-017 0.0138517 474569 4.71728e+008 4.72202e+008 3.32416e+010
1.777 3.41416e+010 184775 4.45346e-017 0.0143742 484837 4.77005e+008 4.7749e+008 3.36641e+010
1.778 3.40946e+010 184647 4.73629e-017 0.014916 495318 4.82334e+008 4.8283e+008 3.36118e+010
1.78 3.31019e+010 181939 5.35652e-017 0.0160608 516939 4.93149e+008 4.93666e+008 3.26082e+010
1.781 3.58897e+010 189446 5.69621e-017 0.0166652 528087 4.98635e+008 4.99163e+008 3.53905e+010
1.782 3.46612e+010 186175 6.05726e-017 0.0172919 539466 5.04174e+008 5.04714e+008 3.41565e+010
1.783 3.67326e+010 191657 6.44102e-017 0.0179418 551081 5.09767e+008 5.10318e+008 3.62222e+010
1.785 3.85629e+010 196374 7.28238e-017 0.0193145 575036 5.21115e+008 5.2169e+008 3.80412e+010
1.786 3.71007e+010 192615 7.74309e-017 0.0200391 587386 5.26872e+008 5.27459e+008 3.65732e+010
1.787 3.63487e+010 190653 8.23271e-017 0.0207905 599991 5.32683e+008 5.33283e+008 3.58154e+010
1.788 3.78487e+010 194547 8.75303e-017 0.0215695 612855 5.3855e+008 5.39163e+008 3.73095e+010
1.789 3.63633e+010 190692 9.30597e-017 0.0223772 625985 5.44473e+008 5.45099e+008 3.58182e+010
1.791 3.92442e+010 198102 1.05179e-016 0.024083 653061 5.5649e+008 5.57143e+008 3.86871e+010
1.792 4.25428e+010 206259 1.11814e-016 0.0249832 667017 5.62584e+008 5.63251e+008 4.19796e+010
1.793 3.64141e+010 190825 1.18864e-016 0.0259164 681260 5.68736e+008 5.69417e+008 3.58447e+010
1.794 3.71038e+010 192624 1.26354e-016 0.026884 695795 5.74946e+008 5.75642e+008 3.65282e+010
1.796 4.01239e+010 200309 1.42769e-016 0.0289269 725765 5.87544e+008 5.8827e+008 3.95356e+010
1.797 3.90574e+010 197630 1.51753e-016 0.0300049 741211 5.93932e+008 5.94673e+008 3.84628e+010
1.798 4.13599e+010 203371 1.61297e-016 0.0311223 756973 6.0038e+008 6.01137e+008 4.07588e+010
1.799 3.96886e+010 199220 1.71437e-016 0.0322807 773057 6.06888e+008 6.07661e+008 3.9081e+010
1.801 3.90346e+010 197572 1.93653e-016 0.0347261 806215 6.20089e+008 6.20895e+008 3.84138e+010
1.802 3.77431e+010 194276 2.05809e-016 0.0360162 823302 6.26781e+008 6.27605e+008 3.71155e+010
1.803 3.98527e+010 199632 2.18722e-016 0.0373534 840737 6.33537e+008 6.34377e+008 3.92184e+010
1.805 4.08823e+010 202194 2.47008e-016 0.040176 876676 6.47236e+008 6.48113e+008 4.02341e+010
1.806 4.09037e+010 202247 2.62484e-016 0.041665 895195 6.54181e+008 6.55076e+008 4.02487e+010
1.807 4.34336e+010 208407 2.78921e-016 0.0432081 914089 6.6119e+008 6.62104e+008 4.27715e+010
1.808 4.46968e+010 211416 2.96378e-016 0.0448074 933365 6.68264e+008 6.69197e+008 4.40277e+010
1.81 4.31207e+010 207655 3.34611e-016 0.0481827 973096 6.82607e+008 6.83581e+008 4.24371e+010
1.811 4.35961e+010 208797 3.55523e-016 0.0499629 993566 6.89878e+008 6.90872e+008 4.29053e+010
1.812 4.11232e+010 202788 3.77732e-016 0.0518077 1.01445e+006 6.97215e+008 6.9823e+008 4.04249e+010
1.813 4.33392e+010 208181 4.01316e-016 0.0537194 1.03575e+006 7.0462e+008 7.05655e+008 4.26336e+010
1.815 4.12113e+010 203006 4.52955e-016 0.0577533 1.07965e+006 7.19631e+008 7.20711e+008 4.04906e+010
1.816 4.2457e+010 206051 4.81194e-016 0.0598805 1.10227e+006 7.27239e+008 7.28342e+008 4.17287e+010
1.817 4.31121e+010 207634 5.11179e-016 0.0620847 1.12534e+006 7.34917e+008 7.36042e+008 4.2376e+010
1.819 4.20644e+010 205096 5.76822e-016 0.0667351 1.17288e+006 7.5048e+008 7.51653e+008 4.13128e+010
1.82 4.12719e+010 203155 6.12713e-016 0.069187 1.19736e+006 7.58367e+008 7.59564e+008 4.05124e+010
1.821 4.20831e+010 205142 6.50819e-016 0.0717274 1.22234e+006 7.66325e+008 7.67547e+008 4.13155e+010
1.822 4.49924e+010 212114 6.91275e-016 0.0743595 1.24781e+006 7.74354e+008 7.75602e+008 4.42168e+010
1.824 4.55745e+010 213482 7.7982e-016 0.0799117 1.3003e+006 7.90629e+008 7.9193e+008 4.47825e+010
1.825 4.51915e+010 212583 8.28223e-016 0.0828387 1.32733e+006 7.98876e+008 8.00203e+008 4.43913e+010
1.826 4.36456e+010 208915 8.79605e-016 0.085871 1.3549e+006 8.07196e+008 8.08551e+008 4.2837e+010
1.828 4.41606e+010 210144 9.92044e-016 0.0922665 1.41169e+006 8.24058e+008 8.2547e+008 4.33351e+010
1.829 4.55801e+010 213495 1.0535e-015 0.0956376 1.44094e+006 8.32602e+008 8.34043e+008 4.47461e+010
1.83 4.70414e+010 216890 1.11873e-015 0.0991296 1.47077e+006 8.4122e+008 8.42691e+008 4.61987e+010
1.832 4.76613e+010 218315 1.26144e-015 0.106494 1.53221e+006 8.58686e+008 8.60219e+008 4.68011e+010
1.833 4.46729e+010 211360 1.33943e-015 0.110375 1.56384e+006 8.67535e+008 8.69098e+008 4.38038e+010
1.834 4.70545e+010 216920 1.4222e-015 0.114395 1.5961e+006 8.7646e+008 8.78056e+008 4.61764e+010
1.835 4.31237e+010 207662 1.51004e-015 0.118559 1.629e+006 8.85464e+008 8.87093e+008 4.22366e+010
1.837 4.54823e+010 213266 1.70219e-015 0.127339 1.69676e+006 9.03707e+008 9.05404e+008 4.45769e+010
1.838 4.60052e+010 214488 1.80716e-015 0.131965 1.73164e+006 9.12948e+008 9.1468e+008 4.50905e+010
1.839 4.68477e+010 216443 1.91856e-015 0.136757 1.76721e+006 9.22269e+008 9.24036e+008 4.59236e+010
1.841 5.21959e+010 228464 2.16219e-015 0.146858 1.84046e+006 9.41153e+008 9.42994e+008 5.12529e+010
1.842 4.98219e+010 223208 2.29527e-015 0.15218 1.87817e+006 9.50717e+008 9.52596e+008 4.88693e+010
1.843 4.71848e+010 217221 2.43647e-015 0.157692 1.91662e+006 9.60364e+008 9.62281e+008 4.62225e+010
1.845 4.858e+010 220409 2.74523e-015 0.16931 1.99578e+006 9.79906e+008 9.81902e+008 4.75981e+010
1.846 4.48632e+010 211809 2.91387e-015 0.175431 2.03653e+006 9.89802e+008 9.91839e+008 4.38714e+010
1.847 4.89839e+010 221323 3.09277e-015 0.181768 2.07808e+006 9.99783e+008 1.00186e+009 4.7982e+010
1.849 5.2713e+010 229593 3.4839e-015 0.195126 2.16361e+006 1.02e+009 1.02216e+009 5.16908e+010
1.85 5.65078e+010 237714 3.69748e-015 0.202162 2.20764e+006 1.03024e+009 1.03244e+009 5.54754e+010
1.851 5.42116e+010 232834 3.92404e-015 0.209447 2.25252e+006 1.04056e+009 1.04281e+009 5.31688e+010
1.853 5.35241e+010 231353 4.41928e-015 0.224799 2.34491e+006 1.06147e+009 1.06381e+009 5.24603e+010
1.854 5.45682e+010 233598 4.68966e-015 0.232884 2.39246e+006 1.07205e+009 1.07445e+009 5.34938e+010
1.855 5.29511e+010 230111 4.97645e-015 0.241255 2.44092e+006 1.08273e+009 1.08517e+009 5.18659e+010
1.857 5.29158e+010 230034 5.60322e-015 0.258893 2.54069e+006 1.10435e+009 1.10689e+009 5.18089e+010
1.858 5.25286e+010 229191 5.94535e-015 0.268181 2.59203e+006 1.11529e+009 1.11788e+009 5.14107e+010
1.859 5.42213e+010 232855 6.3082e-015 0.277797 2.64436e+006 1.12633e+009 1.12897e+009 5.30923e+010
1.861 5.14968e+010 226929 7.10106e-015 0.298054 2.75206e+006 1.14867e+009 1.15142e+009 5.03453e+010
1.862 5.54851e+010 235553 7.53379e-015 0.30872 2.80747e+006 1.15998e+009 1.16279e+009 5.43223e+010
1.863 5.23285e+010 228754 7.99265e-015 0.31976 2.86395e+006 1.17139e+009 1.17425e+009 5.11543e+010
1.865 5.14738e+010 226878 8.99516e-015 0.343018 2.98019e+006 1.19448e+009 1.19746e+009 5.02763e+010
1.866 4.99798e+010 223562 9.54221e-015 0.355261 3.03998e+006 1.20616e+009 1.2092e+009 4.87706e+010
1.868 5.19947e+010 228023 1.07372e-014 0.38105 3.16303e+006 1.22982e+009 1.23299e+009 5.07617e+010
1.869 4.90942e+010 221572 1.13892e-014 0.394625 3.22633e+006 1.2418e+009 1.24502e+009 4.78492e+010
1.87 5.17232e+010 227427 1.20805e-014 0.408675 3.29084e+006 1.25387e+009 1.25716e+009 5.0466e+010
1.872 5.26501e+010 229456 1.35902e-014 0.438265 3.42357e+006 1.2783e+009 1.28173e+009 5.13683e+010
1.873 4.69859e+010 216762 1.44138e-014 0.453838 3.49184e+006 1.29067e+009 1.29416e+009 4.56918e+010
1.874 4.69888e+010 216769 1.52869e-014 0.469955 3.56141e+006 1.30314e+009 1.3067e+009 4.56821e+010
1.876 4.74536e+010 217838 1.71934e-014 0.503892 3.70454e+006 1.32837e+009 1.33207e+009 4.61215e+010
1.877 5.3611e+010 231540 1.82333e-014 0.521752 3.77815e+006 1.34113e+009 1.34491e+009 5.22661e+010
1.879 5.06092e+010 224965 2.05037e-014 0.559357 3.92958e+006 1.36697e+009 1.3709e+009 4.92383e+010
1.88 4.69282e+010 216629 2.17419e-014 0.579144 4.00746e+006 1.38004e+009 1.38405e+009 4.55441e+010
1.881 5.88039e+010 242495 2.30542e-014 0.599619 4.08681e+006 1.39322e+009 1.39731e+009 5.74065e+010
1.883 5.39379e+010 232245 2.5919e-014 0.642722 4.25002e+006 1.41988e+009 1.42413e+009 5.25138e+010
1.884 5.02503e+010 224166 2.7481e-014 0.6654 4.33395e+006 1.43337e+009 1.43771e+009 4.88126e+010
1.885 5.23747e+010 228855 2.91363e-014 0.688863 4.41945e+006 1.44697e+009 1.45139e+009 5.09233e+010
1.887 5.85674e+010 242007 3.27493e-014 0.738253 4.59532e+006 1.47448e+009 1.47907e+009 5.70884e+010
1.888 5.47655e+010 234020 3.4719e-014 0.764234 4.68574e+006 1.48839e+009 1.49308e+009 5.32724e+010
1.89 5.73312e+010 239439 3.90175e-014 0.818919 4.8717e+006 1.51654e+009 1.52142e+009 5.58097e+010
1.891 5.05909e+010 224924 4.13607e-014 0.847684 4.9673e+006 1.53078e+009 1.53575e+009 4.90551e+010
1.892 5.1395e+010 226705 4.38432e-014 0.87744 5.06469e+006 1.54513e+009 1.5502e+009 4.98448e+010
1.894 4.87579e+010 220812 4.926e-014 0.94006 5.26495e+006 1.57417e+009 1.57943e+009 4.71784e+010
1.895 4.97823e+010 223119 5.22122e-014 0.972995 5.3679e+006 1.58885e+009 1.59422e+009 4.8188e+010
1.897 5.1355e+010 226616 5.86529e-014 1.0423 5.57958e+006 1.61855e+009 1.62413e+009 4.97308e+010
1.898 5.12636e+010 226415 6.21626e-014 1.07874 5.68838e+006 1.63357e+009 1.63926e+009 4.96244e+010
1.9 5.0245e+010 224154 6.98187e-014 1.15542 5.91208e+006 1.66395e+009 1.66986e+009 4.85751e+010
1.901 5.00649e+010 223752 7.39902e-014 1.19575 6.02706e+006 1.67931e+009 1.68534e+009 4.83796e+010
1.902 4.85411e+010 220320 7.84086e-014 1.23745 6.14416e+006 1.69479e+009 1.70093e+009 4.68401e+010
1.904 5.09609e+010 225745 8.80453e-014 1.32518 6.3849e+006 1.72609e+009 1.73248e+009 4.92284e+010
1.905 4.98443e+010 223258 9.3295e-014 1.3713 6.50862e+006 1.74192e+009 1.74843e+009 4.80959e+010
1.907 4.96993e+010 222933 1.04743e-013 1.46833 6.76294e+006 1.77393e+009 1.78069e+009 4.79186e+010
1.908 4.7735e+010 218483 1.10979e-013 1.51934 6.89363e+006 1.79011e+009 1.797e+009 4.5938e+010
1.91 4.79388e+010 218949 1.24576e-013 1.62662 7.16225e+006 1.82283e+009 1.82999e+009 4.61088e+010
1.911 4.85309e+010 220297 1.31981e-013 1.68302 7.30027e+006 1.83937e+009 1.84667e+009 4.66843e+010
1.912 4.78119e+010 218659 1.39822e-013 1.74133 7.44083e+006 1.85604e+009 1.86348e+009 4.59484e+010
1.914 4.85942e+010 220441 1.56916e-013 1.86397 7.7297e+006 1.88973e+009 1.89746e+009 4.66968e+010
1.915 4.62721e+010 215109 1.66224e-013 1.92842 7.87811e+006 1.90676e+009 1.91464e+009 4.43574e+010
1.917 4.86249e+010 220511 1.86514e-013 2.06396 8.18312e+006 1.94119e+009 1.94937e+009 4.66756e+010
1.918 4.76368e+010 218259 1.97561e-013 2.13519 8.3398e+006 1.95859e+009 1.96693e+009 4.56699e+010
1.92 4.62522e+010 215063 2.21637e-013 2.28496 8.66178e+006 1.99377e+009 2.00243e+009 4.42498e+010
1.921 4.84457e+010 220104 2.34744e-013 2.36367 8.82717e+006 2.01155e+009 2.02038e+009 4.64253e+010
1.922 4.84152e+010 220035 2.48619e-013 2.44502 8.99557e+006 2.02946e+009 2.03845e+009 4.63768e+010
1.924 4.82937e+010 219758 2.78854e-013 2.61607 9.34157e+006 2.06565e+009 2.07499e+009 4.62187e+010
1.925 4.80813e+010 219275 2.95311e-013 2.70594 9.51929e+006 2.08394e+009 2.09346e+009 4.59879e+010
1.927 4.56579e+010 213677 3.31166e-013 2.89485 9.88441e+006 2.12091e+009 2.13079e+009 4.35271e+010
1.928 4.72692e+010 217415 3.5068e-013 2.9941 1.00719e+007 2.13959e+009 2.14966e+009 4.51196e+010
1.93 4.73463e+010 217592 3.9319e-013 3.20271 1.04572e+007 2.17734e+009 2.1878e+009 4.51586e+010
1.931 4.52398e+010 212696 4.16322e-013 3.31229 1.0655e+007 2.19641e+009 2.20707e+009 4.30327e+010
1.933 4.67343e+010 216181 4.66709e-013 3.5426 1.10614e+007 2.23496e+009 2.24602e+009 4.44883e+010
1.934 4.51372e+010 212455 4.94124e-013 3.66358 1.12701e+007 2.25443e+009 2.2657e+009 4.28715e+010
1.936 4.59879e+010 214448 5.53832e-013 3.9178 1.16987e+007 2.29378e+009 2.30548e+009 4.36824e+010
1.937 4.52933e+010 212822 5.86313e-013 4.05131 1.19188e+007 2.31365e+009 2.32557e+009 4.29678e+010
1.939 4.5392e+010 213054 6.57047e-013 4.33187 1.23708e+007 2.35381e+009 2.36618e+009 4.30258e+010
1.94 4.63514e+010 215294 6.95522e-013 4.4792 1.26029e+007 2.3741e+009 2.3867e+009 4.39647e+010
1.942 4.57346e+010 213857 7.79297e-013 4.78876 1.30795e+007 2.41508e+009 2.42816e+009 4.33065e+010
1.943 4.57721e+010 213944 8.24859e-013 4.95131 1.33241e+007 2.43578e+009 2.44911e+009 4.3323e+010
1.945 4.74026e+010 217721 9.24052e-013 5.29279 1.38266e+007 2.4776e+009 2.49143e+009 4.49111e+010
1.946 4.62143e+010 214975 9.77994e-013 5.47209 1.40845e+007 2.49872e+009 2.5128e+009 4.37015e+010
1.948 4.46568e+010 211322 1.09541e-012 5.84872 1.46141e+007 2.54138e+009 2.55599e+009 4.21008e+010
1.949 4.32633e+010 207998 1.15926e-012 6.04645 1.48859e+007 2.56292e+009 2.5778e+009 4.06855e+010
1.951 4.49863e+010 212100 1.29821e-012 6.46176 1.54441e+007 2.60643e+009 2.62187e+009 4.23645e+010
1.952 4.49207e+010 211945 1.37376e-012 6.67978 1.57305e+007 2.6284e+009 2.64413e+009 4.22766e+010
1.954 4.48327e+010 211737 1.53816e-012 7.13765 1.63187e+007 2.67277e+009 2.68909e+009 4.21436e+010
1.955 4.12005e+010 202979 1.62753e-012 7.37798 1.66205e+007 2.69517e+009 2.7118e+009 3.84887e+010
1.957 4.35391e+010 208660 1.82199e-012 7.88267 1.72401e+007 2.74042e+009 2.75766e+009 4.07815e+010
1.958 4.57473e+010 213886 1.92768e-012 8.14755 1.7558e+007 2.76326e+009 2.78082e+009 4.29665e+010
1.96 4.14986e+010 203712 2.15763e-012 8.70374 1.82107e+007 2.80938e+009 2.82759e+009 3.8671e+010
1.961 4.20875e+010 205152 2.28259e-012 8.99562 1.85456e+007 2.83266e+009 2.85121e+009 3.92363e+010
1.963 4.26718e+010 206571 2.55443e-012 9.60844 1.92329e+007 2.87968e+009 2.89891e+009 3.97729e+010
1.964 4.26073e+010 206415 2.70215e-012 9.93 1.95856e+007 2.9034e+009 2.92299e+009 3.96843e+010
1.966 4.37095e+010 209068 3.02343e-012 10.6051 2.03094e+007 2.95131e+009 2.97162e+009 4.07379e+010
1.967 4.15402e+010 203814 3.19799e-012 10.9593 2.06807e+007 2.97549e+009 2.99617e+009 3.8544e+010
1.969 4.15246e+010 203776 3.57762e-012 11.7028 2.14428e+007 3.02431e+009 3.04575e+009 3.84789e+010
1.97 4.1135e+010 202818 3.78384e-012 12.0928 2.18337e+007 3.04894e+009 3.07078e+009 3.80642e+010
1.972 4.14966e+010 203707 4.23228e-012 12.9115 2.26359e+007 3.09867e+009 3.12131e+009 3.83752e+010
1.973 4.03159e+010 200788 4.47586e-012 13.341 2.30474e+007 3.12377e+009 3.14682e+009 3.71691e+010
1.975 3.99659e+010 199915 5.00544e-012 14.2423 2.38917e+007 3.17442e+009 3.19831e+009 3.67676e+010
1.976 3.8968e+010 197403 5.29306e-012 14.7151 2.43247e+007 3.19998e+009 3.22431e+009 3.57437e+010
1.978 3.93563e+010 198384 5.91831e-012 15.7072 2.52132e+007 3.25157e+009 3.27678e+009 3.60795e+010
1.98 3.91074e+010 197756 6.61666e-012 16.7647 2.61323e+007 3.30378e+009 3.32991e+009 3.57774e+010
1.981 3.95095e+010 198770 6.99585e-012 17.3192 2.66037e+007 3.33012e+009 3.35672e+009 3.61527e+010
1.983 4.00211e+010 200053 7.82e-012 18.4828 2.75706e+007 3.38327e+009 3.41084e+009 3.66103e+010
1.984 3.82776e+010 195647 8.26744e-012 19.093 2.80665e+007 3.41008e+009 3.43815e+009 3.48394e+010
1.986 3.93697e+010 198418 9.23979e-012 20.3731 2.90836e+007 3.46419e+009 3.49327e+009 3.58764e+010
1.987 3.90718e+010 197666 9.76762e-012 21.0443 2.96051e+007 3.49148e+009 3.52109e+009 3.55508e+010
1.989 3.8696e+010 196713 1.09145e-011 22.4522 3.06748e+007 3.54655e+009 3.57722e+009 3.51188e+010
1.99 3.59995e+010 189735 1.1537e-011 23.1904 3.12232e+007 3.57432e+009 3.60554e+009 3.23939e+010
1.992 3.51563e+010 187500 1.28895e-011 24.7387 3.2348e+007 3.63035e+009 3.6627e+009 3.14936e+010
1.994 3.67674e+010 191748 1.43988e-011 26.388 3.3511e+007 3.68703e+009 3.72054e+009 3.30468e+010
1.995 3.65843e+010 191270 1.52178e-011 27.2525 3.41071e+007 3.71562e+009 3.74972e+009 3.28346e+010
1.997 3.61086e+010 190023 1.69968e-011 29.0656 3.53297e+007 3.77327e+009 3.8086e+009 3.23e+010
1.998 3.39735e+010 184319 1.79621e-011 30.0159 3.59564e+007 3.80235e+009 3.8383e+009 3.01352e+010
2 3.41881e+010 184900 2.00585e-011 32.0086 3.72414e+007 3.86099e+009 3.89823e+009 3.02899e+010
2.001 3.34768e+010 182967 2.11958e-011 33.053 3.79e+007 3.89056e+009 3.92846e+009 2.95483e+010
2.003 3.46381e+010 186113 2.36655e-011 35.2427 3.92503e+007 3.95019e+009 3.98944e+009 3.06486e+010
2.005 3.30425e+010 181776 2.64199e-011 37.5741 4.0646e+007 4.01048e+009 4.05113e+009 2.89913e+010
2.006 3.24477e+010 180133 2.79139e-011 38.7958 4.13613e+007 4.04088e+009 4.08224e+009 2.83655e+010
2.008 3.18031e+010 178334 3.11574e-011 41.3568 4.28275e+007 4.10218e+009 4.145e+009 2.76581e+010
2.009 3.29073e+010 181404 3.29164e-011 42.6987 4.35789e+007 4.13308e+009 4.17666e+009 2.87307e+010
2.011 3.17589e+010 178210 3.67349e-011 45.5114 4.51191e+007 4.19538e+009 4.2405e+009 2.75184e+010
2.013 3.20357e+010 178985 4.09915e-011 48.5051 4.67105e+007 4.25835e+009 4.30506e+009 2.77307e+010
2.014 3.14276e+010 177278 4.32995e-011 50.0734 4.75259e+007 4.29009e+009 4.33762e+009 2.709e+010
2.016 2.81405e+010 167751 4.83085e-011 53.3601 4.91971e+007 4.35408e+009 4.40328e+009 2.37372e+010
2.017 2.87278e+010 169493 5.10241e-011 55.0817 5.00534e+007 4.38633e+009 4.43638e+009 2.42914e+010
2.019 3.00003e+010 173206 5.69168e-011 58.6895 5.18081e+007 4.45134e+009 4.50314e+009 2.54972e+010
2.021 3.0228e+010 173862 6.34828e-011 62.5281 5.36206e+007 4.51702e+009 4.57064e+009 2.56573e+010
2.022 3.02516e+010 173930 6.70417e-011 64.5384 5.4549e+007 4.55012e+009 4.60467e+009 2.56469e+010
2.024 2.9621e+010 172108 7.47628e-011 68.7505 5.64516e+007 4.61684e+009 4.67329e+009 2.49477e+010
2.026 2.87223e+010 169477 8.33635e-011 73.2311 5.84164e+007 4.68424e+009 4.74265e+009 2.39797e+010
2.027 3.03149e+010 174112 8.80243e-011 75.5772 5.94228e+007 4.71819e+009 4.77762e+009 2.55373e+010
2.029 2.72326e+010 165023 9.81336e-011 80.492 6.14847e+007 4.78662e+009 4.84811e+009 2.23845e+010
2.03 2.63845e+010 162433 1.03611e-010 83.0653 6.25407e+007 4.8211e+009 4.88364e+009 2.15009e+010
2.032 2.48788e+010 157730 1.15491e-010 88.4554 6.4704e+007 4.89056e+009 4.95527e+009 1.99235e+010
2.034 2.72367e+010 165035 1.28717e-010 94.187 6.69376e+007 4.96072e+009 5.02765e+009 2.22091e+010
2.035 2.69907e+010 164289 1.35883e-010 97.1874 6.80813e+007 4.99605e+009 5.06414e+009 2.19266e+010
2.037 2.51249e+010 158508 1.51419e-010 103.471 7.04242e+007 5.06725e+009 5.13767e+009 1.99872e+010
2.039 2.4214e+010 155609 1.68711e-010 110.152 7.28426e+007 5.13914e+009 5.21198e+009 1.90021e+010
2.04 2.70416e+010 164443 1.78077e-010 113.648 7.40808e+007 5.17534e+009 5.24942e+009 2.17922e+010
2.042 2.58399e+010 160748 1.9838e-010 120.97 7.66168e+007 5.24827e+009 5.32489e+009 2.0515e+010
2.044 2.57278e+010 160399 2.20973e-010 128.751 7.92342e+007 5.3219e+009 5.40113e+009 2.03267e+010
2.045 2.4677e+010 157089 2.33206e-010 132.824 8.05741e+007 5.35897e+009 5.43954e+009 1.92375e+010
2.047 2.52664e+010 158954 2.5972e-010 141.349 8.3318e+007 5.43364e+009 5.51696e+009 1.97494e+010
2.049 2.56455e+010 160142 2.89214e-010 150.409 8.61494e+007 5.50901e+009 5.59515e+009 2.00503e+010
2.05 2.63238e+010 162246 3.05182e-010 155.15 8.75987e+007 5.54695e+009 5.63455e+009 2.06893e+010
2.052 2.40245e+010 154998 3.39781e-010 165.072 9.05662e+007 5.62336e+009 5.71393e+009 1.83105e+010
2.054 2.36542e+010 153799 3.78259e-010 175.614 9.36277e+007 5.70047e+009 5.7941e+009 1.78601e+010
2.055 2.34772e+010 153223 3.99085e-010 181.129 9.51945e+007 5.73928e+009 5.83448e+009 1.76427e+010
2.057 2.46865e+010 157119 4.44202e-010 192.67 9.84023e+007 5.81743e+009 5.91584e+009 1.87707e+010
2.059 2.295e+010 151492 4.94362e-010 204.929 1.01711e+008 5.89628e+009 5.99799e+009 1.6952e+010
2.06 2.58001e+010 160624 5.21505e-010 211.342 1.03404e+008 5.93597e+009 6.03937e+009 1.97607e+010
2.062 2.36233e+010 153699 5.80295e-010 224.759 1.0687e+008 6.01586e+009 6.12273e+009 1.75005e+010
2.064 2.41485e+010 155398 6.45637e-010 239.007 1.10445e+008 6.09644e+009 6.20689e+009 1.79416e+010
2.066 2.19595e+010 148188 7.18254e-010 254.137 1.14131e+008 6.17772e+009 6.29185e+009 1.56677e+010
2.067 2.25526e+010 150175 7.57538e-010 262.048 1.16017e+008 6.21862e+009 6.33464e+009 1.6218e+010
2.069 2.15159e+010 146683 8.42596e-010 278.599 1.19876e+008 6.30094e+009 6.42082e+009 1.5095e+010
2.071 2.02254e+010 142216 9.37096e-010 296.17 1.23856e+008 6.38395e+009 6.5078e+009 1.37176e+010
2.072 1.94325e+010 139400 9.88206e-010 305.356 1.25891e+008 6.42571e+009 6.5516e+009 1.28809e+010
2.074 2.06145e+010 143578 1.09885e-009 324.571 1.30057e+008 6.50975e+009 6.63981e+009 1.39747e+010
2.076 2.02092e+010 142159 1.22174e-009 344.965 1.34351e+008 6.59448e+009 6.72884e+009 1.34804e+010
2.077 2.08565e+010 144418 1.28818e-009 355.626 1.36548e+008 6.63711e+009 6.77365e+009 1.40829e+010
2.079 1.98655e+010 140945 1.432e-009 377.922 1.41041e+008 6.72287e+009 6.86391e+009 1.30015e+010
2.081 1.92654e+010 138800 1.59169e-009 401.579 1.45673e+008 6.80931e+009 6.95498e+009 1.23105e+010
2.083 2.04409e+010 142972 1.76898e-009 426.681 1.50446e+008 6.89643e+009 7.04687e+009 1.3394e+010
2.084 2.03999e+010 142828 1.86481e-009 439.799 1.52887e+008 6.94024e+009 7.09313e+009 1.33067e+010
2.086 2.38303e+010 154371 2.07217e-009 467.228 1.57881e+008 7.02838e+009 7.18626e+009 1.66441e+010
2.088 1.92153e+010 138619 2.30231e-009 496.324 1.63026e+008 7.1172e+009 7.28022e+009 1.19351e+010
2.09 1.81793e+010 134831 2.55773e-009 527.185 1.68327e+008 7.20668e+009 7.37501e+009 1.08043e+010
2.091 1.62686e+010 127548 2.69575e-009 543.31 1.71037e+008 7.25168e+009 7.42271e+009 8.8459e+009
2.093 1.67105e+010 129269 2.99429e-009 577.017 1.76581e+008 7.34217e+009 7.51875e+009 9.19175e+009
2.095 1.70453e+010 130558 3.32551e-009 612.762 1.82291e+008 7.43332e+009 7.61561e+009 9.42967e+009
2.097 1.76365e+010 132803 3.69295e-009 650.663 1.88173e+008 7.52514e+009 7.71331e+009 9.92323e+009
2.098 1.77671e+010 133293 3.89145e-009 670.462 1.9118e+008 7.57129e+009 7.76247e+009 1.00046e+010
2.1 2.12888e+010 145907 4.32067e-009 711.838 1.97328e+008 7.66409e+009 7.86142e+009 1.34274e+010
2.102 2.24269e+010 149756 4.79667e-009 755.702 2.03661e+008 7.75755e+009 7.96121e+009 1.44657e+010
2.104 2.40218e+010 154990 5.32451e-009 802.197 2.10181e+008 7.85165e+009 8.06183e+009 1.596e+010
2.105 2.39623e+010 154798 5.60958e-009 826.48 2.13514e+008 7.89895e+009 8.11246e+009 1.58499e+010
2.107 2.07539e+010 144062 6.22579e-009 877.215 2.20327e+008 7.99402e+009 8.21435e+009 1.25395e+010
2.109 2.08467e+010 144384 6.9089e-009 930.983 2.27342e+008 8.08973e+009 8.31707e+009 1.25296e+010
2.111 2.11592e+010 145462 7.66607e-009 987.959 2.34564e+008 8.18607e+009 8.42064e+009 1.27386e+010
2.113 1.94416e+010 139433 8.50525e-009 1048.33 2.41999e+008 8.28305e+009 8.52505e+009 1.09166e+010
2.114 1.67279e+010 129336 8.9583e-009 1079.85 2.45798e+008 8.33177e+009 8.57757e+009 8.15033e+009
2.116 1.65522e+010 128655 9.93721e-009 1145.69 2.53562e+008 8.42968e+009 8.68325e+009 7.86892e+009
2.118 1.30029e+010 114030 1.10218e-008 1215.43 2.61554e+008 8.52821e+009 8.78977e+009 4.2131e+009
2.12 1.24605e+010 111627 1.22234e-008 1289.3 2.69779e+008 8.62735e+009 8.89713e+009 3.56339e+009
2.122 1.31209e+010 114547 1.35544e-008 1367.55 2.78243e+008 8.7271e+009 9.00535e+009 4.11557e+009
2.123 1.53498e+010 123894 1.42727e-008 1408.39 2.82567e+008 8.7772e+009 9.05977e+009 6.29001e+009
2.125 1.7664e+010 132906 1.58242e-008 1493.66 2.91402e+008 8.87786e+009 9.16926e+009 8.49471e+009
2.127 1.69271e+010 130104 1.75422e-008 1583.96 3.00493e+008 8.9791e+009 9.2796e+009 7.64754e+009
2.129 1.47875e+010 121604 1.94446e-008 1679.57 3.09846e+008 9.08093e+009 9.39078e+009 5.39669e+009
2.131 1.48827e+010 121995 2.15508e-008 1780.79 3.19468e+008 9.18335e+009 9.50282e+009 5.3799e+009
2.132 1.37784e+010 117381 2.2687e-008 1833.61 3.24382e+008 9.23477e+009 9.55915e+009 4.21926e+009
2.134 1.31702e+010 114761 2.514e-008 1943.86 3.34421e+008 9.33804e+009 9.67247e+009 3.4977e+009
2.136 1.22325e+010 110601 2.7855e-008 2060.56 3.44746e+008 9.44188e+009 9.78663e+009 2.44592e+009
2.138 1.35872e+010 116564 3.08598e-008 2184.08 3.55366e+008 9.54628e+009 9.90165e+009 3.6856e+009
2.14 1.43912e+010 119963 3.41847e-008 2314.79 3.66287e+008 9.65123e+009 1.00175e+010 4.37372e+009
2.142 1.57253e+010 125401 3.78634e-008 2453.11 3.77518e+008 9.75672e+009 1.01342e+010 5.59105e+009
2.143 1.48158e+010 121720 3.9847e-008 2525.26 3.83252e+008 9.80967e+009 1.01929e+010 4.62288e+009
2.145 1.41783e+010 119073 4.41275e-008 2675.81 3.94962e+008 9.91597e+009 1.03109e+010 3.86734e+009
2.147 1.36418e+010 116798 4.88622e-008 2835.08 4.07002e+008 1.00228e+010 1.04298e+010 3.21199e+009
2.149 1.30571e+010 114267 5.40987e-008 3003.57 4.1938e+008 1.01301e+010 1.05495e+010 2.50754e+009
2.151 1.40736e+010 118632 5.98894e-008 3181.79 4.32104e+008 1.0238e+010 1.06701e+010 3.40349e+009
2.153 1.49262e+010 122173 6.62924e-008 3370.29 4.45184e+008 1.03463e+010 1.07915e+010 4.13466e+009
2.154 1.42389e+010 119327 6.97432e-008 3468.57 4.51859e+008 1.04007e+010 1.08526e+010 3.38629e+009
2.156 1.55633e+010 124753 7.71863e-008 3673.58 4.65489e+008 1.05098e+010 1.09753e+010 4.58802e+009
2.158 1.30629e+010 114293 8.54139e-008 3890.36 4.79496e+008 1.06194e+010 1.10989e+010 1.96409e+009
2.16 1.40278e+010 118439 9.45077e-008 4119.57 4.9389e+008 1.07294e+010 1.12233e+010 2.8045e+009
2.162 1.33206e+010 115415 1.04558e-007 4361.91 5.08681e+008 1.08399e+010 1.13486e+010 1.97197e+009
2.164 1.32495e+010 115106 1.15663e-007 4618.09 5.2388e+008 1.09509e+010 1.14748e+010 1.77473e+009
2.166 1.49086e+010 122101 1.27933e-007 4888.89 5.39494e+008 1.10623e+010 1.16018e+010 3.30683e+009
2.168 1.48267e+010 121765 1.41488e-007 5175.11 5.55536e+008 1.11741e+010 1.17297e+010 3.09705e+009
2.169 1.4881e+010 121988 1.48789e-007 5324.27 5.63721e+008 1.12302e+010 1.17939e+010 3.08706e+009
2.171 1.48828e+010 121995 1.64526e-007 5635.25 5.80423e+008 1.13427e+010 1.19231e+010 2.95969e+009
2.173 1.51708e+010 123170 1.81906e-007 5963.86 5.97578e+008 1.14556e+010 1.20532e+010 3.11766e+009
2.175 1.36521e+010 116842 2.01099e-007 6311.07 6.15198e+008 1.15689e+010 1.21841e+010 1.46804e+009
2.177 1.49134e+010 122121 2.22292e-007 6677.92 6.33294e+008 1.16826e+010 1.23159e+010 2.59757e+009
2.179 1.36962e+010 117031 2.4569e-007 7065.47 6.51877e+008 1.17966e+010 1.24485e+010 1.24767e+009
2.181 1.51549e+010 123105 2.71519e-007 7474.85 6.70958e+008 1.1911e+010 1.2582e+010 2.57293e+009
2.183 1.36427e+010 116802 3.00029e-007 7907.26 6.90551e+008 1.20258e+010 1.27164e+010 9.26329e+008
2.185 1.34567e+010 116003 3.31495e-007 8363.94 7.10666e+008 1.2141e+010 1.28517e+010 6.05066e+008
2.187 1.31859e+010 114830 3.66218e-007 8846.23 7.31317e+008 1.22565e+010 1.29878e+010 1.98164e+008
2.189 1.43123e+010 119634 4.04532e-007 9355.5 7.52516e+008 1.23723e+010 1.31248e+010 1.18748e+009
2.19 1.41386e+010 118906 4.25148e-007 9620.71 7.63325e+008 1.24303e+010 1.31936e+010 9.44982e+008
2.192 1.52438e+010 123466 4.69546e-007 10173.2 7.8537e+008 1.25465e+010 1.33319e+010 1.9119e+009
2.194 1.41722e+010 119047 5.18521e-007 10756.5 8.07996e+008 1.26631e+010 1.34711e+010 7.01127e+008
2.196 1.3703e+010 117060 5.72538e-007 11372.3 8.31216e+008 1.278e+010 1.36112e+010 9.18391e+007
2.198 1.52551e+010 123512 6.32109e-007 12022.2 8.55044e+008 1.28971e+010 1.37521e+010 1.50297e+009
2.2 1.46545e+010 121056 6.97798e-007 12708.2 8.79495e+008 1.30145e+010 1.3894e+010 7.60497e+008
2.202 1.4291e+010 119545 7.70225e-007 13432.1 9.04582e+008 1.31321e+010 1.40367e+010 2.54263e+008
2.204 1.63334e+010 127802 8.50071e-007 14196.1 9.3032e+008 1.325e+010 1.41803e+010 2.15313e+009
2.206 1.50657e+010 122742 9.38087e-007 15002.1 9.56725e+008 1.33681e+010 1.43248e+010 7.40874e+008
2.208 1.58337e+010 125832 1.0351e-006 15852.5 9.83811e+008 1.34864e+010 1.44702e+010 1.36351e+009
2.21 1.50388e+010 122633 1.14201e-006 16749.7 1.01159e+009 1.36049e+010 1.46165e+010 4.22333e+008
2.212 1.55113e+010 124544 1.25981e-006 17696.1 1.04009e+009 1.37235e+010 1.47637e+010 7.47626e+008
2.214 1.52746e+010 123590 1.38961e-006 18694.3 1.06931e+009 1.38424e+010 1.49117e+010 3.62817e+008
2.216 1.5697e+010 125288 1.53261e-006 19747.1 1.09928e+009 1.39614e+010 1.50607e+010 6.36258e+008
2.218 1.45368e+010 120569 1.69013e-006 20857.3 1.13001e+009 1.40806e+010 1.52106e+010 -6.73765e+008
2.22 1.55694e+010 124777 1.86362e-006 22028 1.16152e+009 1.41999e+010 1.53614e+010 2.07964e+008
2.222 1.68671e+010 129873 2.05468e-006 23262.4 1.19383e+009 1.43193e+010 1.55131e+010 1.35398e+009
2.224 1.52544e+010 123509 2.26507e-006 24563.8 1.22695e+009 1.44388e+010 1.56657e+010 -4.11366e+008
2.226 1.58633e+010 125949 2.49672e-006 25935.7 1.2609e+009 1.45584e+010 1.58193e+010 4.39763e+007
2.228 1.62891e+010 127629 2.75173e-006 27381.9 1.2957e+009 1.4678e+010 1.59738e+010 3.15391e+008
2.23 1.62818e+010 127600 3.03245e-006 28906.1 1.33137e+009 1.47978e+010 1.61292e+010 1.5265e+008
2.232 1.61783e+010 127194 3.34142e-006 30512.5 1.36792e+009 1.49175e+010 1.62855e+010 -1.07145e+008
2.234 1.55655e+010 124762 3.68145e-006 32205.4 1.40539e+009 1.50373e+010 1.64427e+010 -8.77209e+008
2.236 1.67971e+010 129604 4.05561e-006 33989.2 1.44377e+009 1.51571e+010 1.6601e+010 1.96164e+008
2.238 1.63612e+010 127911 4.46728e-006 35868.6 1.48311e+009 1.5277e+010 1.67601e+010 -3.98938e+008
2.24 1.70717e+010 130659 4.92018e-006 37848.6 1.52341e+009 1.53968e+010 1.69202e+010 1.51448e+008
2.242 1.61275e+010 126994 5.41836e-006 39934.4 1.5647e+009 1.55165e+010 1.70813e+010 -9.53831e+008
2.244 1.49243e+010 122165 5.9663e-006 42131.5 1.60699e+009 1.56363e+010 1.72433e+010 -2.319e+009
2.246 1.67639e+010 129475 6.56889e-006 44445.5 1.65032e+009 1.5756e+010 1.74063e+010 -6.42419e+008
2.248 1.61491e+010 127079 7.23152e-006 46882.6 1.69469e+009 1.58755e+010 1.75703e+010 -1.42119e+009
2.25 1.72552e+010 131359 7.96006e-006 49448.8 1.74014e+009 1.59951e+010 1.77352e+010 -4.80063e+008
2.252 1.7536e+010 132424 8.761e-006 52151 1.78669e+009 1.61144e+010 1.79012e+010 -3.65196e+008
2.254 2.08319e+010 144333 9.64141e-006 54996.1 1.83435e+009 1.62337e+010 1.80681e+010 2.7638e+009
2.256 2.51519e+010 158593 1.06091e-005 57991.2 1.88315e+009 1.63529e+010 1.82361e+010 6.91578e+009
2.258 2.53716e+010 159285 1.16725e-005 61144 1.93312e+009 1.64718e+010 1.8405e+010 6.96663e+009
2.26 2.50624e+010 158311 1.28411e-005 64462.7 1.98427e+009 1.65907e+010 1.8575e+010 6.48736e+009
2.262 2.52064e+010 158765 1.4125e-005 67955.4 2.03664e+009 1.67093e+010 1.8746e+010 6.46042e+009
2.264 2.30383e+010 151784 1.55355e-005 71631.2 2.09025e+009 1.68277e+010 1.8918e+010 4.1203e+009
2.267 2.3771e+010 154178 1.79158e-005 77508.1 2.17303e+009 1.70049e+010 1.9178e+010 4.59297e+009
2.269 2.38863e+010 154552 1.96992e-005 81682.6 2.22984e+009 1.71228e+010 1.93527e+010 4.5336e+009
2.271 2.22466e+010 149153 2.16576e-005 86074.3 2.28798e+009 1.72404e+010 1.95284e+010 2.71814e+009
2.273 1.8929e+010 137583 2.3808e-005 90694.2 2.34747e+009 1.73577e+010 1.97052e+010 -7.76239e+008
2.275 1.9487e+010 139596 2.61688e-005 95553.7 2.40834e+009 1.74747e+010 1.98831e+010 -3.96122e+008
2.277 2.15661e+010 146854 2.87605e-005 100665 2.47062e+009 1.75914e+010 2.00621e+010 1.50403e+009
2.279 1.97194e+010 140426 3.16051e-005 106040 2.53433e+009 1.77078e+010 2.02422e+010 -5.22829e+008
2.281 2.05699e+010 143422 3.47272e-005 111692 2.59951e+009 1.78238e+010 2.04234e+010 1.46431e+008
2.283 2.07625e+010 144092 3.81532e-005 117635 2.66618e+009 1.79395e+010 2.06058e+010 1.56688e+008
2.285 1.97277e+010 140455 4.19124e-005 123884 2.73436e+009 1.80548e+010 2.07893e+010 -1.0616e+009
2.288 2.16257e+010 147057 4.82465e-005 133862 2.83956e+009 1.8227e+010 2.10667e+010 5.59007e+008
2.29 2.15967e+010 146958 5.2985e-005 140942 2.91168e+009 1.83413e+010 2.12531e+010 3.43619e+008
2.292 2.27064e+010 150686 5.81821e-005 148383 2.98543e+009 1.84551e+010 2.14407e+010 1.26567e+009
2.294 2.22908e+010 149301 6.38816e-005 156203 3.06083e+009 1.85685e+010 2.16295e+010 6.61314e+008
2.296 2.18273e+010 147741 7.01313e-005 164420 3.13792e+009 1.86815e+010 2.18195e+010 7.74134e+006
2.298 2.13676e+010 146177 7.69836e-005 173055 3.21672e+009 1.87939e+010 2.20108e+010 -6.43181e+008
2.3 2.24695e+010 149898 8.44957e-005 182127 3.29728e+009 1.89058e+010 2.22033e+010 2.6625e+008
2.302 2.17774e+010 147572 9.27302e-005 191658 3.37962e+009 1.90172e+010 2.23971e+010 -6.19697e+008
2.305 2.08271e+010 144316 0.000106588 206864 3.50655e+009 1.91834e+010 2.26901e+010 -1.86299e+009
2.307 2.25507e+010 150169 0.000116941 217642 3.5935e+009 1.92934e+010 2.28871e+010 -3.3642e+008
2.309 2.29062e+010 151348 0.000128286 228961 3.68234e+009 1.94028e+010 2.30854e+010 -1.79188e+008
2.311 2.2555e+010 150183 0.000140715 240848 3.77313e+009 1.95117e+010 2.32851e+010 -7.30084e+008
2.313 2.33407e+010 152777 0.00015433 253329 3.86588e+009 1.962e+010 2.34861e+010 -1.45364e+008
2.315 2.3883e+010 154541 0.000169244 266434 3.96064e+009 1.97276e+010 2.36885e+010 1.94573e+008
2.318 2.48566e+010 157660 0.000194317 287326 4.10662e+009 1.98878e+010 2.39947e+010 8.61875e+008
2.32 2.24244e+010 149748 0.000213033 302123 4.20655e+009 1.99937e+010 2.42006e+010 -1.77615e+009
2.322 2.34093e+010 153001 0.000233525 317655 4.30861e+009 2.0099e+010 2.44079e+010 -9.98675e+008
2.324 2.66539e+010 163260 0.000255958 333955 4.41285e+009 2.02036e+010 2.46168e+010 2.03715e+009
2.326 2.49597e+010 157986 0.000280514 351061 4.5193e+009 2.03074e+010 2.48271e+010 1.32633e+008
2.329 2.42134e+010 155607 0.000321766 378315 4.68319e+009 2.04618e+010 2.51454e+010 -9.31907e+008
2.331 2.27329e+010 150774 0.000352534 397606 4.79533e+009 2.05637e+010 2.53595e+010 -2.62659e+009
2.333 2.49581e+010 157981 0.0003862 417843 4.90981e+009 2.06649e+010 2.55751e+010 -6.17006e+008
2.335 2.64148e+010 162526 0.000423032 439073 5.02668e+009 2.07653e+010 2.57924e+010 6.224e+008
2.337 2.64447e+010 162618 0.000463323 461340 5.14598e+009 2.08648e+010 2.60113e+010 4.33373e+008
2.34 2.55601e+010 159875 0.000530953 496794 5.32956e+009 2.10126e+010 2.63427e+010 -7.82577e+008
2.342 2.72548e+010 165090 0.000581356 521875 5.4551e+009 2.11101e+010 2.65657e+010 6.89131e+008
2.344 2.57197e+010 160374 0.000636469 548173 5.58321e+009 2.12067e+010 2.67904e+010 -1.0707e+009
2.346 2.67389e+010 163520 0.000696728 575745 5.71393e+009 2.13023e+010 2.70169e+010 -2.77941e+008
2.349 2.74738e+010 165752 0.000797807 619624 5.91501e+009 2.14442e+010 2.73598e+010 1.13966e+008
2.351 2.75836e+010 166083 0.000873089 650648 6.05245e+009 2.15376e+010 2.75907e+010 -7.0992e+006
2.353 2.73524e+010 165386 0.000955365 683164 6.19266e+009 2.163e+010 2.78234e+010 -4.70971e+008
2.355 2.71124e+010 164658 0.00104527 717243 6.33568e+009 2.17215e+010 2.80579e+010 -9.45579e+008
2.358 2.81498e+010 167779 0.00119599 771448 6.55557e+009 2.18569e+010 2.84133e+010 -2.63537e+008
2.36 2.83567e+010 168394 0.00130816 809753 6.70581e+009 2.1946e+010 2.86526e+010 -2.95949e+008
2.362 2.95092e+010 171782 0.0014307 849886 6.85902e+009 2.2034e+010 2.88939e+010 6.15314e+008
2.364 3.05772e+010 174863 0.00156453 891928 7.01525e+009 2.2121e+010 2.91371e+010 1.44006e+009
2.367 3.05184e+010 174695 0.00178872 958766 7.25534e+009 2.22495e+010 2.95058e+010 1.01259e+009
2.369 3.15108e+010 177513 0.00195548 1.00597e+006 7.41931e+009 2.23339e+010 2.97542e+010 1.75662e+009
2.371 2.90792e+010 170526 0.00213753 1.05541e+006 7.58646e+009 2.24171e+010 3.00046e+010 -9.25464e+008
2.373 2.94381e+010 171575 0.00233627 1.10719e+006 7.75683e+009 2.24993e+010 3.02572e+010 -8.19175e+008
2.376 3.05999e+010 174928 0.00266898 1.18945e+006 8.01856e+009 2.26205e+010 3.06402e+010 -4.03836e+007
2.378 3.08383e+010 175608 0.00291629 1.24752e+006 8.19722e+009 2.26999e+010 3.08983e+010 -6.00411e+007
2.38 3.12524e+010 176784 0.00318615 1.30831e+006 8.37929e+009 2.27781e+010 3.11587e+010 9.3713e+007
2.383 3.37561e+010 183728 0.00363768 1.40487e+006 8.65887e+009 2.28933e+010 3.15536e+010 2.20259e+009
2.385 3.23008e+010 179724 0.00397315 1.47301e+006 8.84966e+009 2.29686e+010 3.18197e+010 4.81099e+008
2.387 3.33214e+010 182541 0.00433905 1.54432e+006 9.04402e+009 2.30427e+010 3.20883e+010 1.23309e+009
2.39 3.33288e+010 182562 0.00495098 1.65753e+006 9.34239e+009 2.31517e+010 3.24957e+010 8.33098e+008
2.392 3.08344e+010 175597 0.00540538 1.73739e+006 9.54593e+009 2.32227e+010 3.27704e+010 -1.93605e+009
2.394 3.29166e+010 181429 0.0059008 1.82093e+006 9.75322e+009 2.32926e+010 3.30476e+010 -1.31058e+008
2.397 3.43468e+010 185329 0.00672891 1.95352e+006 1.00713e+010 2.3395e+010 3.34683e+010 8.78492e+008
2.399 3.32297e+010 182290 0.00734353 2.047e+006 1.02883e+010 2.34617e+010 3.3752e+010 -5.22363e+008
2.401 3.48778e+010 186756 0.00801336 2.14478e+006 1.05091e+010 2.35272e+010 3.40384e+010 8.39321e+008
2.404 3.56107e+010 188708 0.00913241 2.29988e+006 1.08479e+010 2.36229e+010 3.44731e+010 1.13752e+009
2.406 3.64217e+010 190845 0.00996255 2.40921e+006 1.10789e+010 2.36851e+010 3.47664e+010 1.65526e+009
2.408 3.46397e+010 186118 0.0108669 2.5235e+006 1.1314e+010 2.37459e+010 3.50625e+010 -4.22755e+008
2.411 3.49089e+010 186839 0.0123769 2.70475e+006 1.16745e+010 2.38347e+010 3.5512e+010 -6.03042e+008
2.413 3.65957e+010 191300 0.0134966 2.83245e+006 1.19202e+010 2.38923e+010 3.58153e+010 7.80409e+008
2.416 3.80244e+010 194998 0.0153654 3.03488e+006 1.22969e+010 2.3976e+010 3.62759e+010 1.7485e+009
2.418 3.79372e+010 194775 0.0167505 3.17747e+006 1.25535e+010 2.40301e+010 3.65868e+010 1.35048e+009
2.42 3.8257e+010 195594 0.0182584 3.32646e+006 1.28146e+010 2.40828e+010 3.69007e+010 1.35626e+009
2.423 4.13262e+010 203289 0.0207741 3.56256e+006 1.32147e+010 2.41593e+010 3.73775e+010 3.9487e+009
2.425 3.63725e+010 190716 0.0226376 3.72878e+006 1.34872e+010 2.42085e+010 3.76994e+010 -1.32697e+009
2.427 3.80373e+010 195032 0.0246655 3.90243e+006 1.37643e+010 2.42563e+010 3.80246e+010 1.27577e+007
2.43 4.07196e+010 201791 0.028047 4.17748e+006 1.41889e+010 2.43254e+010 3.85185e+010 2.20109e+009
2.432 4.10209e+010 202536 0.0305506 4.37105e+006 1.4478e+010 2.43696e+010 3.8852e+010 2.1689e+009
2.435 3.95391e+010 198844 0.0347239 4.67759e+006 1.49208e+010 2.44333e+010 3.93587e+010 1.80375e+008
2.437 4.15266e+010 203781 0.0378127 4.89327e+006 1.52221e+010 2.44739e+010 3.97009e+010 1.8257e+009
2.44 4.1702e+010 204211 0.0429593 5.2347e+006 1.56836e+010 2.45321e+010 4.02209e+010 1.48115e+009
2.442 4.39391e+010 209617 0.0467673 5.47486e+006 1.59976e+010 2.4569e+010 4.05721e+010 3.36703e+009
2.444 4.17116e+010 204234 0.0509068 5.72554e+006 1.63167e+010 2.46045e+010 4.09269e+010 7.84709e+008
2.447 4.37759e+010 209227 0.0578008 6.12222e+006 1.68052e+010 2.46549e+010 4.14662e+010 2.30961e+009
2.449 4.31444e+010 207712 0.0628989 6.40113e+006 1.71375e+010 2.46866e+010 4.18306e+010 1.31385e+009
2.452 4.51129e+010 212398 0.071386 6.84237e+006 1.7646e+010 2.47314e+010 4.23843e+010 2.72865e+009
2.454 4.12931e+010 203207 0.0776599 7.15251e+006 1.79918e+010 2.47594e+010 4.27584e+010 -1.46533e+009
2.457 4.23381e+010 205762 0.0881007 7.64302e+006 1.85209e+010 2.47985e+010 4.3327e+010 -9.88987e+008
2.459 4.28799e+010 207075 0.0958161 7.9877e+006 1.88806e+010 2.48227e+010 4.37112e+010 -8.31317e+008
2.462 4.83816e+010 219958 0.108651 8.53268e+006 1.94307e+010 2.4856e+010 4.42953e+010 4.08626e+009
2.464 4.71555e+010 217153 0.118132 8.91552e+006 1.98047e+010 2.48764e+010 4.469e+010 2.46553e+009
2.467 4.73727e+010 217653 0.133898 9.52066e+006 2.03765e+010 2.4904e+010 4.529e+010 2.08266e+009
2.469 4.73903e+010 217693 0.14554 9.94564e+006 2.0765e+010 2.49205e+010 4.56955e+010 1.69481e+009
2.472 4.57338e+010 213855 0.164893 1.06172e+007 2.1359e+010 2.49423e+010 4.63119e+010 -5.78083e+008
2.474 4.67481e+010 216213 0.179179 1.10887e+007 2.17625e+010 2.4955e+010 4.67285e+010 1.95998e+007
2.477 4.73953e+010 217705 0.202917 1.18335e+007 2.23792e+010 2.4971e+010 4.7362e+010 3.33286e+007
2.479 4.78803e+010 218816 0.220433 1.23563e+007 2.2798e+010 2.49797e+010 4.77901e+010 9.01962e+007
2.482 4.83589e+010 219906 0.249529 1.3182e+007 2.3438e+010 2.49899e+010 4.84411e+010 -8.21882e+007
2.484 4.80795e+010 219270 0.270991 1.37613e+007 2.38725e+010 2.49947e+010 4.8881e+010 -8.01492e+008
2.487 5.13987e+010 226713 0.306628 1.4676e+007 2.45363e+010 2.49991e+010 4.955e+010 1.84873e+009
2.489 5.39123e+010 232190 0.332905 1.53177e+007 2.49868e+010 2.5e+010 5.00021e+010 3.91015e+009
2.492 5.48039e+010 234102 0.376521 1.63304e+007 2.56749e+010 2.49985e+010 5.06897e+010 4.11422e+009
2.494 5.43234e+010 233074 0.40867 1.70407e+007 2.61419e+010 2.49955e+010 5.11544e+010 3.16898e+009
2.497 5.56927e+010 235993 0.462013 1.81613e+007 2.68548e+010 2.49881e+010 5.18611e+010 3.83164e+009
2.499 5.52687e+010 235093 0.501317 1.8947e+007 2.73385e+010 2.49813e+010 5.23387e+010 2.93007e+009
2.502 5.56519e+010 235907 0.566509 2.01865e+007 2.80767e+010 2.4968e+010 5.3065e+010 2.58697e+009
2.505 5.36106e+010 231540 0.640012 2.15027e+007 2.88304e+010 2.49513e+010 5.38033e+010 -1.92689e+008
2.507 6.01681e+010 245292 0.694139 2.24251e+007 2.93416e+010 2.49383e+010 5.43022e+010 5.8659e+009
2.51 5.62769e+010 237228 0.783862 2.38794e+007 3.01214e+010 2.49157e+010 5.5061e+010 1.2159e+009
2.512 5.8373e+010 241605 0.84991 2.48982e+007 3.06501e+010 2.48988e+010 5.55738e+010 2.79916e+009
2.515 5.63634e+010 237410 0.959355 2.65042e+007 3.14566e+010 2.48704e+010 5.63536e+010 9.79825e+006
2.518 5.80265e+010 240887 1.08261 2.82082e+007 3.22793e+010 2.48387e+010 5.71462e+010 8.80301e+008
2.52 5.86819e+010 242243 1.17329 2.94014e+007 3.28368e+010 2.48156e+010 5.76818e+010 1.00012e+009
2.523 6.39143e+010 252813 1.32346 3.12814e+007 3.36868e+010 2.47781e+010 5.84961e+010 5.4182e+009
2.525 5.46965e+010 233873 1.4339 3.25974e+007 3.42627e+010 2.47512e+010 5.90465e+010 -4.34993e+009
2.528 5.45871e+010 233639 1.61673 3.46703e+007 3.51405e+010 2.4708e+010 5.98831e+010 -5.29607e+009
2.531 5.44001e+010 233238 1.8224 3.68677e+007 3.60352e+010 2.46614e+010 6.07334e+010 -6.33336e+009
2.533 5.95309e+010 243990 1.97357 3.84052e+007 3.66411e+010 2.46284e+010 6.13079e+010 -1.77705e+009
2.536 6.10538e+010 247091 2.22367 4.08259e+007 3.75642e+010 2.45762e+010 6.21813e+010 -1.12753e+009
2.539 5.88396e+010 242569 2.50481 4.33906e+007 3.85046e+010 2.45207e+010 6.30687e+010 -4.22911e+009
2.541 6.90296e+010 262735 2.71133 4.51843e+007 3.91412e+010 2.44819e+010 6.36683e+010 5.36136e+009
2.544 9.1175e+010 301952 3.05282 4.80069e+007 4.01107e+010 2.44208e+010 6.45795e+010 2.65955e+010
2.546 7.64466e+010 276490 3.30357 4.99804e+007 4.07668e+010 2.43783e+010 6.51951e+010 1.12515e+010
2.549 8.04446e+010 283628 3.71804 5.30852e+007 4.17657e+010 2.43118e+010 6.61306e+010 1.4314e+010
2.552 7.57476e+010 275223 4.18342 5.63717e+007 4.27824e+010 2.42421e+010 6.70809e+010 8.66662e+009
2.555 7.76406e+010 278641 4.70584 5.98497e+007 4.38171e+010 2.41693e+010 6.80462e+010 9.59447e+009
2.557 7.53239e+010 274452 5.08914 6.22801e+007 4.45168e+010 2.41189e+010 6.8698e+010 6.62586e+009
2.56 7.70336e+010 277549 5.72219 6.61009e+007 4.55816e+010 2.40408e+010 6.96885e+010 7.3451e+009
2.563 7.68373e+010 277195 6.43231 7.01423e+007 4.66646e+010 2.39595e+010 7.06942e+010 6.14311e+009
2.565 7.93911e+010 281764 6.95304 7.29649e+007 4.73967e+010 2.39036e+010 7.13733e+010 8.01783e+009
2.568 7.88762e+010 280849 7.81253 7.74004e+007 4.85102e+010 2.38172e+010 7.24048e+010 6.47134e+009
2.571 8.20846e+010 286504 8.776 8.20894e+007 4.96421e+010 2.37278e+010 7.34521e+010 8.63253e+009
2.573 8.76937e+010 296131 9.48209 8.53627e+007 5.0407e+010 2.36666e+010 7.4159e+010 1.35347e+010
2.576 8.23041e+010 286887 10.6469 9.05042e+007 5.15698e+010 2.35722e+010 7.52326e+010 7.07151e+009
2.579 9.08946e+010 301487 11.9516 9.59364e+007 5.27513e+010 2.34749e+010 7.63221e+010 1.45724e+010
2.582 8.62106e+010 293617 13.4128 1.01674e+008 5.39514e+010 2.33748e+010 7.74278e+010 8.78285e+009
2.584 8.82092e+010 297000 14.4827 1.05678e+008 5.47618e+010 2.33064e+010 7.81739e+010 1.00353e+010
2.587 8.99322e+010 299887 16.2463 1.11962e+008 5.59931e+010 2.32015e+010 7.93066e+010 1.06256e+010
2.59 8.86584e+010 297756 18.2199 1.18596e+008 5.72432e+010 2.30939e+010 8.04557e+010 8.20272e+009
2.593 8.19422e+010 286255 20.428 1.25598e+008 5.8512e+010 2.29835e+010 8.16212e+010 3.21008e+008
2.595 9.06281e+010 301045 22.0436 1.3048e+008 5.93684e+010 2.29084e+010 8.24073e+010 8.22079e+009
2.598 9.30949e+010 305115 24.7044 1.38138e+008 6.06686e+010 2.27936e+010 8.36004e+010 9.49455e+009
2.601 9.7684e+010 312544 27.6792 1.46218e+008 6.19877e+010 2.26762e+010 8.48101e+010 1.28739e+010
2.604 9.09799e+010 301629 31.0042 1.54739e+008 6.33256e+010 2.25562e+010 8.60365e+010 4.94344e+009
2.607 9.26876e+010 304446 34.7196 1.63724e+008 6.46823e+010 2.24337e+010 8.72796e+010 5.40795e+009
2.609 9.91462e+010 314875 37.4353 1.69983e+008 6.55972e+010 2.23506e+010 8.81177e+010 1.10284e+010
2.612 9.47541e+010 307821 41.9032 1.79794e+008 6.69851e+010 2.2224e+010 8.93889e+010 5.36515e+009
2.615 9.96845e+010 315728 46.8923 1.90134e+008 6.83918e+010 2.2095e+010 9.0677e+010 9.0075e+009
2.618 1.00267e+011 316649 52.4618 2.01029e+008 6.98172e+010 2.19637e+010 9.19819e+010 8.28484e+009
2.621 9.91397e+010 314865 58.6775 2.12506e+008 7.12612e+010 2.183e+010 9.33037e+010 5.83595e+009
2.623 9.46887e+010 307715 63.2162 2.20495e+008 7.22341e+010 2.17397e+010 9.41943e+010 4.94419e+008
2.626 9.73561e+010 312019 70.6756 2.33006e+008 7.3709e+010 2.16024e+010 9.55444e+010 1.81175e+009
2.629 9.66839e+010 310940 78.9947 2.46179e+008 7.52022e+010 2.14629e+010 9.69113e+010 -2.27455e+008
2.632 9.61333e+010 310054 88.2701 2.60045e+008 7.67137e+010 2.13214e+010 9.82952e+010 -2.16185e+009
2.635 9.78194e+010 312761 98.6091 2.74637e+008 7.82435e+010 2.11778e+010 9.96959e+010 -1.87647e+009
2.638 1.01989e+011 319357 110.131 2.89992e+008 7.97913e+010 2.10322e+010 1.01113e+011 8.75375e+008
2.641 1.05635e+011 325016 122.966 3.06144e+008 8.13571e+010 2.08847e+010 1.02548e+011 3.08731e+009
2.644 1.02638e+011 320372 137.263 3.23132e+008 8.29407e+010 2.07353e+010 1.03999e+011 -1.36088e+009
2.646 1.05874e+011 325383 147.684 3.34941e+008 8.40062e+010 2.06346e+010 1.04976e+011 8.98112e+008
2.649 1.10267e+011 332064 164.783 3.5341e+008 8.56192e+010 2.04822e+010 1.06455e+011 3.81196e+009
2.652 1.2286e+011 350513 183.813 3.72824e+008 8.72495e+010 2.03281e+010 1.0795e+011 1.49091e+010
2.655 1.32386e+011 363848 204.989 3.93227e+008 8.8897e+010 2.01723e+010 1.09463e+011 2.29231e+010
2.658 1.343e+011 366469 228.544 4.14664e+008 9.05616e+010 2.00148e+010 1.10991e+011 2.33087e+010
2.661 1.31968e+011 363274 254.74 4.37184e+008 9.22429e+010 1.98559e+010 1.12536e+011 1.9432e+010
2.664 1.34729e+011 367055 283.866 4.60835e+008 9.39409e+010 1.96954e+010 1.14097e+011 2.06322e+010
2.667 1.38416e+011 372042 316.239 4.8567e+008 9.56552e+010 1.95334e+010 1.15674e+011 2.27414e+010
2.67 1.35688e+011 368359 352.214 5.11742e+008 9.73856e+010 1.93701e+010 1.17267e+011 1.8421e+010
2.673 1.36668e+011 369686 392.178 5.39107e+008 9.91319e+010 1.92054e+010 1.18876e+011 1.77914e+010
2.676 1.2305e+011 350785 436.565 5.67823e+008 1.00894e+011 1.90395e+010 1.20501e+011 2.54919e+009
2.679 1.24762e+011 353216 485.849 5.9795e+008 1.02671e+011 1.88723e+010 1.22141e+011 2.62025e+009
2.682 1.40078e+011 374270 540.556 6.29552e+008 1.04463e+011 1.8704e+010 1.23797e+011 1.62815e+010
2.685 1.31235e+011 362264 601.268 6.62692e+008 1.0627e+011 1.85346e+010 1.25468e+011 5.76767e+009
2.688 1.39263e+011 373179 668.626 6.9744e+008 1.08092e+011 1.83641e+010 1.27153e+011 1.21094e+010
2.691 1.34263e+011 366419 743.336 7.33864e+008 1.09927e+011 1.81926e+010 1.28854e+011 5.40901e+009
2.694 1.45431e+011 381354 826.18 7.72037e+008 1.11777e+011 1.80202e+010 1.30569e+011 1.48619e+010
2.697 1.41003e+011 375503 918.019 8.12036e+008 1.13639e+011 1.7847e+010 1.32298e+011 8.70435e+009
2.7 1.53909e+011 392313 1019.8 8.53938e+008 1.15515e+011 1.76729e+010 1.34042e+011 1.98675e+010
2.703 1.43625e+011 378979 1132.58 8.97825e+008 1.17404e+011 1.7498e+010 1.35799e+011 7.82532e+009
2.706 1.42498e+011 377489 1257.5 9.43781e+008 1.19304e+011 1.73225e+010 1.37571e+011 4.92758e+009
2.709 1.48946e+011 385935 1395.84 9.91892e+008 1.21217e+011 1.71463e+010 1.39355e+011 9.59072e+009
2.712 1.40061e+011 374247 1548.99 1.04225e+009 1.23141e+011 1.69695e+010 1.41153e+011 -1.09203e+009
2.715 1.44035e+011 379520 1718.5 1.09495e+009 1.25076e+011 1.67922e+010 1.42964e+011 1.07149e+009
2.718 1.5552e+011 394361 1906.07 1.15008e+009 1.27022e+011 1.66144e+010 1.44787e+011 1.07334e+010
2.721 1.50558e+011 388018 2113.56 1.20776e+009 1.28978e+011 1.64362e+010 1.46622e+011 3.93534e+009
2.724 1.48706e+011 385624 2343.04 1.26807e+009 1.30944e+011 1.62576e+010 1.4847e+011 2.36096e+008
2.727 1.48136e+011 384884 2596.75 1.33114e+009 1.32919e+011 1.60786e+010 1.50329e+011 -2.19336e+009
2.73 1.51672e+011 389451 2877.2 1.39706e+009 1.34903e+011 1.58995e+010 1.522e+011 -5.27338e+008
2.733 1.50427e+011 387849 3187.1 1.46596e+009 1.36895e+011 1.57201e+010 1.54081e+011 -3.65477e+009
2.736 1.66334e+011 407840 3529.47 1.53795e+009 1.38895e+011 1.55405e+010 1.55974e+011 1.03597e+010
2.739 1.63974e+011 404936 3907.61 1.61316e+009 1.40903e+011 1.53608e+010 1.57877e+011 6.09698e+009
2.743 1.6669e+011 408276 4473.74 1.71866e+009 1.43589e+011 1.51212e+010 1.60429e+011 6.26053e+009
2.746 1.61261e+011 401573 4950.04 1.80187e+009 1.45611e+011 1.49415e+010 1.62355e+011 -1.09427e+009
2.749 1.45482e+011 381421 5475.64 1.88874e+009 1.47639e+011 1.47618e+010 1.6429e+011 -1.88079e+010
2.752 1.5679e+011 395968 6055.47 1.97941e+009 1.49672e+011 1.45823e+010 1.66233e+011 -9.4431e+009
2.755 1.55957e+011 394914 6694.97 2.07402e+009 1.51709e+011 1.44029e+010 1.68186e+011 -1.22285e+010
2.758 1.74173e+011 417341 7400.09 2.17272e+009 1.53749e+011 1.42237e+010 1.70146e+011 4.02722e+009
2.761 1.68073e+011 409967 8177.35 2.27567e+009 1.55793e+011 1.40448e+010 1.72114e+011 -4.04078e+009
2.765 1.72971e+011 415898 9338.38 2.41981e+009 1.58523e+011 1.38067e+010 1.74749e+011 -1.77823e+009
2.768 1.76373e+011 419968 10313 2.5333e+009 1.60572e+011 1.36286e+010 1.76734e+011 -3.60794e+008
2.771 1.76941e+011 420644 11386.4 2.65158e+009 1.62622e+011 1.34509e+010 1.78724e+011 -1.78318e+009
2.774 1.86353e+011 431686 12568.2 2.77484e+009 1.64673e+011 1.32736e+010 1.80721e+011 5.63158e+009
2.777 1.79826e+011 424059 13869.1 2.90326e+009 1.66723e+011 1.30968e+010 1.82723e+011 -2.89703e+009
2.78 1.8507e+011 430197 15300.7 3.03701e+009 1.68773e+011 1.29205e+010 1.84731e+011 3.39018e+008
2.784 1.80679e+011 425063 17434.9 3.224e+009 1.71504e+011 1.26865e+010 1.87415e+011 -6.73584e+009
2.787 1.97076e+011 443933 19222.9 3.37098e+009 1.7355e+011 1.25116e+010 1.89433e+011 7.64365e+009
2.79 2.01391e+011 448766 21188.8 3.52396e+009 1.75593e+011 1.23375e+010 1.91454e+011 9.93672e+009
2.793 2.0305e+011 450611 23349.7 3.68315e+009 1.77632e+011 1.2164e+010 1.93479e+011 9.57149e+009
2.797 2.10952e+011 459295 26566.8 3.90546e+009 1.80344e+011 1.1934e+010 1.96183e+011 1.47687e+010
2.8 2.18085e+011 466996 29258.5 4.08e+009 1.82372e+011 1.17624e+010 1.98214e+011 1.98712e+010
2.803 2.31074e+011 480701 32214.5 4.26151e+009 1.84394e+011 1.15916e+010 2.00247e+011 3.08264e+010
2.806 2.25276e+011 474632 35460 4.45021e+009 1.8641e+011 1.14217e+010 2.02281e+011 2.29941e+010
2.81 2.11878e+011 460302 40285.3 4.71342e+009 1.89085e+011 1.11965e+010 2.04995e+011 6.88211e+009
2.813 2.14716e+011 463375 44317.1 4.91986e+009 1.91083e+011 1.10288e+010 2.07032e+011 7.6847e+009
2.816 2.12859e+011 461367 48739.7 5.13433e+009 1.93071e+011 1.08621e+010 2.09068e+011 3.79169e+009
2.82 2.21964e+011 471131 55308.3 5.43323e+009 1.95707e+011 1.06413e+010 2.11782e+011 1.01825e+010
2.823 2.2833e+011 477839 60791 5.66746e+009 1.97672e+011 1.0477e+010 2.13817e+011 1.45138e+010
2.826 2.28383e+011 477895 66799.9 5.91062e+009 1.99625e+011 1.03138e+010 2.1585e+011 1.25336e+010
2.83 2.41755e+011 491686 75715.2 6.24922e+009 2.02211e+011 1.00979e+010 2.18558e+011 2.31969e+010
2.833 2.42904e+011 492853 83149 6.51433e+009 2.04135e+011 9.93729e+009 2.20587e+011 2.23175e+010
2.836 2.38492e+011 488357 91289.1 6.78935e+009 2.06045e+011 9.77789e+009 2.22613e+011 1.58794e+010
2.84 2.41406e+011 491331 103354 7.17198e+009 2.0857e+011 9.56723e+009 2.25309e+011 1.60972e+010
2.843 2.43657e+011 493616 113403 7.47131e+009 2.10445e+011 9.41067e+009 2.27327e+011 1.63296e+010
2.846 2.41884e+011 491818 124397 7.7816e+009 2.12304e+011 9.25538e+009 2.29341e+011 1.2543e+010
2.85 2.43555e+011 493513 140675 8.21293e+009 2.14757e+011 9.05032e+009 2.3202e+011 1.15345e+010
2.853 2.46978e+011 496969 154220 8.55008e+009 2.16575e+011 8.89806e+009 2.34024e+011 1.29543e+010
2.856 2.34013e+011 483749 169025 8.8993e+009 2.18375e+011 8.74713e+009 2.36022e+011 -2.00899e+009
2.86 2.20948e+011 470051 190923 9.38433e+009 2.20745e+011 8.54799e+009 2.38678e+011 -1.77299e+010
2.863 2.38331e+011 488191 209125 9.76313e+009 2.22499e+011 8.40024e+009 2.40662e+011 -2.33179e+009
2.867 2.35228e+011 485003 236027 1.02889e+010 2.24805e+011 8.20542e+009 2.43299e+011 -8.07122e+009
2.87 2.55993e+011 505957 258374 1.06993e+010 2.26508e+011 8.06095e+009 2.45269e+011 1.07241e+010
2.874 2.73945e+011 523397 291376 1.12685e+010 2.28745e+011 7.87055e+009 2.47884e+011 2.60608e+010
2.877 2.79253e+011 528444 318770 1.17126e+010 2.30395e+011 7.72944e+009 2.49837e+011 2.94165e+010
2.88 2.61863e+011 511726 348648 1.21717e+010 2.3202e+011 7.5898e+009 2.51782e+011 1.00813e+010
2.884 2.60591e+011 510482 392729 1.28081e+010 2.34149e+011 7.4059e+009 2.54363e+011 6.22811e+009
2.887 2.67101e+011 516819 429280 1.3304e+010 2.35716e+011 7.26972e+009 2.5629e+011 1.08117e+010
2.891 2.70401e+011 520000 483166 1.39909e+010 2.37763e+011 7.09048e+009 2.58845e+011 1.15557e+010
2.894 2.74733e+011 524150 527814 1.45259e+010 2.39267e+011 6.95782e+009 2.60751e+011 1.39822e+010
2.898 2.54837e+011 504814 593590 1.52666e+010 2.41228e+011 6.7833e+009 2.63279e+011 -8.44116e+009
2.901 2.55018e+011 504993 648050 1.58431e+010 2.42666e+011 6.6542e+009 2.65164e+011 -1.01453e+010
2.905 2.38778e+011 488649 728222 1.66406e+010 2.44537e+011 6.48447e+009 2.67662e+011 -2.88845e+010
2.908 2.50247e+011 500247 794554 1.72611e+010 2.45904e+011 6.35897e+009 2.69525e+011 -1.92783e+010
2.912 2.64714e+011 514504 892130 1.81188e+010 2.4768e+011 6.19406e+009 2.71994e+011 -7.28004e+009
2.916 2.52962e+011 502953 1.00123e+006 1.90126e+010 2.494e+011 6.03192e+009 2.74445e+011 -2.14837e+010
2.919 2.55606e+011 505575 1.09139e+006 1.97071e+010 2.50652e+011 5.91213e+009 2.76272e+011 -2.06666e+010
2.923 2.71985e+011 521521 1.22387e+006 2.06665e+010 2.5227e+011 5.75486e+009 2.78693e+011 -6.70789e+009
2.926 2.67741e+011 517437 1.33327e+006 2.14116e+010 2.53444e+011 5.63873e+009 2.80496e+011 -1.27545e+010
2.93 2.91384e+011 539800 1.4939e+006 2.24401e+010 2.54957e+011 5.48632e+009 2.82885e+011 8.49891e+009
2.933 2.8735e+011 536050 1.62647e+006 2.32384e+010 2.56051e+011 5.37385e+009 2.84665e+011 2.68512e+009
2.937 2.84854e+011 533717 1.82095e+006 2.43397e+010 2.57454e+011 5.22632e+009 2.87022e+011 -2.16758e+009
2.941 2.83082e+011 532054 2.03776e+006 2.54842e+010 2.58793e+011 5.08157e+009 2.89361e+011 -6.27973e+009
2.944 2.82106e+011 531136 2.21647e+006 2.63717e+010 2.59755e+011 4.97483e+009 2.91104e+011 -8.99845e+009
2.948 2.78089e+011 527341 2.47837e+006 2.75948e+010 2.6098e+011 4.83493e+009 2.93413e+011 -1.5324e+010
2.951 2.80722e+011 529832 2.69409e+006 2.85427e+010 2.61855e+011 4.73182e+009 2.95133e+011 -1.44103e+010
2.955 2.74794e+011 524208 3.00999e+006 2.98481e+010 2.62963e+011 4.59675e+009 2.97411e+011 -2.26166e+010
2.959 2.82833e+011 531821 3.36139e+006 3.12022e+010 2.64002e+011 4.46442e+009 2.99672e+011 -1.68386e+010
2.962 2.80874e+011 529976 3.6505e+006 3.22506e+010 2.64736e+011 4.36696e+009 3.01357e+011 -2.04827e+010
2.966 2.85251e+011 534089 4.07338e+006 3.3693e+010 2.65653e+011 4.23939e+009 3.0359e+011 -1.83387e+010
2.97 2.97781e+011 545693 4.54316e+006 3.51876e+010 2.665e+011 4.11452e+009 3.05807e+011 -8.02595e+009
2.973 2.92125e+011 540486 4.92923e+006 3.63435e+010 2.67089e+011 4.02262e+009 3.0746e+011 -1.53343e+010
2.977 2.94955e+011 543097 5.49328e+006 3.79322e+010 2.6781e+011 3.90243e+009 3.0965e+011 -1.46959e+010
2.981 3.01799e+011 549362 6.11906e+006 3.95766e+010 2.6846e+011 3.78488e+009 3.11827e+011 -1.00286e+010
2.985 3.07807e+011 554804 6.81298e+006 4.12777e+010 2.69036e+011 3.66996e+009 3.1399e+011 -6.18312e+009
2.988 3.12234e+011 558779 7.38236e+006 4.25915e+010 2.6942e+011 3.58548e+009 3.15605e+011 -3.37075e+009
2.992 3.09257e+011 556109 8.21292e+006 4.43949e+010 2.69868e+011 3.47509e+009 3.17746e+011 -8.48923e+009
2.996 3.2268e+011 568049 9.13271e+006 4.62583e+010 2.70242e+011 3.36726e+009 3.19876e+011 2.80372e+009
3 3.13213e+011 559655 1.01508e+007 4.81831e+010 2.70541e+011 3.26196e+009 3.21996e+011 -8.78274e+009
3.003 3.04446e+011 551766 1.09849e+007 4.96675e+010 2.70717e+011 3.18463e+009 3.2358e+011 -1.91335e+010
3.007 3.18314e+011 564194 1.21997e+007 5.17023e+010 2.70885e+011 3.08369e+009 3.25683e+011 -7.369e+009
3.011 3.28708e+011 573331 1.35426e+007 5.38015e+010 2.70979e+011 2.98521e+009 3.27779e+011 9.29097e+008
3.015 3.33051e+011 577106 1.50263e+007 5.59663e+010 2.70998e+011 2.88915e+009 3.29868e+011 3.18314e+009
3.019 3.42043e+011 584844 1.66649e+007 5.81978e+010 2.70941e+011 2.79548e+009 3.31951e+011 1.00917e+010
3.022 3.3399e+011 577918 1.80047e+007 5.99157e+010 2.7085e+011 2.72678e+009 3.33511e+011 4.78991e+008
3.026 3.36146e+011 579781 1.99521e+007 6.22663e+010 2.70663e+011 2.63723e+009 3.35586e+011 5.60304e+008
3.03 3.18104e+011 564007 2.20998e+007 6.46863e+010 2.70401e+011 2.54998e+009 3.37659e+011 -1.95552e+010
3.034 3.17229e+011 563231 2.44675e+007 6.71768e+010 2.70064e+011 2.465e+009 3.3973e+011 -2.25013e+010
3.038 3.40776e+011 583760 2.70764e+007 6.97387e+010 2.69653e+011 2.38225e+009 3.41801e+011 -1.02519e+009
3.042 3.50048e+011 591649 2.99497e+007 7.23728e+010 2.69169e+011 2.30171e+009 3.43873e+011 6.17514e+009
3.046 3.62186e+011 601818 3.31125e+007 7.508e+010 2.68611e+011 2.22334e+009 3.45947e+011 1.62385e+010
3.049 3.64186e+011 603478 3.56913e+007 7.71589e+010 2.68144e+011 2.16596e+009 3.47505e+011 1.66813e+010
3.053 3.60448e+011 600373 3.94287e+007 7.99959e+010 2.67458e+011 2.09129e+009 3.49585e+011 1.08628e+010
3.057 3.56909e+011 597418 4.35374e+007 8.29081e+010 2.66701e+011 2.0187e+009 3.51671e+011 5.23756e+009
3.061 3.63265e+011 602715 4.80522e+007 8.58961e+010 2.65872e+011 1.94814e+009 3.53764e+011 9.50128e+009
3.065 3.74443e+011 611918 5.30107e+007 8.89605e+010 2.64972e+011 1.87957e+009 3.55865e+011 1.85785e+010
3.069 3.67018e+011 605820 5.84539e+007 9.21019e+010 2.64002e+011 1.81296e+009 3.57975e+011 9.04236e+009
3.073 3.53786e+011 594799 6.44263e+007 9.53207e+010 2.62963e+011 1.74828e+009 3.60096e+011 -6.31042e+009
3.077 3.55691e+011 596398 7.09762e+007 9.86173e+010 2.61855e+011 1.68549e+009 3.62229e+011 -6.53815e+009
3.081 3.501e+011 591693 7.81561e+007 1.01992e+011 2.6068e+011 1.62454e+009 3.64375e+011 -1.42748e+010
3.085 3.60092e+011 600077 8.60226e+007 1.05445e+011 2.59439e+011 1.56541e+009 3.66536e+011 -6.44308e+009
3.089 3.76457e+011 613561 9.46372e+007 1.08977e+011 2.58132e+011 1.50805e+009 3.68711e+011 7.74554e+009
3.093 3.62464e+011 602049 1.04067e+008 1.12587e+011 2.5676e+011 1.45243e+009 3.70904e+011 -8.44067e+009
3.097 4.16264e+011 645185 1.14383e+008 1.16277e+011 2.55325e+011 1.39852e+009 3.73115e+011 4.31487e+010
3.101 4.21033e+011 648871 1.25664e+008 1.20045e+011 2.53828e+011 1.34627e+009 3.75345e+011 4.56886e+010
3.105 4.31708e+011 657045 1.37993e+008 1.23891e+011 2.5227e+011 1.29564e+009 3.77595e+011 5.41139e+010
3.109 4.24668e+011 651666 1.51463e+008 1.27816e+011 2.50652e+011 1.24661e+009 3.79866e+011 4.48027e+010
3.113 4.02803e+011 634668 1.66171e+008 1.31818e+011 2.48975e+011 1.19914e+009 3.82159e+011 2.06441e+010
3.117 4.00814e+011 633099 1.82224e+008 1.35899e+011 2.47242e+011 1.15318e+009 3.84476e+011 1.63386e+010
3.121 4.03548e+011 635255 1.99735e+008 1.40056e+011 2.45452e+011 1.10871e+009 3.86816e+011 1.6732e+010
3.126 3.88348e+011 623175 2.23863e+008 1.4536e+011 2.43138e+011 1.05516e+009 3.89778e+011 -1.43012e+009
3.13 3.96093e+011 629359 2.45121e+008 1.49689e+011 2.41228e+011 1.0139e+009 3.92176e+011 3.91735e+009
3.134 3.83512e+011 619284 2.68274e+008 1.54092e+011 2.39267e+011 9.74008e+008 3.94601e+011 -1.10885e+010
3.138 4.0765e+011 638475 2.93479e+008 1.58569e+011 2.37256e+011 9.35454e+008 3.97053e+011 1.05966e+010
3.142 4.12083e+011 641937 3.20904e+008 1.63118e+011 2.35196e+011 8.98201e+008 3.99534e+011 1.25494e+010
3.146 4.34787e+011 659383 3.5073e+008 1.67739e+011 2.3309e+011 8.62216e+008 4.02043e+011 3.27441e+010
3.15 4.24609e+011 651620 3.83151e+008 1.72431e+011 2.30939e+011 8.27467e+008 4.04581e+011 2.00284e+010
3.155 4.30605e+011 656205 4.27648e+008 1.78392e+011 2.28189e+011 7.85716e+008 4.07795e+011 2.28107e+010
3.159 4.20555e+011 648502 4.66695e+008 1.83236e+011 2.25943e+011 7.53626e+008 4.10399e+011 1.01556e+010
3.163 3.98796e+011 631503 5.09074e+008 1.88146e+011 2.23656e+011 7.22666e+008 4.13034e+011 -1.42379e+010
3.167 4.29827e+011 655612 5.55045e+008 1.93119e+011 2.21332e+011 6.92805e+008 4.15699e+011 1.41275e+010
3.171 4.11686e+011 641628 6.04888e+008 1.98155e+011 2.18971e+011 6.64012e+008 4.18395e+011 -6.70855e+009
3.176 4.37804e+011 661667 6.73097e+008 2.04533e+011 2.15971e+011 6.29476e+008 4.21806e+011 1.59971e+010
3.18 4.31608e+011 656969 7.32781e+008 2.097e+011 2.13534e+011 6.02976e+008 4.2457e+011 7.03837e+009
3.184 4.32949e+011 657988 7.9739e+008 2.14922e+011 2.11067e+011 5.77447e+008 4.27363e+011 5.58563e+009
3.188 4.44506e+011 666713 8.67296e+008 2.20196e+011 2.0857e+011 5.52861e+008 4.30186e+011 1.43199e+010
3.193 4.62784e+011 680282 9.62735e+008 2.26859e+011 2.0541e+011 5.23411e+008 4.33756e+011 2.90281e+010
3.197 4.25419e+011 652241 1.04605e+009 2.32243e+011 2.02854e+011 5.00844e+008 4.36644e+011 -1.12253e+010
3.201 4.22377e+011 649906 1.13605e+009 2.37671e+011 2.00274e+011 4.79131e+008 4.3956e+011 -1.71828e+010
3.206 4.51658e+011 672055 1.25871e+009 2.44514e+011 1.97018e+011 4.53148e+008 4.43244e+011 8.41373e+009
3.21 4.29017e+011 654994 1.36559e+009 2.50031e+011 1.94392e+011 4.33259e+008 4.46221e+011 -1.72048e+010
3.214 4.18673e+011 647049 1.48087e+009 2.55582e+011 1.91747e+011 4.14139e+008 4.49224e+011 -3.05512e+010
3.219 4.20385e+011 648371 1.63769e+009 2.62566e+011 1.88418e+011 3.91284e+008 4.53012e+011 -3.26271e+010
3.223 4.49526e+011 670467 1.77409e+009 2.68183e+011 1.85738e+011 3.73806e+008 4.5607e+011 -6.54408e+009
3.228 4.40486e+011 663691 1.95941e+009 2.75239e+011 1.82372e+011 3.52929e+008 4.59923e+011 -1.94372e+010
3.232 4.24798e+011 651765 2.12042e+009 2.80905e+011 1.79667e+011 3.36975e+008 4.63029e+011 -3.82317e+010
3.236 4.37843e+011 661697 2.2936e+009 2.86588e+011 1.76952e+011 3.21662e+008 4.66155e+011 -2.83123e+010
3.241 4.32464e+011 657620 2.52845e+009 2.93707e+011 1.7355e+011 3.03389e+008 4.70089e+011 -3.76248e+010
3.245 4.12215e+011 642040 2.73212e+009 2.99412e+011 1.70822e+011 2.8944e+008 4.73255e+011 -6.10404e+010
3.25 4.37492e+011 661432 3.00797e+009 3.06547e+011 1.67407e+011 2.72805e+008 4.77235e+011 -3.97423e+010
3.254 4.78087e+011 691438 3.2469e+009 3.12254e+011 1.64673e+011 2.60116e+008 4.80434e+011 -2.34721e+009
3.259 4.82761e+011 694810 3.5701e+009 3.19379e+011 1.61255e+011 2.44995e+008 4.84449e+011 -1.68854e+009
3.263 4.72854e+011 687644 3.84968e+009 3.25068e+011 1.58523e+011 2.33468e+008 4.87674e+011 -1.48194e+010
3.268 4.83606e+011 695418 4.2274e+009 3.32157e+011 1.55112e+011 2.19741e+008 4.91716e+011 -8.10986e+009
3.272 4.692e+011 684982 4.55373e+009 3.37806e+011 1.52389e+011 2.09285e+008 4.94958e+011 -2.57571e+010
3.277 4.83313e+011 695207 4.99406e+009 3.44832e+011 1.48994e+011 1.96842e+008 4.99016e+011 -1.57036e+010
3.281 4.71428e+011 686606 5.374e+009 3.50419e+011 1.46287e+011 1.87369e+008 5.02267e+011 -3.08396e+010
3.286 4.63326e+011 680680 5.88601e+009 3.57354e+011 1.42917e+011 1.76106e+008 5.06332e+011 -4.30067e+010
3.29 4.85064e+011 696466 6.32724e+009 3.62857e+011 1.40233e+011 1.67537e+008 5.09584e+011 -2.452e+010
3.295 4.92969e+011 702118 6.9211e+009 3.69672e+011 1.36895e+011 1.57355e+008 5.13646e+011 -2.06767e+010
3.299 5.06805e+011 711902 7.43222e+009 3.75068e+011 1.34241e+011 1.49615e+008 5.16891e+011 -1.0086e+010
3.304 5.27231e+011 726107 8.11925e+009 3.81735e+011 1.30944e+011 1.40423e+008 5.20939e+011 6.29215e+009
3.309 5.27516e+011 726303 8.86341e+009 3.88307e+011 1.27673e+011 1.31745e+008 5.24976e+011 2.54067e+009
3.313 5.20951e+011 721769 9.50263e+009 3.93491e+011 1.25076e+011 1.25155e+008 5.28195e+011 -7.24367e+009
3.318 5.01787e+011 708369 1.03601e+010 3.9987e+011 1.21857e+011 1.17338e+008 5.32204e+011 -3.04171e+010
3.323 5.20107e+011 721184 1.12869e+010 4.06129e+011 1.18669e+011 1.09966e+008 5.36195e+011 -1.60885e+010
3.327 5.20462e+011 721431 1.20814e+010 4.11044e+011 1.16143e+011 1.04374e+008 5.39373e+011 -1.89114e+010
3.332 5.16007e+011 718336 1.31451e+010 4.17066e+011 1.13017e+011 9.77479e+007 5.43326e+011 -2.7319e+010
3.337 5.34518e+011 731107 1.42922e+010 4.22944e+011 1.09927e+011 9.15068e+007 5.47255e+011 -1.2737e+010
3.341 5.28249e+011 726808 1.52736e+010 4.27536e+011 1.07483e+011 8.67776e+007 5.5038e+011 -2.21303e+010
3.346 5.43712e+011 737368 1.65849e+010 4.33133e+011 1.04463e+011 8.11799e+007 5.54263e+011 -1.05505e+010
3.351 5.57217e+011 746470 1.79958e+010 4.38562e+011 1.01485e+011 7.59136e+007 5.58119e+011 -9.01206e+008
3.356 5.23006e+011 723192 1.95126e+010 4.43816e+011 9.8548e+010 7.09613e+007 5.61947e+011 -3.89408e+010
3.36 5.11026e+011 714861 2.08069e+010 4.47886e+011 9.62302e+010 6.72142e+007 5.64991e+011 -5.39647e+010
3.365 5.20606e+011 721530 2.25315e+010 4.52804e+011 9.33731e+010 6.27852e+007 5.68771e+011 -4.81653e+010
3.37 5.52855e+011 743542 2.43815e+010 4.57523e+011 9.05616e+010 5.86252e+007 5.72525e+011 -1.96702e+010
3.375 5.66772e+011 752843 2.63644e+010 4.62039e+011 8.77968e+010 5.47195e+007 5.76254e+011 -9.48224e+009
3.38 5.52453e+011 743272 2.84881e+010 4.66342e+011 8.50796e+010 5.10541e+007 5.79961e+011 -2.75077e+010
3.385 5.90493e+011 768436 3.07606e+010 4.70427e+011 8.24109e+010 4.76156e+007 5.83646e+011 6.84718e+009
3.389 5.96261e+011 772179 3.26916e+010 4.73534e+011 8.03112e+010 4.50197e+007 5.86582e+011 9.67904e+009
3.394 5.72576e+011 756687 3.52537e+010 4.7721e+011 7.77316e+010 4.19581e+007 5.90237e+011 -1.76615e+010
3.399 5.82546e+011 763247 3.79893e+010 4.8065e+011 7.52022e+010 3.90895e+007 5.93881e+011 -1.13349e+010
3.404 5.79983e+011 761566 4.09078e+010 4.8385e+011 7.27237e+010 3.64028e+007 5.97518e+011 -1.75354e+010
3.409 6.04743e+011 777652 4.40187e+010 4.86804e+011 7.02964e+010 3.38875e+007 6.01153e+011 3.59021e+009
3.414 5.94568e+011 771082 4.73321e+010 4.89506e+011 6.79209e+010 3.15337e+007 6.04791e+011 -1.02228e+010
3.419 5.97643e+011 773074 5.08583e+010 4.91953e+011 6.55972e+010 2.9332e+007 6.08438e+011 -1.07948e+010
3.424 6.0257e+011 776254 5.46078e+010 4.94141e+011 6.33256e+010 2.72733e+007 6.12102e+011 -9.53249e+009
3.429 5.92689e+011 769863 5.85916e+010 4.96067e+011 6.11062e+010 2.53493e+007 6.1579e+011 -2.31005e+010
3.434 6.06191e+011 778583 6.28207e+010 4.97726e+011 5.89392e+010 2.35517e+007 6.19509e+011 -1.33181e+010
3.439 6.11792e+011 782171 6.73067e+010 4.99117e+011 5.68244e+010 2.18731e+007 6.2327e+011 -1.14778e+010
3.444 5.9733e+011 772872 7.20611e+010 5.00236e+011 5.47618e+010 2.03063e+007 6.27079e+011 -2.97491e+010
3.449 6.55426e+011 809584 7.70958e+010 5.01083e+011 5.27513e+010 1.88443e+007 6.30949e+011 2.44765e+010
3.454 6.14483e+011 783889 8.24229e+010 5.01656e+011 5.07926e+010 1.74807e+007 6.34889e+011 -2.04062e+010
3.459 6.35307e+011 797062 8.80546e+010 5.01954e+011 4.88855e+010 1.62095e+007 6.3891e+011 -3.60289e+009
3.464 6.45913e+011 803687 9.40035e+010 5.01976e+011 4.70296e+010 1.50248e+007 6.43024e+011 2.88943e+009
3.469 6.74333e+011 821178 1.00282e+011 5.01722e+011 4.52247e+010 1.39213e+007 6.47243e+011 2.70899e+010
3.474 6.49074e+011 805651 1.06903e+011 5.01193e+011 4.34702e+010 1.28939e+007 6.51579e+011 -2.50511e+009
3.48 6.94529e+011 833384 1.15318e+011 5.00197e+011 4.14308e+010 1.17544e+007 6.56957e+011 3.75717e+010
3.485 7.03656e+011 838842 1.22737e+011 4.99066e+011 3.97856e+010 1.08775e+007 6.61599e+011 4.20564e+010
3.49 6.99756e+011 836514 1.30539e+011 4.97665e+011 3.81892e+010 1.00621e+007 6.66403e+011 3.33531e+010
3.495 6.67335e+011 816906 1.38737e+011 4.95995e+011 3.66411e+010 9.30421e+006 6.71383e+011 -4.0471e+009
3.5 6.99364e+011 836280 1.47345e+011 4.94059e+011 3.51405e+010 8.60002e+006 6.76553e+011 2.28117e+010
3.505 7.00496e+011 836956 1.56373e+011 4.9186e+011 3.36868e+010 7.94604e+006 6.81928e+011 1.85673e+010
3.511 7.28236e+011 853367 1.67781e+011 4.88881e+011 3.20032e+010 7.22284e+006 6.88672e+011 3.95637e+010
3.516 7.26808e+011 852530 1.7778e+011 4.86117e+011 3.06501e+010 6.66785e+006 6.94554e+011 3.22538e+010
3.521 7.31889e+011 855505 1.88239e+011 4.83104e+011 2.93416e+010 6.15311e+006 7.00691e+011 3.1198e+010
3.526 7.73691e+011 879597 1.9917e+011 4.79847e+011 2.80767e+010 5.67588e+006 7.07099e+011 6.6592e+010
3.532 7.49768e+011 865892 2.12926e+011 4.75621e+011 2.66155e+010 5.14916e+006 7.15168e+011 3.46007e+010
3.537 7.4601e+011 863719 2.24934e+011 4.71843e+011 2.54439e+010 4.74573e+006 7.22226e+011 2.37838e+010
3.542 7.4507e+011 863174 2.37448e+011 4.67838e+011 2.43134e+010 4.37219e+006 7.29604e+011 1.54654e+010
3.548 8.14657e+011 902584 2.53147e+011 4.62742e+011 2.30098e+010 3.96052e+006 7.38902e+011 7.57548e+010
3.553 7.64842e+011 874552 2.66808e+011 4.5826e+011 2.19665e+010 3.64565e+006 7.47038e+011 1.78038e+010
3.558 8.09592e+011 899773 2.81004e+011 4.53572e+011 2.09615e+010 3.35452e+006 7.55541e+011 5.4051e+010
3.564 8.47135e+011 920399 2.98755e+011 4.47686e+011 1.98047e+010 3.03411e+006 7.66249e+011 8.0886e+010
3.569 8.7047e+011 932990 3.14153e+011 4.42571e+011 1.88806e+010 2.78941e+006 7.75607e+011 9.48627e+010
3.575 8.77058e+011 936513 3.33364e+011 4.36195e+011 1.78183e+010 2.52038e+006 7.87379e+011 8.96781e+010
3.58 8.39866e+011 916442 3.4999e+011 4.30691e+011 1.69707e+010 2.31513e+006 7.97654e+011 4.22115e+010
3.586 8.95179e+011 946139 3.70688e+011 4.2387e+011 1.59976e+010 2.08969e+006 8.10558e+011 8.46214e+010
3.591 9.62763e+011 981205 3.8856e+011 4.18017e+011 1.52221e+010 1.91786e+006 8.218e+011 1.40963e+011
3.597 9.02769e+011 950142 4.10757e+011 4.10801e+011 1.43329e+010 1.72932e+006 8.35892e+011 6.68769e+010
3.602 9.44888e+011 972053 4.29879e+011 4.04638e+011 1.36252e+010 1.58577e+006 8.48144e+011 9.6744e+010
3.608 9.02463e+011 949980 4.53573e+011 3.97077e+011 1.28146e+010 1.4284e+006 8.63466e+011 3.89962e+010
3.613 9.12191e+011 955087 4.73938e+011 3.90648e+011 1.21702e+010 1.3087e+006 8.76757e+011 3.54338e+010
3.619 8.71157e+011 933358 4.99111e+011 3.82793e+011 1.14331e+010 1.17762e+006 8.93338e+011 -2.21811e+010
3.624 9.19364e+011 958835 5.20694e+011 3.76141e+011 1.08479e+010 1.07801e+006 9.07684e+011 1.168e+010
3.63 9.38981e+011 969010 5.4731e+011 3.68043e+011 1.01793e+010 969033 9.25533e+011 1.34481e+010
3.636 9.80925e+011 990417 5.74689e+011 3.59835e+011 9.54593e+009 870585 9.44072e+011 3.68537e+010
3.641 1.03165e+012 1.0157e+006 5.98075e+011 3.52922e+011 9.04402e+009 795888 9.60042e+011 7.16114e+010
3.647 1.01874e+012 1.00932e+006 6.26802e+011 3.44552e+011 8.47161e+009 714294 9.79826e+011 3.891e+010
3.653 1.02822e+012 1.01401e+006 6.56228e+011 3.36114e+011 7.93049e+009 640705 1.00027e+012 2.79434e+010
3.658 1.13209e+012 1.064e+006 6.81262e+011 3.29041e+011 7.50248e+009 584955 1.01781e+012 1.14288e+011
3.664 1.16712e+012 1.08033e+006 7.1189e+011 3.20518e+011 7.01525e+009 524151 1.03942e+012 1.27691e+011
3.67 1.11216e+012 1.05459e+006 7.43125e+011 3.11969e+011 6.55557e+009 469403 1.06165e+012 5.05119e+010
3.676 1.05081e+012 1.02509e+006 7.74925e+011 3.03408e+011 6.12221e+009 420137 1.08446e+012 -3.36478e+010
3.681 1.13133e+012 1.06364e+006 8.01828e+011 2.96274e+011 5.78028e+009 382892 1.10388e+012 2.74464e+010
3.687 1.16841e+012 1.08093e+006 8.34553e+011 2.87726e+011 5.39201e+009 342353 1.12767e+012 4.074e+010
3.693 1.22903e+012 1.10862e+006 8.67714e+011 2.79203e+011 5.02668e+009 305934 1.15194e+012 7.70878e+010
3.699 1.21576e+012 1.10261e+006 9.01257e+011 2.70719e+011 4.68319e+009 273236 1.17666e+012 3.90986e+010
3.705 1.26078e+012 1.12285e+006 9.35127e+011 2.62286e+011 4.36046e+009 243896 1.20177e+012 5.90083e+010
3.711 1.19446e+012 1.09291e+006 9.69264e+011 2.53914e+011 4.05744e+009 217583 1.22724e+012 -3.27787e+010
3.716 1.31981e+012 1.14883e+006 9.97872e+011 2.46992e+011 3.81925e+009 197753 1.24868e+012 7.1124e+010
3.722 1.29538e+012 1.13815e+006 1.03234e+012 2.38762e+011 3.54979e+009 176238 1.27465e+012 2.07357e+010
3.728 1.30073e+012 1.14049e+006 1.06688e+012 2.30623e+011 3.29728e+009 156974 1.3008e+012 -7.66497e+007
3.734 1.42662e+012 1.19441e+006 1.10144e+012 2.22586e+011 3.06083e+009 139738 1.32709e+012 9.9533e+010
3.74 1.3498e+012 1.16181e+006 1.13595e+012 2.14659e+011 2.83956e+009 124325 1.35345e+012 -3.64961e+009
3.746 1.5198e+012 1.2328e+006 1.17032e+012 2.06851e+011 2.63265e+009 110549 1.3798e+012 1.40001e+011
3.752 1.5046e+012 1.22662e+006 1.20448e+012 1.99169e+011 2.4393e+009 98244.7 1.40608e+012 9.85161e+010
3.758 1.43508e+012 1.19795e+006 1.23835e+012 1.91621e+011 2.25874e+009 87260.8 1.43223e+012 2.8512e+009
3.764 1.41874e+012 1.19111e+006 1.27185e+012 1.84213e+011 2.09025e+009 77461.3 1.45816e+012 -3.94114e+010
3.77 1.46317e+012 1.20962e+006 1.30491e+012 1.76951e+011 1.93312e+009 68723.7 1.4838e+012 -2.06245e+010
3.776 1.59649e+012 1.26352e+006 1.33744e+012 1.69842e+011 1.78669e+009 60937.5 1.50907e+012 8.74191e+010
3.783 1.60525e+012 1.26698e+006 1.37462e+012 1.61746e+011 1.62853e+009 52923.7 1.53799e+012 6.72561e+010
3.789 1.55534e+012 1.24713e+006 1.40572e+012 1.54981e+011 1.50314e+009 46870.4 1.56221e+012 -6.87261e+009
3.795 1.61656e+012 1.27144e+006 1.43605e+012 1.48382e+011 1.38654e+009 41486.2 1.58581e+012 3.07413e+010
3.801 1.55718e+012 1.24787e+006 1.4655e+012 1.41952e+011 1.27819e+009 36699.9 1.60873e+012 -5.15527e+010
3.807 1.69255e+012 1.30098e+006 1.49401e+012 1.35693e+011 1.17757e+009 32447.5 1.63088e+012 6.16696e+010
3.813 1.48384e+012 1.21813e+006 1.52149e+012 1.29607e+011 1.0842e+009 28671.7 1.65219e+012 -1.68349e+011
3.82 1.61487e+012 1.27078e+006 1.55217e+012 1.22729e+011 9.83811e+008 24800.7 1.67588e+012 -6.10082e+010
3.826 1.65789e+012 1.28759e+006 1.57717e+012 1.17024e+011 9.04582e+008 21888.1 1.6951e+012 -3.72087e+010
3.832 1.7172e+012 1.31042e+006 1.60092e+012 1.11496e+011 8.31216e+008 19306.6 1.71325e+012 3.94692e+009
3.838 1.72183e+012 1.31218e+006 1.62335e+012 1.06145e+011 7.63325e+008 17020.1 1.73026e+012 -8.43109e+009
3.845 1.75999e+012 1.32665e+006 1.64775e+012 1.00126e+011 6.90551e+008 14682 1.74856e+012 1.14225e+010
3.851 1.77838e+012 1.33356e+006 1.66708e+012 9.51579e+010 6.33294e+008 12927.4 1.76287e+012 1.55142e+010
3.857 1.82714e+012 1.35172e+006 1.68489e+012 9.03646e+010 5.80423e+008 11376.2 1.77584e+012 5.13068e+010
3.864 1.72981e+012 1.31522e+006 1.70368e+012 8.49917e+010 5.2388e+008 9793.03 1.78919e+012 -5.93771e+010
3.87 1.72027e+012 1.31159e+006 1.71801e+012 8.05723e+010 4.79496e+008 8607.38 1.79907e+012 -7.87974e+010
3.877 1.75803e+012 1.32591e+006 1.73262e+012 7.56303e+010 4.32104e+008 7399.04 1.80868e+012 -5.06566e+010
3.883 1.73551e+012 1.31739e+006 1.74328e+012 7.15749e+010 3.94962e+008 6495.32 1.81525e+012 -7.97388e+010
3.89 1.67501e+012 1.29422e+006 1.7535e+012 6.70506e+010 3.55366e+008 5575.56 1.82091e+012 -1.45901e+011
3.896 1.65068e+012 1.28479e+006 1.76033e+012 6.33466e+010 3.24382e+008 4888.6 1.82401e+012 -1.73329e+011
3.903 1.75166e+012 1.3235e+006 1.76602e+012 5.92239e+010 2.91402e+008 4190.4 1.82554e+012 -7.38751e+010
3.909 1.6198e+012 1.27271e+006 1.76892e+012 5.58565e+010 2.65637e+008 3669.63 1.82505e+012 -2.05247e+011
3.916 1.7002e+012 1.30392e+006 1.76999e+012 5.2117e+010 2.38255e+008 3141.06 1.82235e+012 -1.22147e+011
3.922 1.81273e+012 1.34638e+006 1.76892e+012 4.90695e+010 2.16896e+008 2747.36 1.81821e+012 -5.47666e+009
3.929 1.8057e+012 1.34376e+006 1.76536e+012 4.56929e+010 1.94232e+008 2348.29 1.81125e+012 -5.54878e+009
3.936 1.75227e+012 1.32373e+006 1.75932e+012 4.25029e+010 1.73789e+008 2005.66 1.802e+012 -4.97297e+010
3.942 1.73804e+012 1.31835e+006 1.75219e+012 3.99122e+010 1.57881e+008 1750.98 1.79226e+012 -5.42186e+010
3.949 1.72325e+012 1.31273e+006 1.74163e+012 3.70516e+010 1.41041e+008 1493.38 1.77882e+012 -5.55683e+010
3.956 1.67166e+012 1.29293e+006 1.72868e+012 3.4359e+010 1.25891e+008 1272.7 1.76317e+012 -9.15082e+010
3.962 1.61682e+012 1.27154e+006 1.71574e+012 3.21798e+010 1.14131e+008 1109.01 1.74803e+012 -1.31216e+011
3.969 1.6538e+012 1.286e+006 1.69853e+012 2.97817e+010 1.01711e+008 943.788 1.72841e+012 -7.46133e+010
3.976 1.55572e+012 1.24729e+006 1.67913e+012 2.75326e+010 9.05662e+007 802.566 1.70675e+012 -1.51026e+011
3.983 1.666e+012 1.29074e+006 1.6576e+012 2.5426e+010 8.05741e+007 681.954 1.68311e+012 -1.71048e+010
3.99 1.68422e+012 1.29778e+006 1.63404e+012 2.34553e+010 7.16238e+007 579.024 1.65757e+012 2.66514e+010
3.996 1.69645e+012 1.30248e+006 1.61231e+012 2.18694e+010 6.4704e+007 502.95 1.63424e+012 6.22042e+010
4.003 1.54193e+012 1.24174e+006 1.58523e+012 2.01341e+010 5.74261e+007 426.432 1.60543e+012 -6.34971e+010
4.01 1.5469e+012 1.24374e+006 1.55642e+012 1.85165e+010 5.09236e+007 361.279 1.57499e+012 -2.80901e+010
4.017 1.56707e+012 1.25183e+006 1.52597e+012 1.70106e+010 4.51191e+007 305.846 1.54303e+012 2.40418e+010
4.024 1.5327e+012 1.23802e+006 1.49401e+012 1.56103e+010 3.99424e+007 258.721 1.50966e+012 2.30423e+010
4.031 1.53985e+012 1.24091e+006 1.46065e+012 1.43099e+010 3.53297e+007 218.689 1.475e+012 6.48495e+010
4.038 1.49653e+012 1.22333e+006 1.42603e+012 1.31037e+010 3.12232e+007 184.71 1.43917e+012 5.73617e+010
4.045 1.42952e+012 1.19562e+006 1.39026e+012 1.19862e+010 2.75706e+007 155.892 1.40228e+012 2.72384e+010
4.052 1.41825e+012 1.1909e+006 1.35348e+012 1.09523e+010 2.43247e+007 131.469 1.36446e+012 5.37916e+010
4.059 1.29147e+012 1.13643e+006 1.31582e+012 9.99676e+009 2.14428e+007 110.787 1.32584e+012 -3.43619e+010
4.066 1.33312e+012 1.15461e+006 1.2774e+012 9.11478e+009 1.88863e+007 93.2878 1.28653e+012 4.6591e+010
4.073 1.35314e+012 1.16324e+006 1.23835e+012 8.30168e+009 1.66205e+007 78.4924 1.24667e+012 1.06472e+011
4.081 1.21159e+012 1.10072e+006 1.19312e+012 7.45102e+009 1.4347e+007 64.3739 1.20058e+012 1.10081e+010
4.088 1.16969e+012 1.08152e+006 1.15315e+012 6.7707e+009 1.26029e+007 54.0755 1.15994e+012 9.75711e+009
4.095 1.12288e+012 1.05966e+006 1.11296e+012 6.14588e+009 1.10614e+007 45.3899 1.11911e+012 3.76469e+009
4.102 1.18912e+012 1.09047e+006 1.07264e+012 5.57271e+009 9.70021e+006 38.0703 1.07823e+012 1.1089e+011
4.109 1.04211e+012 1.02084e+006 1.03234e+012 5.04756e+009 8.49934e+006 31.9066 1.03739e+012 4.71511e+009
4.117 1.0298e+012 1.01479e+006 9.86414e+011 4.50178e+009 7.30027e+006 26.0501 9.90923e+011 3.88735e+010
4.124 9.63688e+011 981676 9.46479e+011 4.06815e+009 6.3849e+006 21.7968 9.50554e+011 1.31339e+010
4.131 1.03555e+012 1.01762e+006 9.06881e+011 3.67234e+009 5.57958e+006 18.224 9.10559e+011 1.24992e+011
4.139 8.88222e+011 942455 8.62159e+011 3.26262e+009 4.77786e+006 14.8381 8.65426e+011 2.27956e+010
4.146 7.23377e+011 850516 8.23594e+011 2.93839e+009 4.16765e+006 12.3856 8.26536e+011 -1.03159e+011
4.154 7.82219e+011 884431 7.80278e+011 2.60368e+009 3.56141e+006 10.0656 7.82885e+011 -6.65959e+008
4.161 7.9311e+011 890567 7.43125e+011 2.33954e+009 3.10092e+006 8.38817 7.45467e+011 4.76426e+010
4.168 6.40752e+011 800470 7.06743e+011 2.09993e+009 2.69769e+006 6.98492 7.08845e+011 -6.80932e+010
4.176 5.86965e+011 766136 6.66187e+011 1.85355e+009 2.29827e+006 5.66097 6.68043e+011 -8.10781e+010
4.183 5.94323e+011 770924 6.31659e+011 1.65988e+009 1.99578e+006 4.70624 6.33321e+011 -3.89971e+010
4.191 5.82846e+011 763444 5.93358e+011 1.46127e+009 1.69676e+006 3.80706 5.9482e+011 -1.19741e+010
4.199 5.64916e+011 751609 5.56352e+011 1.28462e+009 1.44094e+006 3.07661 5.57638e+011 7.2771e+009
4.206 4.41241e+011 664260 5.25077e+011 1.14633e+009 1.24781e+006 2.55131 5.26224e+011 -8.49833e+010
4.214 4.50002e+011 670822 4.90631e+011 1.0051e+009 1.05748e+006 2.05793 4.91637e+011 -4.16351e+010
4.222 4.28482e+011 654585 4.57601e+011 8.80027e+008 895195 1.65831 4.58482e+011 -3.00007e+010
4.229 4.09375e+011 639824 4.29879e+011 7.82522e+008 773057 1.37172 4.30662e+011 -2.12872e+010
4.237 3.56625e+011 597181 3.99556e+011 6.83344e+008 653061 1.10328 4.0024e+011 -4.36151e+010
4.245 3.51169e+011 592595 3.70688e+011 5.95897e+008 551081 0.886491 3.71284e+011 -2.01154e+010
4.253 3.16427e+011 562519 3.43272e+011 5.1891e+008 464511 0.711586 3.43792e+011 -2.73643e+010
4.26 3.07358e+011 554399 3.20467e+011 4.59222e+008 399631 0.586619 3.20927e+011 -1.35684e+010
4.268 3.19487e+011 565232 2.95742e+011 3.9884e+008 336154 0.469998 2.96141e+011 2.33457e+010
4.276 2.86539e+011 535294 2.72422e+011 3.45911e+008 282447 0.376185 2.72768e+011 1.37712e+010
4.284 2.26356e+011 475769 2.50478e+011 2.99585e+008 237058 0.300797 2.50778e+011 -2.44226e+010
4.292 2.429e+011 492849 2.29878e+011 2.59098e+008 198743 0.240277 2.30138e+011 1.27621e+010
4.3 2.20023e+011 469066 2.10584e+011 2.23768e+008 166436 0.191741 2.10808e+011 9.21507e+009
4.308 2.03249e+011 450832 1.92554e+011 1.92984e+008 139227 0.152857 1.92747e+011 1.05021e+010
4.316 1.65759e+011 407135 1.75744e+011 1.66201e+008 116337 0.121737 1.7591e+011 -1.01511e+010
4.324 1.69004e+011 411101 1.60105e+011 1.42934e+008 97102.8 0.0968558 1.60248e+011 8.75568e+009
4.332 1.43267e+011 378506 1.4559e+011 1.22752e+008 80958.9 0.0769829 1.45713e+011 -2.44595e+009
4.34 1.33874e+011 365888 1.32147e+011 1.05271e+008 67424.4 0.0611264 1.32252e+011 1.62186e+009
4.348 1.331e+011 364829 1.19724e+011 9.01525e+007 56090.4 0.0484875 1.19814e+011 1.32863e+010
4.357 1.30268e+011 360927 1.06903e+011 7.55965e+007 45540.1 0.0373196 1.06979e+011 2.32896e+010
4.365 1.11852e+011 334442 9.64746e+010 6.45467e+007 37795.8 0.0295404 9.65392e+010 1.53125e+010
4.373 1.01382e+011 318405 8.69033e+010 5.50346e+007 31333.8 0.0233593 8.69584e+010 1.44236e+010
4.381 8.28959e+010 287917 7.81374e+010 4.68584e+007 25947.9 0.0184532 7.81843e+010 4.71161e+009
4.39 8.21698e+010 286653 6.91756e+010 3.90371e+007 20959.3 0.0141373 6.92146e+010 1.29551e+010
4.398 7.60544e+010 275780 6.19547e+010 3.31384e+007 17315.8 0.0111443 6.19879e+010 1.40665e+010
4.406 7.02877e+010 265118 5.53855e+010 2.80914e+007 14289.9 0.00877626 5.54136e+010 1.48741e+010
4.415 6.82856e+010 261315 4.87164e+010 2.32872e+007 11497.8 0.00670005 4.87397e+010 1.95459e+010
4.423 5.61432e+010 236946 4.33806e+010 1.96817e+007 9466.24 0.00526515 4.34003e+010 1.27429e+010
