1.772 4.65216e+010 215689 1641.74 4326.36 3.04924e+008 4.34011e+010 4.3706e+010 2.81558e+009
1.773 4.45516e+010 211073 1677.77 4442.92 3.09338e+008 4.35142e+010 4.38235e+010 7.28085e+008
1.774 4.56798e+010 213728 1714.57 4562.52 3.13811e+008 4.36273e+010 4.39411e+010 1.73868e+009
1.775 4.72799e+010 217439 1752.17 4685.26 3.18344e+008 4.37404e+010 4.40588e+010 3.22113e+009
1.777 4.36558e+010 208940 1829.77 4940.45 3.27593e+008 4.39668e+010 4.42944e+010 -6.38626e+008
1.778 4.78602e+010 218770 1869.82 5073.06 3.32309e+008 4.408e+010 4.44123e+010 3.44791e+009
1.779 4.40084e+010 209782 1910.72 5209.13 3.37089e+008 4.41932e+010 4.45303e+010 -5.21948e+008
1.78 4.72553e+010 217383 1952.5 5348.75 3.41932e+008 4.43065e+010 4.46484e+010 2.60693e+009
1.781 4.48304e+010 211732 1995.16 5492 3.46839e+008 4.44197e+010 4.47666e+010 6.37997e+007
1.783 4.75957e+010 218164 2083.23 5789.79 3.56848e+008 4.46464e+010 4.50032e+010 2.59251e+009
1.784 4.51767e+010 212548 2128.68 5944.51 3.61953e+008 4.47597e+010 4.51216e+010 5.509e+007
1.785 4.67588e+010 216238 2175.09 6103.25 3.67124e+008 4.4873e+010 4.52402e+010 1.51862e+009
1.786 4.80524e+010 219209 2222.48 6266.11 3.72364e+008 4.49864e+010 4.53587e+010 2.69363e+009
1.788 4.8496e+010 220218 2320.31 6604.61 3.83051e+008 4.52131e+010 4.55962e+010 2.89986e+009
1.789 4.7219e+010 217299 2370.78 6780.45 3.885e+008 4.53265e+010 4.5715e+010 1.50402e+009
1.79 5.0434e+010 224575 2422.32 6960.85 3.9402e+008 4.54399e+010 4.58339e+010 4.60012e+009
1.791 5.29904e+010 230196 2474.96 7145.91 3.99613e+008 4.55533e+010 4.59529e+010 7.03751e+009
1.793 5.07854e+010 225356 2583.59 7530.48 4.11018e+008 4.57801e+010 4.61911e+010 4.59424e+009
1.794 4.90799e+010 221540 2639.63 7730.24 4.16832e+008 4.58935e+010 4.63104e+010 2.76951e+009
1.795 5.03519e+010 224392 2696.86 7935.14 4.22723e+008 4.60069e+010 4.64297e+010 3.92227e+009
1.796 5.059e+010 224922 2755.29 8145.31 4.28689e+008 4.61203e+010 4.6549e+010 4.04097e+009
1.798 5.03078e+010 224294 2875.88 8582.02 4.40856e+008 4.63472e+010 4.6788e+010 3.51979e+009
1.799 5.31404e+010 230522 2938.09 8808.83 4.47058e+008 4.64606e+010 4.69076e+010 6.2328e+009
1.8 5.53772e+010 235324 3001.6 9041.45 4.5334e+008 4.6574e+010 4.70273e+010 8.3499e+009
1.801 4.85832e+010 220416 3066.46 9280.04 4.59703e+008 4.66873e+010 4.71471e+010 1.43618e+009
1.803 5.19342e+010 227891 3200.28 9775.7 4.72677e+008 4.69141e+010 4.73868e+010 4.54744e+009
1.804 5.20352e+010 228112 3269.31 10033.1 4.79289e+008 4.70274e+010 4.75068e+010 4.52844e+009
1.805 5.18432e+010 227691 3339.79 10297.1 4.85987e+008 4.71408e+010 4.76268e+010 4.21645e+009
1.807 5.08437e+010 225486 3485.21 10845.4 4.9964e+008 4.73674e+010 4.78671e+010 2.97664e+009
1.808 5.602e+010 236685 3560.21 11130.1 5.06598e+008 4.74807e+010 4.79873e+010 8.03261e+009
1.809 5.59116e+010 236456 3636.79 11422 5.13645e+008 4.7594e+010 4.81077e+010 7.80394e+009
1.81 5.475e+010 233987 3714.96 11721.4 5.20783e+008 4.77073e+010 4.82281e+010 6.52189e+009
1.812 5.02817e+010 224236 3876.25 12343.2 5.35331e+008 4.79337e+010 4.84691e+010 1.81264e+009
1.813 5.12837e+010 226459 3959.44 12666 5.42744e+008 4.80469e+010 4.85897e+010 2.69403e+009
1.814 5.56794e+010 235965 4044.35 12997 5.50251e+008 4.81601e+010 4.87104e+010 6.96909e+009
1.816 5.60486e+010 236746 4219.54 13684.3 5.65552e+008 4.83863e+010 4.89519e+010 7.09675e+009
1.817 5.44444e+010 233333 4309.88 14041.1 5.73348e+008 4.84994e+010 4.90728e+010 5.37161e+009
1.818 5.36943e+010 231720 4402.11 14406.9 5.81242e+008 4.86125e+010 4.91937e+010 4.50057e+009
1.819 5.39208e+010 232209 4496.25 14782 5.89236e+008 4.87255e+010 4.93147e+010 4.60613e+009
1.821 5.57042e+010 236017 4690.45 15560.8 6.05528e+008 4.89514e+010 4.95569e+010 6.14729e+009
1.822 5.36786e+010 231686 4790.59 15964.9 6.13827e+008 4.90643e+010 4.96781e+010 4.00043e+009
1.823 5.49979e+010 234516 4892.81 16379.3 6.22231e+008 4.91772e+010 4.97994e+010 5.19847e+009
1.825 5.74084e+010 239601 5103.65 17239.6 6.39355e+008 4.94028e+010 5.00422e+010 7.36626e+009
1.826 5.33089e+010 230887 5212.35 17686 6.48078e+008 4.95155e+010 5.01636e+010 3.14532e+009
1.827 5.70316e+010 238813 5323.32 18143.6 6.5691e+008 4.96282e+010 5.02852e+010 6.74646e+009
1.829 5.69183e+010 238575 5552.17 19093.6 6.74905e+008 4.98535e+010 5.05284e+010 6.38985e+009
1.83 5.91956e+010 243302 5670.17 19586.6 6.8407e+008 4.9966e+010 5.06501e+010 8.54552e+009
1.831 6.24847e+010 249969 5790.6 20091.8 6.93349e+008 5.00785e+010 5.07719e+010 1.17128e+010
1.832 5.60367e+010 236721 5913.51 20609.8 7.02744e+008 5.0191e+010 5.08938e+010 5.14295e+009
1.834 5.7155e+010 239071 6167.01 21684.7 7.21882e+008 5.04157e+010 5.11376e+010 6.0174e+009
1.835 5.93162e+010 243549 6297.69 22242.4 7.31629e+008 5.0528e+010 5.12597e+010 8.05656e+009
1.836 5.56819e+010 235970 6431.06 22814 7.41496e+008 5.06402e+010 5.13818e+010 4.30009e+009
1.838 6.09054e+010 246790 6706.09 24000.2 7.61595e+008 5.08645e+010 5.16261e+010 9.27924e+009
1.839 5.92e+010 243310 6847.87 24615.6 7.7183e+008 5.09766e+010 5.17484e+010 7.45156e+009
1.84 5.99771e+010 244902 6992.56 25246.2 7.82191e+008 5.10885e+010 5.18708e+010 8.10633e+009
1.842 6.33723e+010 251739 7290.91 26554.8 8.03293e+008 5.13123e+010 5.21156e+010 1.12567e+010
1.843 5.86688e+010 242216 7444.69 27233.6 8.14038e+008 5.14241e+010 5.22382e+010 6.43061e+009
1.844 6.26906e+010 250381 7601.63 27929.2 8.24914e+008 5.15358e+010 5.23607e+010 1.03298e+010
1.846 5.76634e+010 240132 7925.21 29372.3 8.47064e+008 5.1759e+010 5.26061e+010 5.05733e+009
1.847 6.25712e+010 250142 8091.98 30120.8 8.58342e+008 5.18705e+010 5.27289e+010 9.84237e+009
1.848 6.22205e+010 249440 8262.17 30887.7 8.69756e+008 5.19819e+010 5.28517e+010 9.36875e+009
1.85 6.396e+010 252903 8613.04 32478.8 8.92999e+008 5.22045e+010 5.30975e+010 1.08625e+010
1.851 7.32835e+010 270709 8793.86 33303.8 9.04832e+008 5.23157e+010 5.32206e+010 2.00629e+010
1.852 7.0225e+010 265000 8978.38 34149.2 9.16807e+008 5.24268e+010 5.33436e+010 1.68814e+010
1.854 7.52195e+010 274262 9358.77 35902.7 9.41191e+008 5.26487e+010 5.35899e+010 2.16296e+010
1.855 7.17394e+010 267842 9554.79 36811.9 9.53603e+008 5.27595e+010 5.37132e+010 1.80262e+010
1.856 7.20215e+010 268368 9754.81 37743.4 9.66164e+008 5.28703e+010 5.38365e+010 1.8185e+010
1.858 7.07346e+010 265960 10167.1 39675.4 9.91738e+008 5.30915e+010 5.40833e+010 1.66513e+010
1.859 7.51643e+010 274161 10379.6 40677 1.00475e+009 5.3202e+010 5.42068e+010 2.09575e+010
1.861 7.94393e+010 281850 10817.5 42754.3 1.03125e+009 5.34227e+010 5.4454e+010 2.49853e+010
1.862 6.7148e+010 259129 11043.2 43831.1 1.04474e+009 5.35329e+010 5.45777e+010 1.25703e+010
1.863 6.12067e+010 247400 11273.4 44934.1 1.05839e+009 5.36429e+010 5.47014e+010 6.50533e+009
1.865 6.19976e+010 248993 11747.9 47221.5 1.08617e+009 5.38628e+010 5.4949e+010 7.04859e+009
1.866 5.94905e+010 243907 11992.4 48407.1 1.1003e+009 5.39726e+010 5.5073e+010 4.41757e+009
1.867 6.15681e+010 248129 12241.8 49621.5 1.11461e+009 5.40823e+010 5.51969e+010 6.37111e+009
1.869 6.02395e+010 245437 12755.9 52139.5 1.14372e+009 5.43013e+010 5.54451e+010 4.79437e+009
1.87 5.90906e+010 243086 13020.8 53444.5 1.15853e+009 5.44107e+010 5.55693e+010 3.52132e+009
1.871 6.17941e+010 248584 13290.9 54781 1.17352e+009 5.45199e+010 5.56935e+010 6.10058e+009
1.873 5.7904e+010 240633 13847.7 57552 1.20402e+009 5.4738e+010 5.59421e+010 1.96192e+009
1.874 5.63766e+010 237438 14134.6 58987.9 1.21954e+009 5.48469e+010 5.60665e+010 3.1006e+008
1.876 5.69792e+010 238703 14725.6 61964.5 1.25112e+009 5.50644e+010 5.63156e+010 6.63589e+008
1.877 6.05113e+010 245990 15030.1 63506.8 1.26719e+009 5.51729e+010 5.64402e+010 4.07112e+009
1.878 6.38005e+010 252588 15340.7 65086.3 1.28344e+009 5.52813e+010 5.65648e+010 7.23562e+009
1.88 5.93144e+010 243545 15980.7 68360.1 1.31652e+009 5.54978e+010 5.68144e+010 2.50001e+009
1.881 7.00478e+010 264665 16310.3 70056.2 1.33334e+009 5.56058e+010 5.69392e+010 1.31086e+010
1.883 5.97616e+010 244462 16989.6 73571.5 1.36757e+009 5.58215e+010 5.71892e+010 2.57246e+009
1.884 7.13726e+010 267156 17339.4 75392.6 1.38498e+009 5.59291e+010 5.73142e+010 1.40583e+010
1.885 7.63624e+010 276338 17696.2 77257.3 1.4026e+009 5.60367e+010 5.74394e+010 1.89231e+010
1.887 8.05337e+010 283785 18431.4 81121.5 1.43843e+009 5.62513e+010 5.76898e+010 2.28439e+010
1.888 7.44199e+010 272800 18810 83123.1 1.45665e+009 5.63584e+010 5.78151e+010 1.66048e+010
1.89 7.48718e+010 273627 19590 87270.6 1.49373e+009 5.65722e+010 5.8066e+010 1.68058e+010
1.891 7.58994e+010 275499 19991.7 89418.7 1.51258e+009 5.66789e+010 5.81915e+010 1.77079e+010
1.892 7.98393e+010 282558 20401.4 91618 1.53165e+009 5.67854e+010 5.83172e+010 2.15221e+010
1.894 7.78061e+010 278937 21245.4 96174.6 1.57044e+009 5.6998e+010 5.85686e+010 1.92375e+010
1.895 6.5825e+010 256564 21680 98534.3 1.59016e+009 5.71041e+010 5.86944e+010 7.13061e+009
1.897 6.1618e+010 248230 22575.3 103423 1.63028e+009 5.73159e+010 5.89463e+010 2.67179e+009
1.898 6.08994e+010 246778 23036.3 105954 1.65068e+009 5.74215e+010 5.90723e+010 1.82706e+009
1.899 5.96554e+010 244244 23506.4 108546 1.6713e+009 5.7527e+010 5.91984e+010 4.56953e+008
1.901 5.95123e+010 243952 24474.7 113914 1.71326e+009 5.77375e+010 5.94509e+010 6.14915e+007
1.902 5.67003e+010 238118 24973.3 116693 1.73458e+009 5.78425e+010 5.95772e+010 -2.87687e+009
1.904 6.09831e+010 246948 26000.2 122450 1.77796e+009 5.8052e+010 5.98301e+010 1.15297e+009
1.905 6.10692e+010 247122 26528.9 125430 1.80001e+009 5.81565e+010 5.99567e+010 1.11248e+009
1.907 6.24389e+010 249878 27617.7 131602 1.84485e+009 5.8365e+010 6.02101e+010 2.2288e+009
1.908 6.19272e+010 248852 28178.3 134798 1.86764e+009 5.84691e+010 6.03369e+010 1.59031e+009
1.91 6.1639e+010 248272 29332.8 141415 1.91399e+009 5.86766e+010 6.05907e+010 1.0483e+009
1.911 6.22884e+010 249577 29927.1 144840 1.93755e+009 5.87801e+010 6.07178e+010 1.57065e+009
1.912 5.73684e+010 239517 30533.1 148345 1.96137e+009 5.88834e+010 6.08449e+010 -3.47649e+009
1.914 5.93575e+010 243634 31781 155604 2.00979e+009 5.90895e+010 6.10995e+010 -1.74192e+009
1.915 5.67897e+010 238306 32423.3 159360 2.0344e+009 5.91923e+010 6.12269e+010 -4.43718e+009
1.917 5.88656e+010 242622 33746 167138 2.08443e+009 5.93973e+010 6.14819e+010 -2.61629e+009
1.918 6.15552e+010 248103 34426.9 171163 2.10986e+009 5.94995e+010 6.16096e+010 -5.43563e+007
1.92 6.3244e+010 251484 35828.8 179497 2.16155e+009 5.97034e+010 6.18652e+010 1.37883e+009
1.921 6.07838e+010 246544 36550.3 183809 2.18781e+009 5.98051e+010 6.19931e+010 -1.20928e+009
1.923 6.02051e+010 245367 38035.9 192736 2.2412e+009 6.00078e+010 6.22493e+010 -2.04415e+009
1.924 5.78284e+010 240475 38800.5 197355 2.26833e+009 6.01089e+010 6.23775e+010 -4.5491e+009
1.925 6.369e+010 252369 39580 202081 2.29575e+009 6.02098e+010 6.25058e+010 1.18421e+009
1.927 6.26104e+010 250221 41184.8 211862 2.35148e+009 6.0411e+010 6.27627e+010 -1.52346e+008
1.928 6.19701e+010 248938 42010.7 216923 2.37979e+009 6.05113e+010 6.28914e+010 -9.21247e+008
1.93 6.2362e+010 249724 43711 227397 2.43734e+009 6.07113e+010 6.31489e+010 -7.86895e+008
1.931 6.04604e+010 245887 44585.9 232815 2.46657e+009 6.0811e+010 6.32778e+010 -2.8174e+009
1.933 6.13269e+010 247643 46387 244028 2.52598e+009 6.10097e+010 6.3536e+010 -2.20903e+009
1.934 6.32145e+010 251425 47313.8 249828 2.55616e+009 6.11088e+010 6.36652e+010 -4.50737e+008
1.936 6.60249e+010 256953 49221.6 261830 2.61748e+009 6.13062e+010 6.3924e+010 2.1009e+009
1.937 6.48026e+010 254564 50203.3 268038 2.64862e+009 6.14047e+010 6.40536e+010 7.48975e+008
1.939 6.33763e+010 251747 52223.8 280883 2.71191e+009 6.16008e+010 6.43131e+010 -9.36749e+008
1.94 6.25849e+010 250170 53263.4 287526 2.74406e+009 6.16986e+010 6.4443e+010 -1.85815e+009
1.942 6.06523e+010 246277 55403.1 301269 2.80936e+009 6.18935e+010 6.47032e+010 -4.05093e+009
1.943 6.31313e+010 251259 56504 308377 2.84253e+009 6.19906e+010 6.48335e+010 -1.7022e+009
1.945 6.41179e+010 253215 58769.6 323080 2.90991e+009 6.21841e+010 6.50944e+010 -9.76486e+008
1.946 6.26467e+010 250293 59935.2 330683 2.94413e+009 6.22805e+010 6.5225e+010 -2.57833e+009
1.948 6.32291e+010 251454 62334 346410 3.01363e+009 6.24726e+010 6.54867e+010 -2.2576e+009
1.949 6.33337e+010 251662 63568 354541 3.04893e+009 6.25684e+010 6.56177e+010 -2.28401e+009
1.951 6.34962e+010 251985 66107.4 371360 3.12062e+009 6.27591e+010 6.58801e+010 -2.38394e+009
1.952 6.45597e+010 254086 67413.7 380055 3.15702e+009 6.28541e+010 6.60116e+010 -1.45192e+009
1.954 6.35161e+010 252024 70101.7 398038 3.23095e+009 6.30434e+010 6.62748e+010 -2.75874e+009
1.955 6.10875e+010 247159 71484.3 407335 3.26849e+009 6.31377e+010 6.64067e+010 -5.31913e+009
1.957 6.35372e+010 252066 74329.3 426559 3.34472e+009 6.33255e+010 6.66708e+010 -3.1336e+009
1.958 6.33855e+010 251765 75792.6 436497 3.38342e+009 6.34191e+010 6.6803e+010 -3.41752e+009
1.96 5.96151e+010 244162 78803.4 457045 3.46201e+009 6.36055e+010 6.7068e+010 -7.45291e+009
1.961 6.49912e+010 254934 80351.9 467665 3.5019e+009 6.36983e+010 6.72007e+010 -2.20948e+009
1.963 6.38359e+010 252658 83537.8 489625 3.58291e+009 6.38831e+010 6.74666e+010 -3.6307e+009
1.964 6.58265e+010 256567 85176.2 500973 3.62403e+009 6.39752e+010 6.75998e+010 -1.77323e+009
1.966 6.52006e+010 255344 88547 524436 3.70752e+009 6.41585e+010 6.78666e+010 -2.66596e+009
1.968 6.72851e+010 259394 92046.8 548955 3.79269e+009 6.43407e+010 6.81341e+010 -8.4898e+008
1.969 6.02788e+010 245517 93846.5 561625 3.83592e+009 6.44315e+010 6.82681e+010 -7.98924e+009
1.971 6.67791e+010 258417 97548.8 587816 3.92368e+009 6.46122e+010 6.85365e+010 -1.75743e+009
1.972 6.48598e+010 254676 99452.5 601348 3.96822e+009 6.47021e+010 6.8671e+010 -3.81125e+009
1.974 6.57363e+010 256391 103368 629318 4.05863e+009 6.48812e+010 6.89405e+010 -3.20423e+009
1.975 6.74709e+010 259752 105382 643769 4.10451e+009 6.49703e+010 6.90756e+010 -1.60472e+009
1.977 6.8435e+010 261601 109524 673634 4.19763e+009 6.51478e+010 6.93462e+010 -9.11207e+008
1.978 6.43999e+010 253771 111653 689063 4.24489e+009 6.52361e+010 6.94818e+010 -5.08189e+009
1.98 6.82157e+010 261181 116033 720946 4.34079e+009 6.54118e+010 6.97535e+010 -1.53776e+009
1.981 6.73063e+010 259435 118284 737416 4.38945e+009 6.54993e+010 6.98896e+010 -2.5833e+009
1.983 7.01222e+010 264806 122915 771448 4.48821e+009 6.56734e+010 7.01625e+010 -4.03341e+007
1.985 7.01882e+010 264931 127721 806988 4.5889e+009 6.58463e+010 7.04362e+010 -2.48005e+008
1.986 7.11626e+010 266763 130192 825344 4.63998e+009 6.59324e+010 7.05733e+010 5.89249e+008
1.988 7.07169e+010 265927 135273 863268 4.74363e+009 6.61036e+010 7.08482e+010 -1.31314e+008
1.989 6.65939e+010 258058 137885 882853 4.79621e+009 6.61888e+010 7.0986e+010 -4.39207e+009
1.991 6.25134e+010 250027 143256 923314 4.9029e+009 6.63582e+010 7.12622e+010 -8.74881e+009
1.992 6.6729e+010 258319 146017 944207 4.95702e+009 6.64425e+010 7.14006e+010 -4.67168e+009
1.994 6.50269e+010 255004 151693 987365 5.06681e+009 6.66102e+010 7.16782e+010 -6.65122e+009
1.996 6.84454e+010 261621 157583 1.03242e+006 5.17872e+009 6.67767e+010 7.19566e+010 -3.51119e+009
1.997 6.81823e+010 261117 160611 1.05568e+006 5.23547e+009 6.68595e+010 7.20962e+010 -3.91381e+009
1.999 6.2345e+010 249690 166835 1.10372e+006 5.3506e+009 6.70241e+010 7.2376e+010 -1.0031e+010
2 6.3817e+010 252620 170034 1.12852e+006 5.40899e+009 6.7106e+010 7.25163e+010 -8.69926e+009
2.002 6.90538e+010 262781 176610 1.17974e+006 5.52742e+009 6.72688e+010 7.27976e+010 -3.74378e+009
2.004 6.69905e+010 258825 183432 1.23319e+006 5.6481e+009 6.74303e+010 7.30799e+010 -6.08932e+009
2.005 6.63666e+010 257617 186938 1.26078e+006 5.70929e+009 6.75106e+010 7.32214e+010 -6.85475e+009
2.007 6.43325e+010 253639 194145 1.31775e+006 5.8334e+009 6.76703e+010 7.35052e+010 -9.17268e+009
2.008 6.75038e+010 259815 197849 1.34715e+006 5.89632e+009 6.77497e+010 7.36475e+010 -6.1437e+009
2.01 6.55432e+010 256014 205462 1.40786e+006 6.02393e+009 6.79074e+010 7.3933e+010 -8.38978e+009
2.012 6.93461e+010 263336 213358 1.47119e+006 6.15392e+009 6.80639e+010 7.42195e+010 -4.87339e+009
2.013 6.79084e+010 260592 217415 1.50388e+006 6.21982e+009 6.81416e+010 7.43632e+010 -6.45475e+009
2.015 6.89017e+010 262491 225754 1.57135e+006 6.35344e+009 6.82961e+010 7.46514e+010 -5.74971e+009
2.017 6.58415e+010 256596 234401 1.64172e+006 6.48953e+009 6.84493e+010 7.49407e+010 -9.09924e+009
2.018 6.69716e+010 258789 238844 1.67803e+006 6.55852e+009 6.85254e+010 7.50859e+010 -8.11428e+009
2.02 6.56633e+010 256249 247975 1.75298e+006 6.69838e+009 6.86766e+010 7.5377e+010 -9.71371e+009
2.021 7.08622e+010 266199 252666 1.79165e+006 6.76927e+009 6.87517e+010 7.5523e+010 -4.66088e+009
2.023 6.85282e+010 261779 262307 1.87145e+006 6.91298e+009 6.89009e+010 7.5816e+010 -7.28782e+009
2.025 6.70243e+010 258890 272303 1.95466e+006 7.05931e+009 6.90487e+010 7.61103e+010 -9.08603e+009
2.026 6.94699e+010 263571 277437 1.99759e+006 7.13347e+009 6.91221e+010 7.62579e+010 -6.78802e+009
2.028 7.19985e+010 268325 287989 2.08617e+006 7.28378e+009 6.92679e+010 7.65541e+010 -4.55562e+009
2.03 7.01468e+010 264852 298927 2.17851e+006 7.43681e+009 6.94123e+010 7.68516e+010 -6.70481e+009
2.031 6.89028e+010 262493 304545 2.22613e+006 7.51434e+009 6.9484e+010 7.70009e+010 -8.09808e+009
2.033 6.94122e+010 263462 316090 2.3244e+006 7.6715e+009 6.96263e+010 7.73004e+010 -7.88826e+009
2.035 7.15293e+010 267450 328056 2.42682e+006 7.83145e+009 6.97672e+010 7.76014e+010 -6.07204e+009
2.036 7.13588e+010 267131 334202 2.47964e+006 7.91249e+009 6.98371e+010 7.77524e+010 -6.39357e+009
2.038 7.03626e+010 265259 346829 2.58859e+006 8.07672e+009 6.99758e+010 7.80555e+010 -7.69294e+009
2.039 7.22173e+010 268733 353314 2.64478e+006 8.15991e+009 7.00447e+010 7.82076e+010 -5.99032e+009
2.041 7.6176e+010 276000 366637 2.76068e+006 8.3285e+009 7.01813e+010 7.85129e+010 -2.33691e+009
2.043 7.42857e+010 272554 380444 2.88143e+006 8.50005e+009 7.03165e+010 7.88198e+010 -4.53405e+009
2.044 7.08208e+010 266122 387534 2.94369e+006 8.58694e+009 7.03835e+010 7.89738e+010 -8.15294e+009
2.046 7.08744e+010 266222 402099 3.0721e+006 8.76299e+009 7.05165e+010 7.9283e+010 -8.40857e+009
2.048 7.07884e+010 266061 417192 3.20586e+006 8.9421e+009 7.0648e+010 7.95937e+010 -8.8053e+009
2.05 7.71209e+010 277707 432830 3.34519e+006 9.1243e+009 7.0778e+010 7.99061e+010 -2.78517e+009
2.051 7.59017e+010 275503 440860 3.417e+006 9.21657e+009 7.08425e+010 8.00629e+010 -4.16121e+009
2.053 7.29146e+010 270027 457352 3.5651e+006 9.40349e+009 7.09703e+010 8.03778e+010 -7.46327e+009
2.055 7.05042e+010 265526 474439 3.71932e+006 9.5936e+009 7.10966e+010 8.06944e+010 -1.01902e+010
2.056 7.3515e+010 271137 483212 3.79881e+006 9.68987e+009 7.11592e+010 8.08534e+010 -7.33834e+009
2.058 7.76488e+010 278655 501229 3.96269e+006 9.88486e+009 7.12832e+010 8.11726e+010 -3.52371e+009
2.06 7.56626e+010 275068 519892 4.13332e+006 1.00831e+010 7.14058e+010 8.14935e+010 -5.83094e+009
2.061 7.80875e+010 279441 529474 4.22125e+006 1.01835e+010 7.14664e+010 8.16547e+010 -3.56724e+009
2.063 8.16974e+010 285828 549150 4.4025e+006 1.03868e+010 7.15867e+010 8.19784e+010 -2.81078e+008
2.065 8.33338e+010 288676 569530 4.59119e+006 1.05935e+010 7.17053e+010 8.2304e+010 1.02974e+009
2.066 8.35729e+010 289090 579991 4.68841e+006 1.06982e+010 7.17641e+010 8.24675e+010 1.10534e+009
2.068 7.77563e+010 278848 601472 4.88879e+006 1.09101e+010 7.18804e+010 8.2796e+010 -5.03974e+009
2.07 7.87298e+010 280588 623719 5.09733e+006 1.11255e+010 7.19952e+010 8.31264e+010 -4.3966e+009
2.072 7.42011e+010 272399 646758 5.31437e+006 1.13444e+010 7.21084e+010 8.34588e+010 -9.25766e+009
2.073 7.42831e+010 272549 658583 5.42617e+006 1.14552e+010 7.21644e+010 8.36257e+010 -9.34267e+009
2.075 7.41077e+010 272227 682860 5.65656e+006 1.16796e+010 7.22753e+010 8.39612e+010 -9.85352e+009
2.077 7.99314e+010 282721 707999 5.89627e+006 1.19076e+010 7.23845e+010 8.42987e+010 -4.36727e+009
2.079 8.04727e+010 283677 734028 6.14567e+006 1.21393e+010 7.24921e+010 8.46383e+010 -4.16565e+009
2.08 7.5782e+010 275285 747386 6.27412e+006 1.22565e+010 7.25454e+010 8.48089e+010 -9.02696e+009
2.082 7.78733e+010 279058 774807 6.53875e+006 1.24939e+010 7.26506e+010 8.51518e+010 -7.27851e+009
2.084 8.58402e+010 292985 803196 6.81402e+006 1.2735e+010 7.27542e+010 8.54968e+010 3.43388e+008
2.085 9.70868e+010 311588 817763 6.95576e+006 1.2857e+010 7.28054e+010 8.56702e+010 1.14166e+010
2.087 9.05088e+010 300847 847665 7.24775e+006 1.31039e+010 7.29066e+010 8.60186e+010 4.49022e+009
2.089 8.54963e+010 292398 878618 7.55141e+006 1.33548e+010 7.30061e+010 8.63693e+010 -8.72994e+008
2.091 7.44016e+010 272767 910657 7.86719e+006 1.36096e+010 7.3104e+010 8.67223e+010 -1.23208e+010
2.092 7.81841e+010 279614 927096 8.02977e+006 1.37385e+010 7.31523e+010 8.68997e+010 -8.71563e+009
2.094 7.87612e+010 280644 960834 8.36459e+006 1.39993e+010 7.32477e+010 8.72563e+010 -8.49513e+009
2.096 7.79633e+010 279219 995753 8.7127e+006 1.42642e+010 7.33415e+010 8.76154e+010 -9.65206e+009
2.098 7.56852e+010 275109 1.03189e+006 9.0746e+006 1.45332e+010 7.34336e+010 8.79768e+010 -1.22916e+010
2.1 7.63427e+010 276302 1.06929e+006 9.45081e+006 1.48063e+010 7.3524e+010 8.83408e+010 -1.19981e+010
2.101 8.02939e+010 283362 1.08847e+006 9.64444e+006 1.49444e+010 7.35686e+010 8.85237e+010 -8.22982e+009
2.103 9.0565e+010 300940 1.12784e+006 1.00431e+007 1.52239e+010 7.36564e+010 8.88915e+010 1.6735e+009
2.105 9.80306e+010 313098 1.16858e+006 1.04575e+007 1.55076e+010 7.37426e+010 8.92619e+010 8.76873e+009
2.107 9.62708e+010 310275 1.21073e+006 1.08881e+007 1.57957e+010 7.38271e+010 8.96349e+010 6.6359e+009
2.108 9.24871e+010 304117 1.23235e+006 1.11097e+007 1.59413e+010 7.38687e+010 8.98224e+010 2.66475e+009
2.11 9.15304e+010 302540 1.2767e+006 1.15658e+007 1.62359e+010 7.39507e+010 9.01994e+010 1.33097e+009
2.112 1.02106e+011 319541 1.32259e+006 1.20397e+007 1.65349e+010 7.40309e+010 9.05792e+010 1.15273e+010
2.114 1.08251e+011 329016 1.37007e+006 1.25321e+007 1.68383e+010 7.41094e+010 9.09617e+010 1.72897e+010
2.116 1.04627e+011 323461 1.41918e+006 1.30436e+007 1.71463e+010 7.41862e+010 9.1347e+010 1.32803e+010
2.117 8.58185e+010 292948 1.44437e+006 1.33068e+007 1.7302e+010 7.4224e+010 9.15407e+010 -5.72217e+009
2.119 6.99437e+010 264469 1.49603e+006 1.38483e+007 1.76168e+010 7.42982e+010 9.19303e+010 -2.19866e+010
2.121 6.9492e+010 263613 1.54947e+006 1.44108e+007 1.79362e+010 7.43707e+010 9.23228e+010 -2.28308e+010
2.123 8.34891e+010 288945 1.60474e+006 1.4995e+007 1.82603e+010 7.44414e+010 9.27182e+010 -9.22915e+009
2.125 9.60593e+010 309934 1.66191e+006 1.56016e+007 1.8589e+010 7.45104e+010 9.31166e+010 2.94266e+009
2.126 1.04794e+011 323719 1.69122e+006 1.59136e+007 1.87552e+010 7.45442e+010 9.3317e+010 1.14767e+010
2.128 1.00361e+011 316798 1.75134e+006 1.65555e+007 1.90911e+010 7.46105e+010 9.37199e+010 6.6411e+009
2.13 9.09413e+010 301565 1.81351e+006 1.7222e+007 1.94318e+010 7.46751e+010 9.4126e+010 -3.18465e+009
2.132 8.48507e+010 291291 1.87779e+006 1.7914e+007 1.97774e+010 7.47379e+010 9.45351e+010 -9.68444e+009
2.134 8.27362e+010 287639 1.94427e+006 1.86322e+007 2.01279e+010 7.4799e+010 9.49475e+010 -1.22112e+010
2.136 7.89937e+010 281058 2.01299e+006 1.93779e+007 2.04833e+010 7.48583e+010 9.5363e+010 -1.63693e+010
2.137 8.62261e+010 293643 2.04823e+006 1.97612e+007 2.06629e+010 7.48873e+010 9.55719e+010 -9.34582e+009
2.139 9.96077e+010 315607 2.12048e+006 2.05496e+007 2.10258e+010 7.49439e+010 9.59923e+010 3.61536e+009
2.141 1.05329e+011 324544 2.19517e+006 2.13679e+007 2.13937e+010 7.49987e+010 9.6416e+010 8.91274e+009
2.143 1.02301e+011 319845 2.27239e+006 2.2217e+007 2.17668e+010 7.50518e+010 9.6843e+010 5.45786e+009
2.145 9.3473e+010 305734 2.35221e+006 2.3098e+007 2.21449e+010 7.5103e+010 9.72734e+010 -3.80039e+009
2.147 8.84252e+010 297364 2.43472e+006 2.40122e+007 2.25283e+010 7.51525e+010 9.77072e+010 -9.282e+009
2.149 9.00793e+010 300132 2.52e+006 2.49606e+007 2.29168e+010 7.52002e+010 9.81445e+010 -8.06523e+009
2.15 9.48916e+010 308045 2.5637e+006 2.54481e+007 2.31131e+010 7.52233e+010 9.83644e+010 -3.47281e+009
2.152 1.04898e+011 323880 2.65331e+006 2.64502e+007 2.35095e+010 7.52683e+010 9.88069e+010 6.09105e+009
2.154 1.05295e+011 324493 2.74592e+006 2.74896e+007 2.39113e+010 7.53114e+010 9.9253e+010 6.04249e+009
2.156 1.01999e+011 319373 2.84162e+006 2.85677e+007 2.43185e+010 7.53528e+010 9.97027e+010 2.29641e+009
2.158 9.48398e+010 307961 2.94052e+006 2.96858e+007 2.4731e+010 7.53923e+010 1.00156e+011 -5.31614e+009
2.16 9.58844e+010 309652 3.04272e+006 3.08453e+007 2.5149e+010 7.54301e+010 1.00613e+011 -4.72848e+009
2.162 9.90913e+010 314788 3.14832e+006 3.20476e+007 2.55724e+010 7.5466e+010 1.01074e+011 -1.98222e+009
2.163 1.06474e+011 326303 3.20242e+006 3.26653e+007 2.57862e+010 7.54832e+010 1.01305e+011 5.16867e+009
2.165 1.06247e+011 325956 3.31332e+006 3.39346e+007 2.62179e+010 7.55164e+010 1.01772e+011 4.47585e+009
2.167 1.05813e+011 325289 3.4279e+006 3.52505e+007 2.66552e+010 7.55477e+010 1.02242e+011 3.57154e+009
2.169 1.09597e+011 331054 3.54627e+006 3.66147e+007 2.70982e+010 7.55773e+010 1.02716e+011 6.88107e+009
2.171 1.10964e+011 333113 3.66855e+006 3.80287e+007 2.75467e+010 7.5605e+010 1.03193e+011 7.77097e+009
2.173 1.14236e+011 337989 3.79486e+006 3.94944e+007 2.8001e+010 7.56308e+010 1.03675e+011 1.05612e+010
2.175 1.08303e+011 329095 3.92534e+006 4.10133e+007 2.8461e+010 7.56548e+010 1.04161e+011 4.14253e+009
2.177 1.07395e+011 327711 4.06011e+006 4.25874e+007 2.89268e+010 7.5677e+010 1.0465e+011 2.74418e+009
2.179 1.07361e+011 327660 4.1993e+006 4.42185e+007 2.93983e+010 7.56974e+010 1.05144e+011 2.21676e+009
2.181 1.05153e+011 324273 4.34306e+006 4.59085e+007 2.98757e+010 7.57159e+010 1.05642e+011 -4.89025e+008
2.183 1.07094e+011 327253 4.49152e+006 4.76595e+007 3.03589e+010 7.57326e+010 1.06144e+011 9.50674e+008
2.184 1.05835e+011 325322 4.56757e+006 4.85585e+007 3.06028e+010 7.57402e+010 1.06396e+011 -5.61608e+008
2.186 1.09154e+011 330384 4.72337e+006 5.04047e+007 3.10949e+010 7.57542e+010 1.06904e+011 2.24966e+009
2.188 1.11774e+011 334327 4.88424e+006 5.23171e+007 3.1593e+010 7.57662e+010 1.07416e+011 4.35793e+009
2.19 1.08855e+011 329932 5.05036e+006 5.42979e+007 3.2097e+010 7.57765e+010 1.07933e+011 9.22029e+008
2.192 1.15302e+011 339562 5.22188e+006 5.63493e+007 3.26071e+010 7.57849e+010 1.08454e+011 6.84856e+009
2.194 1.12315e+011 335134 5.39896e+006 5.84738e+007 3.31233e+010 7.57914e+010 1.08979e+011 3.33649e+009
2.196 1.13643e+011 337110 5.58178e+006 6.06737e+007 3.36455e+010 7.57961e+010 1.09508e+011 4.135e+009
2.198 1.12827e+011 335898 5.77052e+006 6.29515e+007 3.41738e+010 7.5799e+010 1.10042e+011 2.78569e+009
2.2 1.11287e+011 333597 5.96535e+006 6.53098e+007 3.47083e+010 7.58e+010 1.1058e+011 7.07442e+008
2.202 1.13176e+011 336417 6.16646e+006 6.77513e+007 3.52489e+010 7.57992e+010 1.11122e+011 2.05425e+009
2.204 1.21048e+011 347920 6.37405e+006 7.02786e+007 3.57958e+010 7.57965e+010 1.11669e+011 9.37927e+009
2.206 1.2375e+011 351781 6.58831e+006 7.28946e+007 3.63489e+010 7.5792e+010 1.1222e+011 1.15294e+010
2.208 1.21937e+011 349195 6.80944e+006 7.56022e+007 3.69082e+010 7.57856e+010 1.12776e+011 9.16087e+009
2.21 1.19715e+011 345998 7.03766e+006 7.84043e+007 3.74738e+010 7.57774e+010 1.13337e+011 6.37819e+009
2.212 1.15086e+011 339244 7.27319e+006 8.1304e+007 3.80458e+010 7.57673e+010 1.13902e+011 1.18462e+009
2.214 1.17528e+011 342824 7.51623e+006 8.43045e+007 3.8624e+010 7.57555e+010 1.14471e+011 3.05667e+009
2.216 1.16209e+011 340895 7.76702e+006 8.7409e+007 3.92086e+010 7.57417e+010 1.15046e+011 1.16354e+009
2.218 1.16383e+011 341149 8.0258e+006 9.06208e+007 3.97996e+010 7.57261e+010 1.15624e+011 7.58167e+008
2.22 1.17363e+011 342583 8.2928e+006 9.39434e+007 4.0397e+010 7.57087e+010 1.16208e+011 1.15545e+009
2.222 1.20684e+011 347396 8.56828e+006 9.73804e+007 4.10008e+010 7.56895e+010 1.16796e+011 3.88748e+009
2.224 1.2248e+011 349971 8.85248e+006 1.00935e+008 4.16111e+010 7.56684e+010 1.17389e+011 5.09035e+009
2.226 1.18278e+011 343916 9.14566e+006 1.04612e+008 4.22278e+010 7.56455e+010 1.17987e+011 2.90829e+008
2.228 1.21805e+011 349006 9.44811e+006 1.08414e+008 4.28511e+010 7.56207e+010 1.1859e+011 3.21585e+009
2.23 1.19395e+011 345536 9.76009e+006 1.12346e+008 4.34808e+010 7.55941e+010 1.19197e+011 1.97838e+008
2.232 1.18666e+011 344479 1.00819e+007 1.16412e+008 4.4117e+010 7.55657e+010 1.19809e+011 -1.14356e+009
2.234 1.2006e+011 346496 1.04138e+007 1.20615e+008 4.47598e+010 7.55354e+010 1.20426e+011 -3.66447e+008
2.236 1.20872e+011 347667 1.07561e+007 1.24961e+008 4.54091e+010 7.55033e+010 1.21048e+011 -1.76064e+008
2.238 1.2595e+011 354894 1.11092e+007 1.29453e+008 4.6065e+010 7.54694e+010 1.21675e+011 4.27453e+009
2.24 1.24025e+011 352172 1.14732e+007 1.34096e+008 4.67274e+010 7.54337e+010 1.22307e+011 1.7185e+009
2.242 1.22449e+011 349926 1.18487e+007 1.38895e+008 4.73964e+010 7.53962e+010 1.22943e+011 -4.9483e+008
2.244 1.20938e+011 347761 1.22358e+007 1.43855e+008 4.80721e+010 7.53568e+010 1.23585e+011 -2.64727e+009
2.246 1.19758e+011 346061 1.2635e+007 1.48981e+008 4.87543e+010 7.53157e+010 1.24232e+011 -4.47367e+009
2.248 1.21682e+011 348830 1.30466e+007 1.54277e+008 4.94432e+010 7.52727e+010 1.24883e+011 -3.2011e+009
2.25 1.20542e+011 347192 1.3471e+007 1.5975e+008 5.01387e+010 7.52279e+010 1.2554e+011 -4.99783e+009
2.252 1.21016e+011 347873 1.39084e+007 1.65403e+008 5.08408e+010 7.51813e+010 1.26201e+011 -5.18565e+009
2.254 1.27857e+011 357571 1.43594e+007 1.71244e+008 5.15495e+010 7.51329e+010 1.26868e+011 9.89205e+008
2.256 1.27332e+011 356836 1.48244e+007 1.77277e+008 5.22649e+010 7.50827e+010 1.2754e+011 -2.07864e+008
2.258 1.28649e+011 358677 1.53036e+007 1.83509e+008 5.29869e+010 7.50308e+010 1.28216e+011 4.32783e+008
2.26 1.34117e+011 366219 1.57976e+007 1.89945e+008 5.37156e+010 7.4977e+010 1.28898e+011 5.21825e+009
2.262 1.38794e+011 372551 1.63067e+007 1.96592e+008 5.44509e+010 7.49215e+010 1.29585e+011 9.20919e+009
2.265 1.35493e+011 368093 1.70998e+007 2.06971e+008 5.55663e+010 7.48348e+010 1.30625e+011 4.86751e+009
2.267 1.42091e+011 376950 1.76488e+007 2.14173e+008 5.63182e+010 7.47748e+010 1.31325e+011 1.07663e+010
2.269 1.46279e+011 382465 1.82145e+007 2.21608e+008 5.70768e+010 7.4713e+010 1.3203e+011 1.42495e+010
2.271 1.46737e+011 383062 1.87975e+007 2.29283e+008 5.78419e+010 7.46495e+010 1.3274e+011 1.39973e+010
2.273 1.44234e+011 379781 1.93982e+007 2.37206e+008 5.86137e+010 7.45842e+010 1.33455e+011 1.07794e+010
2.275 1.55041e+011 393753 2.00172e+007 2.45384e+008 5.93921e+010 7.45172e+010 1.34175e+011 2.08665e+010
2.277 1.47638e+011 384236 2.06549e+007 2.53825e+008 6.01771e+010 7.44484e+010 1.349e+011 1.27377e+010
2.279 1.44492e+011 380122 2.13119e+007 2.62535e+008 6.09688e+010 7.43778e+010 1.3563e+011 8.86207e+009
2.281 1.38442e+011 372077 2.19887e+007 2.71524e+008 6.17669e+010 7.43055e+010 1.36366e+011 2.07558e+009
2.283 1.31208e+011 362226 2.2686e+007 2.80799e+008 6.25717e+010 7.42315e+010 1.37107e+011 -5.89886e+009
2.286 1.35443e+011 368026 2.37714e+007 2.95266e+008 6.37911e+010 7.41172e+010 1.38227e+011 -2.78429e+009
2.288 1.41492e+011 376155 2.45222e+007 3.05293e+008 6.46122e+010 7.40389e+010 1.38981e+011 2.5114e+009
2.29 1.36553e+011 369531 2.52956e+007 3.15637e+008 6.54399e+010 7.39588e+010 1.3974e+011 -3.18628e+009
2.292 1.39381e+011 373337 2.60921e+007 3.26305e+008 6.6274e+010 7.3877e+010 1.40503e+011 -1.1225e+009
2.294 1.41822e+011 376592 2.69124e+007 3.37309e+008 6.71146e+010 7.37935e+010 1.41272e+011 5.49193e+008
2.296 1.40038e+011 374217 2.77571e+007 3.48657e+008 6.79616e+010 7.37084e+010 1.42046e+011 -2.00825e+009
2.298 1.44912e+011 380673 2.8627e+007 3.60358e+008 6.8815e+010 7.36215e+010 1.42825e+011 2.08649e+009
2.301 1.45198e+011 381048 2.99805e+007 3.78597e+008 7.01072e+010 7.3488e+010 1.44004e+011 1.1939e+009
2.303 1.39377e+011 373333 3.09163e+007 3.91229e+008 7.09766e+010 7.33969e+010 1.44796e+011 -5.4183e+009
2.305 1.3543e+011 368008 3.18799e+007 4.0425e+008 7.18523e+010 7.33042e+010 1.45593e+011 -1.01625e+010
2.307 1.40808e+011 375244 3.28719e+007 4.17674e+008 7.27343e+010 7.32098e+010 1.46395e+011 -5.58663e+009
2.309 1.43768e+011 379167 3.38931e+007 4.31509e+008 7.36225e+010 7.31137e+010 1.47202e+011 -3.43379e+009
2.311 1.44159e+011 379683 3.49444e+007 4.45769e+008 7.4517e+010 7.3016e+010 1.48014e+011 -3.85455e+009
2.313 1.44076e+011 379574 3.60266e+007 4.60465e+008 7.54177e+010 7.29166e+010 1.48831e+011 -4.75462e+009
2.316 1.46747e+011 383076 3.77096e+007 4.83352e+008 7.67802e+010 7.27645e+010 1.50066e+011 -3.31868e+009
2.318 1.5115e+011 388780 3.88727e+007 4.99191e+008 7.76962e+010 7.2661e+010 1.50895e+011 2.54817e+008
2.32 1.49404e+011 386528 4.00698e+007 5.15509e+008 7.86183e+010 7.2556e+010 1.5173e+011 -2.32571e+009
2.322 1.45138e+011 380970 4.13018e+007 5.32319e+008 7.95463e+010 7.24493e+010 1.52569e+011 -7.43126e+009
2.324 1.53347e+011 391595 4.25697e+007 5.49636e+008 8.04803e+010 7.2341e+010 1.53414e+011 -6.66427e+007
2.327 1.49331e+011 386434 4.45408e+007 5.76589e+008 8.18924e+010 7.21756e+010 1.54689e+011 -5.35793e+009
2.329 1.47144e+011 383594 4.59025e+007 5.95232e+008 8.28411e+010 7.20633e+010 1.55546e+011 -8.40143e+009
2.331 1.46614e+011 382902 4.73036e+007 6.14429e+008 8.37956e+010 7.19495e+010 1.56407e+011 -9.79303e+009
2.333 1.50173e+011 387522 4.87452e+007 6.34197e+008 8.47559e+010 7.18341e+010 1.57273e+011 -7.09952e+009
2.335 1.51796e+011 389610 5.02283e+007 6.54551e+008 8.57218e+010 7.17171e+010 1.58144e+011 -6.34764e+009
2.338 1.56782e+011 395957 5.25332e+007 6.86215e+008 8.71812e+010 7.15388e+010 1.59459e+011 -2.67645e+009
2.34 1.54253e+011 392750 5.41251e+007 7.08102e+008 8.81611e+010 7.14179e+010 1.60341e+011 -6.08875e+009
2.342 1.55984e+011 394948 5.57625e+007 7.30631e+008 8.91465e+010 7.12956e+010 1.61228e+011 -5.24463e+009
2.344 1.53564e+011 391872 5.74467e+007 7.53819e+008 9.01373e+010 7.11717e+010 1.6212e+011 -8.55672e+009
2.347 1.52754e+011 390837 6.00634e+007 7.89874e+008 9.16335e+010 7.0983e+010 1.63466e+011 -1.07129e+010
2.349 1.61416e+011 401767 6.18701e+007 8.14786e+008 9.26376e+010 7.08554e+010 1.6437e+011 -2.95325e+009
2.351 1.57219e+011 396509 6.37281e+007 8.40419e+008 9.36469e+010 7.07262e+010 1.65277e+011 -8.05776e+009
2.353 1.56976e+011 396202 6.56387e+007 8.66791e+008 9.46613e+010 7.05956e+010 1.66189e+011 -9.21329e+009
2.356 1.50594e+011 388064 6.86064e+007 9.07779e+008 9.61923e+010 7.03969e+010 1.67566e+011 -1.69719e+010
2.358 1.60565e+011 400706 7.06549e+007 9.36086e+008 9.72192e+010 7.02626e+010 1.68489e+011 -7.92338e+009
2.36 1.59787e+011 399734 7.2761e+007 9.65201e+008 9.8251e+010 7.01268e+010 1.69416e+011 -9.62866e+009
2.362 1.65641e+011 406990 7.49263e+007 9.95145e+008 9.92875e+010 6.99896e+010 1.70347e+011 -4.70651e+009
2.365 1.59383e+011 399228 7.82886e+007 1.04166e+009 1.00851e+011 6.97812e+010 1.71752e+011 -1.23692e+010
2.367 1.60404e+011 400505 8.06087e+007 1.07377e+009 1.01899e+011 6.96404e+010 1.72694e+011 -1.22902e+010
2.369 1.62003e+011 402496 8.29936e+007 1.10679e+009 1.02952e+011 6.94983e+010 1.7364e+011 -1.16372e+010
2.372 1.59812e+011 399765 8.66961e+007 1.15805e+009 1.04539e+011 6.92824e+010 1.75067e+011 -1.52544e+010
2.374 1.57973e+011 397459 8.92504e+007 1.19343e+009 1.05603e+011 6.91368e+010 1.76022e+011 -1.80489e+010
2.376 1.59982e+011 399977 9.18756e+007 1.22979e+009 1.06671e+011 6.89898e+010 1.76982e+011 -1.70004e+010
2.378 1.64172e+011 405181 9.45735e+007 1.26717e+009 1.07743e+011 6.88414e+010 1.77946e+011 -1.37739e+010
2.381 1.6779e+011 409622 9.87607e+007 1.32517e+009 1.09358e+011 6.86163e+010 1.79398e+011 -1.1608e+010
2.383 1.68622e+011 410636 1.01649e+008 1.36518e+009 1.1044e+011 6.84646e+010 1.80371e+011 -1.17492e+010
2.385 1.73381e+011 416391 1.04616e+008 1.40629e+009 1.11525e+011 6.83115e+010 1.81348e+011 -7.96656e+009
2.388 1.71365e+011 413963 1.0922e+008 1.47008e+009 1.13161e+011 6.80795e+010 1.82819e+011 -1.1454e+010
2.39 1.71982e+011 414707 1.12395e+008 1.51405e+009 1.14255e+011 6.79231e+010 1.83805e+011 -1.18225e+010
2.392 1.80117e+011 424402 1.15657e+008 1.55923e+009 1.15353e+011 6.77655e+010 1.84794e+011 -4.67654e+009
2.395 1.71467e+011 414086 1.20716e+008 1.62929e+009 1.17006e+011 6.75267e+010 1.86283e+011 -1.48161e+010
2.397 1.70671e+011 413124 1.24205e+008 1.67758e+009 1.18113e+011 6.73659e+010 1.8728e+011 -1.66089e+010
2.399 1.83448e+011 428308 1.27788e+008 1.72717e+009 1.19222e+011 6.72038e+010 1.88281e+011 -4.83305e+009
2.402 1.7922e+011 423344 1.33345e+008 1.80405e+009 1.20891e+011 6.69584e+010 1.89787e+011 -1.05669e+010
2.404 1.79178e+011 423294 1.37175e+008 1.85702e+009 1.22007e+011 6.67933e+010 1.90795e+011 -1.16171e+010
2.407 1.79454e+011 423620 1.43114e+008 1.93912e+009 1.23687e+011 6.65433e+010 1.92313e+011 -1.28585e+010
2.409 1.75643e+011 419098 1.47207e+008 1.99567e+009 1.2481e+011 6.63751e+010 1.93328e+011 -1.7685e+010
2.411 1.82261e+011 426920 1.5141e+008 2.05371e+009 1.25935e+011 6.62058e+010 1.94346e+011 -1.20854e+010
2.414 1.83935e+011 428877 1.57926e+008 2.14365e+009 1.27627e+011 6.59496e+010 1.95878e+011 -1.19431e+010
2.416 1.87526e+011 433042 1.62416e+008 2.20557e+009 1.28758e+011 6.57773e+010 1.96903e+011 -9.37752e+009
2.418 1.87739e+011 433288 1.67025e+008 2.2691e+009 1.2989e+011 6.56039e+010 1.9793e+011 -1.01918e+010
2.421 1.9127e+011 437344 1.74169e+008 2.36752e+009 1.31593e+011 6.53417e+010 1.99476e+011 -8.20638e+009
2.423 1.92175e+011 438378 1.79091e+008 2.43525e+009 1.3273e+011 6.51654e+010 2.0051e+011 -8.33429e+009
2.426 1.80391e+011 424725 1.86718e+008 2.54013e+009 1.34438e+011 6.4899e+010 2.02064e+011 -2.16727e+010
2.428 1.9169e+011 437824 1.9197e+008 2.6123e+009 1.35579e+011 6.47201e+010 2.03103e+011 -1.14131e+010
2.43 1.93602e+011 440002 1.97361e+008 2.68632e+009 1.3672e+011 6.454e+010 2.04144e+011 -1.0542e+010
2.433 1.97819e+011 444769 2.05715e+008 2.80088e+009 1.38435e+011 6.4268e+010 2.05709e+011 -7.89009e+009
2.435 1.96999e+011 443846 2.11466e+008 2.87969e+009 1.39579e+011 6.40853e+010 2.06755e+011 -9.75639e+009
2.438 1.99186e+011 446303 2.20377e+008 3.00164e+009 1.41296e+011 6.38093e+010 2.08328e+011 -9.14177e+009
2.44 1.95249e+011 441870 2.26512e+008 3.08549e+009 1.42442e+011 6.3624e+010 2.09378e+011 -1.41291e+010
2.443 2.05285e+011 453083 2.36014e+008 3.21523e+009 1.44161e+011 6.33443e+010 2.10957e+011 -5.6724e+009
2.445 1.9984e+011 447034 2.42555e+008 3.30442e+009 1.45308e+011 6.31565e+010 2.12011e+011 -1.21716e+010
2.447 2.08156e+011 456242 2.49265e+008 3.39583e+009 1.46454e+011 6.29678e+010 2.13067e+011 -4.91074e+009
2.45 1.99753e+011 446937 2.59656e+008 3.53719e+009 1.48174e+011 6.26829e+010 2.14653e+011 -1.49005e+010
2.452 2.01037e+011 448371 2.66807e+008 3.63433e+009 1.4932e+011 6.24918e+010 2.15712e+011 -1.46758e+010
2.455 2.00373e+011 447630 2.7788e+008 3.78453e+009 1.51037e+011 6.22034e+010 2.17303e+011 -1.69303e+010
2.457 2.04169e+011 451850 2.85499e+008 3.88772e+009 1.52182e+011 6.201e+010 2.18365e+011 -1.41963e+010
2.46 2.08959e+011 457120 2.97294e+008 4.04722e+009 1.53897e+011 6.17181e+010 2.19959e+011 -1.10006e+010
2.462 2.19284e+011 468278 3.05409e+008 4.15677e+009 1.55039e+011 6.15225e+010 2.21024e+011 -1.73942e+009
2.465 2.14734e+011 463394 3.1797e+008 4.32606e+009 1.5675e+011 6.12274e+010 2.22621e+011 -7.88725e+009
2.467 2.12669e+011 461161 3.26609e+008 4.44231e+009 1.57888e+011 6.10295e+010 2.23687e+011 -1.10175e+010
2.47 2.10036e+011 458297 3.39981e+008 4.6219e+009 1.59593e+011 6.07312e+010 2.25287e+011 -1.52509e+010
2.472 2.12892e+011 461403 3.49177e+008 4.74519e+009 1.60728e+011 6.05313e+010 2.26354e+011 -1.34611e+010
2.475 2.08963e+011 457125 3.63407e+008 4.9356e+009 1.62426e+011 6.023e+010 2.27955e+011 -1.8992e+010
2.477 2.09138e+011 457317 3.73192e+008 5.06628e+009 1.63555e+011 6.00281e+010 2.29023e+011 -1.98842e+010
2.48 2.04659e+011 452393 3.88331e+008 5.26806e+009 1.65245e+011 5.97238e+010 2.30625e+011 -2.59655e+010
2.482 2.11218e+011 459585 3.98739e+008 5.4065e+009 1.66368e+011 5.95199e+010 2.31693e+011 -2.04744e+010
2.485 2.13975e+011 462574 4.1484e+008 5.62021e+009 1.68047e+011 5.92128e+010 2.33295e+011 -1.93196e+010
2.487 2.14104e+011 462714 4.25908e+008 5.7668e+009 1.69163e+011 5.90071e+010 2.34363e+011 -2.02585e+010
2.49 2.28457e+011 477972 4.43026e+008 5.99302e+009 1.70831e+011 5.86973e+010 2.35964e+011 -7.50641e+009
2.492 2.33221e+011 482929 4.54791e+008 6.14815e+009 1.71938e+011 5.84898e+010 2.37031e+011 -3.81044e+009
2.495 2.23676e+011 472944 4.72985e+008 6.38749e+009 1.73593e+011 5.81774e+010 2.38631e+011 -1.49545e+010
2.498 2.21383e+011 470513 4.91854e+008 6.635e+009 1.75239e+011 5.78635e+010 2.4023e+011 -1.88468e+010
2.5 2.15557e+011 464281 5.0482e+008 6.80466e+009 1.76332e+011 5.76533e+010 2.41295e+011 -2.57376e+010
2.503 2.31273e+011 480909 5.24864e+008 7.06629e+009 1.77963e+011 5.7337e+010 2.42891e+011 -1.16176e+010
2.505 2.30613e+011 480222 5.38635e+008 7.24559e+009 1.79044e+011 5.71253e+010 2.43954e+011 -1.3341e+010
2.508 2.39157e+011 489036 5.59922e+008 7.52201e+009 1.80658e+011 5.68067e+010 2.45547e+011 -6.39024e+009
2.51 2.31824e+011 481481 5.74544e+008 7.71138e+009 1.81728e+011 5.65935e+010 2.46608e+011 -1.47836e+010
2.513 2.35979e+011 485777 5.97142e+008 8.00327e+009 1.83324e+011 5.62727e+010 2.48197e+011 -1.22178e+010
2.516 2.34796e+011 484558 6.20563e+008 8.30477e+009 1.84907e+011 5.59507e+010 2.49783e+011 -1.49871e+010
2.518 2.30747e+011 480362 6.36646e+008 8.51123e+009 1.85956e+011 5.57353e+010 2.50839e+011 -2.00922e+010
2.521 2.37143e+011 486973 6.61497e+008 8.82932e+009 1.87519e+011 5.54113e+010 2.52421e+011 -1.52785e+010
2.523 2.3267e+011 482358 6.7856e+008 9.04708e+009 1.88553e+011 5.51946e+010 2.53474e+011 -2.08041e+010
2.526 2.12697e+011 461191 7.04921e+008 9.38249e+009 1.90094e+011 5.48687e+010 2.5505e+011 -4.23527e+010
2.529 2.14717e+011 463376 7.32226e+008 9.72866e+009 1.9162e+011 5.45417e+010 2.56623e+011 -4.19055e+010
2.531 2.05493e+011 453314 7.5097e+008 9.96554e+009 1.92629e+011 5.43232e+010 2.57669e+011 -5.2176e+010
2.534 2.27912e+011 477401 7.79919e+008 1.03302e+010 1.94131e+011 5.39945e+010 2.59236e+011 -3.13239e+010
2.537 2.19625e+011 468641 8.09896e+008 1.07064e+010 1.95617e+011 5.3665e+010 2.60798e+011 -4.11733e+010
2.539 2.2829e+011 477797 8.30469e+008 1.09637e+010 1.96598e+011 5.34447e+010 2.61837e+011 -3.35473e+010
2.542 2.82351e+011 531367 8.62235e+008 1.13597e+010 1.98057e+011 5.31136e+010 2.63392e+011 1.89582e+010
2.544 3.14325e+011 560647 8.84031e+008 1.16305e+010 1.9902e+011 5.28924e+010 2.64427e+011 4.9898e+010
2.547 2.81929e+011 530970 9.17681e+008 1.20471e+010 2.0045e+011 5.256e+010 2.65975e+011 1.59544e+010
2.55 3.15079e+011 561319 9.52508e+008 1.24765e+010 2.01862e+011 5.22267e+010 2.67518e+011 4.75618e+010
2.552 2.80168e+011 529309 9.764e+008 1.277e+010 2.02793e+011 5.20042e+010 2.68544e+011 1.16249e+010
2.555 2.84704e+011 533576 1.01327e+009 1.32213e+010 2.04174e+011 5.16698e+010 2.70078e+011 1.46254e+010
2.558 2.77348e+011 526638 1.05143e+009 1.36862e+010 2.05536e+011 5.13347e+010 2.71608e+011 5.73935e+009
2.561 2.69769e+011 519393 1.0909e+009 1.41649e+010 2.06878e+011 5.0999e+010 2.73133e+011 -3.3633e+009
2.563 2.66839e+011 516565 1.11797e+009 1.4492e+010 2.07761e+011 5.07748e+010 2.74146e+011 -7.30698e+009
2.566 2.75303e+011 524693 1.15973e+009 1.49947e+010 2.09069e+011 5.04382e+010 2.75662e+011 -3.59265e+008
2.569 2.86431e+011 535192 1.20292e+009 1.55121e+010 2.10356e+011 5.0101e+010 2.77172e+011 9.25863e+009
2.571 2.91067e+011 539507 1.23253e+009 1.58654e+010 2.11202e+011 4.9876e+010 2.78176e+011 1.28915e+010
2.574 2.87843e+011 536510 1.27821e+009 1.64081e+010 2.12452e+011 4.95381e+010 2.79677e+011 8.16585e+009
2.577 2.90344e+011 538835 1.32543e+009 1.69665e+010 2.1368e+011 4.91997e+010 2.81172e+011 9.17157e+009
2.58 3.0225e+011 549772 1.37425e+009 1.75408e+010 2.14886e+011 4.8861e+010 2.82662e+011 1.95881e+010
2.582 2.9071e+011 539175 1.40771e+009 1.79327e+010 2.15676e+011 4.86351e+010 2.83652e+011 7.05826e+009
2.585 2.94863e+011 543013 1.4593e+009 1.85344e+010 2.16842e+011 4.82958e+010 2.85132e+011 9.73129e+009
2.588 2.84129e+011 533038 1.51261e+009 1.9153e+010 2.17984e+011 4.79564e+010 2.86606e+011 -2.4767e+009
2.591 2.82465e+011 531475 1.56771e+009 1.97887e+010 2.19101e+011 4.76167e+010 2.88074e+011 -5.60897e+009
2.593 2.6324e+011 513069 1.60545e+009 2.02223e+010 2.19832e+011 4.73901e+010 2.8905e+011 -2.58105e+010
2.596 2.84876e+011 533738 1.66363e+009 2.08876e+010 2.20908e+011 4.70501e+010 2.90509e+011 -5.63284e+009
2.599 2.865e+011 535257 1.72373e+009 2.1571e+010 2.21957e+011 4.671e+010 2.91962e+011 -5.46232e+009
2.602 3.10691e+011 557397 1.78581e+009 2.2273e+010 2.22981e+011 4.63698e+010 2.93409e+011 1.72817e+010
2.604 2.95761e+011 543840 1.82832e+009 2.27514e+010 2.23648e+011 4.6143e+010 2.94371e+011 1.39024e+009
2.607 2.97296e+011 545248 1.89383e+009 2.34849e+010 2.24628e+011 4.58028e+010 2.95809e+011 1.48678e+009
2.61 2.83423e+011 532375 1.96147e+009 2.42379e+010 2.25579e+011 4.54626e+010 2.97241e+011 -1.38183e+010
2.613 2.94837e+011 542989 2.03131e+009 2.50108e+010 2.26504e+011 4.51224e+010 2.98668e+011 -3.83102e+009
2.616 2.97953e+011 545851 2.1034e+009 2.58038e+010 2.274e+011 4.47823e+010 3.0009e+011 -2.13662e+009
2.618 2.94693e+011 542857 2.15275e+009 2.63439e+010 2.27982e+011 4.45557e+010 3.01034e+011 -6.34077e+009
2.621 2.87378e+011 536076 2.22876e+009 2.71714e+010 2.28831e+011 4.42159e+010 3.02447e+011 -1.50689e+010
2.624 2.79477e+011 528656 2.3072e+009 2.802e+010 2.29651e+011 4.38762e+010 3.03854e+011 -2.4377e+010
2.627 2.84379e+011 533272 2.38815e+009 2.88901e+010 2.30442e+011 4.35368e+010 3.05257e+011 -2.08775e+010
2.63 2.74457e+011 523887 2.47167e+009 2.9782e+010 2.31203e+011 4.31977e+010 3.06654e+011 -3.21972e+010
2.633 2.69531e+011 519164 2.55783e+009 3.06963e+010 2.31935e+011 4.28588e+010 3.08047e+011 -3.85163e+010
2.636 2.70676e+011 520266 2.64672e+009 3.16331e+010 2.32636e+011 4.25203e+010 3.09436e+011 -3.87595e+010
2.638 2.81004e+011 530098 2.70752e+009 3.22703e+010 2.33086e+011 4.22948e+010 3.10359e+011 -2.93551e+010
2.641 2.92788e+011 541099 2.8011e+009 3.32456e+010 2.33737e+011 4.19569e+010 3.1174e+011 -1.89528e+010
2.644 2.78714e+011 527934 2.8976e+009 3.42444e+010 2.34356e+011 4.16194e+010 3.13118e+011 -3.44035e+010
2.647 2.8325e+011 532213 2.99711e+009 3.52671e+010 2.34945e+011 4.12823e+010 3.14491e+011 -3.12409e+010
2.65 2.9587e+011 543939 3.09969e+009 3.63141e+010 2.35502e+011 4.09458e+010 3.15861e+011 -1.99914e+010
2.653 3.28768e+011 573383 3.20545e+009 3.73857e+010 2.36027e+011 4.06098e+010 3.17228e+011 1.15396e+010
2.656 3.43363e+011 585972 3.31445e+009 3.84823e+010 2.36521e+011 4.02743e+010 3.18592e+011 2.47711e+010
2.659 3.43918e+011 586445 3.42679e+009 3.96041e+010 2.36982e+011 3.99394e+010 3.19952e+011 2.39657e+010
2.662 3.38103e+011 581466 3.54256e+009 4.07517e+010 2.37411e+011 3.96051e+010 3.21311e+011 1.67926e+010
2.664 3.43987e+011 586504 3.62168e+009 4.15311e+010 2.37679e+011 3.93826e+010 3.22215e+011 2.17718e+010
2.667 3.50474e+011 592008 3.74336e+009 4.27222e+010 2.38055e+011 3.90494e+010 3.2357e+011 2.69042e+010
2.67 3.30279e+011 574699 3.86871e+009 4.39398e+010 2.38397e+011 3.87169e+010 3.24922e+011 5.35668e+009
2.673 3.32064e+011 576250 3.99783e+009 4.51843e+010 2.38707e+011 3.83852e+010 3.26274e+011 5.79031e+009
2.676 3.08828e+011 555723 4.13081e+009 4.6456e+010 2.38983e+011 3.80542e+010 3.27624e+011 -1.8796e+010
2.679 3.04566e+011 551875 4.26775e+009 4.77552e+010 2.39227e+011 3.7724e+010 3.28974e+011 -2.44078e+010
2.682 3.31321e+011 575605 4.40876e+009 4.90823e+010 2.39437e+011 3.73946e+010 3.30323e+011 9.97973e+008
2.685 3.18067e+011 563974 4.55393e+009 5.04376e+010 2.39614e+011 3.70661e+010 3.31672e+011 -1.36048e+010
2.688 3.3282e+011 576905 4.70338e+009 5.18213e+010 2.39758e+011 3.67384e+010 3.33021e+011 -2.01853e+008
2.691 3.31455e+011 575721 4.85721e+009 5.32338e+010 2.39869e+011 3.64116e+010 3.34371e+011 -2.91615e+009
2.694 3.52848e+011 594010 5.01553e+009 5.46753e+010 2.39946e+011 3.60858e+010 3.35722e+011 1.71254e+010
2.697 3.30991e+011 575318 5.17845e+009 5.61461e+010 2.39989e+011 3.57609e+010 3.37075e+011 -6.08349e+009
2.7 3.54685e+011 595555 5.34609e+009 5.76465e+010 2.39999e+011 3.5437e+010 3.38429e+011 1.62564e+010
2.703 3.35634e+011 579340 5.51856e+009 5.91768e+010 2.39976e+011 3.51141e+010 3.39785e+011 -4.15104e+009
2.706 3.42543e+011 585271 5.69598e+009 6.07372e+010 2.39919e+011 3.47923e+010 3.41144e+011 1.39822e+009
2.709 3.4149e+011 584372 5.87847e+009 6.2328e+010 2.39829e+011 3.44715e+010 3.42507e+011 -1.01616e+009
2.712 3.32064e+011 576250 6.06615e+009 6.39494e+010 2.39705e+011 3.41518e+010 3.43872e+011 -1.18077e+010
2.715 3.39835e+011 582954 6.25915e+009 6.56016e+010 2.39548e+011 3.38332e+010 3.45242e+011 -5.40668e+009
2.718 3.6112e+011 600932 6.4576e+009 6.72848e+010 2.39357e+011 3.35157e+010 3.46615e+011 1.45043e+010
2.721 3.5731e+011 597754 6.66161e+009 6.89994e+010 2.39133e+011 3.31994e+010 3.47994e+011 9.31634e+009
2.724 3.42893e+011 585571 6.87134e+009 7.07453e+010 2.38877e+011 3.28843e+010 3.49378e+011 -6.48454e+009
2.727 3.37884e+011 581278 7.0869e+009 7.25229e+010 2.38587e+011 3.25704e+010 3.50767e+011 -1.28831e+010
2.731 3.45389e+011 587698 7.38363e+009 7.49426e+010 2.38149e+011 3.21538e+010 3.52629e+011 -7.23996e+009
2.734 3.39944e+011 583047 7.61335e+009 7.67947e+010 2.37783e+011 3.18428e+010 3.54033e+011 -1.40898e+010
2.737 3.821e+011 618143 7.84936e+009 7.86789e+010 2.37384e+011 3.15331e+010 3.55445e+011 2.66553e+010
2.74 3.66472e+011 605370 8.09183e+009 8.05954e+010 2.36952e+011 3.12247e+010 3.56864e+011 9.60824e+009
2.743 3.66852e+011 605683 8.34088e+009 8.25444e+010 2.36489e+011 3.09176e+010 3.58292e+011 8.56055e+009
2.746 3.55292e+011 596064 8.59667e+009 8.45258e+010 2.35993e+011 3.06119e+010 3.59727e+011 -4.43548e+009
2.749 3.30803e+011 575155 8.85935e+009 8.65399e+010 2.35466e+011 3.03075e+010 3.61172e+011 -3.03689e+010
2.752 3.44773e+011 587173 9.12907e+009 8.85866e+010 2.34907e+011 3.00045e+010 3.62627e+011 -1.78541e+010
2.755 3.45644e+011 587915 9.40599e+009 9.0666e+010 2.34316e+011 2.97029e+010 3.64091e+011 -1.84469e+010
2.759 3.95616e+011 628980 9.78669e+009 9.34896e+010 2.3348e+011 2.9303e+010 3.6606e+011 2.95563e+010
2.762 3.66592e+011 605469 1.0081e+010 9.56455e+010 2.32818e+011 2.90047e+010 3.67549e+011 -9.56472e+008
2.765 3.7517e+011 612511 1.03831e+010 9.78342e+010 2.32125e+011 2.87079e+010 3.6905e+011 6.12025e+009
2.768 3.77356e+011 614293 1.0693e+010 1.00056e+011 2.31401e+011 2.84126e+010 3.70562e+011 6.79379e+009
2.771 3.93471e+011 627272 1.10111e+010 1.0231e+011 2.30648e+011 2.81188e+010 3.72088e+011 2.13831e+010
2.774 4.14665e+011 643945 1.13373e+010 1.04597e+011 2.29865e+011 2.78265e+010 3.73626e+011 4.10395e+010
2.778 3.91721e+011 625876 1.17855e+010 1.07697e+011 2.28775e+011 2.74392e+010 3.75697e+011 1.60237e+010
2.781 3.94962e+011 628460 1.21316e+010 1.1006e+011 2.27924e+011 2.71505e+010 3.77266e+011 1.7696e+010
2.784 3.96766e+011 629893 1.24866e+010 1.12455e+011 2.27045e+011 2.68633e+010 3.7885e+011 1.79156e+010
2.787 4.2821e+011 654378 1.28506e+010 1.14883e+011 2.26137e+011 2.65778e+010 3.80449e+011 4.77618e+010
2.79 4.38989e+011 662562 1.32238e+010 1.17343e+011 2.25202e+011 2.62938e+010 3.82062e+011 5.69265e+010
2.794 4.34557e+011 659210 1.37359e+010 1.20672e+011 2.23912e+011 2.59177e+010 3.84238e+011 5.03197e+010
2.797 4.5386e+011 673691 1.41312e+010 1.23206e+011 2.22913e+011 2.56375e+010 3.85888e+011 6.79721e+010
2.8 4.59998e+011 678232 1.45364e+010 1.25771e+011 2.21888e+011 2.5359e+010 3.87555e+011 7.24436e+010
2.803 4.91746e+011 701246 1.49515e+010 1.28368e+011 2.20837e+011 2.50821e+010 3.89238e+011 1.02508e+011
2.807 4.63898e+011 681101 1.55209e+010 1.31878e+011 2.19395e+011 2.47155e+010 3.91509e+011 7.23885e+010
2.81 4.47455e+011 668920 1.59601e+010 1.34546e+011 2.18284e+011 2.44425e+010 3.93233e+011 5.4221e+010
2.813 4.48752e+011 669889 1.641e+010 1.37245e+011 2.17149e+011 2.41712e+010 3.94975e+011 5.37765e+010
2.816 4.40655e+011 663818 1.68708e+010 1.39974e+011 2.15989e+011 2.39016e+010 3.96735e+011 4.39193e+010
2.82 4.56357e+011 675542 1.75024e+010 1.43658e+011 2.14406e+011 2.35448e+010 3.99111e+011 5.72462e+010
2.823 4.55433e+011 674858 1.79893e+010 1.46455e+011 2.13192e+011 2.32792e+010 4.00915e+011 5.45183e+010
2.826 4.53907e+011 673726 1.84878e+010 1.4928e+011 2.11955e+011 2.30154e+010 4.02738e+011 5.11688e+010
2.83 4.78754e+011 691920 1.91707e+010 1.53091e+011 2.10271e+011 2.26663e+010 4.05199e+011 7.35542e+010
2.833 4.79613e+011 692541 1.96969e+010 1.55982e+011 2.08983e+011 2.24066e+010 4.07068e+011 7.25444e+010
2.836 4.77691e+011 691152 2.02354e+010 1.589e+011 2.07673e+011 2.21486e+010 4.08957e+011 6.87336e+010
2.84 4.69326e+011 685074 2.09729e+010 1.62831e+011 2.05896e+011 2.18073e+010 4.11507e+011 5.78188e+010
2.843 4.71221e+011 686455 2.15409e+010 1.6581e+011 2.04539e+011 2.15535e+010 4.13444e+011 5.77769e+010
2.846 4.74424e+011 688784 2.21218e+010 1.68815e+011 2.03163e+011 2.13014e+010 4.15401e+011 5.90226e+010
2.85 4.71965e+011 686997 2.2917e+010 1.72859e+011 2.01299e+011 2.09681e+010 4.18043e+011 5.3922e+010
2.853 4.88494e+011 698923 2.35292e+010 1.7592e+011 1.9988e+011 2.07202e+010 4.20049e+011 6.84448e+010
2.856 4.49709e+011 670603 2.41551e+010 1.79004e+011 1.98443e+011 2.04742e+010 4.22076e+011 2.76324e+010
2.86 4.3063e+011 656224 2.50114e+010 1.83151e+011 1.965e+011 2.01489e+010 4.24812e+011 5.81785e+009
2.863 4.51276e+011 671771 2.56703e+010 1.86287e+011 1.95024e+011 1.99071e+010 4.26889e+011 2.43877e+010
2.867 4.67498e+011 683738 2.65714e+010 1.90501e+011 1.93031e+011 1.95875e+010 4.29691e+011 3.78069e+010
2.87 4.87213e+011 698006 2.72645e+010 1.93684e+011 1.91519e+011 1.935e+010 4.31817e+011 5.53955e+010
2.874 5.15497e+011 717981 2.82121e+010 1.97958e+011 1.89479e+011 1.90361e+010 4.34686e+011 8.08113e+010
2.877 5.26676e+011 725724 2.89408e+010 2.01185e+011 1.87933e+011 1.88028e+010 4.36862e+011 8.98132e+010
2.88 5.01907e+011 708454 2.9685e+010 2.04429e+011 1.86374e+011 1.85714e+010 4.3906e+011 6.2847e+010
2.884 4.83819e+011 695571 3.07021e+010 2.0878e+011 1.84275e+011 1.82657e+010 4.42023e+011 4.17954e+010
2.887 4.89033e+011 699309 3.14837e+010 2.12061e+011 1.82687e+011 1.80385e+010 4.4427e+011 4.47621e+010
2.891 4.82537e+011 694649 3.25514e+010 2.16458e+011 1.80551e+011 1.77386e+010 4.47299e+011 3.52377e+010
2.894 5.08604e+011 713165 3.33717e+010 2.19771e+011 1.78936e+011 1.75158e+010 4.49595e+011 5.9009e+010
2.898 4.62356e+011 679968 3.44919e+010 2.24207e+011 1.76768e+011 1.72216e+010 4.52688e+011 9.66773e+009
2.901 4.61576e+011 679394 3.53522e+010 2.27547e+011 1.7513e+011 1.70031e+010 4.55032e+011 6.5434e+009
2.905 4.4456e+011 666753 3.65267e+010 2.32015e+011 1.72932e+011 1.67147e+010 4.58189e+011 -1.3629e+010
2.908 4.54186e+011 673933 3.74283e+010 2.35376e+011 1.71274e+011 1.65005e+010 4.60579e+011 -6.39332e+009
2.912 4.78052e+011 691413 3.86588e+010 2.39869e+011 1.69051e+011 1.62178e+010 4.63797e+011 1.42547e+010
2.915 4.54331e+011 674041 3.96031e+010 2.43246e+011 1.67376e+011 1.6008e+010 4.66233e+011 -1.19017e+010
2.919 4.59452e+011 677829 4.08913e+010 2.47755e+011 1.65132e+011 1.57311e+010 4.6951e+011 -1.00577e+010
2.922 4.84763e+011 696249 4.18796e+010 2.51142e+011 1.63442e+011 1.55256e+010 4.71989e+011 1.2774e+010
2.926 4.64594e+011 681611 4.32274e+010 2.5566e+011 1.61181e+011 1.52544e+010 4.75323e+011 -1.07294e+010
2.929 5.12496e+011 715888 4.4261e+010 2.5905e+011 1.5948e+011 1.50532e+010 4.77844e+011 3.46519e+010
2.933 5.07615e+011 712471 4.56701e+010 2.63569e+011 1.57205e+011 1.47877e+010 4.81232e+011 2.63829e+010
2.937 5.07624e+011 712478 4.7115e+010 2.68084e+011 1.54925e+011 1.45256e+010 4.84649e+011 2.29748e+010
2.94 4.9967e+011 706873 4.82225e+010 2.71466e+011 1.53211e+011 1.43311e+010 4.87231e+011 1.24388e+010
2.944 4.80577e+011 693237 4.97315e+010 2.75968e+011 1.50923e+011 1.40746e+010 4.90697e+011 -1.01204e+010
2.947 4.86279e+011 697337 5.08877e+010 2.79338e+011 1.49205e+011 1.38844e+010 4.93315e+011 -7.03524e+009
2.951 4.73455e+011 688081 5.24625e+010 2.83817e+011 1.46913e+011 1.36336e+010 4.96826e+011 -2.33713e+010
2.955 4.74364e+011 688741 5.40757e+010 2.8828e+011 1.4462e+011 1.3386e+010 5.00362e+011 -2.59984e+010
2.958 4.85459e+011 696749 5.53111e+010 2.91615e+011 1.42901e+011 1.32024e+010 5.03029e+011 -1.75697e+010
2.962 4.80231e+011 692987 5.69927e+010 2.96041e+011 1.40609e+011 1.29605e+010 5.06604e+011 -2.6373e+010
2.965 4.92284e+011 701629 5.828e+010 2.99345e+011 1.38892e+011 1.27811e+010 5.09298e+011 -1.70144e+010
2.969 4.97485e+011 705326 6.00318e+010 3.03725e+011 1.36606e+011 1.25447e+010 5.12907e+011 -1.54225e+010
2.973 4.90836e+011 700597 6.18243e+010 3.08074e+011 1.34324e+011 1.23115e+010 5.16534e+011 -2.56986e+010
2.977 4.83313e+011 695207 6.36582e+010 3.1239e+011 1.32047e+011 1.20815e+010 5.20177e+011 -3.68643e+010
2.98 4.92961e+011 702112 6.5061e+010 3.15603e+011 1.30344e+011 1.1911e+010 5.22919e+011 -2.99579e+010
2.984 5.14498e+011 717285 6.69685e+010 3.19852e+011 1.28079e+011 1.16865e+010 5.26586e+011 -1.20884e+010
2.988 5.24977e+011 724553 6.89186e+010 3.24059e+011 1.25822e+011 1.14651e+010 5.30265e+011 -5.28842e+009
2.991 5.07017e+011 712051 7.04095e+010 3.27184e+011 1.24136e+011 1.1301e+010 5.33031e+011 -2.60133e+010
2.995 5.36375e+011 732376 7.24356e+010 3.31309e+011 1.21896e+011 1.1085e+010 5.36725e+011 -3.50493e+008
2.999 4.98299e+011 705903 7.45056e+010 3.35383e+011 1.19666e+011 1.08721e+010 5.40427e+011 -4.21282e+010
3.003 5.13628e+011 716679 7.66202e+010 3.39402e+011 1.17449e+011 1.06622e+010 5.44133e+011 -3.05047e+010
3.006 5.05375e+011 710898 7.82355e+010 3.42379e+011 1.15793e+011 1.05067e+010 5.46915e+011 -4.15394e+010
3.01 5.29954e+011 727980 8.04289e+010 3.46296e+011 1.13598e+011 1.03021e+010 5.50625e+011 -2.06708e+010
3.014 5.40642e+011 735284 8.2668e+010 3.5015e+011 1.11417e+011 1.01005e+010 5.54335e+011 -1.36934e+010
3.018 5.43122e+011 736968 8.49531e+010 3.53938e+011 1.0925e+011 9.90193e+009 5.58043e+011 -1.49218e+010
3.021 5.3656e+011 732503 8.66974e+010 3.56734e+011 1.07635e+011 9.75492e+009 5.60822e+011 -2.42617e+010
3.025 5.37345e+011 733038 8.9064e+010 3.604e+011 1.05496e+011 9.56147e+009 5.64522e+011 -2.71763e+010
3.029 5.32668e+011 729841 9.14777e+010 3.63991e+011 1.03374e+011 9.37095e+009 5.68214e+011 -3.55455e+010
3.033 5.00455e+011 707429 9.39388e+010 3.67505e+011 1.0127e+011 9.18333e+009 5.71897e+011 -7.14415e+010
3.037 5.34693e+011 731227 9.64476e+010 3.70939e+011 9.91837e+010 8.99859e+009 5.75568e+011 -4.08752e+010
3.041 5.47038e+011 739620 9.90044e+010 3.74289e+011 9.71163e+010 8.8167e+009 5.79227e+011 -3.21884e+010
3.044 5.74899e+011 758221 1.00954e+011 3.76746e+011 9.55786e+010 8.68215e+009 5.81961e+011 -7.06213e+009
3.048 5.76042e+011 758974 1.03595e+011 3.79945e+011 9.35457e+010 8.50522e+009 5.85591e+011 -9.5493e+009
3.052 5.77778e+011 760117 1.06286e+011 3.83053e+011 9.15334e+010 8.33108e+009 5.89203e+011 -1.14253e+010
3.056 5.70917e+011 755591 1.09025e+011 3.86068e+011 8.95422e+010 8.15971e+009 5.92795e+011 -2.18776e+010
3.06 5.74692e+011 758085 1.11813e+011 3.88987e+011 8.75725e+010 7.99108e+009 5.96364e+011 -2.16715e+010
3.064 5.78483e+011 760581 1.14651e+011 3.91808e+011 8.56249e+010 7.82518e+009 5.99909e+011 -2.14256e+010
3.068 5.64355e+011 751236 1.17538e+011 3.94527e+011 8.36999e+010 7.66198e+009 6.03427e+011 -3.90725e+010
3.072 5.46153e+011 739022 1.20475e+011 3.97144e+011 8.17979e+010 7.50145e+009 6.06918e+011 -6.07652e+010
3.076 5.54304e+011 744516 1.23462e+011 3.99655e+011 7.99192e+010 7.34357e+009 6.10379e+011 -5.60749e+010
3.079 5.56518e+011 746001 1.25734e+011 4.01467e+011 7.85258e+010 7.22688e+009 6.12954e+011 -5.64364e+010
3.083 5.56756e+011 746161 1.28808e+011 4.03788e+011 7.6689e+010 7.07358e+009 6.16359e+011 -5.96035e+010
3.087 5.68856e+011 754226 1.31932e+011 4.05998e+011 7.48766e+010 6.92285e+009 6.19729e+011 -5.08726e+010
3.091 5.70905e+011 755582 1.35105e+011 4.08094e+011 7.30888e+010 6.77467e+009 6.23063e+011 -5.21582e+010
3.095 6.1294e+011 782905 1.38329e+011 4.10075e+011 7.13261e+010 6.62902e+009 6.26359e+011 -1.34184e+010
3.099 6.5144e+011 807119 1.41602e+011 4.11939e+011 6.95886e+010 6.48587e+009 6.29615e+011 2.18256e+010
3.103 6.57601e+011 810926 1.44925e+011 4.13684e+011 6.78766e+010 6.34519e+009 6.3283e+011 2.47706e+010
3.107 6.67679e+011 817116 1.48297e+011 4.15308e+011 6.61903e+010 6.20696e+009 6.36002e+011 3.16764e+010
3.111 6.40965e+011 800603 1.51719e+011 4.16811e+011 6.45298e+010 6.07115e+009 6.39131e+011 1.83408e+009
3.115 6.28816e+011 792979 1.55189e+011 4.18191e+011 6.28954e+010 5.93773e+009 6.42214e+011 -1.33976e+010
3.12 6.0814e+011 779834 1.59597e+011 4.19741e+011 6.08893e+010 5.77429e+009 6.46001e+011 -3.78611e+010
3.124 6.07999e+011 779743 1.63178e+011 4.20839e+011 5.9314e+010 5.64616e+009 6.48977e+011 -4.09777e+010
3.128 5.92843e+011 769963 1.66807e+011 4.21811e+011 5.77651e+010 5.52033e+009 6.51903e+011 -5.90601e+010
3.132 6.01639e+011 775654 1.70484e+011 4.22655e+011 5.62427e+010 5.39679e+009 6.54778e+011 -5.31393e+010
3.136 6.29971e+011 793707 1.74209e+011 4.2337e+011 5.47469e+010 5.27549e+009 6.57601e+011 -2.76302e+010
3.14 6.19876e+011 787322 1.77981e+011 4.23956e+011 5.32776e+010 5.15642e+009 6.60371e+011 -4.04951e+010
3.144 6.46415e+011 804000 1.818e+011 4.24412e+011 5.18349e+010 5.03955e+009 6.63087e+011 -1.66711e+010
3.148 6.6373e+011 814696 1.85665e+011 4.24739e+011 5.04187e+010 4.92484e+009 6.65747e+011 -2.01767e+009
3.152 6.56397e+011 810183 1.89576e+011 4.24935e+011 4.90291e+010 4.81228e+009 6.68352e+011 -1.19554e+010
3.156 6.67891e+011 817246 1.93532e+011 4.25e+011 4.76659e+010 4.70183e+009 6.709e+011 -3.00937e+009
3.161 6.28007e+011 792469 1.98541e+011 4.24898e+011 4.59991e+010 4.56671e+009 6.74004e+011 -4.59979e+010
3.165 6.18777e+011 786624 2.02597e+011 4.24669e+011 4.46952e+010 4.46092e+009 6.76422e+011 -5.76453e+010
3.169 6.97765e+011 835323 2.06696e+011 4.2431e+011 4.34175e+010 4.35716e+009 6.78781e+011 1.89838e+010
3.173 6.61715e+011 813459 2.10838e+011 4.23822e+011 4.21659e+010 4.2554e+009 6.81081e+011 -1.9366e+010
3.177 6.69346e+011 818135 2.15022e+011 4.23203e+011 4.09402e+010 4.1556e+009 6.83321e+011 -1.39751e+010
3.182 6.60137e+011 812488 2.20309e+011 4.22249e+011 3.94443e+010 4.0336e+009 6.86036e+011 -2.58981e+010
3.186 6.74381e+011 821207 2.24584e+011 4.21341e+011 3.82763e+010 3.93815e+009 6.88139e+011 -1.37586e+010
3.19 7.02356e+011 838067 2.28898e+011 4.20306e+011 3.71337e+010 3.84458e+009 6.90182e+011 1.21746e+010
3.194 7.09657e+011 842411 2.3325e+011 4.19145e+011 3.60163e+010 3.75287e+009 6.92163e+011 1.74937e+010
3.199 6.56261e+011 810099 2.38742e+011 4.17517e+011 3.46546e+010 3.6408e+009 6.94554e+011 -3.82931e+010
3.203 6.80484e+011 824915 2.43176e+011 4.16075e+011 3.3593e+010 3.55318e+009 6.96397e+011 -1.59133e+010
3.207 6.93628e+011 832843 2.47645e+011 4.14511e+011 3.25559e+010 3.46732e+009 6.9818e+011 -4.55168e+009
3.211 6.76282e+011 822364 2.52148e+011 4.12826e+011 3.15429e+010 3.38321e+009 6.999e+011 -2.36186e+010
3.216 6.64121e+011 814936 2.57823e+011 4.10552e+011 3.03104e+010 3.28048e+009 7.01965e+011 -3.78445e+010
3.22 6.76702e+011 822619 2.62398e+011 4.086e+011 2.93509e+010 3.2002e+009 7.03549e+011 -2.68465e+010
3.224 7.25728e+011 851897 2.67002e+011 4.06532e+011 2.84147e+010 3.12158e+009 7.05071e+011 2.06566e+010
3.229 6.80412e+011 824871 2.72799e+011 4.03788e+011 2.72769e+010 3.02561e+009 7.06889e+011 -2.6477e+010
3.233 6.74354e+011 821191 2.77466e+011 4.01467e+011 2.63922e+010 2.95063e+009 7.08277e+011 -3.39222e+010
3.238 6.99409e+011 836307 2.83337e+011 3.98412e+011 2.53177e+010 2.85913e+009 7.09927e+011 -1.05177e+010
3.242 6.7252e+011 820073 2.88061e+011 3.95849e+011 2.44828e+010 2.78766e+009 7.1118e+011 -3.86602e+010
3.246 6.57908e+011 811115 2.92807e+011 3.9318e+011 2.36696e+010 2.71772e+009 7.12375e+011 -5.44671e+010
3.251 6.9906e+011 836098 2.9877e+011 3.89701e+011 2.26831e+010 2.6324e+009 7.13787e+011 -1.47265e+010
3.255 7.45696e+011 863537 3.03562e+011 3.86807e+011 2.19174e+010 2.56579e+009 7.14852e+011 3.08435e+010
3.26 7.52899e+011 867698 3.09577e+011 3.83053e+011 2.09893e+010 2.48456e+009 7.16104e+011 3.67957e+010
3.264 7.43436e+011 862227 3.14406e+011 3.79945e+011 2.02695e+010 2.42116e+009 7.17042e+011 2.63937e+010
3.268 7.45939e+011 863678 3.1925e+011 3.76746e+011 1.95695e+010 2.35916e+009 7.17925e+011 2.80143e+010
3.273 7.15013e+011 845585 3.25322e+011 3.72624e+011 1.87219e+010 2.28356e+009 7.18952e+011 -3.93903e+009
3.277 7.46288e+011 863879 3.30192e+011 3.69232e+011 1.80652e+010 2.22459e+009 7.19714e+011 2.65738e+010
3.282 7.19581e+011 848281 3.36291e+011 3.64877e+011 1.72707e+010 2.15272e+009 7.20591e+011 -1.01001e+009
3.286 7.09198e+011 842139 3.41178e+011 3.61305e+011 1.66557e+010 2.09666e+009 7.21235e+011 -1.20363e+010
3.291 7.43348e+011 862176 3.47292e+011 3.56734e+011 1.59121e+010 2.02837e+009 7.21967e+011 2.1381e+010
3.295 7.39163e+011 859746 3.52187e+011 3.52998e+011 1.53369e+010 1.97512e+009 7.22497e+011 1.66663e+010
3.3 7.60713e+011 872189 3.58306e+011 3.48231e+011 1.46419e+010 1.91026e+009 7.23089e+011 3.76239e+010
3.305 7.83431e+011 885116 3.64422e+011 3.43364e+011 1.3973e+010 1.84725e+009 7.23606e+011 5.98247e+010
3.309 7.912e+011 889494 3.6931e+011 3.39402e+011 1.34562e+010 1.79815e+009 7.23966e+011 6.72333e+010
3.314 7.65964e+011 875194 3.75411e+011 3.34369e+011 1.28325e+010 1.73836e+009 7.24351e+011 4.16129e+010
3.318 7.29927e+011 854357 3.80283e+011 3.30282e+011 1.2351e+010 1.69178e+009 7.24608e+011 5.31867e+009
3.323 7.64783e+011 874519 3.86357e+011 3.25104e+011 1.17703e+010 1.63508e+009 7.24866e+011 3.99166e+010
3.328 7.4555e+011 863453 3.92411e+011 3.19852e+011 1.12126e+010 1.58004e+009 7.25056e+011 2.04946e+010
3.332 7.60727e+011 872197 3.97237e+011 3.15603e+011 1.07825e+010 1.53718e+009 7.25159e+011 3.55681e+010
3.337 7.71552e+011 878380 4.03243e+011 3.10237e+011 1.02644e+010 1.48503e+009 7.2523e+011 4.63222e+010
3.342 7.58481e+011 870908 4.09219e+011 3.04815e+011 9.76747e+009 1.43443e+009 7.25236e+011 3.32457e+010
3.346 7.72724e+011 879047 4.13973e+011 3.00442e+011 9.38465e+009 1.39504e+009 7.25195e+011 4.75289e+010
3.351 7.78168e+011 882138 4.19881e+011 2.94937e+011 8.92405e+009 1.34714e+009 7.25089e+011 5.30788e+010
3.356 7.3962e+011 860012 4.25746e+011 2.89393e+011 8.48276e+009 1.30068e+009 7.24922e+011 1.46982e+010
3.36 7.05489e+011 839934 4.30403e+011 2.84935e+011 8.14322e+009 1.26453e+009 7.24746e+011 -1.92572e+010
3.365 7.27597e+011 852993 4.3618e+011 2.79338e+011 7.73514e+009 1.22059e+009 7.24473e+011 3.12437e+009
3.37 7.53258e+011 867904 4.41901e+011 2.73719e+011 7.34467e+009 1.178e+009 7.24143e+011 2.9115e+010
3.375 7.74429e+011 880017 4.47564e+011 2.68084e+011 6.9712e+009 1.13672e+009 7.23756e+011 5.06733e+010
3.379 7.44581e+011 862891 4.52049e+011 2.63569e+011 6.68428e+009 1.10462e+009 7.23406e+011 2.11744e+010
3.384 7.7676e+011 881340 4.57594e+011 2.5792e+011 6.33997e+009 1.06562e+009 7.2292e+011 5.38401e+010
3.389 7.76928e+011 881435 4.6307e+011 2.52271e+011 6.01106e+009 1.02784e+009 7.2238e+011 5.45482e+010
3.394 7.49623e+011 865807 4.6847e+011 2.46627e+011 5.69701e+009 9.91246e+008 7.21786e+011 2.78369e+010
3.399 7.42253e+011 861541 4.73792e+011 2.40994e+011 5.39727e+009 9.55812e+008 7.21139e+011 2.11139e+010
3.403 7.5573e+011 869327 4.77989e+011 2.36498e+011 5.16743e+009 9.28277e+008 7.20583e+011 3.51468e+010
3.408 7.71179e+011 878168 4.83158e+011 2.30897e+011 4.89214e+009 8.94849e+008 7.19842e+011 5.13366e+010
3.413 7.4334e+011 862172 4.88237e+011 2.25319e+011 4.62972e+009 8.62494e+008 7.19049e+011 2.42908e+010
3.418 7.37381e+011 858709 4.93222e+011 2.19771e+011 4.37968e+009 8.31181e+008 7.18204e+011 1.91767e+010
3.423 7.45545e+011 863450 4.98108e+011 2.14257e+011 4.14154e+009 8.00884e+008 7.17307e+011 2.82379e+010
3.428 7.24604e+011 851236 5.02892e+011 2.0878e+011 3.91483e+009 7.71574e+008 7.16359e+011 8.2448e+009
3.433 7.23073e+011 850337 5.0757e+011 2.03346e+011 3.69909e+009 7.43223e+008 7.15358e+011 7.71499e+009
3.438 7.26953e+011 852616 5.12138e+011 1.97958e+011 3.49389e+009 7.15806e+008 7.14306e+011 1.26473e+010
3.443 7.30113e+011 854467 5.16592e+011 1.92621e+011 3.29879e+009 6.89294e+008 7.13201e+011 1.69119e+010
3.448 7.32138e+011 855651 5.2093e+011 1.87337e+011 3.11338e+009 6.63664e+008 7.12044e+011 2.00947e+010
3.453 7.10578e+011 842958 5.25146e+011 1.82111e+011 2.93725e+009 6.3889e+008 7.10833e+011 -2.54782e+008
3.458 7.04616e+011 839414 5.29238e+011 1.76945e+011 2.77001e+009 6.14946e+008 7.09568e+011 -4.95246e+009
3.463 7.04432e+011 839305 5.33202e+011 1.71844e+011 2.61129e+009 5.9181e+008 7.08249e+011 -3.81643e+009
3.468 7.36535e+011 858216 5.37035e+011 1.66809e+011 2.4607e+009 5.69458e+008 7.06874e+011 2.96612e+010
3.473 7.10589e+011 842964 5.40733e+011 1.61844e+011 2.3179e+009 5.47867e+008 7.05443e+011 5.14515e+009
3.478 7.28298e+011 853404 5.44295e+011 1.56952e+011 2.18254e+009 5.27014e+008 7.03956e+011 2.43418e+010
3.483 7.40736e+011 860660 5.47715e+011 1.52134e+011 2.05428e+009 5.06878e+008 7.0241e+011 3.83262e+010
3.488 7.14345e+011 845190 5.50992e+011 1.47393e+011 1.93282e+009 4.87437e+008 7.00805e+011 1.354e+010
3.493 6.98546e+011 835790 5.54122e+011 1.42732e+011 1.81783e+009 4.6867e+008 6.99141e+011 -5.95061e+008
3.498 6.76103e+011 822255 5.57104e+011 1.38151e+011 1.70902e+009 4.50557e+008 6.97415e+011 -2.13115e+010
3.503 7.22759e+011 850152 5.59934e+011 1.33654e+011 1.6061e+009 4.33079e+008 6.95627e+011 2.71323e+010
3.508 7.00872e+011 837181 5.6261e+011 1.2924e+011 1.50879e+009 4.16215e+008 6.93775e+011 7.09711e+009
3.514 6.87943e+011 829423 5.65614e+011 1.24057e+011 1.39906e+009 3.96763e+008 6.91467e+011 -3.52416e+009
3.519 6.8855e+011 829789 5.67942e+011 1.19834e+011 1.31317e+009 3.81186e+008 6.89471e+011 -9.21135e+008
3.524 7.17693e+011 847167 5.7011e+011 1.15699e+011 1.23208e+009 3.66164e+008 6.87407e+011 3.02854e+010
3.529 6.99357e+011 836276 5.72114e+011 1.11653e+011 1.15555e+009 3.51681e+008 6.85275e+011 1.40822e+010
3.534 6.50318e+011 806423 5.73954e+011 1.07697e+011 1.08336e+009 3.3772e+008 6.83072e+011 -3.27536e+010
3.54 6.64042e+011 814888 5.75941e+011 1.03069e+011 1.00214e+009 3.21631e+008 6.80334e+011 -1.62918e+010
3.545 6.89796e+011 830540 5.77412e+011 9.93116e+010 9.38727e+008 3.08759e+008 6.77972e+011 1.18247e+010
3.55 6.57498e+011 810863 5.78714e+011 9.56455e+010 8.78986e+008 2.96357e+008 6.75535e+011 -1.80367e+010
3.556 6.45534e+011 803451 5.80051e+011 9.13665e+010 8.11879e+008 2.82074e+008 6.72511e+011 -2.69772e+010
3.561 6.78019e+011 823419 5.80976e+011 8.79007e+010 7.59563e+008 2.70653e+008 6.69906e+011 8.11262e+009
3.566 6.87426e+011 829111 5.81728e+011 8.45258e+010 7.10343e+008 2.59656e+008 6.67223e+011 2.02024e+010
3.572 6.85244e+011 827795 5.82401e+011 8.05954e+010 6.55135e+008 2.46997e+008 6.63899e+011 2.13457e+010
3.577 6.72006e+011 819760 5.82771e+011 7.74192e+010 6.12159e+008 2.36881e+008 6.61039e+011 1.09666e+010
3.582 6.34314e+011 796438 5.82966e+011 7.43323e+010 5.71781e+008 2.27145e+008 6.58098e+011 -2.37835e+010
3.588 6.99634e+011 836441 5.82971e+011 7.07453e+010 5.26558e+008 2.15945e+008 6.54458e+011 4.51756e+010
3.593 6.66267e+011 816252 5.82782e+011 6.78529e+010 4.91406e+008 2.07001e+008 6.51333e+011 1.49333e+010
3.599 6.61779e+011 813498 5.82326e+011 6.44967e+010 4.52077e+008 1.96715e+008 6.47471e+011 1.43079e+010
3.604 6.36301e+011 797685 5.81754e+011 6.17944e+010 4.21538e+008 1.88504e+008 6.44158e+011 -7.85729e+009
3.609 6.13724e+011 783405 5.81009e+011 5.91768e+010 3.9291e+008 1.80608e+008 6.40759e+011 -2.70357e+010
3.615 5.93868e+011 770628 5.79887e+011 5.61461e+010 3.60926e+008 1.71533e+008 6.36565e+011 -4.26971e+010
3.62 5.86471e+011 765814 5.78763e+011 5.3711e+010 3.36128e+008 1.64293e+008 6.32974e+011 -4.65035e+010
3.626 5.75961e+011 758921 5.77188e+011 5.08957e+010 3.0845e+008 1.55976e+008 6.28548e+011 -5.25873e+010
3.631 5.93024e+011 770081 5.7569e+011 4.86369e+010 2.87012e+008 1.49342e+008 6.24763e+011 -3.17392e+010
3.637 5.9237e+011 769655 5.7367e+011 4.60291e+010 2.6311e+008 1.41725e+008 6.20104e+011 -2.77348e+010
3.643 6.00105e+011 774664 5.71411e+011 4.35309e+010 2.41063e+008 1.34466e+008 6.15318e+011 -1.52133e+010
3.648 5.59168e+011 747775 5.69348e+011 4.15311e+010 2.24013e+008 1.28681e+008 6.11232e+011 -5.20642e+010
3.654 5.74561e+011 757998 5.66658e+011 3.92273e+010 2.05033e+008 1.22042e+008 6.06212e+011 -3.16515e+010
3.659 6.15426e+011 784491 5.6424e+011 3.73857e+010 1.90369e+008 1.16752e+008 6.01933e+011 1.34935e+010
3.665 6.04695e+011 777621 5.6113e+011 3.52671e+010 1.74061e+008 1.10684e+008 5.96682e+011 8.01283e+009
3.671 5.554e+011 745252 5.57797e+011 3.32456e+010 1.59061e+008 1.04908e+008 5.91307e+011 -3.59066e+010
3.676 5.31417e+011 728983 5.54852e+011 3.16331e+010 1.4749e+008 1.00309e+008 5.86733e+011 -5.5316e+010
3.682 5.47087e+011 739653 5.5112e+011 2.9782e+010 1.34642e+008 9.50359e+007 5.81132e+011 -3.4045e+010
3.688 5.42987e+011 736877 5.47177e+011 2.802e+010 1.22845e+008 9.00207e+007 5.7541e+011 -3.24226e+010
3.693 5.48044e+011 740300 5.43734e+011 2.66174e+010 1.13759e+008 8.60297e+007 5.70551e+011 -2.25073e+010
3.699 5.34804e+011 731303 5.39418e+011 2.50108e+010 1.03685e+008 8.14571e+007 5.64614e+011 -2.98096e+010
3.705 5.40705e+011 735326 5.34905e+011 2.34849e+010 9.44506e+007 7.71106e+007 5.58561e+011 -1.78567e+010
3.711 4.87242e+011 698027 5.30201e+011 2.20369e+010 8.59906e+007 7.298e+007 5.52397e+011 -6.51546e+010
3.716 5.37337e+011 733033 5.26139e+011 2.08876e+010 7.94885e+007 6.96957e+007 5.47176e+011 -9.83871e+009
3.722 5.17272e+011 719216 5.21101e+011 1.95749e+010 7.22947e+007 6.59359e+007 5.40814e+011 -2.35416e+010
3.728 4.96001e+011 704274 5.15887e+011 1.8332e+010 6.57152e+007 6.23652e+007 5.34348e+011 -3.83462e+010
3.734 5.33199e+011 730205 5.10506e+011 1.71561e+010 5.97011e+007 5.89749e+007 5.27781e+011 5.41757e+009
3.74 4.94599e+011 703278 5.04964e+011 1.60446e+010 5.42072e+007 5.57567e+007 5.21118e+011 -2.65187e+010
3.746 5.39327e+011 734389 4.99266e+011 1.49947e+010 4.91914e+007 5.27026e+007 5.14362e+011 2.4965e+010
3.752 5.31147e+011 728798 4.93419e+011 1.40038e+010 4.46148e+007 4.98049e+007 5.07517e+011 2.36294e+010
3.758 4.90806e+011 700575 4.87431e+011 1.30693e+010 4.04414e+007 4.70562e+007 5.00588e+011 -9.78219e+009
3.763 4.6374e+011 680984 4.82337e+011 1.23319e+010 3.72474e+007 4.48743e+007 4.94751e+011 -3.10118e+010
3.769 4.71701e+011 686805 4.76107e+011 1.14944e+010 3.37287e+007 4.23807e+007 4.87678e+011 -1.59761e+010
3.775 4.94071e+011 702902 4.69755e+011 1.07064e+010 3.05253e+007 4.00169e+007 4.80532e+011 1.35397e+010
3.781 4.97265e+011 705170 4.63287e+011 9.96554e+009 2.76107e+007 3.77766e+007 4.73318e+011 2.39472e+010
3.787 4.69013e+011 684845 4.56712e+011 9.26951e+009 2.49605e+007 3.5654e+007 4.66042e+011 2.9709e+009
3.793 4.80841e+011 693427 4.50036e+011 8.61613e+009 2.2552e+007 3.36432e+007 4.58708e+011 2.21336e+010
3.8 4.40509e+011 663709 4.42129e+011 7.90492e+009 2.00202e+007 3.14315e+007 4.50085e+011 -9.57592e+009
3.806 4.6352e+011 680823 4.35259e+011 7.33672e+009 1.80665e+007 2.96448e+007 4.42643e+011 2.0877e+010
3.812 4.28532e+011 654624 4.28311e+011 6.80466e+009 1.62945e+007 2.79536e+007 4.3516e+011 -6.62788e+009
3.818 4.29425e+011 655306 4.21293e+011 6.30681e+009 1.4688e+007 2.63531e+007 4.2764e+011 1.78497e+009
3.824 4.39924e+011 663268 4.1421e+011 5.84135e+009 1.32326e+007 2.48387e+007 4.2009e+011 1.98348e+010
3.83 4.24158e+011 651274 4.07071e+011 5.4065e+009 1.19147e+007 2.34063e+007 4.12513e+011 1.16445e+010
3.836 4.43735e+011 666134 3.99883e+011 5.00056e+009 1.0722e+007 2.20516e+007 4.04917e+011 3.88182e+010
3.843 4.19013e+011 647312 3.91444e+011 4.56133e+009 9.47397e+006 2.05642e+007 3.96035e+011 2.29776e+010
3.849 4.3142e+011 656825 3.84172e+011 4.21253e+009 8.51534e+006 1.93648e+007 3.88413e+011 4.30066e+010
3.855 4.22455e+011 649966 3.76874e+011 3.88772e+009 7.64944e+006 1.82314e+007 3.80787e+011 4.1668e+010
3.861 4.21167e+011 648974 3.69554e+011 3.58546e+009 6.86776e+006 1.71606e+007 3.73164e+011 4.80038e+010
3.868 3.79391e+011 615947 3.60997e+011 3.25955e+009 6.0519e+006 1.59861e+007 3.64279e+011 1.51123e+010
3.874 3.84889e+011 620394 3.53655e+011 3.00164e+009 5.4269e+006 1.504e+007 3.56678e+011 2.82114e+010
3.88 3.57367e+011 597802 3.46314e+011 2.76221e+009 4.86373e+006 1.41468e+007 3.49095e+011 8.27183e+009
3.887 3.60029e+011 600025 3.37756e+011 2.50473e+009 4.27711e+006 1.31679e+007 3.40279e+011 1.97509e+010
3.893 3.42081e+011 584877 3.30436e+011 2.30149e+009 3.82862e+006 1.238e+007 3.32753e+011 9.32773e+009
3.899 3.28392e+011 573055 3.23134e+011 2.11328e+009 3.42525e+006 1.16367e+007 3.25263e+011 3.1295e+009
3.906 3.43131e+011 585774 3.14648e+011 1.91139e+009 3.00592e+006 1.08227e+007 3.16574e+011 2.65579e+010
3.912 3.04202e+011 551545 3.07408e+011 1.75246e+009 2.68597e+006 1.01681e+007 3.09174e+011 -4.97192e+009
3.919 3.25696e+011 570698 2.99009e+011 1.58227e+009 2.35382e+006 9.45158e+006 3.00603e+011 2.5093e+010
3.925 3.23386e+011 568670 2.91856e+011 1.44853e+009 2.10075e+006 8.87567e+006 2.93316e+011 3.00701e+010
3.932 3.24232e+011 569413 2.83573e+011 1.30557e+009 1.83837e+006 8.24569e+006 2.84889e+011 3.93432e+010
3.938 3.00221e+011 547924 2.76531e+011 1.19343e+009 1.63873e+006 7.73958e+006 2.77734e+011 2.24873e+010
3.945 2.87431e+011 536126 2.6839e+011 1.07377e+009 1.43203e+006 7.18626e+006 2.69472e+011 1.7959e+010
3.951 2.71786e+011 521331 2.6148e+011 9.80068e+008 1.27498e+006 6.74198e+006 2.62468e+011 9.31788e+009
3.958 2.64465e+011 514262 2.53505e+011 8.80261e+008 1.11259e+006 6.25651e+006 2.54393e+011 1.0072e+010
3.964 2.47642e+011 497636 2.46749e+011 8.02241e+008 989372 5.86692e+006 2.47558e+011 8.39725e+007
3.971 2.54748e+011 504726 2.38963e+011 7.19285e+008 862145 5.44145e+006 2.39688e+011 1.50598e+010
3.978 2.33136e+011 482842 2.31287e+011 6.443e+008 750709 5.04533e+006 2.31937e+011 1.19935e+009
3.984 2.5497e+011 504946 2.24799e+011 5.85842e+008 666326 4.72771e+006 2.2539e+011 2.95804e+010
3.991 2.43413e+011 493369 2.1734e+011 5.23851e+008 579382 4.38112e+006 2.17869e+011 2.55436e+010
3.998 2.28625e+011 478148 2.10006e+011 4.6798e+008 503400 4.05873e+006 2.10479e+011 1.81462e+010
4.004 1.98832e+011 445905 2.03822e+011 4.24539e+008 445985 3.80044e+006 2.04251e+011 -5.41941e+009
4.011 2.03148e+011 450719 1.9673e+011 3.78597e+008 386951 3.51883e+006 1.97112e+011 6.03553e+009
4.018 1.98752e+011 445816 1.89773e+011 3.37309e+008 335476 3.25712e+006 1.90114e+011 8.63827e+009
4.025 1.99928e+011 447133 1.82954e+011 3.00241e+008 290627 3.01397e+006 1.83258e+011 1.66701e+010
4.032 1.81637e+011 426189 1.76278e+011 2.66994e+008 251583 2.78814e+006 1.76548e+011 5.08933e+009
4.038 1.77331e+011 421106 1.70669e+011 2.41263e+008 222185 2.60747e+006 1.70913e+011 6.41758e+009
4.045 1.5772e+011 397140 1.64261e+011 2.14173e+008 192065 2.41076e+006 1.64478e+011 -6.75759e+009
4.052 1.605e+011 400624 1.58001e+011 1.89945e+008 165901 2.22823e+006 1.58194e+011 2.30622e+009
4.059 1.43355e+011 378622 1.51891e+011 1.683e+008 143193 2.05891e+006 1.52061e+011 -8.70688e+009
4.066 1.46949e+011 383339 1.45931e+011 1.48981e+008 123500 1.90188e+006 1.46082e+011 8.66951e+008
4.073 1.49717e+011 386932 1.40123e+011 1.31755e+008 106433 1.75631e+006 1.40256e+011 9.4602e+009
4.08 1.30755e+011 361600 1.34467e+011 1.16412e+008 91656 1.6214e+006 1.34585e+011 -3.83016e+009
4.087 1.21083e+011 347970 1.28963e+011 1.02758e+008 78870.3 1.4964e+006 1.29068e+011 -7.98416e+009
4.094 1.13122e+011 336336 1.23612e+011 9.06208e+007 67816.6 1.38063e+006 1.23705e+011 -1.05829e+010
4.101 1.18242e+011 343863 1.18414e+011 7.98417e+007 58267.8 1.27343e+006 1.18495e+011 -2.53862e+008
4.108 1.03974e+011 322450 1.13368e+011 7.02786e+007 50025.5 1.17421e+006 1.13439e+011 -9.46536e+009
4.116 9.97507e+010 315833 1.07786e+011 6.06737e+007 41984.4 1.06985e+006 1.07848e+011 -8.0972e+009
4.123 9.70992e+010 311607 1.03063e+011 5.32988e+007 35986.8 985865 1.03117e+011 -6.01821e+009
4.13 1.02785e+011 320601 9.84892e+010 4.67763e+007 30822.6 908197 9.85369e+010 4.24795e+009
4.137 9.1065e+010 301770 9.40631e+010 4.10133e+007 26379.4 836399 9.41049e+010 -3.03997e+009
4.144 7.67941e+010 277117 8.97831e+010 3.59265e+007 22559.5 770048 8.98198e+010 -1.30258e+010
4.152 7.32578e+010 270662 8.50686e+010 3.08453e+007 18848.9 700382 8.51001e+010 -1.18423e+010
4.159 7.74263e+010 278256 8.10958e+010 2.69651e+007 16093.3 644409 8.11234e+010 -3.69713e+009
4.166 6.266e+010 250320 7.72633e+010 2.35509e+007 13730.1 592732 7.72874e+010 -1.46274e+010
4.173 5.26984e+010 229561 7.35686e+010 2.05496e+007 11705 545037 7.35897e+010 -2.08913e+010
4.181 5.67466e+010 238215 6.9512e+010 1.75647e+007 9744.66 495029 6.95301e+010 -1.27836e+010
4.188 5.6912e+010 238562 6.61049e+010 1.52954e+007 8293.88 454905 6.61206e+010 -9.20861e+009
4.196 5.93697e+010 243659 6.23701e+010 1.30436e+007 6891.98 412865 6.23836e+010 -3.01391e+009
4.203 4.64996e+010 215638 5.92385e+010 1.13355e+007 5856.37 379158 5.92502e+010 -1.27506e+010
4.211 4.00688e+010 200172 5.58114e+010 9.64444e+006 4857.43 343867 5.58214e+010 -1.57526e+010
4.218 4.23229e+010 205725 5.29424e+010 8.36459e+006 4120.82 315591 5.29511e+010 -1.06282e+010
4.226 4.16064e+010 203977 4.98079e+010 7.10032e+006 3411.56 286008 4.98153e+010 -8.20891e+009
4.233 3.80356e+010 195027 4.71882e+010 6.14567e+006 2889.51 262323 4.71946e+010 -9.15902e+009
4.241 3.71585e+010 192765 4.43306e+010 5.20477e+006 2387.73 237559 4.43361e+010 -7.1776e+009
4.248 3.55397e+010 188520 4.19462e+010 4.4959e+006 2019.06 217747 4.19509e+010 -6.41115e+009
4.256 3.32417e+010 182323 3.93494e+010 3.79881e+006 1665.34 197047 3.93534e+010 -6.11173e+009
4.264 3.30906e+010 181908 3.68852e+010 3.20586e+006 1372.22 178246 3.68886e+010 -3.79801e+009
4.271 3.34835e+010 182985 3.4834e+010 2.76068e+006 1157.45 163220 3.48369e+010 -1.35338e+009
4.279 3.03672e+010 174262 3.26056e+010 2.3244e+006 951.959 147539 3.26081e+010 -2.24083e+009
4.287 2.66685e+010 163305 3.04964e+010 1.95466e+006 782.171 133312 3.04985e+010 -3.83e+009
4.294 2.95175e+010 171807 2.8745e+010 1.67803e+006 658.106 121955 2.87468e+010 7.70722e+008
4.302 2.53372e+010 159177 2.68469e+010 1.40786e+006 539.724 110115 2.68484e+010 -1.51119e+009
4.31 2.55377e+010 159805 2.50549e+010 1.17974e+006 442.197 99385.3 2.50562e+010 4.81542e+008
4.318 1.9659e+010 140211 2.33646e+010 987365 361.934 89666.4 2.33657e+010 -3.70666e+009
4.326 2.01739e+010 142035 2.17717e+010 825344 295.946 80866.5 2.17726e+010 -1.59868e+009
4.334 1.80162e+010 134224 2.02718e+010 689063 241.748 72901.8 2.02725e+010 -2.25635e+009
4.342 1.75814e+010 132595 1.88608e+010 574577 197.28 65696 1.88614e+010 -1.28004e+009
4.35 1.89449e+010 137641 1.75345e+010 478524 160.832 59179.3 1.7535e+010 1.40989e+009
4.358 1.9517e+010 139703 1.6289e+010 398038 130.988 53288.3 1.62895e+010 3.2275e+009
4.366 1.53088e+010 123729 1.51204e+010 330683 106.576 47965.1 1.51208e+010 1.88063e+008
4.374 1.77945e+010 133396 1.40249e+010 274388 86.6274 43156.8 1.40252e+010 3.76932e+009
4.382 1.54633e+010 124351 1.29987e+010 227397 70.343 38815.4 1.2999e+010 2.46427e+009
4.39 1.57414e+010 125465 1.20385e+010 188221 57.0631 34897.1 1.20387e+010 3.7027e+009
4.398 1.29916e+010 113981 1.11406e+010 155604 46.2443 31362.2 1.11408e+010 1.85082e+009
4.406 1.39019e+010 117906 1.03018e+010 128480 37.4396 28174.3 1.03019e+010 3.59995e+009
4.414 1.43676e+010 119865 9.51881e+009 105954 30.2811 25300.6 9.51894e+009 4.84861e+009
4.423 1.42715e+010 119463 8.70091e+009 85172.4 23.822 22406.1 8.70101e+009 5.57051e+009
