183.7263,16
184.25272,12
184.77911,15
185.3055,12
185.83186,12
186.35823,12
186.8846,11
187.41093,7
187.93729,12
188.46361,13
188.98993,8
189.51624,10
190.04253,13
190.56882,9
191.09511,9
191.62137,12
192.14763,9
192.67387,9
193.20012,11
193.72633,13
194.25256,8
194.77876,14
195.30496,7
195.83115,9
196.35732,17
196.88348,10
197.40964,9
197.93578,8
198.4619,9
198.98802,13
199.51413,9
200.04022,7
200.56631,12
201.09239,13
201.61845,13
202.1445,9
202.67055,8
203.19656,11
203.72258,9
204.24858,14
204.77458,15
205.30057,11
205.82652,12
206.35249,9
206.87843,15
207.40436,14
207.93028,11
208.45619,13
208.98209,13
209.50797,11
210.03384,7
210.55969,12
211.08554,11
211.61137,15
212.13719,12
212.66299,13
213.1888,9
213.71457,12
214.24034,12
214.7661,9
215.29184,12
215.81757,9
216.34328,14
216.86897,6
217.39467,6
217.92033,10
218.446,12
218.97163,15
219.49727,11
220.02289,11
220.54849,11
221.07408,10
221.59967,12
222.12523,14
222.65077,11
223.17632,11
223.70183,7
224.22734,12
224.75282,11
225.27831,5
225.80376,11
226.32921,14
226.85464,11
227.38007,14
227.90546,13
228.43085,4
228.95622,10
229.48158,9
230.00693,13
230.53224,5
231.05756,14
231.58286,10
232.10814,13
232.63341,12
233.15865,11
233.68388,10
234.20911,17
234.73431,8
235.25949,15
235.78467,12
236.30981,13
236.83496,10
237.36008,10
237.88519,13
238.41028,12
238.93535,12
239.4604,8
239.98546,13
240.51048,11
241.03549,11
241.56047,10
242.08545,14
242.61041,8
243.13535,10
243.66028,12
244.18518,12
244.71007,12
245.23494,13
245.7598,9
246.28464,12
246.80946,10
247.33426,15
247.85904,11
248.38382,11
248.90857,11
249.4333,16
249.95801,11
250.48271,12
251.00739,10
251.53206,16
252.0567,11
252.58131,12
253.10593,12
253.63052,19
254.15509,17
254.67964,9
255.20418,12
255.72868,14
256.25317,7
256.77768,13
257.30212,7
257.82657,13
258.35098,9
258.8754,14
259.39978,11
259.92413,14
260.44849,11
260.97281,16
261.4971,12
262.02139,11
262.54568,11
263.06992,13
263.59415,10
264.11835,14
264.64255,10
265.16672,16
265.69086,12
266.215,11
266.73911,12
267.26321,15
267.78726,13
268.31131,14
268.83536,13
269.35934,12
269.88336,12
270.40732,12
270.93127,12
271.4552,16
271.9791,18
272.50299,10
273.02686,12
273.55069,16
274.07452,16
274.59833,13
275.1221,18
275.64587,17
276.16962,10
276.69333,23
277.21701,15
277.74069,19
278.26434,14
278.78796,17
279.31158,21
279.83517,21
280.35873,19
280.88229,20
281.40582,23
281.92932,23
282.45279,26
282.97626,26
283.49969,22
284.0231,33
284.54648,24
285.06985,26
285.5932,29
286.11652,24
286.63983,28
287.16312,34
287.68637,27
288.20959,28
288.73282,29
289.25598,30
289.77914,28
290.30231,30
290.82541,24
291.34851,28
291.87158,34
292.39462,38
292.91766,34
293.44064,36
293.96362,34
294.48657,32
295.00952,30
295.53241,28
296.0553,35
296.57816,29
297.10098,37
297.62381,39
298.14661,34
298.66934,35
299.19211,35
299.71481,36
300.23749,34
300.76016,34
301.28281,37
301.80542,45
302.328,36
302.85059,42
303.37311,41
303.89563,40
304.41812,42
304.94058,37
305.46304,35
305.98544,39
306.50784,39
307.03021,41
307.55255,42
308.07486,31
308.59717,40
309.11942,41
309.64166,40
310.16388,44
310.68607,38
311.20822,46
311.73038,53
312.25247,47
312.77457,50
313.29663,44
313.81863,49
314.34067,53
314.86264,48
315.38458,49
315.90652,53
316.42841,57
316.95029,61
317.47214,60
317.99396,65
318.51575,67
319.03751,71
319.55927,68
320.08096,75
320.60266,72
321.1243,83
321.64594,88
322.16754,80
322.68912,92
323.21066,98
323.73221,103
324.25369,100
324.77515,103
325.2966,113
325.81802,109
326.33939,118
326.86075,121
327.38208,121
327.90338,126
328.42465,124
328.94589,127
329.4671,133
329.98828,131
330.50946,131
331.03058,133
331.5517,139
332.07275,137
332.59381,143
333.11481,139
333.6358,143
334.15677,157
334.6777,155
335.19861,149
335.71948,165
336.24033,163
336.76114,164
337.28192,170
337.80267,183
338.32339,185
338.84409,175
339.36475,184
339.88538,183
340.40601,191
340.92657,188
341.44711,205
341.96765,200
342.48813,205
343.00858,197
343.52902,211
344.04941,213
344.56979,211
345.09012,207
345.61041,211
346.13071,231
346.65094,223
347.17117,231
347.69135,232
348.21152,233
348.73163,228
349.25171,243
349.77179,233
350.29181,252
350.8118,249
351.33179,253
351.85172,273
352.37161,265
352.89151,268
353.41135,275
353.93115,274
354.45093,286
354.97067,278
355.49039,294
356.0101,283
356.52975,307
357.04938,326
357.56894,322
358.0885,322
358.60803,334
359.12753,326
359.647,342
360.16641,354
360.68582,365
361.2052,385
361.72452,369
362.2438,385
362.76309,395
363.28232,392
363.80151,412
364.32068,412
364.83981,430
365.35892,430
365.87799,433
366.39703,433
366.91605,466
367.435,481
367.95395,482
368.47284,482
368.99173,494
369.51056,521
370.02936,529
370.54813,532
371.06686,541
371.58557,565
372.10425,569
372.62286,576
373.14148,604
373.66003,592
374.17859,603
374.69708,606
375.21555,637
375.73398,645
376.25235,650
376.77072,666
377.28906,681
377.80734,703
378.32559,707
378.84381,739
379.362,726
379.88016,741
380.39828,762
380.91635,786
381.43442,797
381.95242,828
382.4704,837
382.98834,829
383.50626,865
384.02411,885
384.54196,879
385.05975,908
385.57751,916
386.09525,944
386.61295,922
387.13062,979
387.64822,982
388.1658,1015
388.68335,1021
389.20087,1026
389.71835,1043
390.23578,1111
390.7532,1102
391.27057,1090
391.7879,1142
392.30518,1156
392.82245,1142
393.33966,1172
393.85684,1204
394.37399,1200
394.89111,1223
395.4082,1244
395.92523,1251
396.44223,1253
396.9592,1289
397.4761,1291
397.99301,1310
398.50986,1324
399.02667,1339
399.54346,1340
400.06018,1368
400.57687,1383
401.09357,1389
401.61017,1432
402.12677,1421
402.64331,1431
403.15982,1471
403.6763,1446
404.19275,1483
404.70914,1508
405.22549,1530
405.74182,1540
406.25812,1523
406.77435,1568
407.29056,1571
407.80673,1595
408.32285,1604
408.83893,1619
409.35498,1634
409.871,1675
410.38699,1676
410.90292,1687
411.41882,1682
411.93466,1706
412.45047,1743
412.96625,1778
413.48199,1786
413.99771,1795
414.51337,1791
415.02899,1838
415.54456,1836
416.06009,1859
416.57559,1903
417.09106,1880
417.60648,1930
418.12186,1943
418.63721,1935
419.1525,1961
419.66776,1977
420.18298,1991
420.69818,1990
421.21332,2031
421.72842,2005
422.24347,2030
422.75848,2048
423.27347,2063
423.78839,2073
424.30331,2075
424.81815,2092
425.33298,2100
425.84775,2101
426.36249,2110
426.87717,2165
427.39182,2103
427.90643,2160
428.42099,2163
428.93552,2141
429.45001,2181
429.96445,2170
430.47885,2188
430.99323,2203
431.50754,2206
432.02182,2199
432.53604,2198
433.05023,2199
433.56439,2212
434.07849,2222
434.59256,2240
435.1066,2254
435.62057,2225
436.13452,2239
436.64841,2250
437.16226,2243
437.67609,2311
438.18985,2300
438.70358,2264
439.21725,2277
439.7309,2297
440.24451,2300
440.75806,2321
441.27158,2385
441.78503,2354
442.29846,2378
442.81186,2372
443.3252,2387
443.83847,2412
444.35175,2435
444.86493,2414
445.37811,2451
445.89124,2474
446.4043,2484
446.91736,2453
447.43033,2519
447.94327,2490
448.45618,2480
448.96906,2533
449.48184,2493
449.99463,2526
450.50735,2517
451.02002,2526
451.53268,2532
452.04526,2535
452.5578,2538
453.07031,2508
453.58276,2479
454.09518,2499
454.60754,2516
455.11987,2510
455.63217,2489
456.14441,2491
456.65659,2525
457.16873,2470
457.68082,2501
458.19287,2491
458.7049,2480
459.21686,2460
459.72876,2492
460.24063,2445
460.75247,2483
461.26425,2420
461.77597,2440
462.28766,2444
462.79932,2433
463.31091,2422
463.82245,2467
464.33395,2445
464.84543,2390
465.35684,2450
465.86819,2430
466.37952,2437
466.89078,2438
467.40201,2442
467.91321,2442
468.42432,2436
468.93542,2446
469.44644,2454
469.95746,2473
470.46838,2476
470.97928,2515
471.49014,2513
472.00095,2531
472.51169,2548
473.0224,2593
473.53308,2635
474.0437,2637
474.55426,2655
475.06479,2699
475.57526,2751
476.08566,2788
476.59604,2804
477.10638,2819
477.61667,2887
478.12689,2929
478.63708,2934
479.14722,3024
479.65729,3023
480.16733,3058
480.67734,3075
481.18729,3117
481.69717,3191
482.207,3269
482.7168,3264
483.22656,3332
483.73627,3346
484.24591,3387
484.75552,3444
485.26508,3478
485.77457,3505
486.28403,3527
486.79343,3583
487.3028,3595
487.8121,3626
488.32135,3625
488.83057,3688
489.33972,3742
489.84885,3781
490.35791,3784
490.86691,3781
491.37585,3866
491.88477,3826
492.39365,3848
492.90244,3894
493.41122,3933
493.91992,3943
494.42859,3989
494.93719,3942
495.44574,3979
495.95425,3988
496.46271,4010
496.97113,4063
497.47949,4080
497.98779,4036
498.49606,4105
499.00427,4161
499.51242,4148
500.02051,4185
500.52856,4159
501.03656,4122
501.54453,4181
502.05243,4247
502.56027,4214
503.06805,4237
503.57581,4298
504.0835,4328
504.59116,4310
505.09875,4288
505.60629,4356
506.11377,4369
506.62122,4377
507.12857,4395
507.63593,4437
508.14319,4444
508.65042,4449
509.15759,4496
509.66473,4504
510.17178,4519
510.6788,4536
511.18579,4547
511.69269,4619
512.19952,4613
512.70636,4660
513.21313,4695
513.71979,4649
514.22644,4681
514.73309,4684
515.23962,4680
515.74609,4758
516.25256,4768
516.75891,4791
517.26526,4765
517.77155,4788
518.27777,4852
518.78394,4802
519.29004,4845
519.79608,4839
520.30212,4859
520.80804,4865
521.31396,4906
521.81982,4913
522.32562,4940
522.83136,4956
523.33704,4932
523.84265,4992
524.34827,5001
524.85376,4994
525.35925,4964
525.86469,5012
526.37,4973
526.87531,4955
527.38055,5028
527.88574,4955
528.39093,5003
528.896,5024
529.40106,4998
529.90601,4961
530.41095,4971
530.91577,5005
531.42059,4991
531.92535,4999
532.43005,4994
532.93469,4968
533.43927,4970
533.94385,4975
534.4483,4970
534.95276,4980
535.45709,4941
535.96143,4971
536.4657,4945
536.96985,4944
537.474,4944
537.97809,4926
538.48212,4914
538.98608,4888
539.49005,4863
539.9939,4947
540.49768,4842
541.00146,4850
541.50513,4776
542.00879,4883
542.51233,4828
543.01587,4739
543.51935,4713
544.02277,4714
544.52612,4877
545.02942,4784
545.53265,4887
546.03583,4819
546.53894,4802
547.04199,4781
547.54498,4774
548.04797,4749
548.55084,4580
549.05371,4586
549.55646,4550
550.0592,4562
550.56183,4519
551.06445,4501
551.56702,4497
552.06952,4493
552.5719,4448
553.07428,4485
553.5766,4437
554.07886,4449
554.58105,4413
555.08319,4411
555.58527,4397
556.08728,4413
556.58929,4452
557.09119,4454
557.59302,4521
558.09479,4508
558.59656,4471
559.09821,4489
559.59979,4531
560.10138,4624
560.60284,4565
561.10431,4564
561.60565,4563
562.10699,4632
562.60822,4675
563.10944,4618
563.61053,4657
564.11163,4654
564.61267,4672
565.11359,4624
565.6145,4621
566.11536,4663
566.61615,4637
567.11682,4633
567.61749,4602
568.1181,4620
568.61865,4671
569.11908,4498
569.61951,4613
570.11987,4521
570.62018,4539
571.12042,4572
571.62054,4504
572.12067,4509
572.62073,4504
573.12073,4482
573.62067,4481
574.12054,4467
574.6203,4439
575.12006,4387
575.61975,4397
576.11938,4414
576.61896,4413
577.11847,4331
577.61786,4350
578.11725,4269
578.61658,4257
579.11584,4302
579.61499,4306
580.11414,4268
580.61322,4275
581.11224,4265
581.61115,4208
582.11005,4196
582.60889,4209
583.1076,4143
583.60632,4145
584.10498,4114
584.60352,4073
585.10205,4043
585.60046,4062
586.09888,4146
586.59717,4093
587.09546,4103
587.59363,4091
588.09174,4038
588.58984,4066
589.08783,4018
589.58575,3969
590.08368,3846
590.58148,3810
591.07922,3793
591.5769,3790
592.07452,3803
592.57208,3745
593.06958,3729
593.56702,3721
594.06439,3727
594.56171,3732
595.05896,3654
595.55609,3639
596.05322,3643
596.55029,3628
597.04724,3598
597.54419,3560
598.04108,3525
598.53784,3498
599.03455,3537
599.53125,3466
600.02783,3470
600.52435,3453
601.02081,3432
601.51721,3385
602.01355,3372
602.50983,3387
603.00604,3336
603.5022,3284
603.99829,3339
604.49432,3241
604.99023,3280
605.48615,3241
605.98193,3210
606.47772,3208
606.97339,3184
607.46899,3196
607.9646,3181
608.46008,3118
608.95551,3129
609.45087,3081
609.94617,3057
610.44135,3017
610.93652,3036
611.43164,3002
611.92664,2950
612.42163,2973
612.9165,2940
613.41132,2900
613.90607,2903
614.40082,2867
614.89545,2838
615.38995,2852
615.88446,2812
616.37891,2754
616.87329,2774
617.36755,2754
617.86182,2745
618.35596,2768
618.85004,2713
619.34406,2713
619.83801,2638
620.33191,2636
620.82574,2642
621.31952,2624
621.81317,2585
622.30682,2573
622.80035,2540
623.29382,2497
623.78723,2517
624.28058,2472
624.77386,2473
625.26709,2473
625.76025,2445
626.2533,2425
626.74634,2393
627.23926,2382
627.73212,2376
628.22491,2363
628.71765,2359
629.21033,2292
629.70294,2318
630.19543,2277
630.68793,2283
631.1803,2279
631.67261,2214
632.16486,2210
632.65704,2196
633.14917,2161
633.64124,2151
634.13318,2164
634.62512,2129
635.11694,2110
635.6087,2110
636.1004,2060
636.59204,2066
637.08362,2059
637.57507,2020
638.06647,2028
638.55786,2029
639.04913,1948
639.54034,1966
640.03149,1987
640.52252,1930
641.01355,1933
641.50446,1902
641.9953,1889
642.48608,1872
642.97681,1885
643.46747,1859
643.95801,1863
644.44855,1857
644.93896,1819
645.42932,1838
645.91962,1805
646.40985,1781
646.89996,1759
647.39008,1747
647.88007,1754
648.37,1740
648.85986,1773
649.34967,1704
649.83936,1684
650.32904,1713
650.8186,1661
651.30811,1665
651.79755,1648
652.28687,1660
652.77618,1627
653.26538,1619
653.75452,1636
654.24359,1628
654.7326,1626
655.22156,1666
655.71039,1665
656.19916,1637
656.68787,1625
657.17651,1640
657.6651,1601
658.15356,1576
658.64203,1608
659.13037,1514
659.61865,1493
660.10681,1509
660.59497,1490
661.08301,1501
661.57098,1472
662.0589,1448
662.54675,1469
663.03448,1435
663.52216,1443
664.00977,1419
664.49731,1397
664.9848,1403
665.47217,1398
665.95953,1417
666.44678,1400
666.93396,1412
667.42102,1403
667.90808,1393
668.39502,1420
668.8819,1382
669.36865,1377
669.85541,1384
670.34204,1349
670.82861,1306
671.31512,1311
671.80157,1309
672.2879,1283
672.77423,1271
673.26044,1265
673.74652,1261
674.2326,1224
674.71857,1249
675.20447,1238
675.69031,1238
676.17603,1247
676.66174,1225
677.14734,1216
677.63287,1222
678.11829,1200
678.6037,1173
679.08899,1218
679.57422,1170
680.05939,1164
680.54443,1138
681.02942,1146
681.51434,1125
681.99921,1129
682.48395,1106
682.96869,1095
683.45331,1077
683.93781,1091
684.4223,1064
684.90668,1056
685.39099,1033
685.87524,1043
686.35938,1028
686.84344,1054
687.32745,1009
687.8114,1006
688.29523,999
688.77899,998
689.2627,979
689.74634,1004
690.22986,962
690.71332,972
691.19672,931
691.67999,930
692.16327,930
692.64642,917
693.12946,900
693.61249,918
694.0954,907
694.57825,873
695.06104,884
695.5437,851
696.02631,848
696.50885,843
696.99127,833
697.47369,824
697.95593,830
698.43817,792
698.92029,808
699.4024,780
699.88434,785
700.36627,762
700.84808,750
701.32983,756
701.81152,725
702.29309,745
702.7746,703
703.25604,714
703.73737,700
704.21863,691
704.69983,697
705.18097,708
