1.772,196345090008.481
1.773,200839655997.206
1.774,206748673129.421
1.775,206938713209.241
1.777,210923719689.060
1.778,208973830077.710
1.779,214836556740.470
1.780,218319690502.993
1.781,221792483570.849
1.783,219835661204.213
1.784,222589506076.197
1.785,218520892515.789
1.786,226128830256.610
1.788,233963791180.451
1.789,246507526756.531
1.790,245035633229.644
1.791,248297994245.885
1.793,249020063893.418
1.794,249948197105.195
1.795,256942945431.314
1.796,250325070984.078
1.798,272196832505.561
1.799,268668086872.618
1.800,268442847873.607
1.801,258794599035.240
1.803,263228217301.884
1.804,267609535790.019
1.805,274867023957.296
1.807,280508588690.666
1.808,291959891561.241
1.809,293598640283.976
1.810,285225763105.057
1.812,275851049042.821
1.813,277440261882.092
1.814,292018365729.063
1.816,288956664829.418
1.817,295656701077.985
1.818,291384103735.495
1.819,297148233029.455
1.821,306853460935.561
1.822,304257772846.175
1.823,309451645575.086
1.825,310052876515.087
1.826,311524110075.655
1.827,320236060477.827
1.829,325418706683.152
1.830,318763846137.857
1.831,332194267181.615
1.832,325343921593.347
1.834,332495287404.554
1.835,328593109095.822
1.836,329966538101.619
1.838,324674307538.528
1.839,344174814762.728
1.840,356378432521.065
1.842,368066516633.634
1.843,364428042541.772
1.844,359506274615.193
1.846,350707099509.163
1.847,365763974197.356
1.848,375762740022.307
1.850,376104692238.437
1.851,400583371855.976
1.852,393805823673.827
1.854,392233920009.797
1.855,389511228962.716
1.856,400390660760.799
1.858,394472155133.290
1.859,398517073134.624
1.861,413084444309.984
1.862,404870192612.514
1.863,400141909549.733
1.865,399380130945.245
1.866,406641044802.539
1.867,399105871301.156
1.869,401272554084.766
1.870,406187679071.733
1.871,409654055389.019
1.873,376153573356.202
1.874,370474817695.190
1.876,371731152398.482
1.877,396325850529.186
1.878,421936865644.054
1.880,390559053393.101
1.881,434636806114.671
1.883,373766849483.037
1.884,396880932840.665
1.885,416621339350.890
1.887,444885444025.948
1.888,417482847333.392
1.890,436789200269.427
1.891,402061905631.125
1.892,447549623442.630
1.894,439705326676.002
1.895,434221897213.036
1.897,443557627895.287
1.898,436772782619.682
1.899,414827672375.217
1.901,415324701207.454
1.902,421892427012.543
1.904,427307952145.057
1.905,440863165967.392
1.907,445426492260.983
1.908,439940969882.795
1.910,435539640984.007
1.911,439197049149.681
1.912,439408937780.411
1.914,434943943093.548
1.915,438829358420.890
1.917,451996509036.978
1.918,457386624640.068
1.920,459242483615.681
1.921,446425752732.232
1.923,457923822469.702
1.924,458935958642.171
1.925,462515748026.926
1.927,456075720434.961
1.928,459611642350.434
1.930,468519641955.514
1.931,461877908646.110
1.933,462022642801.148
1.934,472424209357.258
1.936,484382878873.537
1.937,483019213596.419
1.939,473079998867.596
1.940,483107708998.628
1.942,481524491671.489
1.943,511842723432.464
1.945,503670657478.296
1.946,487832058509.034
1.948,490642441016.264
1.949,490410777043.821
1.951,512189951335.834
1.952,512250128801.096
1.954,506238376461.755
1.955,486712261280.161
1.957,510365094202.632
1.958,505984956290.593
1.960,512762987147.736
1.961,515924863199.398
1.963,521974143857.533
1.964,530341940245.283
1.966,534272630406.481
1.968,520916848423.359
1.969,508635065299.050
1.971,530642585759.290
1.972,541162517302.962
1.974,546658893325.270
1.975,536428486079.672
1.977,532564429558.042
1.978,540679563831.627
1.980,552298558089.077
1.981,550544622570.974
1.983,564010598707.607
1.985,574007108058.442
1.986,572302499081.608
1.988,581410705196.871
1.989,568451433813.543
1.991,541945632251.266
1.992,545387119399.575
1.994,569863339998.554
1.996,572007991290.658
1.997,555337931612.599
1.999,540426931655.434
2.000,554390631424.520
2.002,566890961889.515
2.004,576215747971.378
2.005,556326922393.685
2.007,558369517731.799
2.008,574968250298.254
2.010,579439721763.836
2.012,596119013701.722
2.013,589269837837.721
2.015,581956428602.861
2.017,575999094500.003
2.018,580118718796.463
2.020,584104934230.508
2.021,584425564052.020
2.023,584714704954.286
2.025,584344460913.242
2.026,612289816785.759
2.028,619063641640.567
2.030,604272870522.921
2.031,579460986245.857
2.033,594305735279.078
2.035,605527823148.088
2.036,603872195482.167
2.038,604077711497.627
2.039,627893260599.324
2.041,640209181793.770
2.043,624865582788.734
2.044,609115170233.747
2.046,611085536446.653
2.048,619328249959.549
2.050,683825867651.827
2.051,663955829280.111
2.053,644312254681.208
2.055,628312771042.021
2.056,632229072388.922
2.058,652278705054.602
2.060,665830911519.589
2.061,675520950386.777
2.063,703661010998.486
2.065,725334703977.785
2.066,701452090698.320
2.068,671166521383.078
2.070,652256378267.398
2.072,641123830773.041
2.073,639702366420.927
2.075,646898115792.394
2.077,684931962124.206
2.079,679994020123.429
2.080,665396364507.074
2.082,668984480605.782
2.084,736136331539.669
2.085,822243108605.461
2.087,760708577308.678
2.089,719446771980.371
2.091,662039813452.486
2.092,655776874725.066
2.094,668116616827.109
2.096,664707538577.121
2.098,652111457464.269
2.100,649909626269.731
2.101,661153590123.744
2.103,733512435950.522
2.105,750786966017.330
2.107,721354728812.431
2.108,681946372866.496
2.110,704448525383.572
2.112,786758296063.470
2.114,814055383841.123
2.116,763892935031.716
2.117,644501531721.744
2.119,577900047914.373
2.121,587665051355.277
2.123,696962244629.558
2.125,820064350289.126
2.126,892193693474.100
2.128,833561763814.135
2.130,757561927618.865
2.132,701023183042.628
2.134,695072202209.982
2.136,670387605687.584
2.137,721399008716.718
2.139,819038795616.945
2.141,858165979635.673
2.143,832548304368.238
2.145,784840907630.856
2.147,748719873360.453
2.149,741182323561.623
2.150,768726111351.875
2.152,843334523589.321
2.154,863473889485.241
2.156,846168341594.842
2.158,786823338803.218
2.160,770121077105.441
2.162,810004499787.054
2.163,841978368895.214
2.165,859524035340.921
2.167,862259696545.251
2.169,895487990254.113
2.171,907350022847.584
2.173,913633259476.108
2.175,883999250299.189
2.177,860003439425.835
2.179,867126862660.716
2.181,869481678519.160
2.183,863791154217.137
2.184,841547802621.145
2.186,856266955257.318
2.188,904711886984.718
2.190,875949220819.663
2.192,916837962383.100
2.194,906516547793.607
2.196,905492741664.399
2.198,887963306572.093
2.200,883228333827.639
2.202,924876065828.594
2.204,980871639189.403
2.206,977583380921.072
2.208,975234565385.287
2.210,954476304733.635
2.212,927489754747.296
2.214,928043933227.896
2.216,949277133129.610
2.218,934657436394.350
2.220,941893517533.178
2.222,952511489385.399
2.224,950780668974.937
2.226,962987875352.170
2.228,950421987162.544
2.230,926847069167.082
2.232,932755034575.920
2.234,949242993953.368
2.236,969486564892.379
2.238,989219988588.174
2.240,971817537315.698
2.242,965560527478.840
2.244,949259121618.420
2.246,942442862614.794
2.248,930517415634.011
2.250,931562066297.126
2.252,949459968911.681
2.254,982093778814.801
2.256,998323606252.812
2.258,1003438233390.613
2.260,1013440177242.096
2.262,1019066959558.857
2.265,970766611162.097
2.267,1007153144683.004
2.269,1035146799731.693
2.271,1034318901273.678
2.273,1036441779771.114
2.275,1057616500388.153
2.277,1034858673571.597
2.279,1062603054302.767
2.281,1040520110560.318
2.283,1028415787221.872
2.286,1024947727579.739
2.288,1077105414720.307
2.290,1036912926604.100
2.292,1079978710575.791
2.294,1080447529944.523
2.296,1056290914599.439
2.298,1087348384604.153
2.301,1085141670512.747
2.303,1054414618483.424
2.305,1025331386953.592
2.307,1058008615294.461
2.309,1079872807939.297
2.311,1074107949291.431
2.313,1081492544362.633
2.316,1110508365500.106
2.318,1112639907285.521
2.320,1076642494587.318
2.322,1067346159320.028
2.324,1119071525714.207
2.327,1093182387779.475
2.329,1086944705242.055
2.331,1072501398931.313
2.333,1080244618081.080
2.335,1092208617267.977
2.338,1137891380216.349
2.340,1124661029388.360
2.342,1106078034951.308
2.344,1106691481104.160
2.347,1097069943512.234
2.349,1130656720383.542
2.351,1116913370471.089
2.353,1100988893291.292
2.356,1058166900516.490
2.358,1106953637557.303
2.360,1116208042539.411
2.362,1145650853078.015
2.365,1099099406691.952
2.367,1115874240076.039
2.369,1107316368151.464
2.372,1089681606639.859
2.374,1100966229638.031
2.376,1079185626324.264
2.378,1099500696843.604
2.381,1123024597751.666
2.383,1131116685413.062
2.385,1132091637585.657
2.388,1138110344500.653
2.390,1137586719662.940
2.392,1159958700661.696
2.395,1109011814287.331
2.397,1119773362744.164
2.399,1165416326608.755
2.402,1156237652198.663
2.404,1148231297903.344
2.407,1142002797777.045
2.409,1140140100865.830
2.411,1143156440908.780
2.414,1155335421380.647
2.416,1175562309496.889
2.418,1171468838229.323
2.421,1161610710694.428
2.423,1187968770997.994
2.426,1104271872416.866
2.428,1144045475471.231
2.430,1162130389686.618
2.433,1166285163386.714
2.435,1157839929678.819
2.438,1177164411349.271
2.440,1150867056041.567
2.443,1211584000551.903
2.445,1195840935121.640
2.447,1176731680905.842
2.450,1153000896376.521
2.452,1144462602212.591
2.455,1136263966906.028
2.457,1148939107444.092
2.460,1157991535328.236
2.462,1211416258839.492
2.465,1189660566500.520
2.467,1179199842424.615
2.470,1160900123364.247
2.472,1166891905456.262
2.475,1136366392343.678
2.477,1140048539329.413
2.480,1120518644378.345
2.482,1117955917079.897
2.485,1123728795510.631
2.487,1134989058335.518
2.490,1203039817726.007
2.492,1206675282837.507
2.495,1172606515628.409
2.498,1145219927762.643
2.500,1105353509830.228
2.503,1182265279960.520
2.505,1166990587774.229
2.508,1195070934519.572
2.510,1152044831764.293
2.513,1195961399214.979
2.516,1159559579699.921
2.518,1143272565655.461
2.521,1155364324924.808
2.523,1141175731162.277
2.526,1033046651257.348
2.529,1047228635173.837
2.531,1001046985570.685
2.534,1088624418413.159
2.537,1046959849955.593
2.539,1099980036068.880
2.542,1345649590951.313
2.544,1487804593200.794
2.547,1311898248982.383
2.550,1478464132492.336
2.552,1316260076023.479
2.555,1319816976764.643
2.558,1256476054178.276
2.561,1255247026025.495
2.563,1242464942193.659
2.566,1242007583457.203
2.569,1267047154501.105
2.571,1289757384390.910
2.574,1311406613020.770
2.577,1298336303173.846
2.580,1347109393639.776
2.582,1298288163988.326
2.585,1296973812311.739
2.588,1293939796859.050
2.591,1247963083646.835
2.593,1163143710404.928
2.596,1217009116933.155
2.599,1233738396014.498
2.602,1315176758343.602
2.604,1246167840810.326
2.607,1241249950321.278
2.610,1204302378976.142
2.613,1218900146815.155
2.616,1263587801021.758
2.618,1216903587279.117
2.621,1163732484099.500
2.624,1141985546532.160
2.627,1133392908654.974
2.630,1082092400961.729
2.633,1074946886752.285
2.636,1081023096897.772
2.638,1105486268162.580
2.641,1140351840243.338
2.644,1068779077789.991
2.647,1092291451545.669
2.650,1120808428652.978
2.653,1244449387867.920
2.656,1290266150428.055
2.659,1281835467846.308
2.662,1258955223803.969
2.664,1253110062060.063
2.667,1269032723100.126
2.670,1192812549013.023
2.673,1191175545337.319
2.676,1110865642991.526
2.679,1070685230839.221
2.682,1143897978745.209
2.685,1101420254336.259
2.688,1137181889120.677
2.691,1120155345209.380
2.694,1167461405633.901
2.697,1099949481501.844
2.700,1172107167702.361
2.703,1098875279775.727
2.706,1100071206012.917
2.709,1085881025008.881
2.712,1056457322395.949
2.715,1050080886727.414
2.718,1123380259825.462
2.721,1079620344690.866
2.724,1032422848686.019
2.727,1001619655989.213
2.731,1021762291568.081
2.734,1012749034532.458
2.737,1115586773541.531
2.740,1069778860659.064
2.743,1056850612674.814
2.746,1010284708174.017
2.749,929603166111.866
2.752,958119504280.931
2.755,948238098390.616
2.759,1060415660323.901
2.762,997292738946.889
2.765,998023519963.897
2.768,1001358094636.294
2.771,1018846801872.529
2.774,1053538432766.430
2.778,995752563466.736
2.781,991091565094.250
2.784,989793309527.675
2.787,1059026102813.961
2.790,1062040662844.406
2.794,1054774868926.765
2.797,1070031440766.065
2.800,1100736610465.390
2.803,1135961647476.587
2.807,1077891483692.793
2.810,1006859836045.770
2.813,996917353036.053
2.816,968861512414.294
2.820,986936508636.241
2.823,1005548515406.177
2.826,977672690711.469
2.830,1027648817364.354
2.833,1008560266015.053
2.836,995498763016.782
2.840,971789672969.639
2.843,957371173130.691
2.846,956035864177.928
2.850,945458828778.059
2.853,958266425472.541
2.856,866380698190.269
2.860,830713375269.026
2.863,860990058398.162
2.867,861944189397.875
2.870,891679288256.584
2.874,940981703345.706
2.877,944989555435.246
2.880,904296710502.027
2.884,852203926355.836
2.887,850825613257.369
2.891,839810383850.246
2.894,847514386521.349
2.898,778437564245.217
2.901,765554092654.835
2.905,723919472677.482
2.908,730321943529.768
2.912,762533575262.569
2.915,718607081273.686
2.919,714505531128.982
2.922,741100877774.082
2.926,705650000632.440
2.929,768595520052.656
2.933,750716405034.861
2.937,741901126429.239
2.940,717976452152.826
2.944,677940176966.519
2.947,677414213386.693
2.951,647560016161.464
2.955,641165777178.213
2.958,646926335636.899
2.962,629129400645.285
2.965,629849176471.032
2.969,635816513320.385
2.973,626492457173.005
2.977,602330133093.829
2.980,610126491402.009
2.984,620736773756.248
2.988,626920524581.215
2.991,592771517120.148
2.995,620882646615.781
2.999,575549075343.007
3.003,570581162180.662
3.006,557811441341.314
3.010,586059189029.885
3.014,582791363311.132
3.018,575954438493.220
3.021,548570689258.978
3.025,545450006758.800
3.029,533731483645.347
3.033,501078647274.647
3.037,519899805128.029
3.041,519408827793.438
3.044,547142870574.899
3.048,535077073717.904
3.052,531611979890.292
3.056,507113653813.624
3.060,502925479135.929
3.064,499221839894.071
3.068,489125659909.395
3.072,463678063963.647
3.076,452690457301.292
3.079,450092280478.071
3.083,433843779224.919
3.087,443406224261.881
3.091,432495531296.185
3.095,469363543262.183
3.099,477801683868.299
3.103,472203672231.912
3.107,473477788710.462
3.111,451338937439.565
3.115,424705885058.898
3.120,410403903503.738
3.124,396457352307.715
3.128,382899356525.019
3.132,380050934228.054
3.136,386881239879.607
3.140,376878038585.796
3.144,375482355107.311
3.148,382450073649.922
3.152,366386210750.482
3.156,368064113010.445
3.161,343951227441.769
3.165,328154977737.798
3.169,361988866553.392
3.173,329910278436.195
3.177,330317581238.068
3.182,317245342498.326
3.186,317427706185.561
3.190,314950526667.532
3.194,314610404708.001
3.199,283452947490.759
3.203,284609611183.110
3.207,285691189677.694
3.211,267570079991.757
3.216,260825874938.801
3.220,256891337101.348
3.224,267482530021.611
3.229,248147336828.759
3.233,240297526597.149
3.238,244278810059.764
3.242,226485659733.354
3.246,212808742380.375
3.251,223566182537.092
3.255,234472021571.283
3.260,235577687031.273
3.264,221348882857.584
3.268,217500368548.315
3.273,204172382530.936
3.277,216534172631.889
3.282,196874319678.110
3.286,189781632412.417
3.291,193164678144.706
3.295,188547475659.822
3.300,191286077600.612
3.305,191667797047.900
3.309,189894074516.575
3.314,179322212785.963
3.318,165931666406.456
3.323,168171322722.754
3.328,164303753786.571
3.332,160960708529.836
3.337,157014334844.790
3.342,154998030438.305
3.346,154638071940.446
3.351,159196215801.463
3.356,142896806686.672
3.360,134009180845.301
3.365,133563510694.091
3.370,137486889453.386
3.375,136299518001.520
3.379,128224638615.857
3.384,130434246018.906
3.389,126739985965.828
3.394,121000784851.503
3.399,121343867165.560
3.403,119160083874.400
3.408,119741906429.575
3.413,109555128158.202
3.418,107551829497.796
3.423,107421901656.349
3.428,97580378209.575
3.433,96766382020.656
3.438,100356079797.598
3.443,95151751883.509
3.448,92751143091.155
3.453,88403674870.435
3.458,82331902040.978
3.463,84744990283.986
3.468,83404649671.193
3.473,78237725485.652
3.478,80745650227.343
3.483,82181743980.575
3.488,72957445097.082
3.493,71522278094.407
3.498,69090854688.774
3.503,70794979855.539
3.508,68949876526.574
3.514,65754042661.257
3.519,65550929139.987
3.524,61463930523.259
3.529,62803167333.673
3.534,58739525929.639
3.540,58243063352.203
3.545,57933192572.787
3.550,56310139500.131
3.556,55147907276.349
3.561,59549263703.087
3.566,54970756930.822
3.572,56547386018.173
3.577,53675201402.383
3.582,51310298200.794
3.588,56346369500.081
3.593,53269295067.984
3.599,52693886009.689
3.604,50093065206.270
3.609,46570337094.583
3.615,44955676973.531
3.620,45896032894.186
3.626,42720295182.803
3.631,44397523744.088
3.637,43781176800.512
3.643,45756394837.807
3.648,42935738097.777
3.654,46200073463.922
3.659,48465972218.676
3.665,44689838749.654
3.671,41961642763.761
3.676,39172283826.798
3.682,40262750655.777
3.688,40592929926.421
3.693,42031495519.493
3.699,38383065054.124
3.705,41045148151.194
3.711,37857029608.565
3.716,39866975084.477
3.722,38020465538.481
3.728,34997662715.216
3.734,40811430489.969
3.740,38699096257.059
3.746,41507988527.088
3.752,38233763497.398
3.758,36560540940.136
3.763,35018644987.764
3.769,34405843914.474
3.775,39184967638.570
3.781,38585928009.318
3.787,36056406841.812
3.793,38715570458.878
3.800,35408031519.752
3.806,37949045927.022
3.812,36131149006.322
3.818,36921494051.081
3.824,35218670951.927
3.830,34862281028.225
3.836,33835981110.753
3.843,32280442351.235
3.849,36093503228.676
3.855,31292981586.639
3.861,37090454990.129
3.868,27650542732.906
3.874,29789120630.375
3.880,29780554143.789
3.887,28432080970.864
3.893,28452258673.405
3.899,26324027718.153
3.906,24910355248.843
3.912,23846330044.685
3.919,28401601659.188
3.925,27482163450.172
3.932,25617365101.155
3.938,28157600782.308
3.945,30216127558.312
3.951,24182828367.173
3.958,22964754601.613
3.964,25681361748.740
3.971,23399082680.117
3.978,25405846111.630
3.984,26663554627.789
3.991,27939560160.839
3.998,26067544879.696
4.004,23951030900.077
4.011,23583355777.016
4.018,22317489046.956
4.025,23267492690.769
4.032,24046488049.197
4.038,21561294927.158
4.045,22470927106.183
4.052,25434419493.146
4.059,21253140512.900
4.066,22304758248.124
4.073,29665205730.004
4.080,24198107472.624
4.087,23449258954.932
4.094,24300200906.639
4.101,23283079267.997
4.108,22400925422.693
4.116,22593107647.196
4.123,24604323458.527
4.130,22631529440.882
4.137,25197587408.247
4.144,21224488373.451
4.152,19380375024.157
4.159,20024047992.151
4.166,18873486886.943
4.173,16735309388.297
4.181,16799966392.310
4.188,18710800523.240
4.196,19789894838.690
4.203,17038019597.067
4.211,16750053751.070
4.218,16479696448.667
4.226,18366795885.613
4.233,14791615042.468
4.241,16170813460.085
4.248,15422906013.101
4.256,17495638430.735
4.264,17496154285.805
4.271,17469660308.809
4.279,15183611924.248
4.287,14178167715.971
4.294,14183723828.727
4.302,16524255301.867
4.310,17275511846.376
4.318,14994173390.600
4.326,15304331396.563
4.334,12959017617.575
4.342,14876531208.697
4.350,14208698067.849
4.358,13940692535.674
4.366,12392873180.464
4.374,12975162032.337
4.382,11597460096.510
4.390,12812760202.013
4.398,11908954154.110
4.406,13901873398.803
4.414,12725546552.825
4.423,13173712499.192
