1.772,218770896157.687
1.773,218231464879.526
1.774,226971500765.785
1.775,229747113287.412
1.777,231565298556.268
1.778,235747121232.791
1.779,239206782890.545
1.780,241238532471.381
1.781,235005652804.857
1.783,238685449946.268
1.784,243060211180.456
1.785,246482168009.745
1.786,251332772795.628
1.788,256200996813.376
1.789,267332327641.660
1.790,271113722709.908
1.791,281858597126.681
1.793,275762120015.962
1.794,277001977060.067
1.795,285080789599.584
1.796,281108611648.468
1.798,276814457342.709
1.799,296350539245.877
1.800,298490567200.810
1.801,287707548744.305
1.803,287653898727.194
1.804,299502070073.238
1.805,300299559981.815
1.807,313495009818.746
1.808,311137896538.470
1.809,322431982412.633
1.810,307221379371.331
1.812,302621404013.222
1.813,300310025351.140
1.814,318543765562.063
1.816,311329022742.046
1.817,323825754263.157
1.818,313139549129.566
1.819,319556897892.635
1.821,331824321606.374
1.822,335847377677.199
1.823,335180272095.059
1.825,347771627368.873
1.826,341272401717.716
1.827,340996520434.288
1.829,355438882576.431
1.830,345777731403.777
1.831,363680718663.193
1.832,352061845386.986
1.834,360717070001.660
1.835,354955880026.145
1.836,351964307308.393
1.838,352463834574.636
1.839,377250110331.849
1.840,380269724086.723
1.842,398231747680.054
1.843,386337544097.389
1.844,379036796576.179
1.846,377884536465.736
1.847,389681169339.719
1.848,395526884140.364
1.850,409936828047.147
1.851,421875195081.942
1.852,422094332746.805
1.854,433195057226.010
1.855,420325467100.681
1.856,422363318973.282
1.858,425131863641.202
1.859,430486293330.972
1.861,444607982489.928
1.862,437824743173.997
1.863,419011963325.356
1.865,423650523981.027
1.866,430388294258.196
1.867,428803404374.381
1.869,440865427157.294
1.870,438135024616.701
1.871,433989939867.574
1.873,404882887129.411
1.874,391669029233.817
1.876,388341311357.464
1.877,430969718582.437
1.878,442096862035.142
1.880,409749001298.513
1.881,465769157084.272
1.883,412581099237.045
1.884,418333956237.457
1.885,438812136538.248
1.887,468747272895.829
1.888,442217791920.378
1.890,459450694891.747
1.891,427088207920.410
1.892,466666064644.954
1.894,466388107846.040
1.895,456758593830.979
1.897,470328015426.948
1.898,451615635802.160
1.899,442213941431.718
1.901,442241947665.457
1.902,442052542987.259
1.904,450976206979.438
1.905,469995093233.960
1.907,476206210383.657
1.908,465958984230.703
1.910,467215251237.389
1.911,469493806519.871
1.912,459778888538.443
1.914,458314682784.262
1.915,458241104158.097
1.917,476333182556.226
1.918,482843361960.364
1.920,476396905820.947
1.921,471837054686.480
1.923,469478341230.558
1.924,489695741392.987
1.925,484695341751.051
1.927,481079871774.597
1.928,479275234654.969
1.930,489239918091.803
1.931,483286841750.736
1.933,489826822329.514
1.934,489466357849.173
1.936,503990281653.217
1.937,508420224000.868
1.939,502135612977.765
1.940,512919422958.085
1.942,505241079472.830
1.943,530622276907.348
1.945,525174810108.588
1.946,522249064618.668
1.948,512478308166.755
1.949,511774083831.004
1.951,523891669325.155
1.952,528966468338.116
1.954,521172219531.389
1.955,502616709476.468
1.957,530478930327.745
1.958,527052396541.650
1.960,524649432998.165
1.961,517927394425.648
1.963,540662335466.753
1.964,550481507596.370
1.966,546940182312.911
1.968,543345212730.475
1.969,521142484937.551
1.971,555056453033.736
1.972,559642121174.707
1.974,562370595908.454
1.975,544686638338.351
1.977,551164702880.332
1.978,556910422268.148
1.980,573260677694.902
1.981,566670093846.533
1.983,585065091161.734
1.985,592223886223.333
1.986,585192990421.613
1.988,594414069620.698
1.989,581838877001.181
1.991,549759807783.876
1.992,555966099632.631
1.994,580227530987.088
1.996,583471752978.771
1.997,567970290511.924
1.999,555818837936.760
2.000,565550749040.381
2.002,579564362585.240
2.004,581231947967.759
2.005,567855399642.952
2.007,563756213740.789
2.008,588721958787.654
2.010,586563980637.981
2.012,609312470955.039
2.013,603978113131.599
2.015,589062878222.116
2.017,587555570524.818
2.018,586453868611.713
2.020,589328151577.996
2.021,590118507254.783
2.023,584418046047.663
2.025,590437574569.764
2.026,624304560360.422
2.028,625832727185.344
2.030,613189833688.532
2.031,581155316614.997
2.033,590146742440.494
2.035,604655514159.159
2.036,606622332518.159
2.038,609568013587.297
2.039,633482378402.738
2.041,648022107739.152
2.043,629481395034.634
2.044,610794715739.906
2.046,607376993069.700
2.048,624263698217.423
2.050,677336237921.297
2.051,659386987835.564
2.053,631692428147.735
2.055,618298740230.669
2.056,628656380391.071
2.058,654549969315.946
2.060,661163872420.152
2.061,675806462200.128
2.063,694353716500.711
2.065,705629426868.476
2.066,709264017743.289
2.068,671996659319.235
2.070,651989497588.892
2.072,630449281712.454
2.073,626045512229.578
2.075,635190134778.649
2.077,680029864582.164
2.079,678250445712.856
2.080,646322863485.229
2.082,660303101523.739
2.084,720747213753.358
2.085,814047470950.203
2.087,749123447633.313
2.089,707757291082.901
2.091,642736936440.954
2.092,642200717614.307
2.094,651010665502.930
2.096,656752099430.093
2.098,631959971534.723
2.100,636775400693.728
2.101,655595690153.110
2.103,704608705987.498
2.105,733602315503.322
2.107,694551365785.141
2.108,665087956095.204
2.110,687196724761.933
2.112,757322208153.295
2.114,792622164269.902
2.116,742512029761.699
2.117,626496888731.190
2.119,562335657596.479
2.121,569075448041.454
2.123,669513780778.049
2.125,789835897010.120
2.126,857021229568.486
2.128,813920056661.639
2.130,730315854454.823
2.132,675121386822.547
2.134,668702090207.074
2.136,651327462104.617
2.137,692057394056.430
2.139,780006775030.527
2.141,822222544158.450
2.143,795220583912.248
2.145,745408828131.243
2.147,721250163027.944
2.149,705972553357.961
2.150,737981690119.037
2.152,805098327441.498
2.154,818837757642.926
2.156,807887516238.282
2.158,744145430230.766
2.160,735828297342.727
2.162,759350039713.916
2.163,802111968852.827
2.165,825615284677.267
2.167,826285691078.682
2.169,858955771928.544
2.171,853611752701.713
2.173,855549160233.971
2.175,837512330750.113
2.177,818883882485.210
2.179,823625109768.710
2.181,827638858169.165
2.183,812032855041.348
2.184,806813558136.228
2.186,811107911025.958
2.188,848580127573.257
2.190,821284095113.918
2.192,866377779734.024
2.194,849682425785.106
2.196,851956487118.264
2.198,833753819856.635
2.200,833993714920.389
2.202,865355574274.325
2.204,916733174775.035
2.206,915642472294.757
2.208,901810075385.857
2.210,897277765477.277
2.212,871205757955.002
2.214,857602498166.219
2.216,879629082601.079
2.218,881347535885.326
2.220,888664524812.488
2.222,896489101388.017
2.224,882635089987.149
2.226,898304659598.563
2.228,872873819528.677
2.230,862537846123.285
2.232,860357540774.455
2.234,879480296627.316
2.236,890226183514.068
2.238,913167414550.276
2.240,901399813282.472
2.242,889652917782.947
2.244,872843826113.859
2.246,869292736100.022
2.248,862540696047.133
2.250,860676946380.327
2.252,867905880013.211
2.254,899400680295.542
2.256,912957814856.520
2.258,923555398133.067
2.260,925882877600.327
2.262,926109358611.318
2.265,880519463893.259
2.267,916892400952.156
2.269,952679847379.218
2.271,963098805730.286
2.273,945051100668.144
2.275,964126253441.016
2.277,942141221631.306
2.279,961189080370.155
2.281,956092220449.360
2.283,933488922242.108
2.286,939907854349.104
2.288,966544576494.002
2.290,952403531773.316
2.292,972860737157.009
2.294,976921661940.623
2.296,952655292102.694
2.298,981333823841.953
2.301,978226818677.384
2.303,948082995109.127
2.305,929510456967.645
2.307,954229736612.572
2.309,966149711586.986
2.311,966477250551.014
2.313,966403559232.844
2.316,1003129360950.556
2.318,992844053340.667
2.320,979413206592.659
2.322,960863644044.259
2.324,994453869705.579
2.327,974621000698.734
2.329,966466692272.912
2.331,960153206078.773
2.333,964597992301.110
2.335,973181249756.311
2.338,1011639741483.306
2.340,987044795098.398
2.342,981388022896.265
2.344,976938128055.003
2.347,981216865498.001
2.349,1010553047317.967
2.351,980680752350.199
2.353,975887412599.508
2.356,925108114477.321
2.358,981590689096.244
2.360,988281442482.799
2.362,1006814027324.949
2.365,977056782894.506
2.367,983043486100.507
2.369,974153563749.970
2.372,957463773765.238
2.374,966759735100.477
2.376,942255953775.591
2.378,966288993040.025
2.381,978515095269.765
2.383,979758100574.363
2.385,987444953841.652
2.388,988165714256.159
2.390,991506197768.163
2.392,1012122058465.830
2.395,963000730899.133
2.397,974158039494.653
2.399,1012564478174.172
2.402,996903226141.216
2.404,993317127347.464
2.407,995188158641.013
2.409,973974804939.146
2.411,984307792105.996
2.414,1001046797188.844
2.416,1003043890918.241
2.418,1006891878201.280
2.421,1000507667051.870
2.423,1019505991781.016
2.426,945074504531.487
2.428,985869636319.305
2.430,995500446510.173
2.433,998367259209.003
2.435,998370724469.578
2.438,1005698099357.490
2.440,988959482381.340
2.443,1033985855336.682
2.445,1008391269823.495
2.447,1009836268307.149
2.450,981468279376.676
2.452,983033963307.604
2.455,970878880937.772
2.457,979147082350.818
2.460,978487657546.661
2.462,1032317987330.623
2.465,1014722467442.103
2.467,1006779939265.666
2.470,990590035901.908
2.472,986134123199.699
2.475,952348435004.034
2.477,967150182653.862
2.480,935381607485.558
2.482,938446209162.576
2.485,949097916040.792
2.487,959381505111.809
2.490,1020782464247.845
2.492,1018708582889.271
2.495,995961650645.812
2.498,971685233316.524
2.500,928260649407.309
2.503,998590674003.362
2.505,980383500946.369
2.508,1006338039616.302
2.510,975436803002.739
2.513,1005456812654.167
2.516,967326386880.796
2.518,953690879370.831
2.521,974825415752.073
2.523,963235393347.008
2.526,866008905437.099
2.529,873783401429.269
2.531,846023650571.316
2.534,911103256233.995
2.537,864698747003.861
2.539,919816870408.374
2.542,1125644935817.359
2.544,1240345160861.763
2.547,1104418780702.966
2.550,1227121436116.618
2.552,1091507638641.994
2.555,1099905382584.064
2.558,1033098831766.362
2.561,1033280574552.545
2.563,1018901454746.763
2.566,1027581027769.972
2.569,1049366835701.165
2.571,1061074446985.663
2.574,1076538874982.587
2.577,1074047680521.509
2.580,1098666291337.646
2.582,1071778314101.001
2.585,1070969922430.930
2.588,1050702152553.350
2.591,1023043878095.055
2.593,947025019163.075
2.596,1005289606065.629
2.599,1018430650359.441
2.602,1074215745991.394
2.604,1016903129734.199
2.607,1013508604969.344
2.610,992079242128.966
2.613,998171752480.388
2.616,1027812666418.953
2.618,994007413542.492
2.621,947063350518.856
2.624,921446931119.895
2.627,937587549110.873
2.630,894187505157.606
2.633,883919983907.417
2.636,876146507895.531
2.638,888094981974.743
2.641,936760438390.003
2.644,856371879364.851
2.647,882625008440.578
2.650,904308711146.303
2.653,994342657391.933
2.656,1040260130390.664
2.659,1039835707016.479
2.662,1006031358976.766
2.664,1012739161580.277
2.667,1022509322803.980
2.670,958554428700.265
2.673,946679705990.343
2.676,891555570174.127
2.679,862229973973.556
2.682,927698689316.104
2.685,888562772866.541
2.688,913553603732.347
2.691,887548561126.267
2.694,939345851603.843
2.697,892520851730.317
2.700,949858836343.371
2.703,882675899839.979
2.706,877960890642.099
2.709,877961869188.251
2.712,845794701561.042
2.715,846529433642.982
2.718,894183264706.858
2.721,864125477148.628
2.724,823794133919.403
2.727,802680224562.690
2.731,816237319149.386
2.734,797978382226.339
2.737,887240677154.548
2.740,849232860213.544
2.743,836773775551.550
2.746,798057883249.292
2.749,748347317553.813
2.752,765586244379.608
2.755,761717218769.217
2.759,843282111862.957
2.762,792967776435.230
2.765,787273869018.754
2.768,793844612400.980
2.771,811000717659.766
2.774,834323914147.328
2.778,795063324142.353
2.781,791071267411.592
2.784,782600709708.960
2.787,852909285058.061
2.790,851581228739.460
2.794,836879659697.906
2.797,850021616560.175
2.800,866478230209.886
2.803,900466866049.576
2.807,848517647487.177
2.810,801965428814.426
2.813,793223640037.752
2.816,770422050043.926
2.820,794905761922.166
2.823,803904892759.239
2.826,776785802964.853
2.830,820146318870.592
2.833,802727952273.583
2.836,784310937381.232
2.840,775583035839.194
2.843,760886141183.274
2.846,750657590455.494
2.850,746584697558.532
2.853,752849328116.361
2.856,687919868367.825
2.860,642070660813.315
2.863,678860539626.539
2.867,676662090010.828
2.870,700175514042.134
2.874,743818686401.122
2.877,752095497460.335
2.880,707587670407.520
2.884,672240259496.278
2.887,673694483372.145
2.891,666619915585.409
2.894,673999983570.885
2.898,611681392617.393
2.901,602492796435.717
2.905,566185659204.533
2.908,574269063760.573
2.912,595788260268.853
2.915,568664194939.951
2.919,558571099253.927
2.922,580747382698.445
2.926,552324586715.191
2.929,598653311682.920
2.933,588454457962.910
2.937,581117150909.042
2.940,555689283101.227
2.944,531496500213.941
2.947,528558687334.423
2.951,508223327713.462
2.955,506135535315.132
2.958,505692213302.433
2.962,494732134156.336
2.965,492152023874.332
2.969,498556208738.794
2.973,486629264887.634
2.977,470505733260.794
2.980,479563362779.060
2.984,483528363244.834
2.988,497236743500.809
2.991,463679053391.760
2.995,479387563952.950
2.999,446625043803.281
3.003,447073621542.663
3.006,425429703120.696
3.010,451813104899.164
3.014,454552469611.614
3.018,444209171724.112
3.021,439126450885.293
3.025,428201218777.958
3.029,418904789952.722
3.033,384879269504.065
3.037,406617355920.435
3.041,415797940371.800
3.044,424733175284.990
3.048,415279496834.469
3.052,415774897695.505
3.056,399531536079.198
3.060,402869925237.454
3.064,392156806899.332
3.068,377634776433.505
3.072,355746279326.731
3.076,352106887698.928
3.079,351491943172.530
3.083,345408858201.228
3.087,348399977926.989
3.091,343536982814.211
3.095,360346449705.926
3.099,379613142529.480
3.103,375559022822.101
3.107,372168572967.335
3.111,350446301328.155
3.115,337250002148.744
3.120,321489783472.282
3.124,315372925882.310
3.128,305277582209.063
3.132,293189601971.402
3.136,304268801209.663
3.140,292259251988.353
3.144,295341484082.240
3.148,301963891851.630
3.152,288923250762.435
3.156,286179247913.910
3.161,261048184953.002
3.165,261058660315.499
3.169,280502195294.620
3.173,262520894243.732
3.177,253692612866.815
3.182,252727658108.140
3.186,249826099372.320
3.190,251429919560.383
3.194,247883342437.784
3.199,223581271081.899
3.203,224523882899.707
3.207,221315803009.333
3.211,215488312596.767
3.216,206249486594.251
3.220,199674037767.258
3.224,210253709644.895
3.229,193264829473.268
3.233,188344788818.902
3.238,193663699277.298
3.242,178053955978.689
3.246,168509779680.787
3.251,178426852054.618
3.255,186459718865.672
3.260,181357425730.424
3.264,175026676206.770
3.268,171920723534.916
3.273,161533973327.689
3.277,163875363872.240
3.282,156454592034.699
3.286,149920687396.762
3.291,151843736631.886
3.295,149703860373.513
3.300,154062840878.331
3.305,151444984312.888
3.309,149940731462.316
3.314,139456242083.338
3.318,132112116011.385
3.323,138520457273.862
3.328,130000192288.120
3.332,129821580804.905
3.337,130589221739.796
3.342,123967852747.007
3.346,123555042404.678
3.351,124372043594.893
3.356,115018218601.745
3.360,106328595949.386
3.365,106911040127.175
3.370,107811188859.544
3.375,107767920333.738
3.379,101106224825.462
3.384,103378743003.461
3.389,102757649593.844
3.394,97382984599.739
3.399,94269832287.223
3.403,97283684609.559
3.408,95249243750.798
3.413,89279253693.102
3.418,89763778064.776
3.423,85330427375.373
3.428,82593074711.610
3.433,80881783296.997
3.438,79078580408.124
3.443,78844826207.360
3.448,75732584725.805
3.453,71827985832.228
3.458,70924469830.481
3.463,66430748768.782
3.468,71590460394.301
3.473,64490966777.761
3.478,64173398870.639
3.483,66772666984.217
3.488,64457548580.917
3.493,60518850695.267
3.498,56327765768.434
3.503,60139612989.526
3.508,57043583415.026
3.514,54795035551.048
3.519,54242952145.487
3.524,54655051992.239
3.529,54281203624.679
3.534,49152956415.900
3.540,46913105739.616
3.545,52344781713.676
3.550,48656334131.181
3.556,48187491794.868
3.561,48443613237.560
3.566,48560739338.182
3.572,49282617675.561
3.577,47280682823.760
3.582,44245836854.308
3.588,48384382505.505
3.593,46860958819.204
3.599,43878178844.570
3.604,41744221005.225
3.609,41546151349.939
3.615,40233441997.320
3.620,39942990970.672
3.626,39668845526.888
3.631,40433459124.080
3.637,38283075527.889
3.643,42593510402.014
3.648,39926223745.129
3.654,37590059772.918
3.659,40007288388.058
3.665,40312998872.111
3.671,38949012001.235
3.676,35027068607.031
3.682,36501944275.842
3.688,36488026900.154
3.693,38528870892.868
3.699,38848314327.507
3.705,34876513168.933
3.711,32512507781.474
3.716,34419313892.809
3.722,34872274124.466
3.728,32342667612.683
3.734,36306272578.739
3.740,32956649715.689
3.746,36527029903.838
3.752,36033259123.447
3.758,31300031452.347
3.763,33731194804.390
3.769,33880563854.711
3.775,34357833943.964
3.781,38295808249.850
3.787,33261336543.998
3.793,33691412460.398
3.800,30947177155.059
3.806,34033668172.647
3.812,32490025463.050
3.818,30673241211.667
3.824,29966763880.148
3.830,30580948270.372
3.836,31580249036.703
3.843,32280442351.235
3.849,30645427269.630
3.855,27298132873.451
3.861,32584138028.711
3.868,26685988916.642
3.874,25388455082.706
3.880,25297459971.605
3.887,26448447414.757
3.893,24527809201.211
3.899,24349725639.292
3.906,23857805027.061
3.912,22879586934.766
3.919,21762266206.391
3.925,25976291480.300
3.932,21029180306.919
3.938,23210995239.470
3.945,21528990885.297
3.951,21295326472.585
3.958,21483157530.541
3.964,21645719188.224
3.971,21512059883.333
3.978,18680769199.728
3.984,23747228340.375
3.991,22436313462.492
3.998,20939503264.018
4.004,19769104869.905
4.011,20273411106.558
4.018,24001827842.953
4.025,21543974713.675
4.032,21470078615.355
4.038,23761427062.583
4.045,21622967592.742
4.052,23680321597.067
4.059,21253140512.900
4.066,20992713645.293
4.073,20858347778.909
4.080,19528297258.609
4.087,20038457652.396
4.094,19272573132.852
4.101,23283079267.997
4.108,20287630571.496
4.116,21314252497.354
4.123,15817065080.482
4.130,23103019637.567
4.137,22103146849.340
4.144,18137290064.585
4.152,18605160023.190
4.159,22248942213.501
4.166,18496017149.204
4.173,15667098150.746
4.181,17919964151.798
4.188,19100608867.474
4.196,18553026411.272
4.203,16328102113.855
4.211,14122594339.138
4.218,16479696448.667
4.226,18366795885.613
4.233,15848158974.073
4.241,14450514155.821
4.248,14417064316.595
4.256,16795812893.505
4.264,17115803105.679
4.271,15649904026.641
4.279,14830504670.196
4.287,14853318559.588
4.294,14183723828.727
4.302,16157049628.493
4.310,16524402635.664
4.318,11328931006.231
4.326,13913028542.330
4.334,13275091218.003
4.342,14538428226.681
4.350,14573023659.332
4.358,16330525541.789
4.366,13850858260.519
4.374,10750848541.080
4.382,13706089204.967
4.390,13544917927.843
4.398,13713341147.157
4.406,10812568199.069
4.414,16420060068.161
4.423,10246220832.705
