1.772,195629372790.953
1.773,194407069150.320
1.774,200800782648.137
1.775,200048675685.627
1.777,204043193399.990
1.778,206841444056.509
1.779,209394661580.745
1.780,211703942305.932
1.781,209995011040.485
1.783,214651969300.148
1.784,216236528630.047
1.785,218285923814.159
1.786,228955440634.818
1.788,228995904815.649
1.789,241664549806.501
1.790,243313495245.099
1.791,255363384326.053
1.793,246321324284.720
1.794,243005191630.050
1.795,258423884598.065
1.796,252234127769.466
1.798,248379609661.324
1.799,263971956559.297
1.800,264221267472.265
1.801,254291762605.139
1.803,260382506844.567
1.804,267369742299.168
1.805,270709782491.750
1.807,273564078979.491
1.808,293978628927.265
1.809,286829073001.595
1.810,278053279539.967
1.812,272824835002.689
1.813,272127084510.495
1.814,283176565784.730
1.816,283775697733.862
1.817,290212262227.069
1.818,287912490108.781
1.819,294813997106.207
1.821,302291476774.548
1.822,301882614588.203
1.823,307327263568.850
1.825,306494503793.032
1.826,308192301411.745
1.827,312361403252.962
1.829,316052411804.448
1.830,311716745633.704
1.831,329021213931.533
1.832,322979503558.511
1.834,328463604176.396
1.835,330946927928.886
1.836,315301358630.436
1.838,326990101458.204
1.839,334108420459.083
1.840,347419198183.943
1.842,356912985826.554
1.843,350308585983.707
1.844,352513865518.050
1.846,344562635501.590
1.847,355134109689.639
1.848,365270663515.191
1.850,377339441720.507
1.851,382757659387.725
1.852,399265009635.279
1.854,393475166592.107
1.855,382770614370.036
1.856,389404331654.558
1.858,387953949387.514
1.859,399249192681.105
1.861,410814749561.028
1.862,394463492435.203
1.863,383691093437.653
1.865,395295015285.757
1.866,396113913600.547
1.867,395242777568.053
1.869,394957126478.105
1.870,402344389382.113
1.871,400826332587.974
1.873,372367539758.182
1.874,359241885579.718
1.876,361008138386.988
1.877,397018727890.251
1.878,406283221387.445
1.880,380527944260.726
1.881,436339356558.321
1.883,370686353470.814
1.884,389248607209.113
1.885,412270202647.486
1.887,441443834092.792
1.888,412105685466.656
1.890,424125423862.836
1.891,395702763246.143
1.892,436304658029.499
1.894,437687301209.360
1.895,420164353778.082
1.897,436172693403.794
1.898,417564384383.534
1.899,406760399319.814
1.901,403968987857.985
1.902,414122382313.955
1.904,417925941219.716
1.905,429426187114.591
1.907,438391128118.658
1.908,437145646027.235
1.910,433827445835.175
1.911,443434357872.785
1.912,428392535839.842
1.914,435564405209.231
1.915,434699199753.400
1.917,439308157885.917
1.918,448414168043.570
1.920,446635016693.738
1.921,439513878600.676
1.923,441504243177.960
1.924,452373871655.331
1.925,452138139954.171
1.927,449474624481.297
1.928,445310847947.136
1.930,462283442341.679
1.931,466238987611.867
1.933,453543354008.810
1.934,466875602871.519
1.936,477780386100.787
1.937,478219022653.846
1.939,472299982381.417
1.940,481330851875.216
1.942,477636526458.155
1.943,494661429827.784
1.945,490452508613.805
1.946,489958952145.023
1.948,474502887035.465
1.949,482092321303.680
1.951,505475850850.158
1.952,503603746281.948
1.954,507372592391.094
1.955,479302234279.609
1.957,509425195318.281
1.958,501221882842.528
1.960,498499252127.221
1.961,498630275336.327
1.963,511427342652.329
1.964,529596030343.391
1.966,523654241308.445
1.968,518203739837.820
1.969,506724209520.946
1.971,525616201320.433
1.972,534640304171.758
1.974,538170962044.699
1.975,528873155289.818
1.977,526773778429.404
1.978,532476871933.600
1.980,544659819588.649
1.981,544234655550.103
1.983,559014617447.305
1.985,561862589281.847
1.986,563649977497.221
1.988,573216804327.062
1.989,557123597270.157
1.991,534131456718.655
1.992,542620309184.775
1.994,555152875369.668
1.996,568804881407.215
1.997,551451051951.269
1.999,537472929439.826
2.000,550303827790.543
2.002,566403523401.218
2.004,562947089916.435
2.005,560533258687.337
2.007,545441447310.225
2.008,568644706165.196
2.010,581972791585.754
2.012,596119013701.722
2.013,582228642218.311
2.015,575931395230.015
2.017,569916738697.468
2.018,568504277468.505
2.020,566196760467.693
2.021,577384292195.972
2.023,572700019236.047
2.025,582709723102.956
2.026,607976831912.802
2.028,617217527401.082
2.030,600854701309.437
2.031,563647236133.885
2.033,584983854778.803
2.035,601020893371.956
2.036,600687826282.596
2.038,609712495221.235
2.039,619068337751.828
2.041,642312661855.988
2.043,621692211869.678
2.044,602396988209.110
2.046,603119035859.126
2.048,624545723832.159
2.050,666469881163.202
2.051,659092223871.400
2.053,637862121119.656
2.055,618298740230.669
2.056,631679427466.176
2.058,657531003658.959
2.060,660032469002.107
2.061,676520241733.503
2.063,698194822166.459
2.065,726989345567.117
2.066,701157300998.510
2.068,668537751251.914
2.070,651188855553.376
2.072,636827975663.292
2.073,632810122249.592
2.075,647284093188.451
2.077,688336196528.402
2.079,677177476844.812
2.080,652083316813.974
2.082,665874732874.901
2.084,734300932170.659
2.085,819563765525.858
2.087,760418949066.794
2.089,726650754393.929
2.091,652877055377.392
2.092,651655541316.443
2.094,669839518399.328
2.096,668256888350.411
2.098,644730389943.563
2.100,648736927557.588
2.101,660680577360.286
2.103,732998591862.291
2.105,746490803388.828
2.107,712379290734.485
2.108,686746338752.767
2.110,707204021316.194
2.112,777165285271.315
2.114,812834504245.294
2.116,759591451131.239
2.117,637278112078.827
2.119,572135458907.746
2.121,585426512736.335
2.123,691243814660.494
2.125,822213929188.967
2.126,888430384578.850
2.128,835579747425.693
2.130,756835365667.824
2.132,705377364303.762
2.134,695401828610.019
2.136,673034847851.885
2.137,721399008716.718
2.139,811054973224.269
2.141,844341581375.202
2.143,833057897821.562
2.145,791610873087.115
2.147,745768582167.704
2.149,736517306689.214
2.150,768494950289.974
2.152,842202530940.208
2.154,857242634612.667
2.156,843549783508.563
2.158,787864263402.546
2.160,765721674438.514
2.162,803935301805.941
2.163,843327693204.341
2.165,871580480021.331
2.167,862879938018.812
2.169,901384418475.082
2.171,907995915517.606
2.173,915822682285.679
2.175,893969635189.072
2.177,869194869800.798
2.179,874760875006.667
2.181,879548212110.608
2.183,864745224248.027
2.184,847492253858.496
2.186,863871457524.257
2.188,894683990967.855
2.190,875473871900.483
2.192,915350192870.106
2.194,920786587085.785
2.196,910603020507.439
2.198,889035582133.497
2.200,897244028261.090
2.202,923877818590.786
2.204,987311771886.748
2.206,981809626285.767
2.208,978119098920.979
2.210,968354408362.728
2.212,922956815408.319
2.214,925783780231.264
2.216,951727712685.244
2.218,944420213355.038
2.220,948514684920.386
2.222,965993512665.143
2.224,953516915932.382
2.226,960479750659.683
2.228,955644085993.107
2.230,931715098003.067
2.232,930333287424.111
2.234,958387916823.825
2.236,984546037354.258
2.238,978757729725.818
2.240,970890988315.261
2.242,967658147090.471
2.244,953086264965.893
2.246,951459631681.719
2.248,940907963931.822
2.250,947079824597.651
2.252,945576440868.897
2.254,991281900872.496
2.256,1000539206945.540
2.258,1004876385907.524
2.260,1005292304454.162
2.262,1021121271182.007
2.265,973449634459.279
2.267,1012336184589.117
2.269,1048655426872.115
2.271,1060489356857.264
2.273,1049844044164.706
2.275,1054642398479.738
2.277,1055659852939.871
2.279,1057474661183.545
2.281,1053266324164.514
2.283,1028043037752.057
2.286,1041210827423.846
2.288,1072887486787.974
2.290,1050915216363.453
2.292,1084824523659.021
2.294,1093723350255.750
2.296,1058519637663.885
2.298,1101712467776.969
2.301,1094964236405.748
2.303,1058438636340.479
2.305,1037664773981.486
2.307,1067509498554.070
2.309,1090922322759.554
2.311,1076673493756.300
2.313,1088002380234.435
2.316,1129561514368.475
2.318,1118136275975.378
2.320,1104141687151.464
2.322,1087034020092.549
2.324,1129642883758.851
2.327,1103561087987.367
2.329,1096193765061.222
2.331,1093753235623.930
2.333,1085859691853.455
2.335,1109074843433.597
2.338,1154407947424.240
2.340,1130288004301.549
2.342,1122088814709.349
2.344,1108134521175.142
2.347,1106774286138.039
2.349,1148839253793.058
2.351,1130378927560.509
2.353,1116566663875.518
2.356,1072148960720.433
2.358,1121082413028.560
2.360,1127474305612.578
2.362,1157879363531.354
2.365,1122839858437.496
2.367,1126304091696.861
2.369,1101144829979.559
2.372,1100954174984.409
2.374,1110425718239.797
2.376,1090826953704.243
2.378,1113853872409.261
2.381,1138826555034.745
2.383,1145948610995.650
2.385,1144876066704.445
2.388,1148392262003.132
2.390,1152317528593.506
2.392,1183697974557.208
2.395,1130625297025.716
2.397,1139503452261.762
2.399,1179070586022.266
2.402,1173121598444.939
2.404,1160300916010.911
2.407,1159135340844.879
2.409,1141740211122.902
2.411,1172610152334.970
2.414,1174132645423.639
2.416,1189415089576.067
2.418,1194115863221.454
2.421,1187284502509.976
2.423,1194352897975.281
2.426,1117913880988.529
2.428,1161437200963.859
2.430,1183137433106.528
2.433,1198406317685.094
2.435,1181344755528.063
2.438,1214784041001.047
2.440,1177073249855.162
2.443,1226980341658.014
2.445,1208497451257.620
2.447,1203181033140.183
2.450,1160543649815.484
2.452,1172735414676.176
2.455,1162730744910.316
2.457,1172989709920.737
2.460,1183087736048.250
2.462,1237557932010.041
2.465,1209083041784.179
2.467,1210746701677.672
2.470,1190828531168.897
2.472,1192331889625.705
2.475,1157001479114.199
2.477,1164296479594.887
2.480,1132930065846.018
2.482,1129603987528.750
2.485,1146603349333.402
2.487,1155028358703.389
2.490,1233133473765.425
2.492,1235898784867.195
2.495,1182427804127.833
2.498,1178481880193.792
2.500,1133578094701.190
2.503,1209984465920.518
2.505,1202501637879.530
2.508,1228259436038.411
2.510,1189086735675.789
2.513,1219917924783.997
2.516,1182101126709.301
2.518,1164337197464.865
2.521,1181195928035.527
2.523,1172048660436.219
2.526,1061076523562.796
2.529,1062271698441.527
2.531,1039927436149.305
2.534,1122036970743.744
2.537,1072997150377.269
2.539,1129105721048.639
2.542,1387498302525.707
2.544,1533143580804.096
2.547,1338740588654.008
2.550,1513557263684.418
2.552,1354347893656.067
2.555,1345699147011.804
2.558,1284294097536.061
2.561,1272128510663.121
2.563,1254829440004.623
2.566,1279077360729.063
2.569,1291663668743.425
2.571,1314027979162.693
2.574,1346970182187.435
2.577,1337334907278.953
2.580,1391009425790.113
2.582,1339246631377.540
2.585,1337943028094.387
2.588,1317361259057.388
2.591,1280121264373.720
2.593,1193967195877.127
2.596,1253303890224.731
2.599,1269526814863.327
2.602,1352104858695.525
2.604,1288447826489.301
2.607,1269469209518.464
2.610,1256227224321.512
2.613,1263245579885.126
2.616,1297389192000.214
2.618,1261117750950.258
2.621,1214097688350.242
2.624,1171840118924.214
2.627,1176796102696.344
2.630,1128553432027.952
2.633,1118498029964.471
2.636,1106071876940.017
2.638,1128409778129.663
2.641,1176750303050.123
2.644,1111672594932.281
2.647,1125929823456.787
2.650,1160886416285.793
2.653,1269872921721.691
2.656,1331632426799.523
2.659,1308325237584.638
2.662,1287057875451.436
2.664,1313644645452.950
2.667,1296620390993.607
2.670,1228199597222.813
2.673,1213272240441.481
2.676,1149803201611.848
2.679,1110716019104.574
2.682,1188799386522.342
2.685,1122049613773.853
2.688,1177205717782.707
2.691,1167587397428.612
2.694,1221426350391.445
2.697,1155860163380.962
2.700,1223654505930.137
2.703,1130024210047.799
2.706,1129305924675.135
2.709,1137086356109.317
2.712,1083707213648.226
2.715,1094285622890.814
2.718,1154693349700.194
2.721,1114492958110.564
2.724,1068669109897.511
2.727,1029804115619.648
2.731,1058110228825.503
2.734,1043877603003.206
2.737,1153613985750.092
2.740,1107262963501.584
2.743,1097803143742.317
2.746,1038407215020.745
2.749,982653658372.760
2.752,1004841744875.877
2.755,978267186064.103
2.759,1080514256186.188
2.762,1029359511454.634
2.765,1040303042559.349
2.768,1031721960972.760
2.771,1062287301788.380
2.774,1094178359234.700
2.778,1041095890785.540
2.781,1036796448839.919
2.784,1026011228551.104
2.787,1112223203137.673
2.790,1098357316035.916
2.794,1089123749928.890
2.797,1110833916333.660
2.800,1139254984452.066
2.803,1175340099395.601
2.807,1119278102093.967
2.810,1053244442278.568
2.813,1043148178682.425
2.816,1026264172344.606
2.820,1045403481655.841
2.823,1057160740090.742
2.826,1023723750618.781
2.830,1066738196482.017
2.833,1047775026403.024
2.836,1032611267940.184
2.840,1012775059392.444
2.843,989289265656.647
2.846,983248485446.150
2.850,983331528403.981
2.853,1000389931512.669
2.856,910166039076.732
2.860,851574338952.912
2.863,882939000403.973
2.867,892226183737.460
2.870,930370203590.233
2.874,983910964278.328
2.877,986386116118.770
2.880,949486625118.333
2.884,884782205474.016
2.887,890048626960.917
2.891,871554189354.313
2.894,888266393085.862
2.898,811120611820.357
2.901,793881319599.426
2.905,744959697366.214
2.908,766568268440.698
2.912,801102491600.246
2.915,747122152469.091
2.919,746404321846.179
2.922,775706472182.057
2.926,732675472173.213
2.929,794694846992.511
2.933,781158727241.358
2.937,768190105263.165
2.940,745141607076.468
2.944,706019744343.848
2.947,700107251841.123
2.951,684303812075.446
2.955,667078041528.022
2.958,681309174407.462
2.962,657096461879.980
2.965,660419262023.601
2.969,666214649066.747
2.973,650153523537.072
2.977,628720886347.941
2.980,640205924454.982
2.984,644839134385.829
2.988,654660370801.622
2.991,619116917881.044
2.995,641175654541.884
2.999,595803001748.040
3.003,595308976493.702
3.006,578863366541.276
3.010,592683618156.174
3.014,604417041410.837
3.018,602165538688.121
3.021,580418827675.981
3.025,574492045256.359
3.029,552736364661.603
3.033,518782844316.946
3.037,546287952119.916
3.041,546767519635.491
3.044,567070030273.257
3.048,562105434189.842
3.052,552161450121.688
3.056,541363159844.610
3.060,533304463467.221
3.064,525227300104.679
3.068,501979584581.979
3.072,485628089960.805
3.076,470592014503.249
3.079,466656093755.589
3.083,459989755875.401
3.087,463089838834.027
3.091,453426954468.414
3.095,484395539409.759
3.099,497291740194.200
3.103,498561303889.134
3.107,490763485758.622
3.111,471025305461.304
3.115,449014708743.191
3.120,431388173889.376
3.124,416126346836.649
3.128,400611707711.210
3.132,395571202303.943
3.136,405058689439.168
3.140,395417365852.842
3.144,393653043292.352
3.148,404400850504.001
3.152,382150602607.699
3.156,383800490146.343
3.161,353591116103.253
3.165,344993325596.651
3.169,375522492024.692
3.173,349531685480.185
3.177,346105318948.664
3.182,338350506336.109
3.186,334873282137.366
3.190,333657694474.912
3.194,329018973709.745
3.199,297289382427.580
3.203,300960373525.718
3.207,301141282478.100
3.211,279809295329.579
3.216,274567198369.971
3.220,270706903683.155
3.224,280200045660.882
3.229,256249040295.523
3.233,249192660360.670
3.238,256458916932.550
3.242,236377546176.615
3.246,227823236740.740
3.251,242607257047.398
3.255,251813778667.937
3.260,245788929875.730
3.264,234319100719.812
3.268,227470915894.996
3.273,217565216190.931
3.277,222576986751.849
3.282,205535689887.412
3.286,198624504173.569
3.291,205746833345.841
3.295,193367486315.788
3.300,200001041753.844
3.305,200656986257.619
3.309,198069855141.578
3.314,187384993377.505
3.318,177444704838.820
3.323,181349485144.483
3.328,176376251824.652
3.332,173747306870.992
3.337,171455966425.426
3.342,165239517656.615
3.346,166760453459.395
3.351,163368697264.002
3.356,154170115529.757
3.360,141478545023.563
3.365,140941878252.163
3.370,144905814601.847
3.375,143636214544.664
3.379,134494792093.405
3.384,138450691356.816
3.389,135233730097.572
3.394,128442009588.360
3.399,125584378652.528
3.403,121646038336.313
3.408,119401730559.037
3.413,112988945607.937
3.418,111010617276.438
3.423,109951459780.125
3.428,102141731448.086
3.433,102115277509.235
3.438,100691158528.141
3.443,98345891964.404
3.448,95474112429.611
3.453,93761473347.431
3.458,86465029653.477
3.463,88074852377.659
3.468,89223578718.020
3.473,82650265317.815
3.478,84624262246.997
3.483,85667130444.037
3.488,78269880419.685
3.493,78571348771.980
3.498,75046962851.599
3.503,75309965815.713
3.508,71615464536.622
3.514,69642722603.590
3.519,67494487685.916
3.524,68640856542.442
3.529,66693629026.910
3.534,61354044887.932
3.540,60721491579.956
3.545,60541117640.373
3.550,62323843718.592
3.556,54969435084.516
3.561,58974833506.595
3.566,58855616077.877
3.572,58510836921.582
3.577,57938213788.132
3.582,54098901363.881
3.588,55529755449.355
3.593,52267992529.112
3.599,53294956952.765
3.604,49496719191.909
3.609,49275667880.161
3.615,46089013367.822
3.620,46664167335.929
3.626,46725322856.191
3.631,44001117282.087
3.637,47039310887.992
3.643,47654125499.283
3.648,45343349579.895
3.654,44100070124.652
3.659,45265389147.632
3.665,49757758607.862
3.671,44974273526.288
3.676,39379544587.786
3.682,41368870179.287
3.688,43785632280.185
3.693,44366578603.909
3.699,40709311421.040
3.705,40333382576.318
3.711,35852833923.406
3.716,43828910496.599
3.722,39473476960.334
3.728,39583563346.866
3.734,41076439778.865
3.740,35952708780.751
3.746,40677828756.547
3.752,40709330918.092
3.758,35508439042.579
3.763,36306095171.137
3.769,36769604183.408
3.775,41740509006.303
3.781,40906886085.067
3.787,37453941990.720
3.793,40488802693.636
3.800,39590082486.652
3.806,38551411735.388
3.812,33890457595.077
3.818,37489517036.482
3.824,39852706603.496
3.830,36697137924.447
3.836,36736208063.103
3.843,34812241751.332
3.849,35071988986.355
3.855,34954926240.395
3.861,35703895925.077
3.868,32151793875.473
3.874,32497222505.863
3.880,28819891106.892
3.887,30415714526.971
3.893,27471146305.357
3.899,26653078064.630
3.906,29471406209.898
3.912,27713302484.364
3.919,29139305598.387
3.925,28235099435.109
3.932,29440852429.686
3.938,25874552070.229
3.945,26061410019.044
3.951,23460952893.526
3.958,23705553137.149
3.964,24947608555.919
3.971,24153891798.830
3.978,25032230727.635
3.984,25413700504.611
3.991,24129620138.906
3.998,28631565687.535
4.004,23570855806.425
4.011,24824585028.438
4.018,22738573745.956
4.025,23698372185.043
4.032,25334692766.119
4.038,25961559198.007
4.045,23742866376.344
4.052,24557370545.107
4.059,23336781739.655
4.066,25803543855.673
4.073,24566498495.160
4.080,23773579271.350
4.087,23875609117.749
4.094,19691542114.001
4.101,20087362505.723
4.108,21132948511.975
4.116,22166822597.249
4.123,22846871782.918
4.130,24517490227.622
4.137,20334895101.393
4.144,19680889219.018
4.152,20543197525.606
4.159,22693921057.771
4.166,18118547411.465
4.173,18871731863.398
4.181,20906624843.764
4.188,18710800523.240
4.196,20202184314.497
4.203,17392978338.672
4.211,14779459192.121
4.218,17228773559.970
4.226,17617130747.424
4.233,14791615042.468
4.241,17202993042.644
4.248,12740661489.084
4.256,16095987356.276
4.264,16735451925.553
4.271,18197562821.676
4.279,16242933686.405
4.287,17553921934.059
4.294,18017162701.356
4.302,16524255301.867
4.310,18777730267.800
4.318,14327765684.351
4.326,16347808537.238
4.334,12642944017.146
4.342,15214634190.713
4.350,17123302799.716
4.358,16330525541.789
4.366,14215354530.532
4.374,16682351184.434
4.382,14057527389.709
4.390,12812760202.013
4.398,14435095944.376
4.406,14674199698.736
4.414,13546549556.233
4.423,13905585415.814
