1.772,204933696618.815
1.773,209892926374.304
1.774,217692791614.982
1.775,211928050726.341
1.777,216855207869.292
1.778,216555647041.981
1.779,220751660174.954
1.780,229188419683.878
1.781,229106916539.675
1.783,230203045012.344
1.784,229413074444.283
1.785,231679139807.062
1.786,235786415715.486
1.788,239168243562.625
1.789,254014141029.078
1.790,263733131347.569
1.791,272017518086.448
1.793,263985801723.465
1.794,256651788598.438
1.795,273973745848.951
1.796,264165732678.145
1.798,272196832505.561
1.799,278307512252.592
1.800,278624306488.610
1.801,270407177197.077
1.803,273188203902.496
1.804,279599210332.583
1.805,292718707897.583
1.807,297125808356.691
1.808,304072315757.386
1.809,306887050134.574
1.810,289529253244.110
1.812,290050976461.903
1.813,288759639760.712
1.814,299426360277.018
1.816,299789596029.217
1.817,301811284126.846
1.818,301104621890.293
1.819,304150940799.199
1.821,318138369123.332
1.822,319221269871.397
1.823,319601470715.993
1.825,322151343770.075
1.826,335084757056.167
1.827,332405985279.891
1.829,335265324376.147
1.830,335676887347.824
1.831,348791776489.734
1.832,339766871605.843
1.834,344353179252.078
1.835,340126821377.838
1.836,332028828964.754
1.838,341811182544.128
1.839,354001533011.525
1.840,378029915502.443
1.842,380487494123.336
1.843,371244331914.630
1.844,366498683712.336
1.846,362759701985.556
1.847,369870967302.610
1.848,380886777386.248
1.850,396107633847.966
1.851,398602737137.281
1.852,409935236741.753
1.854,401915643351.811
1.855,395770371084.490
1.856,406494176930.933
1.858,406060076459.115
1.859,414379663308.384
1.861,423676353138.445
1.862,413046885608.972
1.863,399899985783.379
1.865,404666751210.465
1.866,423778235131.364
1.867,412868142725.333
1.869,420218836904.749
1.870,417237136929.391
1.871,421106236320.104
1.873,394638325628.887
1.874,380436097118.345
1.876,376777276639.186
1.877,413416825435.456
1.878,429052158487.968
1.880,397537216267.796
1.881,450446203091.421
1.883,392865924758.819
1.884,404306979401.093
1.885,436854125021.716
1.887,457275239785.309
1.888,430388035813.558
1.890,447675604548.777
1.891,417446927530.275
1.892,455645998540.085
1.894,449122778853.662
1.895,445824948937.126
1.897,461327626515.441
1.898,443757654705.554
1.899,426716285298.969
1.901,422895176773.768
1.902,439322527282.350
1.904,441380968533.068
1.905,449063264012.796
1.907,471369397535.809
1.908,453702564248.631
1.910,456300007163.589
1.911,459324265584.423
1.912,446683920193.994
1.914,447766826817.657
1.915,446470151955.748
1.917,467388935023.511
1.918,467611051924.449
1.920,467716354825.511
1.921,460656081826.611
1.923,465626834976.939
1.924,471034806524.159
1.925,475335146234.448
1.927,464877181706.513
1.928,473912436753.732
1.930,475158177028.306
1.931,471987682612.184
1.933,476417714471.863
1.934,481737941672.607
1.936,485783407643.514
1.937,499019850071.663
1.939,486145275011.095
1.940,500086565955.670
1.942,488522829055.492
1.943,511443158464.914
1.945,510772946420.411
1.946,509681056769.645
1.948,501655313144.338
1.949,504400907152.242
1.951,512189951335.834
1.952,522241504156.556
1.954,516446319825.808
1.955,491772767524.441
1.957,520328022376.754
1.958,506168151423.211
1.960,517700433885.606
1.961,524481132984.285
1.963,530115534261.549
1.964,549922075169.951
1.966,548616770065.233
1.968,531769282765.512
1.969,510545921077.155
1.971,533694319168.596
1.972,546960040086.254
1.974,552437910367.360
1.975,542051057830.262
1.977,546075948858.196
1.978,545391748539.004
1.980,561891392484.963
1.981,563690387197.788
1.983,572396710108.827
1.985,578293408803.122
1.986,581131602739.146
1.988,586042040471.110
1.989,574630253746.299
1.991,544550357428.803
1.992,555152331922.396
1.994,574711106751.255
1.996,585831939208.676
1.997,557767231400.931
1.999,543691881472.685
2.000,560992391140.945
2.002,582001555026.725
2.004,580422883452.214
2.005,567855399642.952
2.007,569296815350.035
2.008,582872680464.575
2.010,587672198685.071
2.012,607220825292.928
2.013,584732178438.546
2.015,591534686785.335
2.017,590140571740.895
2.018,581023740198.642
2.020,585597282044.076
2.021,591017393023.640
2.023,588867929647.010
2.025,592518149964.674
2.026,617527012702.920
2.028,610756127562.885
2.030,609325816316.767
2.031,583838006366.135
2.033,599468622940.769
2.035,615995531015.234
2.036,619649297425.493
2.038,617803466721.802
2.039,629364081073.907
2.041,647721610587.407
2.043,635683892740.062
2.044,614713655254.278
2.046,607102286152.889
2.048,631737377007.919
2.050,678845454137.700
2.051,669261580635.069
2.053,639544764657.452
2.055,620599260822.466
2.056,637313287924.325
2.058,667893646851.339
2.060,668235143782.935
2.061,681088430747.108
2.063,707945321164.129
2.065,728042299305.782
2.066,717223339638.164
2.068,673241866223.471
2.070,659195275908.540
2.072,642165250193.586
2.073,636766780940.543
2.075,644968228812.106
2.077,685612809005.045
2.079,682139957859.519
2.080,653747447775.611
2.082,674815257601.184
2.084,735571593272.281
2.085,816411597196.912
2.087,768528539839.550
2.089,728553693144.680
2.091,658130370007.112
2.092,649110011858.175
2.094,669470325205.281
2.096,670092758922.802
2.098,646839266378.051
2.100,645922450648.444
2.101,659143285879.047
2.103,729273222222.612
2.105,751047339509.967
2.107,712871095560.674
2.108,689087785526.557
2.110,705766371264.391
2.112,780581974046.603
2.114,804966613516.618
2.116,754151339139.460
2.117,640512479083.118
2.119,576458900662.716
2.121,586205134864.662
2.123,697419719027.083
2.125,816033889851.926
2.126,885825016882.137
2.128,829929393313.331
2.130,753686930546.646
2.132,698343686881.930
2.134,690896934476.189
2.136,668375701642.715
2.137,716227689657.817
2.139,814223156713.426
2.141,843288293888.690
2.143,826433182928.349
2.145,776170600993.893
2.147,746449649366.030
2.149,729630853210.895
2.150,757283638787.774
2.152,833901251513.377
2.154,853427580609.051
2.156,837938587609.393
2.158,779074233452.664
2.160,762337518540.878
2.162,792147051881.086
2.163,831061108575.914
2.165,863417262268.970
2.167,861515406776.977
2.169,884720599589.735
2.171,898953418137.292
2.173,902170987120.121
2.175,874901274087.172
2.177,850086369810.743
2.179,864945716276.159
2.181,860264129688.436
2.183,855443041446.848
2.184,841431244753.746
2.186,842812835861.965
2.188,886368174758.750
2.190,856697589592.858
2.192,894769381273.676
2.194,897044194125.523
2.196,889918558523.705
2.198,875691708480.462
2.200,883228333827.639
2.202,910651042689.837
2.204,961419809817.833
2.206,958829417115.237
2.208,960156321903.261
2.210,943581344875.281
2.212,916409236363.131
2.214,907451428147.477
2.216,934315700053.111
2.218,932987487703.706
2.220,927093261020.596
2.222,931830327461.132
2.224,932408725117.809
2.226,931966333102.991
2.228,934233480787.797
2.230,914420785033.121
2.232,913635978114.266
2.234,930169297680.702
2.236,945180047936.364
2.238,970173312197.730
2.240,957654574023.301
2.242,947075254651.343
2.244,922469118186.103
2.246,921488399290.250
2.248,913867500891.737
2.250,912940756336.496
2.252,929165403010.680
2.254,967341019454.558
2.256,974994634252.909
2.258,978074452637.808
2.260,981624673974.924
2.262,984272056441.753
2.265,946985268300.714
2.267,983007763656.965
2.269,1018936447163.188
2.271,1022861189376.386
2.273,1008105563624.662
2.275,1030720274433.790
2.277,1018116260909.329
2.279,1022729797800.817
2.281,1018939887527.473
2.283,1010896562140.528
2.286,1008436336134.959
2.288,1039910959317.007
2.290,1014980136450.070
2.292,1035218700254.371
2.294,1051342846954.524
2.296,1033136958318.804
2.298,1054044050168.066
2.301,1054036878518.242
2.303,1021856655821.799
2.305,993430607044.904
2.307,1023659268125.103
2.309,1051193730147.393
2.311,1044420934769.387
2.313,1039240024741.878
2.316,1074294764670.822
2.318,1079536777676.150
2.320,1047915659497.987
2.322,1038174511955.866
2.324,1072930657072.290
2.327,1054109634055.647
2.329,1046224818505.725
2.331,1042533921347.905
2.333,1049421447160.385
2.335,1061728937125.819
2.338,1108612011075.088
2.340,1077688021417.386
2.342,1074177769221.273
2.344,1061957238903.709
2.347,1055377212231.000
2.349,1090828313867.461
2.351,1058198689108.212
2.353,1061565150812.751
2.356,1024013999362.594
2.358,1063010751133.990
2.360,1073081272065.780
2.362,1097477933110.314
2.365,1057583440825.372
2.367,1068879966106.356
2.369,1048924122371.129
2.372,1053280604693.915
2.374,1056151902387.165
2.376,1028931975456.232
2.378,1055966685003.966
2.381,1084545022382.946
2.383,1078475506910.928
2.385,1076935957673.170
2.388,1085354315410.549
2.390,1092289482201.450
2.392,1116248291584.244
2.395,1058340204756.230
2.397,1063851268528.641
2.399,1114465710463.894
2.402,1096831174665.470
2.404,1097713102525.282
2.407,1097858361989.124
2.409,1073673982495.156
2.411,1093059957371.928
2.414,1104999230822.569
2.416,1113096532658.375
2.418,1119740974326.842
2.421,1110134758104.257
2.423,1119827987138.381
2.426,1046049728691.380
2.428,1088569679556.792
2.430,1122969111212.465
2.433,1121237203090.205
2.435,1115375410050.625
2.438,1134792828478.322
2.440,1103903480989.482
2.443,1137033296248.632
2.445,1128828012843.767
2.447,1118939846273.806
2.450,1091748536553.226
2.452,1092737687244.649
2.455,1088236447795.809
2.457,1098092996773.358
2.460,1102911979011.153
2.462,1156351883437.697
2.465,1131257319144.061
2.467,1119913503483.525
2.470,1111779956294.731
2.472,1108513836520.069
2.475,1078379186482.215
2.477,1077320172120.906
2.480,1049540827860.091
2.482,1057385950745.862
2.485,1062424991265.605
2.487,1062082919497.146
2.490,1143700214268.001
2.492,1134042112744.302
2.495,1107869008336.431
2.498,1095735957547.449
2.500,1052711377117.411
2.503,1108767438399.919
2.505,1116021786446.619
2.508,1125987572988.941
2.510,1091140727580.222
2.513,1135854906919.060
2.516,1097395313413.183
2.518,1081730798212.303
2.521,1090714738997.433
2.523,1084902800985.682
2.526,979523546674.094
2.529,983070613203.089
2.531,948957151141.637
2.534,1029133776458.703
2.537,983298650424.595
2.539,1040064341253.377
2.542,1271688398658.609
2.544,1392935619140.103
2.547,1240149856778.354
2.550,1370529042501.556
2.552,1246432410363.735
2.555,1241649348501.404
2.558,1181850404931.045
2.561,1164321009759.467
2.563,1159088125873.777
2.566,1170588746511.417
2.569,1185285160767.687
2.571,1205079975964.910
2.574,1230832901627.544
2.577,1235080194122.979
2.580,1251539412144.351
2.582,1214847193214.021
2.585,1221575067772.780
2.588,1202557698445.858
2.591,1161455696896.150
2.593,1105571108229.844
2.596,1151791946174.854
2.599,1149847263659.176
2.602,1212438244515.349
2.604,1170540260793.007
2.607,1159970534746.286
2.610,1123268150634.125
2.613,1146189616916.643
2.616,1187430346039.436
2.618,1138007671370.521
2.621,1091048581494.507
2.624,1058777964123.341
2.627,1067404342148.637
2.630,1017084426042.456
2.633,1007470651990.056
2.636,998586440191.578
2.638,1023916778529.710
2.641,1071954728815.204
2.644,993481287872.085
2.647,1018325258763.836
2.650,1052243636085.075
2.653,1152098944382.000
2.656,1198491788642.178
2.659,1191141679928.635
2.662,1169201018542.291
2.664,1178656943069.541
2.667,1192007954341.527
2.670,1114174664102.380
2.673,1106676146466.774
2.676,1034517488834.033
2.679,999478390883.339
2.682,1077238179534.222
2.685,1022466069579.650
2.688,1056745650935.822
2.691,1035157107632.516
2.694,1086415151602.425
2.697,1027265595058.991
2.700,1098949599217.555
2.703,1017040220362.707
2.706,1029282736296.224
2.709,1006795211138.458
2.712,971738109207.782
2.715,982638087679.697
2.718,1030182128423.151
2.721,1010232785681.415
2.724,956697091694.874
2.727,934866988443.445
2.731,950741437203.349
2.734,931386532815.262
2.737,1038252587175.083
2.740,990103349035.663
2.743,969439327875.269
2.746,929350749516.283
2.749,867863369084.102
2.752,892896510698.724
2.755,880750045681.130
2.759,982082671322.168
2.762,925424495035.059
2.765,929987506591.906
2.768,929588956022.829
2.771,950678632773.810
2.774,985690419933.809
2.778,933876109580.425
2.781,920977979993.367
2.784,918010046598.357
2.787,990027883582.216
2.790,993659062200.880
2.794,969166888583.010
2.797,985191051039.610
2.800,1020366541666.268
2.803,1050803320420.196
2.807,994750365837.991
2.810,934492875193.849
2.813,938868120833.466
2.816,896469433867.164
2.820,924268315998.466
2.823,924570714607.981
2.826,902079441429.654
2.830,951479326279.936
2.833,942057815218.863
2.836,906958929842.380
2.840,897318353809.906
2.843,886670882159.218
2.846,879703605777.757
2.850,869203931324.970
2.853,874366108915.249
2.856,805049606984.682
2.860,759637091860.358
2.863,788605249655.594
2.867,790765893424.418
2.870,815272858816.184
2.874,871740959905.993
2.877,874371893092.763
2.880,836345699185.597
2.884,784697972990.763
2.887,778184591878.397
2.891,769631676583.901
2.894,782884251110.442
2.898,719462820620.743
2.901,704298261800.034
2.905,662563462617.436
2.908,676782524672.784
2.912,699170355564.957
2.915,652845051052.703
2.919,659332944609.537
2.922,680861509730.570
2.926,640734546378.724
2.929,703940369224.380
2.933,684442449992.009
2.937,682351505866.203
2.940,645911377951.249
2.944,620168818247.612
2.947,621897315739.249
2.951,601070553947.717
2.955,590382947547.932
2.958,586756367788.414
2.962,576820637965.579
2.965,577273900025.019
2.969,590955828408.353
2.973,572860706747.788
2.977,556405047774.175
2.980,562183290247.707
2.984,565395599349.780
2.988,579069289851.011
2.991,543637344701.078
2.995,569872140390.576
2.999,526861752253.987
3.003,521914719117.766
3.006,506279428121.776
3.010,534010103037.611
3.014,533479307516.903
3.018,524911769692.623
3.021,510110013628.275
3.025,497496873425.622
3.029,488013448193.654
3.033,453701218569.903
3.037,480317584640.199
3.041,478235350961.833
3.044,501879750688.630
3.048,488762851867.551
3.052,482771800641.700
3.056,469687782303.959
3.060,469898785161.084
3.064,449285823213.062
3.068,440145441683.336
3.072,419648130158.695
3.076,409031263837.526
3.079,413182365851.791
3.083,398597977367.651
3.087,406532252963.394
3.091,395865540744.784
3.095,423705611038.235
3.099,438821571216.497
3.103,429316678348.976
3.107,435449255204.511
3.111,410373921629.624
3.115,390477943664.349
3.120,373950459436.378
3.124,365950340385.285
3.128,346953702647.160
3.132,345488992714.522
3.136,354595919020.089
3.140,338607570155.966
3.144,340497000243.574
3.148,344176924263.322
3.152,331731728650.566
3.156,338123218459.841
3.161,303078099517.074
3.165,300005373302.006
3.169,325091929742.165
3.173,308259070663.516
3.177,304594456864.770
3.182,287591251536.377
3.186,290305287322.991
3.190,291775975503.165
3.194,285093821607.339
3.199,260306014278.694
3.203,260149934182.787
3.207,257908128062.927
3.211,245305124430.399
3.216,238658268271.537
3.220,239165704505.821
3.224,243153369668.225
3.229,223319535882.227
3.233,217350659786.906
3.238,225467311667.350
3.242,204774895981.263
3.246,192210345158.718
3.251,203593027456.351
3.255,215123780182.455
3.260,208539466541.725
3.264,205670597529.616
3.268,200977747230.958
3.273,185313086152.577
3.277,189917015198.733
3.282,177076902056.847
3.286,173456330699.521
3.291,174863361488.509
3.295,171252143306.064
3.300,173413015523.643
3.305,175213010019.941
3.309,174159553313.739
3.314,162450097844.403
3.318,151972107307.214
3.323,156640430603.740
3.328,149433969617.714
3.332,150129707582.034
3.337,145799025213.019
3.342,143075105019.974
3.346,143603596455.248
3.351,139938609051.286
3.356,131166471809.408
3.360,121267324305.911
3.365,121818354173.077
3.370,123911834926.416
3.375,127821557551.665
3.379,116468100845.455
3.384,121248735735.884
3.389,117913153828.917
3.394,110809542277.111
3.399,109764008874.223
3.403,110044917514.049
3.408,106645135413.840
3.413,101542887442.155
3.418,101787183200.058
3.423,97303669161.246
3.428,89760915514.985
3.433,89634521369.217
3.438,86952930575.882
3.443,88763471721.718
3.448,87135018830.589
3.453,77688077916.443
3.458,78198774428.479
3.463,76919814363.853
3.468,79525363639.975
3.473,74504037935.361
3.478,74927732197.862
3.483,74660646875.210
3.488,72249120387.402
3.493,67567921372.841
3.498,66027713347.892
3.503,69891982663.504
3.508,64329523975.824
3.514,62395637256.516
3.519,59190192080.581
3.524,59623693082.443
3.529,59839006043.588
3.534,54556295596.371
3.540,57534941001.416
3.545,57560631848.846
3.550,53576637582.649
3.556,51399991247.860
3.561,53996438470.324
3.566,54582271016.117
3.572,50460688217.606
3.577,49024642436.112
3.582,48149881282.629
3.588,51242531683.045
3.593,49664605928.045
3.599,50089245256.358
3.604,46713771124.894
3.609,45604147528.305
3.615,42689004184.950
3.620,44935864842.006
3.626,42529579579.308
3.631,44397523744.088
3.637,44188443561.447
3.643,45967253800.194
3.648,43537640968.306
3.654,41580066117.529
3.659,43893710688.613
3.665,46532718698.094
3.671,40885703205.716
3.676,40001326870.752
3.682,39599078941.671
3.688,41277080430.799
3.693,38528870892.868
3.699,40941936057.732
3.705,37723575468.438
3.711,35407457104.481
3.716,37390765451.901
3.722,35598779835.393
3.728,36445841862.053
3.734,40546421201.073
3.740,35703037191.996
3.746,37080469750.866
3.752,39609078731.117
3.758,34719362619.410
3.763,37336055317.836
3.769,35456404034.000
3.775,37481273393.415
3.781,38295808249.850
3.787,39689998228.972
3.793,37828954341.499
3.800,36802048508.719
3.806,37045497214.474
3.812,35290889727.105
3.818,33513356138.674
3.824,37072285212.555
3.830,33639043097.410
3.836,34158228549.903
3.843,33546342051.283
3.849,33369465249.153
3.855,30627173467.775
3.861,33277417561.237
3.868,29258132426.680
3.874,29789120630.375
3.880,27218786045.398
3.887,28762686563.548
3.893,28452258673.405
3.899,25336876678.723
3.906,24910355248.843
3.912,20946100714.926
3.919,28401601659.188
3.925,26729227465.236
3.932,24087970169.743
3.938,27016076426.269
3.945,22662095668.734
3.951,23100015156.703
3.958,23705553137.149
3.964,23113225573.866
3.971,23021678120.760
3.978,21669692271.684
3.984,23747228340.375
3.991,27092906822.632
3.998,26922218482.309
4.004,22430330525.469
4.011,25652071196.053
4.018,24422912541.952
4.025,26283649150.684
4.032,21899480187.662
4.038,26401585625.092
4.045,21198987836.022
4.052,22803272649.028
4.059,21669868758.251
4.066,24928847453.786
4.073,25030017334.691
4.080,21226410063.706
4.087,23875609117.749
4.094,21367418038.596
4.101,26022265064.232
4.108,21978266452.454
4.116,23019392697.143
4.123,25043686377.430
4.130,24046000030.937
4.137,22987272723.313
4.144,20452688796.235
4.152,19380375024.157
4.159,23138899902.041
4.166,17741077673.726
4.173,16023168563.263
4.181,19039961911.285
4.188,19490417211.708
4.196,17728447459.660
4.203,17392978338.672
4.211,14122594339.138
4.218,17977850671.273
4.226,17242298178.330
4.233,14791615042.468
4.241,17547052903.496
4.248,16093467144.106
4.256,18195463967.964
4.264,18256856646.057
4.271,16013855283.075
4.279,17302255448.562
4.287,14853318559.588
4.294,16867131039.567
4.302,16157049628.493
4.310,15397738819.596
4.318,16660192656.223
4.326,14260854255.888
4.334,14539385619.718
4.342,13186016298.618
4.350,16758977208.232
4.358,15932220040.770
4.366,16766828420.628
4.374,15199475523.595
4.382,14408965574.452
4.390,12446681339.099
4.398,12991586349.938
4.406,13901873398.803
4.414,12725546552.825
4.423,11709966665.949
