1.772 2.28552e+011 478072 2.27275e-005 3282.36 1.69428e+006 9.85554e+009 9.85724e+009 2.18695e+011
1.773 2.20376e+011 469442 2.37076e-005 3372.49 1.73593e+006 9.94313e+009 9.94487e+009 2.10431e+011
1.774 2.22213e+011 471395 2.47293e-005 3465.04 1.77857e+006 1.00313e+010 1.00331e+010 2.1218e+011
1.775 2.23807e+011 473083 2.57945e-005 3560.07 1.82221e+006 1.01201e+010 1.0122e+010 2.13685e+011
1.777 2.24448e+011 473759 2.80626e-005 3757.81 1.9126e+006 1.02996e+010 1.03015e+010 2.14146e+011
1.778 2.27218e+011 476673 2.92693e-005 3860.66 1.9594e+006 1.03903e+010 1.03922e+010 2.16825e+011
1.779 2.21461e+011 470597 3.05273e-005 3966.26 2.00729e+006 1.04816e+010 1.04836e+010 2.10978e+011
1.78 2.21155e+011 470271 3.18387e-005 4074.67 2.0563e+006 1.05735e+010 1.05755e+010 2.10579e+011
1.781 2.17545e+011 466418 3.32056e-005 4185.98 2.10647e+006 1.0666e+010 1.06681e+010 2.06877e+011
1.783 2.24548e+011 473865 3.61156e-005 4417.56 2.21034e+006 1.0853e+010 1.08552e+010 2.13693e+011
1.784 2.25648e+011 475025 3.76636e-005 4537.99 2.26411e+006 1.09474e+010 1.09496e+010 2.14699e+011
1.785 2.22515e+011 471715 3.9277e-005 4661.62 2.31913e+006 1.10424e+010 1.10448e+010 2.11471e+011
1.786 2.21418e+011 470551 4.09587e-005 4788.53 2.37543e+006 1.11381e+010 1.11405e+010 2.10277e+011
1.788 2.26394e+011 475808 4.45381e-005 5052.56 2.49198e+006 1.13315e+010 1.1334e+010 2.1506e+011
1.789 2.30526e+011 480131 4.64419e-005 5189.85 2.5523e+006 1.14291e+010 1.14316e+010 2.19094e+011
1.79 2.27568e+011 477041 4.8426e-005 5330.77 2.61402e+006 1.15274e+010 1.153e+010 2.16038e+011
1.791 2.4199e+011 491924 5.04937e-005 5475.42 2.67717e+006 1.16263e+010 1.1629e+010 2.30361e+011
1.793 2.29148e+011 478694 5.4894e-005 5776.31 2.80788e+006 1.18261e+010 1.18289e+010 2.17319e+011
1.794 2.22176e+011 471356 5.7234e-005 5932.74 2.87551e+006 1.1927e+010 1.19298e+010 2.10246e+011
1.795 2.35963e+011 485760 5.96724e-005 6093.3 2.94471e+006 1.20285e+010 1.20315e+010 2.23932e+011
1.796 2.29325e+011 478879 6.22133e-005 6258.1 3.01549e+006 1.21307e+010 1.21337e+010 2.17192e+011
1.798 2.30881e+011 480501 6.76197e-005 6600.83 3.16199e+006 1.23371e+010 1.23403e+010 2.18541e+011
1.799 2.31346e+011 480985 7.04942e-005 6779 3.23778e+006 1.24413e+010 1.24445e+010 2.18902e+011
1.8 2.302e+011 479792 7.34893e-005 6961.85 3.3153e+006 1.25461e+010 1.25495e+010 2.17651e+011
1.801 2.25616e+011 474990 7.66099e-005 7149.51 3.3946e+006 1.26517e+010 1.26551e+010 2.12961e+011
1.803 2.29317e+011 478870 8.32487e-005 7539.74 3.55869e+006 1.28648e+010 1.28683e+010 2.16449e+011
1.804 2.21569e+011 470711 8.67779e-005 7742.57 3.64356e+006 1.29723e+010 1.2976e+010 2.08593e+011
1.805 2.33539e+011 483259 9.04546e-005 7950.72 3.73037e+006 1.30806e+010 1.30843e+010 2.20455e+011
1.807 2.33385e+011 483100 9.82754e-005 8383.5 3.90996e+006 1.32991e+010 1.3303e+010 2.20082e+011
1.808 2.34678e+011 484436 0.000102432 8608.42 4.00284e+006 1.34093e+010 1.34134e+010 2.21265e+011
1.809 2.36433e+011 486244 0.000106763 8839.22 4.09782e+006 1.35203e+010 1.35244e+010 2.22909e+011
1.81 2.20195e+011 469250 0.000111274 9076.05 4.19497e+006 1.3632e+010 1.36362e+010 2.06559e+011
1.812 2.1812e+011 467033 0.000120867 9568.41 4.39591e+006 1.38574e+010 1.38618e+010 2.04258e+011
1.813 2.09062e+011 457233 0.000125966 9824.26 4.49981e+006 1.39711e+010 1.39756e+010 1.95086e+011
1.814 2.21045e+011 470154 0.000131276 10086.8 4.60605e+006 1.40855e+010 1.40901e+010 2.06955e+011
1.816 2.16188e+011 464960 0.000142569 10632.5 4.82579e+006 1.43165e+010 1.43213e+010 2.01866e+011
1.817 2.20855e+011 469952 0.000148569 10916 4.93938e+006 1.4433e+010 1.4438e+010 2.06417e+011
1.818 2.11537e+011 459932 0.000154819 11206.9 5.05554e+006 1.45503e+010 1.45553e+010 1.96982e+011
1.819 2.09614e+011 457837 0.000161328 11505.4 5.1743e+006 1.46682e+010 1.46734e+010 1.94941e+011
1.821 2.19936e+011 468973 0.000175166 12125.7 5.41989e+006 1.49062e+010 1.49116e+010 2.05024e+011
1.822 2.15902e+011 464652 0.000182518 12447.9 5.54683e+006 1.50263e+010 1.50318e+010 2.0087e+011
1.823 2.09606e+011 457827 0.000190174 12778.5 5.67661e+006 1.5147e+010 1.51527e+010 1.94453e+011
1.825 2.12553e+011 461035 0.000206449 13465.6 5.94494e+006 1.53907e+010 1.53967e+010 1.97157e+011
1.826 2.14902e+011 463575 0.000215095 13822.5 6.08361e+006 1.55137e+010 1.55197e+010 1.99382e+011
1.827 2.15002e+011 463683 0.000224097 14188.6 6.22537e+006 1.56373e+010 1.56435e+010 1.99358e+011
1.829 2.17346e+011 466204 0.000243232 14949.4 6.51842e+006 1.58867e+010 1.58933e+010 2.01453e+011
1.83 2.0601e+011 453884 0.000253395 15344.5 6.66985e+006 1.60125e+010 1.60192e+010 1.89991e+011
1.831 2.1772e+011 466605 0.000263977 15749.9 6.82464e+006 1.61391e+010 1.61459e+010 2.01574e+011
1.832 2.11143e+011 459502 0.000274994 16165.6 6.98286e+006 1.62663e+010 1.62733e+010 1.94869e+011
1.834 2.0443e+011 452139 0.000298408 17029.4 7.30987e+006 1.6523e+010 1.65303e+010 1.879e+011
1.835 2.05018e+011 452789 0.000310841 17478 7.47882e+006 1.66524e+010 1.66599e+010 1.88358e+011
1.836 1.99355e+011 446492 0.000323786 17938.1 7.65149e+006 1.67826e+010 1.67903e+010 1.82565e+011
1.838 2.04948e+011 452712 0.00035129 18894 8.00834e+006 1.70451e+010 1.70532e+010 1.87895e+011
1.839 2.04204e+011 451889 0.000365894 19390.3 8.19267e+006 1.71775e+010 1.71857e+010 1.87018e+011
1.84 2.10542e+011 458849 0.000381097 19899.4 8.38104e+006 1.73106e+010 1.7319e+010 1.93223e+011
1.842 2.10143e+011 458413 0.000413395 20956.8 8.77028e+006 1.75791e+010 1.75878e+010 1.92555e+011
1.843 2.00594e+011 447877 0.000430542 21505.8 8.97132e+006 1.77144e+010 1.77234e+010 1.8287e+011
1.844 2.0061e+011 447895 0.00044839 22068.8 9.17674e+006 1.78504e+010 1.78596e+010 1.8275e+011
1.846 1.94023e+011 440481 0.000486304 23238.3 9.60115e+006 1.81248e+010 1.81344e+010 1.75889e+011
1.847 1.95445e+011 442091 0.00050643 23845.4 9.82032e+006 1.82631e+010 1.82729e+010 1.77172e+011
1.848 1.96909e+011 443745 0.000527377 24468 1.00443e+007 1.84021e+010 1.84122e+010 1.78497e+011
1.85 1.99289e+011 446417 0.000571866 25760.9 1.05068e+007 1.86824e+010 1.8693e+010 1.80596e+011
1.851 2.00292e+011 447540 0.000595479 26432.1 1.07457e+007 1.88237e+010 1.88345e+010 1.81457e+011
1.852 2.06705e+011 454648 0.000620054 27120.3 1.09897e+007 1.89657e+010 1.89768e+010 1.87728e+011
1.854 2.0704e+011 455016 0.000672241 28549.4 1.14937e+007 1.9252e+010 1.92636e+010 1.87776e+011
1.855 2.00293e+011 447541 0.000699935 29291.2 1.17539e+007 1.93963e+010 1.94081e+010 1.80884e+011
1.856 1.94092e+011 440559 0.000728754 30051.7 1.20197e+007 1.95414e+010 1.95534e+010 1.74538e+011
1.858 1.9796e+011 444927 0.000789948 31630.8 1.25686e+007 1.98337e+010 1.98463e+010 1.78114e+011
1.859 1.97672e+011 444604 0.000822418 32450.4 1.28519e+007 1.9981e+010 1.99938e+010 1.77678e+011
1.861 2.00994e+011 448324 0.000891356 34151.9 1.34369e+007 2.02778e+010 2.02913e+010 1.80703e+011
1.862 1.90294e+011 436227 0.000927931 35035 1.37388e+007 2.04274e+010 2.04411e+010 1.69853e+011
1.863 1.80475e+011 424824 0.000965986 35940.2 1.40473e+007 2.05777e+010 2.05918e+010 1.59883e+011
1.865 1.78544e+011 422544 0.00104677 37819.4 1.4684e+007 2.08806e+010 2.08953e+010 1.57648e+011
1.866 1.83123e+011 427929 0.00108962 38794.6 1.50125e+007 2.10331e+010 2.10482e+010 1.62075e+011
1.867 1.77461e+011 421261 0.00113421 39794.2 1.53481e+007 2.11865e+010 2.12019e+010 1.56259e+011
1.869 1.75617e+011 419067 0.00122884 41869 1.60408e+007 2.14954e+010 2.15115e+010 1.54106e+011
1.87 1.72708e+011 415581 0.00127903 42945.6 1.63982e+007 2.16511e+010 2.16675e+010 1.5104e+011
1.871 1.71544e+011 414179 0.00133125 44049 1.67632e+007 2.18074e+010 2.18242e+010 1.4972e+011
1.873 1.56341e+011 395400 0.00144206 46339.3 1.75165e+007 2.21225e+010 2.214e+010 1.34201e+011
1.874 1.50267e+011 387643 0.00150082 47527.4 1.79051e+007 2.22811e+010 2.22991e+010 1.27968e+011
1.876 1.48861e+011 385825 0.00162553 49993.2 1.87071e+007 2.26007e+010 2.26195e+010 1.26241e+011
1.877 1.62364e+011 402944 0.00169166 51272.3 1.91208e+007 2.27616e+010 2.27808e+010 1.39583e+011
1.878 1.63652e+011 404539 0.00176044 52583.2 1.95433e+007 2.29233e+010 2.29429e+010 1.40709e+011
1.88 1.50903e+011 388462 0.00190638 55303.6 2.04149e+007 2.3249e+010 2.32695e+010 1.27633e+011
1.881 1.6612e+011 407579 0.00198375 56714.6 2.08644e+007 2.3413e+010 2.34339e+010 1.42686e+011
1.883 1.51355e+011 389044 0.00214791 59642.4 2.17919e+007 2.37432e+010 2.3765e+010 1.2759e+011
1.884 1.55328e+011 394117 0.00223494 61160.9 2.22702e+007 2.39094e+010 2.39317e+010 1.31396e+011
1.885 1.62515e+011 403131 0.00232545 62716.9 2.27585e+007 2.40764e+010 2.40992e+010 1.38416e+011
1.887 1.69557e+011 411773 0.00251743 65945.3 2.37658e+007 2.44127e+010 2.44365e+010 1.4512e+011
1.888 1.63896e+011 404841 0.00261919 67619.6 2.42851e+007 2.4582e+010 2.46063e+010 1.3929e+011
1.89 1.67962e+011 409831 0.00283504 71092.8 2.53564e+007 2.49228e+010 2.49482e+010 1.43013e+011
1.891 1.58363e+011 397949 0.00294945 72893.9 2.59088e+007 2.50944e+010 2.51203e+010 1.33243e+011
1.892 1.75871e+011 419370 0.0030684 74739.3 2.64726e+007 2.52667e+010 2.52932e+010 1.50578e+011
1.894 1.57854e+011 397309 0.00332067 78567.2 2.76352e+007 2.56135e+010 2.56412e+010 1.32213e+011
1.895 1.5017e+011 387518 0.00345436 80552 2.82346e+007 2.57881e+010 2.58164e+010 1.24354e+011
1.897 1.45391e+011 381302 0.00373786 84668.7 2.94706e+007 2.61395e+010 2.6169e+010 1.19222e+011
1.898 1.34895e+011 367281 0.00388808 86803 3.01076e+007 2.63163e+010 2.63465e+010 1.08549e+011
1.899 1.37144e+011 370329 0.00404426 88989.6 3.07578e+007 2.64938e+010 2.65247e+010 1.10619e+011
1.901 1.32063e+011 363404 0.00437538 93524.4 3.20982e+007 2.68512e+010 2.68834e+010 1.05179e+011
1.902 1.32091e+011 363443 0.00455082 95875.2 3.2789e+007 2.7031e+010 2.70639e+010 1.05027e+011
1.904 1.29642e+011 360059 0.00492275 100750 3.42132e+007 2.73929e+010 2.74272e+010 1.02215e+011
1.905 1.27965e+011 357722 0.00511979 103277 3.49472e+007 2.75749e+010 2.76099e+010 1.00355e+011
1.907 1.3653e+011 369500 0.00553747 108517 3.646e+007 2.79412e+010 2.79778e+010 1.08552e+011
1.908 1.30735e+011 361573 0.00575873 111233 3.72395e+007 2.81255e+010 2.81628e+010 1.02572e+011
1.91 1.28629e+011 358648 0.0062277 116865 3.88462e+007 2.84962e+010 2.85352e+010 1.00093e+011
1.911 1.26696e+011 355943 0.0064761 119783 3.9674e+007 2.86827e+010 2.87225e+010 9.79731e+010
1.912 1.26377e+011 355495 0.00673425 122773 4.05185e+007 2.88699e+010 2.89105e+010 9.74663e+010
1.914 1.22024e+011 349320 0.00728135 128970 4.22588e+007 2.92465e+010 2.92889e+010 9.27353e+010
1.915 1.24937e+011 353465 0.0075711 132182 4.31553e+007 2.94359e+010 2.94792e+010 9.54581e+010
1.917 1.21891e+011 349129 0.00818508 138839 4.50026e+007 2.98169e+010 2.9862e+010 9.20294e+010
1.918 1.18937e+011 344873 0.00851021 142289 4.59541e+007 3.00084e+010 3.00545e+010 8.88827e+010
1.92 1.18634e+011 344433 0.00919911 149440 4.79145e+007 3.03937e+010 3.04418e+010 8.81924e+010
1.921 1.14249e+011 338008 0.00956387 153146 4.89242e+007 3.05875e+010 3.06365e+010 8.36127e+010
1.923 1.16559e+011 341407 0.0103367 160826 5.10042e+007 3.09771e+010 3.10282e+010 8.55305e+010
1.924 1.17502e+011 342786 0.0107458 164804 5.20754e+007 3.1173e+010 3.12252e+010 8.62772e+010
1.925 1.19037e+011 345018 0.0111709 168879 5.31678e+007 3.13695e+010 3.14229e+010 8.76144e+010
1.927 1.10618e+011 332593 0.0120714 177323 5.54179e+007 3.17648e+010 3.18204e+010 7.87979e+010
1.928 1.10235e+011 332017 0.0125481 181697 5.65765e+007 3.19635e+010 3.20203e+010 7.8215e+010
1.93 1.11648e+011 334138 0.0135577 190762 5.89627e+007 3.2363e+010 3.24222e+010 7.92259e+010
1.931 1.08036e+011 328688 0.0140921 195457 6.01912e+007 3.25638e+010 3.26242e+010 7.54116e+010
1.933 1.04907e+011 323893 0.015224 205187 6.27212e+007 3.29675e+010 3.30304e+010 7.18761e+010
1.934 1.06216e+011 325908 0.015823 210226 6.40235e+007 3.31704e+010 3.32346e+010 7.29816e+010
1.936 1.0704e+011 327170 0.0170916 220667 6.67053e+007 3.35782e+010 3.36451e+010 7.33953e+010
1.937 1.08604e+011 329552 0.0177629 226075 6.80856e+007 3.37831e+010 3.38514e+010 7.47529e+010
1.939 1.04522e+011 323299 0.0191844 237279 7.09276e+007 3.4195e+010 3.42661e+010 7.02561e+010
1.94 1.06611e+011 326514 0.0199366 243081 7.23903e+007 3.44019e+010 3.44745e+010 7.21369e+010
1.942 1.03614e+011 321892 0.0215291 255101 7.54014e+007 3.48178e+010 3.48934e+010 6.87208e+010
1.943 1.04686e+011 323552 0.0223717 261325 7.6951e+007 3.50267e+010 3.51039e+010 6.95821e+010
1.945 1.0101e+011 317821 0.0241555 274217 8.01407e+007 3.54466e+010 3.5527e+010 6.54833e+010
1.946 1.03251e+011 321327 0.0250992 280893 8.1782e+007 3.56575e+010 3.57396e+010 6.75114e+010
1.948 9.56981e+010 309351 0.0270968 294720 8.51601e+007 3.60813e+010 3.61667e+010 5.95313e+010
1.949 9.92543e+010 315047 0.0281535 301879 8.68982e+007 3.62941e+010 3.63813e+010 6.2873e+010
1.951 9.95605e+010 315532 0.03039 316706 9.0475e+007 3.67218e+010 3.68126e+010 6.2748e+010
1.952 9.91452e+010 314873 0.031573 324382 9.23151e+007 3.69365e+010 3.70292e+010 6.2116e+010
1.954 9.37619e+010 306206 0.0340767 340278 9.61015e+007 3.73679e+010 3.74644e+010 5.62975e+010
1.955 9.27157e+010 304493 0.0354008 348507 9.80492e+007 3.75846e+010 3.7683e+010 5.50327e+010
1.957 9.71855e+010 311746 0.0382028 365547 1.02057e+008 3.80197e+010 3.81221e+010 5.90634e+010
1.958 9.04984e+010 300830 0.0396846 374367 1.04118e+008 3.82382e+010 3.83427e+010 5.21557e+010
1.96 9.16171e+010 302683 0.0428199 392630 1.08358e+008 3.8677e+010 3.87858e+010 5.28313e+010
1.961 9.13882e+010 302305 0.0444777 402082 1.10539e+008 3.88973e+010 3.90083e+010 5.238e+010
1.963 8.90002e+010 298329 0.0479852 421653 1.15025e+008 3.93397e+010 3.94551e+010 4.95451e+010
1.964 9.1001e+010 301664 0.0498397 431781 1.17331e+008 3.95618e+010 3.96795e+010 5.13215e+010
1.966 9.16535e+010 302743 0.0537628 452750 1.22076e+008 4.00077e+010 4.01302e+010 5.15233e+010
1.968 8.91708e+010 298615 0.0579894 474704 1.27e+008 4.04559e+010 4.05833e+010 4.85875e+010
1.969 8.32091e+010 288460 0.0602237 486064 1.29532e+008 4.06808e+010 4.08108e+010 4.23983e+010
1.971 8.59871e+010 293236 0.0649496 509579 1.34739e+008 4.11324e+010 4.12676e+010 4.47195e+010
1.972 8.93181e+010 298861 0.0674475 521746 1.37415e+008 4.1359e+010 4.14969e+010 4.78212e+010
1.974 8.86718e+010 297778 0.0727304 546930 1.42919e+008 4.18139e+010 4.19573e+010 4.67145e+010
1.975 8.25815e+010 287370 0.0755225 559959 1.45748e+008 4.20421e+010 4.21884e+010 4.03931e+010
1.977 8.80881e+010 296796 0.0814268 586926 1.51564e+008 4.25002e+010 4.26523e+010 4.54357e+010
1.978 8.55174e+010 292434 0.0845471 600876 1.54553e+008 4.273e+010 4.28852e+010 4.26322e+010
1.98 8.43814e+010 290485 0.0911446 629747 1.60698e+008 4.31912e+010 4.33526e+010 4.10288e+010
1.981 8.15037e+010 285489 0.0946309 644682 1.63856e+008 4.34226e+010 4.35871e+010 3.79166e+010
1.983 8.56454e+010 292652 0.102002 675586 1.70347e+008 4.38869e+010 4.40579e+010 4.15875e+010
1.985 8.69762e+010 294917 0.109936 707922 1.77079e+008 4.43531e+010 4.45309e+010 4.24453e+010
1.986 8.2817e+010 287779 0.114129 724647 1.80538e+008 4.45869e+010 4.47682e+010 3.80488e+010
1.988 8.62141e+010 293622 0.12299 759251 1.87647e+008 4.5056e+010 4.52444e+010 4.09696e+010
1.989 8.37573e+010 289409 0.127672 777147 1.91299e+008 4.52913e+010 4.54834e+010 3.8274e+010
1.991 7.70022e+010 277493 0.137566 814173 1.98803e+008 4.57632e+010 4.59628e+010 3.10394e+010
1.992 7.73079e+010 278043 0.142793 833320 2.02658e+008 4.59998e+010 4.62033e+010 3.11046e+010
1.994 7.6227e+010 276092 0.153839 872930 2.10579e+008 4.64744e+010 4.66858e+010 2.95411e+010
1.996 8.09207e+010 284466 0.165724 914358 2.1879e+008 4.69507e+010 4.71704e+010 3.37503e+010
1.997 7.70898e+010 277650 0.172001 935780 2.23006e+008 4.71895e+010 4.74134e+010 2.96764e+010
1.999 7.43165e+010 272610 0.185264 980087 2.31669e+008 4.76683e+010 4.79009e+010 2.64156e+010
2 7.51343e+010 274106 0.192268 1.003e+006 2.36117e+008 4.79083e+010 4.81454e+010 2.69889e+010
2.002 7.32783e+010 270700 0.207067 1.05038e+006 2.45255e+008 4.83895e+010 4.86358e+010 2.46425e+010
2.004 7.37867e+010 271637 0.222984 1.09992e+006 2.54723e+008 4.88722e+010 4.91281e+010 2.46586e+010
2.005 7.24425e+010 269151 0.231388 1.12553e+006 2.59584e+008 4.91142e+010 4.93749e+010 2.30676e+010
2.007 7.15661e+010 267518 0.249141 1.17849e+006 2.69567e+008 4.95991e+010 4.98699e+010 2.16962e+010
2.008 7.43016e+010 272583 0.258514 1.20586e+006 2.74692e+008 4.98422e+010 5.0118e+010 2.41836e+010
2.01 7.3934e+010 271908 0.278311 1.26247e+006 2.85217e+008 5.03292e+010 5.06157e+010 2.33183e+010
2.012 7.64255e+010 276452 0.299597 1.32164e+006 2.96117e+008 5.08176e+010 5.1115e+010 2.53105e+010
2.013 7.62014e+010 276046 0.310832 1.35223e+006 3.01712e+008 5.10623e+010 5.13654e+010 2.4836e+010
2.015 7.23004e+010 268887 0.334561 1.41546e+006 3.13199e+008 5.15526e+010 5.18672e+010 2.04332e+010
2.017 7.14677e+010 267334 0.360068 1.48154e+006 3.25093e+008 5.20441e+010 5.23706e+010 1.9097e+010
2.018 7.28542e+010 269915 0.373529 1.51569e+006 3.31197e+008 5.22903e+010 5.2623e+010 2.02313e+010
2.02 7.22296e+010 268756 0.401953 1.58629e+006 3.43727e+008 5.27834e+010 5.31288e+010 1.91009e+010
2.021 7.16112e+010 267603 0.416952 1.62277e+006 3.50156e+008 5.30304e+010 5.33822e+010 1.8229e+010
2.023 6.97148e+010 264036 0.448619 1.69817e+006 3.63353e+008 5.35252e+010 5.38902e+010 1.58246e+010
2.025 6.99965e+010 264569 0.482649 1.77695e+006 3.77012e+008 5.40209e+010 5.43997e+010 1.55968e+010
2.026 7.37828e+010 271630 0.500602 1.81766e+006 3.84019e+008 5.42691e+010 5.4655e+010 1.91279e+010
2.028 7.5383e+010 274560 0.538502 1.90178e+006 3.984e+008 5.47662e+010 5.51665e+010 2.02165e+010
2.03 7.13357e+010 267087 0.579219 1.98966e+006 4.1328e+008 5.52641e+010 5.56794e+010 1.56563e+010
2.031 6.9044e+010 262762 0.600697 2.03506e+006 4.20913e+008 5.55134e+010 5.59363e+010 1.31076e+010
2.033 6.99858e+010 264548 0.64603 2.12888e+006 4.36573e+008 5.60124e+010 5.64511e+010 1.35347e+010
2.035 7.12386e+010 266906 0.694721 2.22686e+006 4.52775e+008 5.65121e+010 5.69671e+010 1.42714e+010
2.036 7.10693e+010 266588 0.720401 2.27747e+006 4.61083e+008 5.67622e+010 5.72256e+010 1.38437e+010
2.038 7.0507e+010 265532 0.774593 2.38204e+006 4.78127e+008 5.72628e+010 5.77433e+010 1.27637e+010
2.039 6.82461e+010 261239 0.803171 2.43605e+006 4.86867e+008 5.75133e+010 5.80026e+010 1.02434e+010
2.041 7.45233e+010 272990 0.863472 2.54763e+006 5.04794e+008 5.80147e+010 5.85221e+010 1.60012e+010
2.043 6.86602e+010 262031 0.928217 2.66414e+006 5.23333e+008 5.85165e+010 5.90425e+010 9.6177e+009
2.044 6.67619e+010 258383 0.962356 2.7243e+006 5.32837e+008 5.87675e+010 5.93031e+010 7.45882e+009
2.046 6.75779e+010 259957 1.03438 2.84859e+006 5.52329e+008 5.92699e+010 5.9825e+010 7.75286e+009
2.048 6.83912e+010 261517 1.11169 2.97834e+006 5.7248e+008 5.97724e+010 6.03479e+010 8.04331e+009
2.05 7.62154e+010 276071 1.19467 3.11378e+006 5.93311e+008 6.02752e+010 6.08716e+010 1.53438e+010
2.051 7.50174e+010 273893 1.23841 3.18371e+006 6.03989e+008 6.05267e+010 6.11338e+010 1.38836e+010
2.053 6.81471e+010 261050 1.33067 3.32813e+006 6.25879e+008 6.10296e+010 6.16588e+010 6.48825e+009
2.055 6.63091e+010 257506 1.42967 3.47887e+006 6.48503e+008 6.15326e+010 6.21846e+010 4.12455e+009
2.056 6.8843e+010 262380 1.48185 3.55669e+006 6.60097e+008 6.17841e+010 6.24477e+010 6.39531e+009
2.058 7.18287e+010 268009 1.59189 3.71738e+006 6.83863e+008 6.2287e+010 6.29745e+010 8.85419e+009
2.06 7.15613e+010 267509 1.70994 3.88506e+006 7.08418e+008 6.27897e+010 6.3502e+010 8.05924e+009
2.061 7.3662e+010 271408 1.77216 3.97162e+006 7.21e+008 6.3041e+010 6.3766e+010 9.89605e+009
2.063 7.71176e+010 277701 1.90332 4.15033e+006 7.46784e+008 6.35434e+010 6.42944e+010 1.28232e+010
2.065 7.92724e+010 281554 2.04401 4.33678e+006 7.7342e+008 6.40456e+010 6.48233e+010 1.44491e+010
2.066 7.85615e+010 280288 2.11814 4.43301e+006 7.87064e+008 6.42965e+010 6.5088e+010 1.34735e+010
2.068 7.15302e+010 267451 2.2744 4.63167e+006 8.15023e+008 6.4798e+010 6.56176e+010 5.91259e+009
2.07 6.91221e+010 262911 2.44197 4.83889e+006 8.43896e+008 6.5299e+010 6.61477e+010 2.97438e+009
2.072 6.76923e+010 260177 2.62165 5.05503e+006 8.73711e+008 6.57994e+010 6.66782e+010 1.01406e+009
2.073 6.68803e+010 258612 2.7163 5.16656e+006 8.8898e+008 6.60494e+010 6.69436e+010 -6.32753e+007
2.075 6.92186e+010 263094 2.91577 5.39677e+006 9.2026e+008 6.65489e+010 6.74746e+010 1.74406e+009
2.077 7.59825e+010 275649 3.12961 5.63684e+006 9.52552e+008 6.70476e+010 6.80058e+010 7.9767e+009
2.079 7.39007e+010 271847 3.35882 5.88718e+006 9.85885e+008 6.75455e+010 6.85373e+010 5.36342e+009
2.08 6.98935e+010 264374 3.47954 6.01632e+006 1.00295e+009 6.77942e+010 6.88031e+010 1.09037e+009
2.082 6.95806e+010 263781 3.73388 6.28285e+006 1.0379e+009 6.82907e+010 6.93349e+010 2.45705e+008
2.084 7.99105e+010 282684 4.00646 6.56073e+006 1.07398e+009 6.87863e+010 6.98668e+010 1.00437e+010
2.085 8.58966e+010 293081 4.14998 6.70406e+006 1.09244e+009 6.90336e+010 7.01328e+010 1.57638e+010
2.087 7.99374e+010 282732 4.45232 6.99983e+006 1.13025e+009 6.95275e+010 7.06648e+010 9.2726e+009
2.089 7.74768e+010 278347 4.77627 7.30813e+006 1.16926e+009 7.00203e+010 7.11968e+010 6.27996e+009
2.091 7.037e+010 265273 5.12332 7.62947e+006 1.2095e+009 7.05117e+010 7.17289e+010 -1.35888e+009
2.092 7.17597e+010 267880 5.30602 7.7952e+006 1.2301e+009 7.0757e+010 7.19949e+010 -2.35168e+008
2.094 7.05159e+010 265548 5.6908 8.1371e+006 1.27226e+009 7.12464e+010 7.25268e+010 -2.01088e+009
2.096 7.11094e+010 266663 6.10293 8.49341e+006 1.31574e+009 7.17344e+010 7.30586e+010 -1.94921e+009
2.098 6.68982e+010 258647 6.54432 8.86469e+006 1.36058e+009 7.22208e+010 7.35903e+010 -6.69201e+009
2.1 7.15346e+010 267460 7.017 9.25155e+006 1.40682e+009 7.27057e+010 7.41217e+010 -2.58711e+009
2.101 7.07154e+010 265924 7.26575 9.45102e+006 1.43048e+009 7.29475e+010 7.43874e+010 -3.67198e+009
2.103 8.3885e+010 289629 7.78949 9.86243e+006 1.47889e+009 7.34298e+010 7.49185e+010 8.96654e+009
2.105 8.76157e+010 295999 8.35023 1.0291e+007 1.52879e+009 7.39103e+010 7.54493e+010 1.21663e+010
2.107 8.5697e+010 292740 8.95053 1.07375e+007 1.58023e+009 7.43889e+010 7.59799e+010 9.71712e+009
2.108 8.14823e+010 285451 9.26636 1.09677e+007 1.60655e+009 7.46275e+010 7.6245e+010 5.23735e+009
2.11 8.38629e+010 289591 9.93118 1.14423e+007 1.66037e+009 7.51032e+010 7.6775e+010 7.08793e+009
2.112 9.21192e+010 303511 10.6427 1.19366e+007 1.71585e+009 7.55768e+010 7.73046e+010 1.48146e+010
2.114 9.76704e+010 312523 11.4043 1.24514e+007 1.77301e+009 7.60483e+010 7.78337e+010 1.98366e+010
2.116 9.58978e+010 309674 12.2192 1.29875e+007 1.8319e+009 7.65175e+010 7.83624e+010 1.75354e+010
2.117 7.47139e+010 273338 12.6478 1.32638e+007 1.86202e+009 7.67513e+010 7.86266e+010 -3.91271e+009
2.119 6.19693e+010 248936 13.5497 1.38334e+007 1.9236e+009 7.72171e+010 7.91545e+010 -1.71852e+010
2.121 6.25818e+010 250163 14.5146 1.44265e+007 1.98704e+009 7.76805e+010 7.96819e+010 -1.71002e+010
2.123 7.30815e+010 270336 15.5469 1.50439e+007 2.05237e+009 7.81414e+010 8.02088e+010 -7.12726e+009
2.125 8.84014e+010 297324 16.6511 1.56866e+007 2.11966e+009 7.85997e+010 8.07351e+010 7.66637e+009
2.126 9.3938e+010 306493 17.2316 1.60178e+007 2.15406e+009 7.88279e+010 8.0998e+010 1.294e+010
2.128 9.01366e+010 300228 18.453 1.67004e+007 2.22437e+009 7.92822e+010 8.15233e+010 8.61331e+009
2.13 7.84687e+010 280123 19.7591 1.74109e+007 2.29677e+009 7.97338e+010 8.2048e+010 -3.57929e+009
2.132 7.29046e+010 270009 21.1558 1.81503e+007 2.3713e+009 8.01826e+010 8.2572e+010 -9.66738e+009
2.134 7.26277e+010 269495 22.6491 1.89198e+007 2.44802e+009 8.06284e+010 8.30953e+010 -1.04677e+010
2.136 7.13696e+010 267151 24.2457 1.97205e+007 2.52699e+009 8.10712e+010 8.3618e+010 -1.22483e+010
2.137 7.77946e+010 278917 25.0849 2.0133e+007 2.56734e+009 8.12915e+010 8.3879e+010 -6.08437e+009
2.139 8.5541e+010 292474 26.8495 2.09829e+007 2.64979e+009 8.17298e+010 8.44005e+010 1.14042e+009
2.141 9.22943e+010 303800 28.7357 2.18671e+007 2.73463e+009 8.21648e+010 8.49213e+010 7.37301e+009
2.143 8.89241e+010 298201 30.7517 2.27869e+007 2.82193e+009 8.25966e+010 8.54413e+010 3.48273e+009
2.145 8.08833e+010 284400 32.9061 2.37438e+007 2.91175e+009 8.30251e+010 8.59606e+010 -5.0773e+009
2.147 7.65065e+010 276598 35.2083 2.47392e+007 3.00415e+009 8.34501e+010 8.6479e+010 -9.97248e+009
2.149 7.75281e+010 278439 37.6681 2.57744e+007 3.09919e+009 8.38717e+010 8.69967e+010 -9.46856e+009
2.15 8.19466e+010 286263 38.9605 2.63075e+007 3.14772e+009 8.40812e+010 8.72552e+010 -5.30863e+009
2.152 8.84212e+010 297357 41.6769 2.74055e+007 3.24685e+009 8.44974e+010 8.77717e+010 6.49511e+008
2.154 8.92723e+010 298785 44.5786 2.85473e+007 3.34879e+009 8.491e+010 8.82873e+010 9.84919e+008
2.156 8.97791e+010 299632 47.6781 2.97346e+007 3.45361e+009 8.53188e+010 8.88022e+010 9.7695e+008
2.158 8.16548e+010 285753 50.9885 3.09691e+007 3.56138e+009 8.57239e+010 8.93162e+010 -7.66146e+009
2.16 8.03173e+010 283403 54.5239 3.22526e+007 3.67218e+009 8.6125e+010 8.98294e+010 -9.51213e+009
2.162 8.87037e+010 297832 58.2991 3.35869e+007 3.78607e+009 8.65222e+010 9.03418e+010 -1.63817e+009
2.163 9.16314e+010 302707 60.2816 3.42738e+007 3.84419e+009 8.67193e+010 9.05977e+010 1.03366e+009
2.165 9.44421e+010 307314 64.4468 3.5688e+007 3.96287e+009 8.71104e+010 9.11089e+010 3.33322e+009
2.167 9.26641e+010 304408 68.8936 3.71579e+007 4.08482e+009 8.74974e+010 9.16193e+010 1.04474e+009
2.169 9.45992e+010 307570 73.6406 3.86857e+007 4.21014e+009 8.78801e+010 9.2129e+010 2.47027e+009
2.171 9.41712e+010 306873 78.7076 4.02734e+007 4.3389e+009 8.82586e+010 9.26378e+010 1.53336e+009
2.173 9.4274e+010 307041 84.1157 4.19234e+007 4.47118e+009 8.86328e+010 9.31459e+010 1.12809e+009
2.175 9.09798e+010 301629 89.8873 4.36379e+007 4.60707e+009 8.90025e+010 9.36532e+010 -2.67346e+009
2.177 9.03421e+010 300570 96.0462 4.54193e+007 4.74665e+009 8.93678e+010 9.41598e+010 -3.81775e+009
2.179 9.62128e+010 310182 102.618 4.72701e+007 4.89e+009 8.97285e+010 9.46657e+010 1.54705e+009
2.181 9.42373e+010 306981 109.629 4.91929e+007 5.03722e+009 9.00846e+010 9.5171e+010 -9.33655e+008
2.183 9.06367e+010 301059 117.109 5.11903e+007 5.18838e+009 9.0436e+010 9.56755e+010 -5.03887e+009
2.184 9.10317e+010 301715 121.035 5.22179e+007 5.26547e+009 9.06099e+010 9.59276e+010 -4.89588e+009
2.186 9.1488e+010 302470 129.275 5.43324e+007 5.42273e+009 9.09541e+010 9.64312e+010 -4.94319e+009
2.188 9.59988e+010 309837 138.065 5.65286e+007 5.58417e+009 9.12935e+010 9.69342e+010 -9.35479e+008
2.19 9.35249e+010 305818 147.438 5.88094e+007 5.74988e+009 9.1628e+010 9.74367e+010 -3.91183e+009
2.192 9.81928e+010 313357 157.434 6.11779e+007 5.91996e+009 9.19576e+010 9.79387e+010 2.54093e+008
2.194 9.65688e+010 310755 168.093 6.36374e+007 6.0945e+009 9.2282e+010 9.84402e+010 -1.87138e+009
2.196 9.49052e+010 308067 179.457 6.61911e+007 6.27361e+009 9.26014e+010 9.89412e+010 -4.03605e+009
2.198 9.4956e+010 308149 191.572 6.88424e+007 6.45738e+009 9.29157e+010 9.94419e+010 -4.48592e+009
2.2 9.48755e+010 308019 204.486 7.15949e+007 6.64591e+009 9.32247e+010 9.99422e+010 -5.06671e+009
2.202 9.9076e+010 314763 218.251 7.44523e+007 6.83932e+009 9.35284e+010 1.00442e+011 -1.36614e+009
2.204 1.03174e+011 321206 232.923 7.74182e+007 7.0377e+009 9.38268e+010 1.00942e+011 2.23163e+009
2.206 1.0526e+011 324438 248.557 8.04966e+007 7.24116e+009 9.41198e+010 1.01441e+011 3.81846e+009
2.208 1.04237e+011 322857 265.218 8.36916e+007 7.44982e+009 9.44074e+010 1.01941e+011 2.29568e+009
2.21 1.03243e+011 321314 282.97 8.70072e+007 7.66377e+009 9.46894e+010 1.0244e+011 8.02526e+008
2.212 9.9221e+010 314994 301.882 9.04479e+007 7.88314e+009 9.49659e+010 1.02939e+011 -3.71848e+009
2.214 1.002e+011 316544 322.03 9.4018e+007 8.10803e+009 9.52368e+010 1.03439e+011 -3.23871e+009
2.216 1.03182e+011 321220 343.492 9.77222e+007 8.33857e+009 9.5502e+010 1.03938e+011 -7.55978e+008
2.218 1.01867e+011 319166 366.351 1.01565e+008 8.57486e+009 9.57615e+010 1.04438e+011 -2.57103e+009
2.22 1.0503e+011 324083 390.696 1.05552e+008 8.81703e+009 9.60152e+010 1.04938e+011 9.21035e+007
2.222 1.03013e+011 320957 416.621 1.09687e+008 9.0652e+009 9.62631e+010 1.05438e+011 -2.42487e+009
2.224 1.02674e+011 320428 444.226 1.13977e+008 9.31949e+009 9.65051e+010 1.05939e+011 -3.26421e+009
2.226 1.06265e+011 325984 473.618 1.18426e+008 9.58002e+009 9.67413e+010 1.0644e+011 -1.74445e+008
2.228 1.02484e+011 320131 504.91 1.2304e+008 9.84693e+009 9.69714e+010 1.06941e+011 -4.45772e+009
2.23 9.91541e+010 314887 538.22 1.27825e+008 1.01203e+010 9.71956e+010 1.07444e+011 -8.2897e+009
2.232 9.81445e+010 313280 573.676 1.32786e+008 1.04003e+010 9.74137e+010 1.07947e+011 -9.80237e+009
2.234 1.05167e+011 324294 611.413 1.3793e+008 1.06871e+010 9.76257e+010 1.08451e+011 -3.28419e+009
2.236 1.04492e+011 323252 651.573 1.43264e+008 1.09808e+010 9.78316e+010 1.08956e+011 -4.46409e+009
2.238 1.06903e+011 326960 694.31 1.48793e+008 1.12815e+010 9.80313e+010 1.09462e+011 -2.5588e+009
2.24 1.06156e+011 325816 739.782 1.54525e+008 1.15893e+010 9.82248e+010 1.09969e+011 -3.81266e+009
2.242 1.03701e+011 322027 788.162 1.60467e+008 1.19045e+010 9.84121e+010 1.10477e+011 -6.77596e+009
2.244 1.05884e+011 325399 839.629 1.66625e+008 1.22271e+010 9.8593e+010 1.10987e+011 -5.10242e+009
2.246 1.04264e+011 322900 894.378 1.73008e+008 1.25572e+010 9.87677e+010 1.11498e+011 -7.23356e+009
2.248 1.05283e+011 324473 952.61 1.79622e+008 1.28951e+010 9.89359e+010 1.12011e+011 -6.7281e+009
2.25 1.01052e+011 317886 1014.54 1.86476e+008 1.32408e+010 9.90978e+010 1.12525e+011 -1.14735e+010
2.252 1.04605e+011 323427 1080.4 1.93578e+008 1.35946e+010 9.92533e+010 1.13041e+011 -8.43668e+009
2.254 1.07928e+011 328524 1150.44 2.00937e+008 1.39564e+010 9.94022e+010 1.1356e+011 -5.63155e+009
2.256 1.09346e+011 330676 1224.9 2.0856e+008 1.43266e+010 9.95448e+010 1.1408e+011 -4.73355e+009
2.258 1.12045e+011 334731 1304.07 2.16458e+008 1.47053e+010 9.96807e+010 1.14602e+011 -2.55734e+009
2.26 1.1614e+011 340792 1388.22 2.24638e+008 1.50926e+010 9.98102e+010 1.15127e+011 1.01214e+009
2.262 1.20691e+011 347406 1477.68 2.33112e+008 1.54886e+010 9.99331e+010 1.15655e+011 5.03606e+009
2.265 1.1976e+011 346064 1622.51 2.46393e+008 1.60994e+010 1.00105e+011 1.16451e+011 3.30964e+009
2.267 1.27048e+011 356437 1726.68 2.55642e+008 1.6518e+010 1.00211e+011 1.16985e+011 1.00627e+010
2.269 1.2801e+011 357785 1837.36 2.6522e+008 1.69459e+010 1.00311e+011 1.17522e+011 1.04882e+010
2.271 1.2929e+011 359569 1954.97 2.75138e+008 1.73833e+010 1.00404e+011 1.18062e+011 1.12274e+010
2.273 1.29683e+011 360115 2079.91 2.85406e+008 1.78303e+010 1.0049e+011 1.18606e+011 1.10768e+010
2.275 1.34869e+011 367245 2212.64 2.96037e+008 1.82871e+010 1.0057e+011 1.19153e+011 1.57159e+010
2.277 1.29246e+011 359508 2353.63 3.07042e+008 1.87539e+010 1.00643e+011 1.19704e+011 9.54246e+009
2.279 1.2103e+011 347894 2503.38 3.18434e+008 1.92308e+010 1.00709e+011 1.20258e+011 7.71712e+008
2.281 1.20774e+011 347525 2662.42 3.30225e+008 1.9718e+010 1.00769e+011 1.20817e+011 -4.32594e+007
2.283 1.16795e+011 341753 2831.3 3.42429e+008 2.02157e+010 1.00821e+011 1.21379e+011 -4.58449e+009
2.286 1.17442e+011 342698 3104.4 3.61538e+008 2.09822e+010 1.00888e+011 1.22231e+011 -4.78931e+009
2.288 1.23342e+011 351201 3300.58 3.74833e+008 2.15068e+010 1.00923e+011 1.22805e+011 5.37604e+008
2.29 1.16355e+011 341109 3508.84 3.8859e+008 2.20424e+010 1.00952e+011 1.23383e+011 -7.02786e+009
2.292 1.23696e+011 351704 3729.91 4.02823e+008 2.25893e+010 1.00974e+011 1.23966e+011 -2.7067e+008
2.294 1.25737e+011 354595 3964.54 4.17549e+008 2.31477e+010 1.0099e+011 1.24555e+011 1.18255e+009
2.296 1.24066e+011 352229 4213.56 4.32782e+008 2.37176e+010 1.00998e+011 1.25148e+011 -1.08287e+009
2.298 1.26989e+011 356355 4477.82 4.4854e+008 2.42993e+010 1.01e+011 1.25748e+011 1.24105e+009
2.301 1.21649e+011 348782 4904.77 4.73196e+008 2.51943e+010 1.0099e+011 1.26657e+011 -5.00837e+009
2.303 1.22184e+011 349548 5211.2 4.90339e+008 2.58062e+010 1.00974e+011 1.27271e+011 -5.08701e+009
2.305 1.19302e+011 345401 5536.27 5.08068e+008 2.64306e+010 1.00952e+011 1.27891e+011 -8.58896e+009
2.307 1.21441e+011 348484 5881.1 5.264e+008 2.70675e+010 1.00923e+011 1.28517e+011 -7.07632e+009
2.309 1.28745e+011 358811 6246.84 5.45356e+008 2.77172e+010 1.00888e+011 1.2915e+011 -4.04571e+008
2.311 1.24979e+011 353523 6634.73 5.64954e+008 2.83798e+010 1.00845e+011 1.2979e+011 -4.81113e+009
2.313 1.2774e+011 357408 7046.07 5.85216e+008 2.90556e+010 1.00796e+011 1.30437e+011 -2.69641e+009
2.316 1.32363e+011 363817 7710.09 6.16898e+008 3.00944e+010 1.00709e+011 1.3142e+011 9.4217e+008
2.318 1.27791e+011 357478 8186.26 6.38911e+008 3.08039e+010 1.00643e+011 1.32086e+011 -4.29518e+009
2.32 1.30007e+011 360565 8691.05 6.61662e+008 3.15272e+010 1.0057e+011 1.32759e+011 -2.75154e+009
2.322 1.30252e+011 360904 9226.14 6.85176e+008 3.22644e+010 1.0049e+011 1.3344e+011 -3.18803e+009
2.324 1.33075e+011 364794 9793.29 7.09475e+008 3.30159e+010 1.00404e+011 1.34129e+011 -1.0547e+009
2.327 1.33824e+011 365820 10708.3 7.47451e+008 3.417e+010 1.00262e+011 1.3518e+011 -1.35535e+009
2.329 1.33691e+011 365638 11364 7.73823e+008 3.49578e+010 1.00159e+011 1.35891e+011 -2.19964e+009
2.331 1.32167e+011 363548 12058.7 8.0107e+008 3.57603e+010 1.00049e+011 1.36611e+011 -4.44341e+009
2.333 1.31775e+011 363008 12794.8 8.29217e+008 3.65779e+010 9.99331e+010 1.3734e+011 -5.56515e+009
2.335 1.31557e+011 362707 13574.6 8.58293e+008 3.74107e+010 9.98102e+010 1.38079e+011 -6.52262e+009
2.338 1.3939e+011 373349 14831.8 9.03711e+008 3.86888e+010 9.96136e+010 1.39206e+011 1.8368e+008
2.34 1.38717e+011 372448 15732.3 9.35235e+008 3.95605e+010 9.94743e+010 1.3997e+011 -1.25293e+009
2.342 1.3876e+011 372505 16685.8 9.67791e+008 4.04481e+010 9.93286e+010 1.40744e+011 -1.98437e+009
2.344 1.34443e+011 366665 17695.6 1.00141e+009 4.13517e+010 9.91763e+010 1.4153e+011 -7.08627e+009
2.347 1.41252e+011 375835 19322.8 1.0539e+009 4.27377e+010 9.89359e+010 1.42728e+011 -1.4755e+009
2.349 1.43852e+011 379279 20487.5 1.09032e+009 4.36824e+010 9.87677e+010 1.4354e+011 3.11884e+008
2.351 1.45331e+011 381223 21720.5 1.12792e+009 4.46438e+010 9.8593e+010 1.44365e+011 9.66207e+008
2.353 1.42237e+011 377143 23025.7 1.16673e+009 4.56221e+010 9.84121e+010 1.45201e+011 -2.9639e+009
2.356 1.37643e+011 371003 25127.6 1.2273e+009 4.71217e+010 9.81289e+010 1.46478e+011 -8.83483e+009
2.358 1.47394e+011 383920 26631.5 1.26931e+009 4.81431e+010 9.79323e+010 1.47345e+011 4.95263e+007
2.36 1.49005e+011 386012 28222.9 1.31267e+009 4.91821e+010 9.77295e+010 1.48224e+011 7.81119e+008
2.362 1.4736e+011 383875 29906.6 1.35741e+009 5.02389e+010 9.75205e+010 1.49117e+011 -1.75712e+009
2.365 1.47692e+011 384307 32616.9 1.42721e+009 5.18578e+010 9.71956e+010 1.50481e+011 -2.78876e+009
2.367 1.49614e+011 386800 34555 1.47559e+009 5.29597e+010 9.69714e+010 1.51407e+011 -1.79239e+009
2.369 1.46218e+011 382385 36605 1.52551e+009 5.40801e+010 9.67413e+010 1.52347e+011 -6.12895e+009
2.372 1.48187e+011 384951 39903.4 1.60336e+009 5.57955e+010 9.63849e+010 1.53784e+011 -5.59649e+009
2.374 1.50169e+011 387517 42261.2 1.65731e+009 5.69627e+010 9.61399e+010 1.5476e+011 -4.59052e+009
2.376 1.47534e+011 384101 44754.2 1.71296e+009 5.81488e+010 9.58891e+010 1.55751e+011 -8.21723e+009
2.378 1.55513e+011 394351 47390 1.77035e+009 5.93542e+010 9.56324e+010 1.56757e+011 -1.24449e+009
2.381 1.55486e+011 394318 51629 1.85981e+009 6.11985e+010 9.52368e+010 1.58295e+011 -2.80872e+009
2.383 1.56708e+011 395863 54657.4 1.92178e+009 6.24526e+010 9.49659e+010 1.5934e+011 -2.6325e+009
2.385 1.64493e+011 405577 57858.3 1.98568e+009 6.37264e+010 9.46894e+010 1.60402e+011 4.09143e+009
2.388 1.60471e+011 400589 63003.8 2.08526e+009 6.56746e+010 9.42643e+010 1.62024e+011 -1.55285e+009
2.39 1.6253e+011 403150 66678.4 2.15421e+009 6.69986e+010 9.3974e+010 1.63127e+011 -5.96962e+008
2.392 1.68185e+011 410103 70561.1 2.22529e+009 6.8343e+010 9.36783e+010 1.64247e+011 3.93797e+009
2.395 1.62221e+011 402767 76800 2.33602e+009 7.0398e+010 9.32247e+010 1.65959e+011 -3.73758e+009
2.397 1.64014e+011 404986 81253.7 2.41267e+009 7.17939e+010 9.29157e+010 1.67122e+011 -3.10839e+009
2.399 1.71816e+011 414507 85957.9 2.49167e+009 7.32107e+010 9.26014e+010 1.68304e+011 3.51222e+009
2.402 1.68339e+011 410292 93514 2.61469e+009 7.53753e+010 9.21204e+010 1.70111e+011 -1.77136e+009
2.404 1.76565e+011 420196 98905.7 2.69982e+009 7.6845e+010 9.17934e+010 1.71338e+011 5.22652e+009
2.407 1.74952e+011 418273 107564 2.83238e+009 7.90895e+010 9.12935e+010 1.73216e+011 1.73648e+009
2.409 1.70227e+011 412586 113740 2.92408e+009 8.06128e+010 9.09541e+010 1.74491e+011 -4.26406e+009
2.411 1.77981e+011 421878 120260 3.01855e+009 8.21579e+010 9.06099e+010 1.75786e+011 2.19454e+009
2.414 1.78763e+011 422804 130725 3.16558e+009 8.45164e+010 9.00846e+010 1.77767e+011 9.96162e+008
2.416 1.87269e+011 432746 138188 3.26728e+009 8.61163e+010 8.97285e+010 1.79112e+011 8.15688e+009
2.418 1.85036e+011 430159 146064 3.372e+009 8.77383e+010 8.93678e+010 1.80478e+011 4.55827e+009
2.421 1.88831e+011 434547 158700 3.53495e+009 9.02131e+010 8.88182e+010 1.82566e+011 6.26436e+009
2.423 1.89439e+011 435246 167706 3.64761e+009 9.18909e+010 8.84462e+010 1.83985e+011 5.45426e+009
2.426 1.79782e+011 424007 182153 3.82287e+009 9.44499e+010 8.78801e+010 1.86153e+011 -6.37092e+009
2.428 1.8712e+011 432573 192448 3.94402e+009 9.61842e+010 8.74974e+010 1.87626e+011 -5.06071e+008
2.43 1.89452e+011 435261 203306 4.06872e+009 9.79413e+010 8.71104e+010 1.89121e+011 3.31805e+008
2.433 1.96122e+011 442856 220715 4.26264e+009 1.0062e+011 8.65222e+010 1.91405e+011 4.71705e+009
2.435 1.97259e+011 444138 233115 4.39664e+009 1.02434e+011 8.6125e+010 1.92956e+011 4.30278e+009
2.438 1.98922e+011 446007 252991 4.60498e+009 1.05199e+011 8.55218e+010 1.95326e+011 3.59621e+009
2.44 1.98103e+011 445088 267145 4.74891e+009 1.07071e+011 8.51149e+010 1.96935e+011 1.16839e+009
2.443 2.08931e+011 457090 289825 4.97263e+009 1.09922e+011 8.44974e+010 1.99393e+011 9.53834e+009
2.445 2.06501e+011 454424 305970 5.12715e+009 1.11852e+011 8.40812e+010 2.01061e+011 5.43991e+009
2.447 2.05115e+011 452896 322986 5.2861e+009 1.13806e+011 8.36614e+010 2.02754e+011 2.36099e+009
2.45 2.01574e+011 448969 350241 5.53309e+009 1.1678e+011 8.30251e+010 2.05338e+011 -3.76487e+009
2.452 2.09636e+011 457860 369636 5.70362e+009 1.18792e+011 8.25966e+010 2.07092e+011 2.54327e+009
2.455 2.05666e+011 453504 400692 5.96855e+009 1.21854e+011 8.19477e+010 2.0977e+011 -4.10413e+009
2.457 2.09266e+011 457456 422785 6.15142e+009 1.23924e+011 8.1511e+010 2.11587e+011 -2.32081e+009
2.46 2.12921e+011 461434 458153 6.43545e+009 1.27074e+011 8.08502e+010 2.1436e+011 -1.43888e+009
2.462 2.23317e+011 472564 483305 6.63147e+009 1.29204e+011 8.04058e+010 2.16241e+011 7.07532e+009
2.465 2.28044e+011 477540 523558 6.93583e+009 1.32442e+011 7.97338e+010 2.19112e+011 8.93264e+009
2.467 2.28715e+011 478241 552177 7.14583e+009 1.34629e+011 7.92822e+010 2.21058e+011 7.65663e+009
2.47 2.22114e+011 471290 597965 7.47184e+009 1.37955e+011 7.85997e+010 2.24028e+011 -1.91315e+009
2.472 2.22399e+011 471592 630509 7.69672e+009 1.40202e+011 7.81414e+010 2.26041e+011 -3.64166e+009
2.475 2.19803e+011 468831 682562 8.04574e+009 1.43616e+011 7.74491e+010 2.29111e+011 -9.3082e+009
2.477 2.23898e+011 473179 719549 8.28644e+009 1.4592e+011 7.69845e+010 2.31192e+011 -7.29394e+009
2.48 2.19268e+011 468261 778689 8.65992e+009 1.49421e+011 7.62832e+010 2.34365e+011 -1.50966e+010
2.482 2.24161e+011 473456 820700 8.91743e+009 1.51784e+011 7.58128e+010 2.36515e+011 -1.23543e+010
2.485 2.30837e+011 480455 887854 9.31689e+009 1.55371e+011 7.51032e+010 2.39792e+011 -8.95533e+009
2.487 2.30584e+011 480191 935545 9.59225e+009 1.57792e+011 7.46275e+010 2.42012e+011 -1.14284e+010
2.49 2.47248e+011 497241 1.01175e+006 1.00193e+010 1.61465e+011 7.39103e+010 2.45395e+011 1.8531e+009
2.492 2.49535e+011 499534 1.06586e+006 1.03136e+010 1.63942e+011 7.34298e+010 2.47686e+011 1.84844e+009
2.495 2.51757e+011 501754 1.1523e+006 1.07699e+010 1.677e+011 7.27057e+010 2.51176e+011 5.80531e+008
2.498 2.50146e+011 500146 1.24549e+006 1.12447e+010 1.71508e+011 7.19778e+010 2.54732e+011 -4.58538e+009
2.5 2.39187e+011 489067 1.31162e+006 1.15717e+010 1.74074e+011 7.14906e+010 2.57138e+011 -1.79511e+010
2.503 2.56752e+011 506707 1.41722e+006 1.20787e+010 1.77965e+011 7.0757e+010 2.60802e+011 -4.05001e+009
2.505 2.54705e+011 504683 1.49214e+006 1.24278e+010 1.80587e+011 7.02662e+010 2.63282e+011 -8.57737e+009
2.508 2.64938e+011 514722 1.61173e+006 1.29688e+010 1.84559e+011 6.95275e+010 2.67057e+011 -2.11868e+009
2.51 2.59987e+011 509889 1.69654e+006 1.33413e+010 1.87234e+011 6.90336e+010 2.69611e+011 -9.62353e+009
2.513 2.6926e+011 518903 1.8319e+006 1.39184e+010 1.91286e+011 6.82907e+010 2.73497e+011 -4.23688e+009
2.516 2.63358e+011 513184 1.97765e+006 1.45181e+010 1.95385e+011 6.75455e+010 2.7745e+011 -1.40922e+010
2.518 2.6434e+011 514141 2.08097e+006 1.4931e+010 1.98143e+011 6.70476e+010 2.80124e+011 -1.5783e+010
2.521 2.68762e+011 518422 2.24579e+006 1.55703e+010 2.02318e+011 6.62992e+010 2.8419e+011 -1.54283e+010
2.523 2.73506e+011 522978 2.36259e+006 1.60102e+010 2.05127e+011 6.57994e+010 2.86939e+011 -1.34325e+010
2.526 2.48464e+011 498462 2.54884e+006 1.66913e+010 2.09376e+011 6.50485e+010 2.91119e+011 -4.26546e+010
2.529 2.47118e+011 497109 2.74922e+006 1.73986e+010 2.13669e+011 6.42965e+010 2.95367e+011 -4.82492e+010
2.531 2.46492e+011 496480 2.89116e+006 1.78852e+010 2.16555e+011 6.37945e+010 2.98237e+011 -5.17452e+010
2.534 2.72598e+011 522109 3.1174e+006 1.86382e+010 2.20918e+011 6.3041e+010 3.026e+011 -3.00027e+010
2.537 2.5816e+011 508094 3.36067e+006 1.94198e+010 2.25322e+011 6.2287e+010 3.07032e+011 -4.88723e+010
2.539 2.77804e+011 527071 3.53291e+006 1.99573e+010 2.2828e+011 6.17841e+010 3.10025e+011 -3.22215e+010
2.542 3.38548e+011 581848 3.80731e+006 2.07888e+010 2.3275e+011 6.10296e+010 3.14572e+011 2.39754e+010
2.544 3.88429e+011 623241 4.00154e+006 2.13604e+010 2.35751e+011 6.05267e+010 3.17642e+011 7.07874e+010
2.547 3.38652e+011 581938 4.31088e+006 2.22445e+010 2.40283e+011 5.97724e+010 3.22305e+011 1.63478e+010
2.55 3.77488e+011 614401 4.6432e+006 2.31616e+010 2.44852e+011 5.90187e+010 3.27037e+011 5.04517e+010
2.552 3.50854e+011 592329 4.87831e+006 2.37918e+010 2.47917e+011 5.85165e+010 3.3023e+011 2.06242e+010
2.555 3.49496e+011 591182 5.2526e+006 2.4766e+010 2.52542e+011 5.7764e+010 3.35077e+011 1.44187e+010
2.558 3.37481e+011 580931 5.65447e+006 2.57762e+010 2.572e+011 5.70125e+010 3.39995e+011 -2.51344e+009
2.561 3.42477e+011 585215 6.08584e+006 2.68232e+010 2.6189e+011 5.62622e+010 3.44981e+011 -2.50435e+009
2.563 3.4136e+011 584261 6.39084e+006 2.75424e+010 2.65033e+011 5.57628e+010 3.48344e+011 -6.98377e+009
2.566 3.47232e+011 589264 6.87607e+006 2.86537e+010 2.69771e+011 5.50151e+010 3.53446e+011 -6.21483e+009
2.569 3.56412e+011 597002 7.39664e+006 2.98051e+010 2.74536e+011 5.42691e+010 3.58618e+011 -2.20602e+009
2.571 3.70711e+011 608860 7.76453e+006 3.05956e+010 2.77728e+011 5.37729e+010 3.62104e+011 8.60671e+009
2.574 3.77863e+011 614706 8.34955e+006 3.18167e+010 2.82536e+011 5.30304e+010 3.67391e+011 1.04719e+010
2.577 3.84388e+011 619990 8.97683e+006 3.30812e+010 2.87367e+011 5.22903e+010 3.72747e+011 1.16411e+010
2.58 3.99374e+011 631960 9.64928e+006 3.43906e+010 2.92219e+011 5.15526e+010 3.78172e+011 2.12018e+010
2.582 3.88248e+011 623096 1.01242e+007 3.52891e+010 2.95465e+011 5.10623e+010 3.81827e+011 6.4214e+009
2.585 4.01614e+011 633730 1.08789e+007 3.66762e+010 3.0035e+011 5.03292e+010 3.87366e+011 1.42475e+010
2.588 3.96629e+011 629785 1.16876e+007 3.81119e+010 3.05252e+011 4.95991e+010 3.92974e+011 3.65473e+009
2.591 3.86274e+011 621510 1.25537e+007 3.95974e+010 3.10168e+011 4.88722e+010 3.98651e+011 -1.23764e+010
2.593 3.62973e+011 602473 1.31651e+007 4.06163e+010 3.13454e+011 4.83895e+010 4.02473e+011 -3.94998e+010
2.596 3.93004e+011 626901 1.4136e+007 4.21883e+010 3.18392e+011 4.76683e+010 4.08263e+011 -1.52585e+010
2.599 4.01754e+011 633841 1.51754e+007 4.38143e+010 3.2334e+011 4.69507e+010 4.14121e+011 -1.23668e+010
2.602 4.19825e+011 647939 1.6288e+007 4.54958e+010 3.28297e+011 4.62369e+010 4.20046e+011 -2.21084e+008
2.604 4.19425e+011 647631 1.70728e+007 4.66484e+010 3.31605e+011 4.57632e+010 4.24034e+011 -4.60855e+009
2.607 4.13551e+011 643080 1.83183e+007 4.84259e+010 3.36572e+011 4.5056e+010 4.30072e+011 -1.65205e+010
2.61 4.17562e+011 646191 1.96506e+007 5.02631e+010 3.41541e+011 4.43531e+010 4.36177e+011 -1.86143e+010
2.613 4.20483e+011 648446 2.10757e+007 5.21619e+010 3.46511e+011 4.36545e+010 4.42348e+011 -2.18658e+010
2.616 4.43174e+011 665713 2.25994e+007 5.41238e+010 3.5148e+011 4.29604e+010 4.48587e+011 -5.41307e+009
2.618 4.27944e+011 654175 2.36733e+007 5.54676e+010 3.54791e+011 4.25002e+010 4.52783e+011 -2.48383e+010
2.621 4.2524e+011 652105 2.53764e+007 5.75387e+010 3.59754e+011 4.18139e+010 4.59132e+011 -3.38915e+010
2.624 4.118e+011 641717 2.71964e+007 5.96777e+010 3.6471e+011 4.11324e+010 4.65547e+011 -5.37465e+010
2.627 4.31479e+011 656870 2.9141e+007 6.18864e+010 3.69657e+011 4.04559e+010 4.72028e+011 -4.05492e+010
2.63 4.10843e+011 640970 3.12184e+007 6.41668e+010 3.74592e+011 3.97844e+010 4.78575e+011 -6.77318e+010
2.633 4.06727e+011 637751 3.34371e+007 6.65206e+010 3.79515e+011 3.91182e+010 4.85187e+011 -7.84603e+010
2.636 4.20034e+011 648101 3.58063e+007 6.89499e+010 3.84421e+011 3.84573e+010 4.91864e+011 -7.183e+010
2.638 4.30771e+011 656331 3.7474e+007 7.06123e+010 3.87683e+011 3.80197e+010 4.96352e+011 -6.55813e+010
2.641 4.52781e+011 672890 4.01156e+007 7.31718e+010 3.92558e+011 3.73679e+010 5.03138e+011 -5.03573e+010
2.644 4.32494e+011 657643 4.29348e+007 7.5812e+010 3.97412e+011 3.67218e+010 5.09989e+011 -7.7495e+010
2.647 4.41504e+011 664457 4.59427e+007 7.85351e+010 4.02242e+011 3.60813e+010 5.16905e+011 -7.54009e+010
2.65 4.62076e+011 679761 4.91514e+007 8.13431e+010 4.07046e+011 3.54466e+010 5.23885e+011 -6.18091e+010
2.653 5.25637e+011 725008 5.25736e+007 8.42383e+010 4.11821e+011 3.48178e+010 5.30929e+011 -5.29239e+009
2.656 5.56749e+011 746156 5.62227e+007 8.72227e+010 4.16565e+011 3.4195e+010 5.38039e+011 1.87109e+010
2.659 5.50448e+011 741922 6.01128e+007 9.02985e+010 4.21275e+011 3.35782e+010 5.45212e+011 5.23638e+009
2.662 5.47675e+011 740051 6.42591e+007 9.34681e+010 4.2595e+011 3.29675e+010 5.5245e+011 -4.77502e+009
2.664 5.72427e+011 756589 6.71735e+007 9.56343e+010 4.29046e+011 3.25638e+010 5.57311e+011 1.51164e+010
2.667 5.79341e+011 761145 7.17826e+007 9.89651e+010 4.33656e+011 3.19635e+010 5.64656e+011 1.46849e+010
2.67 5.5626e+011 745828 7.66924e+007 1.02396e+011 4.38224e+011 3.13695e+010 5.72066e+011 -1.58062e+010
2.673 5.51394e+011 742559 8.19214e+007 1.05928e+011 4.42748e+011 3.07819e+010 5.7954e+011 -2.81455e+010
2.676 5.29284e+011 727519 8.74892e+007 1.09566e+011 4.47225e+011 3.02007e+010 5.87079e+011 -5.7795e+010
2.679 5.19847e+011 721004 9.34166e+007 1.1331e+011 4.51652e+011 2.9626e+010 5.94682e+011 -7.48352e+010
2.682 5.66509e+011 752668 9.97253e+007 1.17164e+011 4.56029e+011 2.90578e+010 6.0235e+011 -3.5841e+010
2.685 5.5718e+011 746445 1.06438e+008 1.2113e+011 4.60352e+011 2.84962e+010 6.10084e+011 -5.29037e+010
2.688 5.76265e+011 759121 1.13581e+008 1.2521e+011 4.64618e+011 2.79412e+010 6.17883e+011 -4.16175e+010
2.691 5.87399e+011 766419 1.21177e+008 1.29407e+011 4.68826e+011 2.73929e+010 6.25748e+011 -3.8349e+010
2.694 6.09428e+011 780659 1.29256e+008 1.33724e+011 4.72974e+011 2.68512e+010 6.33678e+011 -2.425e+010
2.697 5.93585e+011 770445 1.37846e+008 1.38163e+011 4.77059e+011 2.63163e+010 6.41675e+011 -4.80903e+010
2.7 6.47514e+011 804682 1.46976e+008 1.42726e+011 4.81078e+011 2.57881e+010 6.49739e+011 -2.22551e+009
2.703 6.13026e+011 782960 1.56679e+008 1.47418e+011 4.8503e+011 2.52667e+010 6.57871e+011 -4.4845e+010
2.706 6.19629e+011 787165 1.6699e+008 1.52239e+011 4.88912e+011 2.4752e+010 6.6607e+011 -4.64409e+010
2.709 6.32869e+011 795530 1.77942e+008 1.57193e+011 4.92722e+011 2.42442e+010 6.74337e+011 -4.14687e+010
2.712 6.20634e+011 787803 1.89575e+008 1.62283e+011 4.96459e+011 2.37432e+010 6.82674e+011 -6.20404e+010
2.715 6.33543e+011 795954 2.01927e+008 1.67511e+011 5.00119e+011 2.3249e+010 6.9108e+011 -5.75375e+010
2.718 6.8055e+011 824955 2.15041e+008 1.7288e+011 5.03701e+011 2.27616e+010 6.99557e+011 -1.90072e+010
2.721 6.72952e+011 820337 2.28959e+008 1.78393e+011 5.07203e+011 2.22811e+010 7.08105e+011 -3.51534e+010
2.724 6.57708e+011 810992 2.4373e+008 1.84052e+011 5.10622e+011 2.18074e+010 7.16726e+011 -5.90176e+010
2.727 6.49396e+011 805851 2.594e+008 1.89862e+011 5.13957e+011 2.13406e+010 7.25419e+011 -7.60224e+010
2.731 6.66491e+011 816389 2.81784e+008 1.97845e+011 5.18269e+011 2.07287e+010 7.37125e+011 -7.06342e+010
2.734 6.68688e+011 817733 2.99759e+008 2.04014e+011 5.214e+011 2.02778e+010 7.45992e+011 -7.73042e+010
2.737 7.54145e+011 868415 3.18817e+008 2.10343e+011 5.2444e+011 1.98337e+010 7.54936e+011 -7.90162e+008
2.74 7.35734e+011 857750 3.39018e+008 2.16834e+011 5.27388e+011 1.93963e+010 7.63957e+011 -2.82223e+010
2.743 7.44717e+011 862970 3.60425e+008 2.23489e+011 5.30241e+011 1.89657e+010 7.73057e+011 -2.834e+010
2.746 7.19903e+011 848471 3.83107e+008 2.30313e+011 5.32999e+011 1.85419e+010 7.82237e+011 -6.2333e+010
2.749 6.80205e+011 824745 4.07134e+008 2.37307e+011 5.35659e+011 1.81248e+010 7.91498e+011 -1.11293e+011
2.752 7.21843e+011 849613 4.3258e+008 2.44475e+011 5.3822e+011 1.77144e+010 8.00842e+011 -7.89987e+010
2.755 7.18841e+011 847845 4.59523e+008 2.5182e+011 5.4068e+011 1.73106e+010 8.1027e+011 -9.14292e+010
2.759 8.24214e+011 907862 4.97918e+008 2.61893e+011 5.43801e+011 1.67826e+010 8.22974e+011 1.23996e+009
2.762 7.8201e+011 884313 5.28681e+008 2.69661e+011 5.46021e+011 1.63943e+010 8.32605e+011 -5.05945e+010
2.765 7.90028e+011 888835 5.61231e+008 2.77616e+011 5.48135e+011 1.60125e+010 8.42325e+011 -5.22971e+010
2.768 8.14791e+011 902658 5.95664e+008 2.85761e+011 5.50142e+011 1.56373e+010 8.52136e+011 -3.73452e+010
2.771 8.53105e+011 923637 6.32082e+008 2.94098e+011 5.52041e+011 1.52685e+010 8.6204e+011 -8.93565e+009
2.774 8.86846e+011 941725 6.70591e+008 3.02631e+011 5.53831e+011 1.49062e+010 8.72039e+011 1.48066e+010
2.778 8.6316e+011 929064 7.2538e+008 3.14317e+011 5.56047e+011 1.4433e+010 8.85522e+011 -2.23618e+010
2.781 8.86576e+011 941582 7.69209e+008 3.23317e+011 5.57578e+011 1.40855e+010 8.9575e+011 -9.1732e+009
2.784 8.91744e+011 944322 8.15521e+008 3.32522e+011 5.58997e+011 1.37443e+010 9.06079e+011 -1.43348e+010
2.787 9.66677e+011 983198 8.64446e+008 3.41935e+011 5.60302e+011 1.34093e+010 9.16511e+011 5.01661e+010
2.79 9.77184e+011 988526 9.16121e+008 3.51559e+011 5.61493e+011 1.30806e+010 9.27049e+011 5.01344e+010
2.794 9.94708e+011 997351 9.89546e+008 3.64724e+011 5.62903e+011 1.26517e+010 9.41268e+011 5.34402e+010
2.797 1.03246e+012 1.0161e+006 1.0482e+009 3.74852e+011 5.63824e+011 1.23371e+010 9.52061e+011 8.04031e+010
2.8 1.08277e+012 1.04056e+006 1.11011e+009 3.85199e+011 5.6463e+011 1.20285e+010 9.62968e+011 1.19806e+011
2.803 1.14527e+012 1.07017e+006 1.17544e+009 3.9577e+011 5.65318e+011 1.17259e+010 9.73989e+011 1.71283e+011
2.807 1.0996e+012 1.04862e+006 1.26816e+009 4.10216e+011 5.66053e+011 1.13315e+010 9.88869e+011 1.10727e+011
2.81 1.06005e+012 1.02958e+006 1.34216e+009 4.21318e+011 5.66467e+011 1.10424e+010 1.00017e+012 5.98754e+010
2.813 1.07982e+012 1.03914e+006 1.42018e+009 4.32652e+011 5.66763e+011 1.07592e+010 1.01159e+012 6.82256e+010
2.816 1.07208e+012 1.03541e+006 1.50244e+009 4.44221e+011 5.66941e+011 1.04816e+010 1.02315e+012 4.89387e+010
2.82 1.11297e+012 1.05498e+006 1.61906e+009 4.60015e+011 5.66993e+011 1.01201e+010 1.03875e+012 7.42255e+010
2.823 1.15095e+012 1.07282e+006 1.71203e+009 4.72141e+011 5.66895e+011 9.85554e+009 1.0506e+012 1.00349e+011
2.826 1.13077e+012 1.06338e+006 1.80996e+009 4.8451e+011 5.66678e+011 9.5964e+009 1.06259e+012 6.81762e+010
2.83 1.20921e+012 1.09964e+006 1.9487e+009 5.01385e+011 5.66204e+011 9.25926e+009 1.0788e+012 1.30416e+011
2.833 1.21927e+012 1.10421e+006 2.05921e+009 5.14331e+011 5.65712e+011 9.01261e+009 1.09111e+012 1.28157e+011
2.836 1.21941e+012 1.10427e+006 2.17553e+009 5.27528e+011 5.65102e+011 8.77119e+009 1.10358e+012 1.15835e+011
2.84 1.22764e+012 1.10799e+006 2.34019e+009 5.45517e+011 5.64106e+011 8.45734e+009 1.12042e+012 1.07223e+011
2.843 1.22198e+012 1.10543e+006 2.47122e+009 5.59308e+011 5.63223e+011 8.22789e+009 1.13323e+012 8.87527e+010
2.846 1.24322e+012 1.115e+006 2.60906e+009 5.73357e+011 5.62224e+011 8.00345e+009 1.14619e+012 9.70304e+010
2.85 1.25574e+012 1.1206e+006 2.804e+009 5.92493e+011 5.60712e+011 7.71187e+009 1.16372e+012 9.20225e+010
2.853 1.29473e+012 1.13786e+006 2.95901e+009 6.07151e+011 5.59445e+011 7.49885e+009 1.17705e+012 1.17681e+011
2.856 1.21224e+012 1.10102e+006 3.12195e+009 6.22074e+011 5.58064e+011 7.29061e+009 1.19055e+012 2.16876e+010
2.86 1.17417e+012 1.08359e+006 3.35219e+009 6.42385e+011 5.56047e+011 7.02026e+009 1.2088e+012 -3.46297e+010
2.863 1.24533e+012 1.11594e+006 3.53511e+009 6.57931e+011 5.54404e+011 6.8229e+009 1.22269e+012 2.26376e+010
2.867 1.26779e+012 1.12596e+006 3.79343e+009 6.79079e+011 5.52041e+011 6.5668e+009 1.24148e+012 2.63053e+010
2.87 1.34882e+012 1.16139e+006 3.99854e+009 6.95256e+011 5.50142e+011 6.37992e+009 1.25578e+012 9.30408e+010
2.874 1.45354e+012 1.20563e+006 4.28802e+009 7.17251e+011 5.47442e+011 6.13755e+009 1.27512e+012 1.78418e+011
2.877 1.48645e+012 1.2192e+006 4.51773e+009 7.34067e+011 5.45292e+011 5.96078e+009 1.28984e+012 1.96611e+011
2.88 1.45455e+012 1.20605e+006 4.75879e+009 7.51159e+011 5.43038e+011 5.78822e+009 1.30474e+012 1.49806e+011
2.884 1.39476e+012 1.181e+006 5.09872e+009 7.74379e+011 5.39871e+011 5.56458e+009 1.32491e+012 6.98444e+010
2.887 1.41313e+012 1.18875e+006 5.36824e+009 7.92117e+011 5.37377e+011 5.40158e+009 1.34026e+012 7.28626e+010
2.891 1.43034e+012 1.19597e+006 5.74808e+009 8.16201e+011 5.33897e+011 5.19042e+009 1.36104e+012 6.93024e+010
2.894 1.48426e+012 1.2183e+006 6.04907e+009 8.3459e+011 5.31171e+011 5.0366e+009 1.37685e+012 1.07418e+011
2.898 1.38533e+012 1.177e+006 6.47301e+009 8.59543e+011 5.27388e+011 4.83743e+009 1.39824e+012 -1.29154e+010
2.901 1.39422e+012 1.18077e+006 6.80873e+009 8.78584e+011 5.2444e+011 4.6924e+009 1.41452e+012 -2.03077e+010
2.905 1.34345e+012 1.15907e+006 7.28132e+009 9.04407e+011 5.20366e+011 4.50472e+009 1.43656e+012 -9.31073e+010
2.908 1.39285e+012 1.18019e+006 7.65535e+009 9.24101e+011 5.17206e+011 4.36812e+009 1.45333e+012 -6.04756e+010
2.912 1.4936e+012 1.22213e+006 8.18154e+009 9.50795e+011 5.12855e+011 4.19143e+009 1.47602e+012 1.75801e+010
2.915 1.42357e+012 1.19313e+006 8.59775e+009 9.71141e+011 5.09491e+011 4.0629e+009 1.49329e+012 -6.97229e+010
2.919 1.45379e+012 1.20573e+006 9.18293e+009 9.98703e+011 5.04877e+011 3.89671e+009 1.51666e+012 -6.2869e+010
2.922 1.54671e+012 1.24367e+006 9.64553e+009 1.0197e+012 5.01322e+011 3.77588e+009 1.53444e+012 1.22719e+010
2.926 1.49645e+012 1.22329e+006 1.02955e+010 1.04812e+012 4.96459e+011 3.61972e+009 1.5585e+012 -6.20461e+010
2.929 1.6533e+012 1.28581e+006 1.08091e+010 1.06976e+012 4.92722e+011 3.50624e+009 1.5768e+012 7.65032e+010
2.933 1.66428e+012 1.29007e+006 1.15302e+010 1.09904e+012 4.87626e+011 3.35965e+009 1.60156e+012 6.27197e+010
2.937 1.67959e+012 1.29599e+006 1.2295e+010 1.12881e+012 4.82403e+011 3.21832e+009 1.62672e+012 5.2868e+010
2.94 1.66087e+012 1.28875e+006 1.28987e+010 1.15144e+012 4.78406e+011 3.11568e+009 1.64586e+012 1.50107e+010
2.944 1.60887e+012 1.26841e+006 1.37457e+010 1.18205e+012 4.72974e+011 2.98321e+009 1.67175e+012 -6.28833e+010
2.947 1.64106e+012 1.28104e+006 1.44138e+010 1.20531e+012 4.68826e+011 2.88705e+009 1.69143e+012 -5.03765e+010
2.951 1.61936e+012 1.27254e+006 1.53505e+010 1.23673e+012 4.63202e+011 2.76299e+009 1.71805e+012 -9.8687e+010
2.955 1.63469e+012 1.27855e+006 1.63422e+010 1.26862e+012 4.57476e+011 2.64356e+009 1.74508e+012 -1.10395e+011
2.958 1.68542e+012 1.29824e+006 1.71238e+010 1.29284e+012 4.53117e+011 2.55692e+009 1.76563e+012 -8.02135e+010
2.962 1.67181e+012 1.29298e+006 1.82187e+010 1.32552e+012 4.47225e+011 2.44524e+009 1.79341e+012 -1.21598e+011
2.965 1.72457e+012 1.31323e+006 1.9081e+010 1.35032e+012 4.42748e+011 2.36427e+009 1.81452e+012 -8.99412e+010
2.969 1.78693e+012 1.33676e+006 2.02881e+010 1.38378e+012 4.36706e+011 2.25993e+009 1.84303e+012 -5.61042e+010
2.973 1.7801e+012 1.3342e+006 2.15639e+010 1.41766e+012 4.30587e+011 2.15961e+009 1.87198e+012 -9.18742e+010
2.977 1.76469e+012 1.32842e+006 2.29116e+010 1.45197e+012 4.24396e+011 2.0632e+009 1.90134e+012 -1.36656e+011
2.98 1.82145e+012 1.34961e+006 2.39718e+010 1.47798e+012 4.19709e+011 1.99336e+009 1.92365e+012 -1.02202e+011
2.984 1.89776e+012 1.37759e+006 2.5454e+010 1.513e+012 4.13406e+011 1.90347e+009 1.95376e+012 -5.60039e+010
2.988 1.97563e+012 1.40557e+006 2.70181e+010 1.54842e+012 4.07046e+011 1.81714e+009 1.9843e+012 -8.66655e+009
2.991 1.91057e+012 1.38223e+006 2.82472e+010 1.57523e+012 4.02242e+011 1.75466e+009 2.00748e+012 -9.69096e+010
2.995 2.03291e+012 1.4258e+006 2.99641e+010 1.61132e+012 3.95797e+011 1.67429e+009 2.03875e+012 -5.83777e+009
2.999 1.92295e+012 1.38671e+006 3.17739e+010 1.64776e+012 3.8931e+011 1.59717e+009 2.07045e+012 -1.47491e+011
3.003 1.97481e+012 1.40528e+006 3.36808e+010 1.68456e+012 3.82788e+011 1.52319e+009 2.10255e+012 -1.27748e+011
3.006 1.97074e+012 1.40383e+006 3.51775e+010 1.71238e+012 3.77875e+011 1.4697e+009 2.12691e+012 -1.56161e+011
3.01 2.09183e+012 1.44632e+006 3.72652e+010 1.74976e+012 3.71303e+011 1.40096e+009 2.15973e+012 -6.79003e+010
3.014 2.14576e+012 1.46484e+006 3.94626e+010 1.78746e+012 3.6471e+011 1.33508e+009 2.19297e+012 -4.72022e+010
3.018 2.18007e+012 1.47651e+006 4.17746e+010 1.82545e+012 3.581e+011 1.27195e+009 2.2266e+012 -4.65246e+010
3.021 2.1538e+012 1.46758e+006 4.35867e+010 1.85413e+012 3.53136e+011 1.22636e+009 2.25208e+012 -9.82851e+010
3.025 2.18477e+012 1.4781e+006 4.61112e+010 1.89261e+012 3.46511e+011 1.16782e+009 2.2864e+012 -1.01633e+011
3.029 2.18184e+012 1.47711e+006 4.87644e+010 1.93135e+012 3.39884e+011 1.11178e+009 2.32111e+012 -1.39271e+011
3.033 2.08448e+012 1.44377e+006 5.15517e+010 1.97033e+012 3.3326e+011 1.05814e+009 2.3562e+012 -2.71714e+011
3.037 2.23553e+012 1.49517e+006 5.44786e+010 2.00952e+012 3.26644e+011 1.00681e+009 2.39165e+012 -1.56124e+011
3.041 2.30477e+012 1.51815e+006 5.7551e+010 2.04893e+012 3.20041e+011 9.57722e+008 2.42747e+012 -1.22708e+011
3.044 2.46371e+012 1.56962e+006 5.99544e+010 2.0786e+012 3.15099e+011 9.22318e+008 2.45457e+012 9.13386e+009
3.048 2.47535e+012 1.57332e+006 6.32957e+010 2.11831e+012 3.08528e+011 8.76932e+008 2.49101e+012 -1.5667e+010
3.052 2.50971e+012 1.58421e+006 6.67992e+010 2.15818e+012 3.01982e+011 8.33555e+008 2.5278e+012 -1.80859e+010
3.056 2.51043e+012 1.58443e+006 7.04712e+010 2.19818e+012 2.95465e+011 7.9211e+008 2.56491e+012 -5.44754e+010
3.06 2.56312e+012 1.60098e+006 7.43184e+010 2.23829e+012 2.88982e+011 7.52523e+008 2.60235e+012 -3.92229e+010
3.064 2.5614e+012 1.60044e+006 7.83473e+010 2.2785e+012 2.82536e+011 7.14721e+008 2.64009e+012 -7.86946e+010
3.068 2.53953e+012 1.59359e+006 8.25649e+010 2.31877e+012 2.76131e+011 6.78635e+008 2.67815e+012 -1.38616e+011
3.072 2.48165e+012 1.57533e+006 8.69783e+010 2.35909e+012 2.69771e+011 6.44198e+008 2.71649e+012 -2.34836e+011
3.076 2.49063e+012 1.57817e+006 9.15945e+010 2.39945e+012 2.63459e+011 6.11343e+008 2.75511e+012 -2.64477e+011
3.079 2.55331e+012 1.59791e+006 9.51943e+010 2.42971e+012 2.5876e+011 5.87702e+008 2.78426e+012 -2.3095e+011
3.083 2.56448e+012 1.6014e+006 1.00183e+011 2.47006e+012 2.52542e+011 5.57465e+008 2.82334e+012 -2.58856e+011
3.087 2.63787e+012 1.62415e+006 1.05396e+011 2.51037e+012 2.46382e+011 5.28642e+008 2.86267e+012 -2.24807e+011
3.091 2.68406e+012 1.63831e+006 1.1084e+011 2.55062e+012 2.40283e+011 5.01173e+008 2.90224e+012 -2.18179e+011
3.095 2.91888e+012 1.70847e+006 1.16523e+011 2.59078e+012 2.34248e+011 4.75004e+008 2.94203e+012 -2.31544e+010
3.099 3.11649e+012 1.76536e+006 1.22454e+011 2.63085e+012 2.2828e+011 4.5008e+008 2.98203e+012 1.3446e+011
3.103 3.19032e+012 1.78615e+006 1.2864e+011 2.67078e+012 2.22381e+011 4.26348e+008 3.02222e+012 1.68093e+011
3.107 3.24595e+012 1.80165e+006 1.3509e+011 2.71055e+012 2.16555e+011 4.03759e+008 3.0626e+012 1.83355e+011
3.111 3.16343e+012 1.7786e+006 1.41812e+011 2.75014e+012 2.10802e+011 3.82264e+008 3.10314e+012 6.02846e+010
3.115 3.0977e+012 1.76003e+006 1.48815e+011 2.78953e+012 2.05127e+011 3.61816e+008 3.14384e+012 -4.61385e+010
3.12 3.02806e+012 1.74013e+006 1.57978e+011 2.83844e+012 1.98143e+011 3.37658e+008 3.1949e+012 -1.66843e+011
3.124 3.05806e+012 1.74873e+006 1.65645e+011 2.87728e+012 1.92647e+011 3.19402e+008 3.23589e+012 -1.77828e+011
3.128 3.02022e+012 1.73788e+006 1.73622e+011 2.91582e+012 1.87234e+011 3.02051e+008 3.27698e+012 -2.56765e+011
3.132 3.06036e+012 1.74939e+006 1.81917e+011 2.95406e+012 1.81905e+011 2.85566e+008 3.31816e+012 -2.57803e+011
3.136 3.22758e+012 1.79655e+006 1.9054e+011 2.99195e+012 1.76663e+011 2.69908e+008 3.35942e+012 -1.31841e+011
3.14 3.21684e+012 1.79355e+006 1.995e+011 3.02948e+012 1.71508e+011 2.5504e+008 3.40074e+012 -1.83904e+011
3.144 3.33039e+012 1.82494e+006 2.08807e+011 3.06662e+012 1.66441e+011 2.40925e+008 3.44211e+012 -1.11717e+011
3.148 3.50424e+012 1.87196e+006 2.18468e+011 3.10334e+012 1.61465e+011 2.27531e+008 3.4835e+012 2.07454e+010
3.152 3.45661e+012 1.8592e+006 2.28495e+011 3.13962e+012 1.56579e+011 2.14823e+008 3.52491e+012 -6.82911e+010
3.156 3.58358e+012 1.89303e+006 2.38895e+011 3.17543e+012 1.51784e+011 2.0277e+008 3.56631e+012 1.72662e+010
3.161 3.33617e+012 1.82652e+006 2.52436e+011 3.2195e+012 1.4592e+011 1.88579e+008 3.61804e+012 -2.81868e+011
3.165 3.38875e+012 1.84086e+006 2.63713e+011 3.25416e+012 1.41334e+011 1.77891e+008 3.65939e+012 -2.70635e+011
3.169 3.80751e+012 1.95128e+006 2.75394e+011 3.28827e+012 1.36841e+011 1.67763e+008 3.70068e+012 1.0683e+011
3.173 3.66041e+012 1.91322e+006 2.87489e+011 3.32181e+012 1.32442e+011 1.58169e+008 3.7419e+012 -8.14944e+010
3.177 3.7402e+012 1.93396e+006 3.00007e+011 3.35475e+012 1.28136e+011 1.49084e+008 3.78304e+012 -4.28466e+010
3.182 3.69594e+012 1.92248e+006 3.16264e+011 3.39504e+012 1.22886e+011 1.38405e+008 3.83433e+012 -1.38389e+011
3.186 3.84103e+012 1.95985e+006 3.29768e+011 3.42654e+012 1.18792e+011 1.30376e+008 3.87523e+012 -3.42048e+010
3.19 3.97513e+012 1.99377e+006 3.43724e+011 3.45736e+012 1.14791e+011 1.22779e+008 3.916e+012 5.91363e+010
3.194 4.04839e+012 2.01206e+006 3.58143e+011 3.48747e+012 1.10885e+011 1.15594e+008 3.95662e+012 9.17705e+010
3.199 3.76959e+012 1.94154e+006 3.76828e+011 3.5241e+012 1.06132e+011 1.0716e+008 4.00716e+012 -2.37576e+011
3.203 3.91461e+012 1.97854e+006 3.92317e+011 3.55255e+012 1.02434e+011 1.00828e+008 4.0474e+012 -1.32789e+011
3.207 4.03071e+012 2.00766e+006 4.08296e+011 3.58022e+012 9.88284e+010 9.48443e+007 4.08744e+012 -5.67303e+010
3.211 3.91186e+012 1.97784e+006 4.24773e+011 3.6071e+012 9.53142e+010 8.91917e+007 4.12728e+012 -2.15415e+011
3.216 3.93274e+012 1.98311e+006 4.4608e+011 3.63954e+012 9.10492e+010 8.2566e+007 4.17676e+012 -2.44015e+011
3.22 4.01394e+012 2.00348e+006 4.63706e+011 3.66455e+012 8.77383e+010 7.75981e+007 4.21607e+012 -2.02128e+011
3.224 4.29534e+012 2.07252e+006 4.81854e+011 3.68869e+012 8.45164e+010 7.29094e+007 4.25513e+012 4.02066e+010
3.229 4.10639e+012 2.02642e+006 5.05286e+011 3.71762e+012 8.06128e+010 6.74193e+007 4.30359e+012 -1.97201e+011
3.233 4.07964e+012 2.01981e+006 5.24636e+011 3.73975e+012 7.75878e+010 6.33072e+007 4.34204e+012 -2.62393e+011
3.238 4.31704e+012 2.07775e+006 5.49591e+011 3.7661e+012 7.3927e+010 5.84958e+007 4.38968e+012 -7.26454e+010
3.242 4.1632e+012 2.04039e+006 5.70177e+011 3.78613e+012 7.10934e+010 5.48947e+007 4.42745e+012 -2.64251e+011
3.246 4.05999e+012 2.01494e+006 5.9132e+011 3.80518e+012 6.8343e+010 5.15013e+007 4.4649e+012 -4.04905e+011
3.251 4.37918e+012 2.09265e+006 6.18541e+011 3.82763e+012 6.50202e+010 4.75351e+007 4.51124e+012 -1.32059e+011
3.255 4.75766e+012 2.18121e+006 6.40959e+011 3.84447e+012 6.24526e+010 4.45697e+007 4.54792e+012 2.09738e+011
3.26 4.7721e+012 2.18451e+006 6.69787e+011 3.86409e+012 5.93542e+010 4.1106e+007 4.59327e+012 1.78829e+011
3.264 4.77917e+012 2.18613e+006 6.93499e+011 3.87864e+012 5.69627e+010 3.85183e+007 4.62914e+012 1.50032e+011
3.268 4.81549e+012 2.19442e+006 7.17792e+011 3.89214e+012 5.46472e+010 3.60837e+007 4.66462e+012 1.50871e+011
3.273 4.64431e+012 2.15507e+006 7.4898e+011 3.90755e+012 5.18578e+010 3.32431e+007 4.70842e+012 -6.41127e+010
3.277 4.90403e+012 2.2145e+006 7.74589e+011 3.91868e+012 4.97083e+010 3.11231e+007 4.74301e+012 1.61025e+011
3.282 4.71756e+012 2.17199e+006 8.07426e+011 3.93108e+012 4.71217e+010 2.86513e+007 4.78566e+012 -6.80985e+010
3.286 4.70876e+012 2.16997e+006 8.34357e+011 3.93979e+012 4.51308e+010 2.68078e+007 4.8193e+012 -1.10541e+011
3.291 4.94979e+012 2.22481e+006 8.68848e+011 3.94914e+012 4.27377e+010 2.466e+007 4.86075e+012 8.90444e+010
3.295 4.92775e+012 2.21985e+006 8.97101e+011 3.95538e+012 4.08979e+010 2.30593e+007 4.8934e+012 3.43488e+010
3.3 5.14094e+012 2.26736e+006 9.3324e+011 3.96164e+012 3.86888e+010 2.11958e+007 4.93359e+012 2.07357e+011
3.305 5.33714e+012 2.31023e+006 9.70289e+011 3.96616e+012 3.65779e+010 1.94746e+007 4.97305e+012 3.64095e+011
3.309 5.40666e+012 2.32522e+006 1.00058e+012 3.96853e+012 3.49578e+010 1.81933e+007 5.00408e+012 4.02577e+011
3.314 5.27186e+012 2.29605e+006 1.03925e+012 3.96992e+012 3.30159e+010 1.67033e+007 5.0422e+012 2.29663e+011
3.318 5.07768e+012 2.25337e+006 1.07082e+012 3.96978e+012 3.15272e+010 1.55949e+007 5.07215e+012 5.53482e+009
3.323 5.29103e+012 2.30022e+006 1.11108e+012 3.96804e+012 2.97448e+010 1.43068e+007 5.10888e+012 1.82153e+011
3.328 5.22342e+012 2.28548e+006 1.1522e+012 3.96456e+012 2.80469e+010 1.31196e+007 5.14482e+012 7.85952e+010
3.332 5.3463e+012 2.31221e+006 1.18571e+012 3.96052e+012 2.67474e+010 1.22375e+007 5.173e+012 1.73305e+011
3.337 5.45095e+012 2.33473e+006 1.22836e+012 3.95392e+012 2.51943e+010 1.12135e+007 5.20748e+012 2.43464e+011
3.342 5.44282e+012 2.33298e+006 1.27181e+012 3.9456e+012 2.37176e+010 1.02708e+007 5.24114e+012 2.01672e+011
3.346 5.48274e+012 2.34152e+006 1.30716e+012 3.93771e+012 2.25893e+010 9.5712e+006 5.26747e+012 2.15268e+011
3.351 5.69881e+012 2.38722e+006 1.35203e+012 3.92632e+012 2.12431e+010 8.75997e+006 5.29961e+012 3.99201e+011
3.356 5.40768e+012 2.32544e+006 1.39766e+012 3.91325e+012 1.99655e+010 8.01411e+006 5.33088e+012 7.68011e+010
3.36 5.18857e+012 2.27784e+006 1.43469e+012 3.90158e+012 1.89911e+010 7.46116e+006 5.35528e+012 -1.66704e+011
3.365 5.3186e+012 2.30621e+006 1.48161e+012 3.88552e+012 1.78303e+010 6.82071e+006 5.38497e+012 -6.63715e+010
3.37 5.59545e+012 2.36547e+006 1.52921e+012 3.86782e+012 1.67308e+010 6.23262e+006 5.41377e+012 1.81681e+011
3.375 5.73078e+012 2.3939e+006 1.57744e+012 3.84852e+012 1.56899e+010 5.69283e+006 5.44166e+012 2.8912e+011
3.379 5.53466e+012 2.35259e+006 1.61647e+012 3.83193e+012 1.48978e+010 5.29325e+006 5.4633e+012 7.13615e+010
3.384 5.89793e+012 2.42857e+006 1.66577e+012 3.8098e+012 1.39564e+010 4.83115e+006 5.48952e+012 4.08409e+011
3.389 5.86834e+012 2.42247e+006 1.7156e+012 3.78613e+012 1.3067e+010 4.40754e+006 5.5148e+012 3.53545e+011
3.394 5.69577e+012 2.38658e+006 1.76594e+012 3.76095e+012 1.22271e+010 4.01937e+006 5.53912e+012 1.56654e+011
3.399 5.7043e+012 2.38837e+006 1.81673e+012 3.7343e+012 1.14345e+010 3.66385e+006 5.56247e+012 1.41836e+011
3.403 5.79211e+012 2.40668e+006 1.85765e+012 3.71195e+012 1.08331e+010 3.40118e+006 5.58044e+012 2.11669e+011
3.408 5.96515e+012 2.44237e+006 1.90915e+012 3.68274e+012 1.01203e+010 3.09799e+006 5.60201e+012 3.63146e+011
3.413 5.70815e+012 2.38917e+006 1.96096e+012 3.65215e+012 9.44897e+009 2.82063e+006 5.62257e+012 8.55813e+010
3.418 5.74043e+012 2.39592e+006 2.01305e+012 3.62023e+012 8.81703e+009 2.56703e+006 5.64211e+012 9.83288e+010
3.423 5.88325e+012 2.42554e+006 2.06536e+012 3.58702e+012 8.22259e+009 2.33524e+006 5.66061e+012 2.22639e+011
3.428 5.64256e+012 2.37541e+006 2.11784e+012 3.55255e+012 7.66377e+009 2.12349e+006 5.67806e+012 -3.54998e+010
3.433 5.60467e+012 2.36742e+006 2.17043e+012 3.51687e+012 7.13879e+009 1.93012e+006 5.69444e+012 -8.97693e+010
3.438 5.7528e+012 2.3985e+006 2.22308e+012 3.48001e+012 6.64591e+009 1.75362e+006 5.70974e+012 4.30596e+010
3.443 5.76256e+012 2.40053e+006 2.27572e+012 3.44204e+012 6.18348e+009 1.5926e+006 5.72394e+012 3.86232e+010
3.448 5.82528e+012 2.41356e+006 2.3283e+012 3.40298e+012 5.74988e+009 1.44575e+006 5.73703e+012 8.82528e+010
3.453 5.7094e+012 2.38944e+006 2.38075e+012 3.36289e+012 5.34359e+009 1.31188e+006 5.74899e+012 -3.95825e+010
3.458 5.61742e+012 2.37011e+006 2.43302e+012 3.32181e+012 4.96312e+009 1.18991e+006 5.7598e+012 -1.42379e+011
3.463 5.6283e+012 2.3724e+006 2.48503e+012 3.2798e+012 4.60707e+009 1.07883e+006 5.76944e+012 -1.41141e+011
3.468 5.95224e+012 2.43972e+006 2.53673e+012 3.2369e+012 4.27409e+009 977701 5.7779e+012 1.74333e+011
3.473 5.70304e+012 2.3881e+006 2.58805e+012 3.19315e+012 3.96287e+009 885681 5.78517e+012 -8.21274e+010
3.478 5.90466e+012 2.42995e+006 2.63892e+012 3.14862e+012 3.67218e+009 801983 5.79121e+012 1.13447e+011
3.483 6.13006e+012 2.4759e+006 2.68928e+012 3.10334e+012 3.40084e+009 725889 5.79602e+012 3.3404e+011
3.488 5.90336e+012 2.42968e+006 2.73906e+012 3.05737e+012 3.14772e+009 656739 5.79958e+012 1.03778e+011
3.493 5.71628e+012 2.39087e+006 2.78819e+012 3.01076e+012 2.91175e+009 593925 5.80186e+012 -8.55818e+010
3.498 5.60521e+012 2.36753e+006 2.8366e+012 2.96356e+012 2.69191e+009 536893 5.80286e+012 -1.9765e+011
3.503 5.93179e+012 2.43553e+006 2.88424e+012 2.91582e+012 2.48722e+009 485133 5.80255e+012 1.29242e+011
3.508 5.79055e+012 2.40636e+006 2.93102e+012 2.86759e+012 2.29677e+009 438179 5.80091e+012 -1.03638e+010
3.514 5.73121e+012 2.39399e+006 2.98594e+012 2.80914e+012 2.08577e+009 387577 5.79717e+012 -6.5964e+010
3.519 5.70823e+012 2.38919e+006 3.03062e+012 2.76001e+012 1.9236e+009 349740 5.79256e+012 -8.43257e+010
3.524 5.90845e+012 2.43073e+006 3.07424e+012 2.71055e+012 1.77301e+009 315464 5.78656e+012 1.21888e+011
3.529 5.89627e+012 2.42822e+006 3.11673e+012 2.66081e+012 1.63326e+009 284428 5.77917e+012 1.17102e+011
3.534 5.49781e+012 2.34474e+006 3.15803e+012 2.61083e+012 1.50365e+009 256337 5.77037e+012 -2.72556e+011
3.54 5.56673e+012 2.35939e+006 3.20594e+012 2.55062e+012 1.36058e+009 226139 5.75791e+012 -1.91187e+011
3.545 5.81027e+012 2.41045e+006 3.2444e+012 2.50029e+012 1.25101e+009 203616 5.74595e+012 6.43236e+010
3.55 5.60623e+012 2.36775e+006 3.28148e+012 2.44989e+012 1.1496e+009 183259 5.73252e+012 -1.26291e+011
3.556 5.4343e+012 2.33116e+006 3.32407e+012 2.38936e+012 1.0379e+009 161409 5.71446e+012 -2.80165e+011
3.561 5.78758e+012 2.40574e+006 3.3579e+012 2.33893e+012 9.52552e+008 145137 5.69778e+012 8.9792e+010
3.566 5.82302e+012 2.41309e+006 3.39017e+012 2.28856e+012 8.73711e+008 130450 5.67961e+012 1.4341e+011
3.572 5.80848e+012 2.41008e+006 3.42676e+012 2.22826e+012 7.87064e+008 114711 5.6558e+012 1.52676e+011
3.577 5.64093e+012 2.37507e+006 3.45541e+012 2.17817e+012 7.21e+008 103008 5.6343e+012 6.63786e+009
3.582 5.39818e+012 2.3234e+006 3.48234e+012 2.12827e+012 6.60097e+008 92459.5 5.61127e+012 -2.13091e+011
3.588 5.82082e+012 2.41264e+006 3.51233e+012 2.0687e+012 5.93311e+008 81172.4 5.58162e+012 2.39208e+011
3.593 5.6085e+012 2.36823e+006 3.53532e+012 2.01936e+012 5.42502e+008 72792.7 5.55522e+012 5.32743e+010
3.599 5.52565e+012 2.35067e+006 3.56047e+012 1.96056e+012 4.86867e+008 63835.4 5.52152e+012 4.12451e+009
3.604 5.40965e+012 2.32587e+006 3.57935e+012 1.91195e+012 4.44605e+008 57192.4 5.49175e+012 -8.20946e+010
3.609 5.15733e+012 2.27097e+006 3.59631e+012 1.86373e+012 4.05776e+008 51219.2 5.46044e+012 -3.03115e+011
3.615 4.9693e+012 2.22919e+006 3.61407e+012 1.80642e+012 3.63353e+008 44843.9 5.42086e+012 -4.51554e+011
3.62 4.97098e+012 2.22957e+006 3.6267e+012 1.75916e+012 3.31197e+008 40123.1 5.38619e+012 -4.1521e+011
3.626 4.85467e+012 2.20333e+006 3.63921e+012 1.70309e+012 2.96117e+008 35090 5.3426e+012 -4.8793e+011
3.631 4.93546e+012 2.22159e+006 3.64741e+012 1.65693e+012 2.69567e+008 31366.9 5.30461e+012 -3.69152e+011
3.637 4.96906e+012 2.22914e+006 3.65456e+012 1.60226e+012 2.40646e+008 27401.6 5.25706e+012 -2.87998e+011
3.643 5.05872e+012 2.24916e+006 3.65875e+012 1.54842e+012 2.14648e+008 23923.1 5.20739e+012 -1.48669e+011
3.648 4.68882e+012 2.16537e+006 3.65999e+012 1.50421e+012 1.95017e+008 21354.3 5.16439e+012 -4.75567e+011
3.654 4.80103e+012 2.19112e+006 3.65875e+012 1.45197e+012 1.73683e+008 18622.7 5.1109e+012 -3.09873e+011
3.659 5.12368e+012 2.26355e+006 3.65546e+012 1.40915e+012 1.57597e+008 16607.6 5.06477e+012 5.89029e+010
3.665 5.02231e+012 2.24105e+006 3.64881e+012 1.35865e+012 1.40142e+008 14467.1 5.00759e+012 1.47169e+010
3.671 4.59598e+012 2.14382e+006 3.63921e+012 1.30912e+012 1.24515e+008 12594.9 4.94846e+012 -3.52474e+011
3.676 4.31475e+012 2.0772e+006 3.62899e+012 1.26862e+012 1.12761e+008 11215.9 4.89772e+012 -5.82967e+011
3.682 4.48797e+012 2.11848e+006 3.61407e+012 1.22096e+012 1.00034e+008 9753.59 4.83514e+012 -3.47167e+011
3.688 4.51859e+012 2.1257e+006 3.59631e+012 1.17435e+012 8.86696e+007 8476.75 4.77075e+012 -2.5216e+011
3.693 4.50905e+012 2.12345e+006 3.57935e+012 1.13632e+012 8.01407e+007 7537.88 4.71575e+012 -2.06709e+011
3.699 4.37032e+012 2.09053e+006 3.55647e+012 1.09168e+012 7.09276e+007 6543.82 4.64822e+012 -2.77898e+011
3.705 4.35221e+012 2.08619e+006 3.53087e+012 1.04812e+012 6.27212e+007 5677.4 4.57906e+012 -2.26847e+011
3.711 4.00082e+012 2.0002e+006 3.50262e+012 1.00567e+012 5.54179e+007 4922.72 4.50834e+012 -5.07525e+011
3.716 4.32742e+012 2.08025e+006 3.47709e+012 9.71141e+011 4.9954e+007 4369.01 4.44829e+012 -1.20862e+011
3.722 4.10064e+012 2.025e+006 3.44415e+012 9.30728e+011 4.40698e+007 3784.03 4.37493e+012 -2.74285e+011
3.728 3.96367e+012 1.9909e+006 3.40876e+012 8.91433e+011 3.88462e+007 3275.39 4.30023e+012 -3.36567e+011
3.734 4.26214e+012 2.0645e+006 3.371e+012 8.53258e+011 3.42132e+007 2833.4 4.22429e+012 3.78516e+010
3.74 3.88439e+012 1.97089e+006 3.33096e+012 8.16201e+011 3.01076e+007 2449.57 4.14719e+012 -2.628e+011
3.746 4.21555e+012 2.05318e+006 3.28873e+012 7.80261e+011 2.64726e+007 2116.45 4.06901e+012 1.46537e+011
3.752 4.04123e+012 2.01028e+006 3.2444e+012 7.45431e+011 2.32569e+007 1827.52 3.98986e+012 5.13697e+010
3.758 3.74732e+012 1.9358e+006 3.19808e+012 7.11707e+011 2.04149e+007 1577.08 3.90981e+012 -1.62485e+011
3.763 3.56134e+012 1.88715e+006 3.15803e+012 6.84441e+011 1.83019e+007 1394.15 3.84249e+012 -2.81147e+011
3.769 3.55063e+012 1.88431e+006 3.10833e+012 6.52719e+011 1.60408e+007 1201.76 3.76106e+012 -2.1043e+011
3.775 3.71519e+012 1.92748e+006 3.05692e+012 6.22074e+011 1.40473e+007 1035.29 3.67901e+012 3.61778e+010
3.781 3.68075e+012 1.91853e+006 3.00394e+012 5.92493e+011 1.22912e+007 891.341 3.59644e+012 8.43072e+010
3.787 3.44716e+012 1.85665e+006 2.94948e+012 5.63962e+011 1.07457e+007 766.94 3.51345e+012 -6.6291e+010
3.793 3.53376e+012 1.87983e+006 2.89366e+012 5.36466e+011 9.38666e+006 659.501 3.43014e+012 1.03619e+011
3.8 3.21126e+012 1.792e+006 2.82698e+012 5.05673e+011 8.00834e+006 552.601 3.33266e+012 -1.21403e+011
3.806 3.35698e+012 1.83221e+006 2.76862e+012 4.8036e+011 6.98286e+006 474.564 3.24899e+012 1.08e+011
3.812 3.03278e+012 1.74149e+006 2.70926e+012 4.56026e+011 6.08361e+006 407.3 3.1653e+012 -1.32521e+011
3.818 2.97814e+012 1.72573e+006 2.64904e+012 4.32652e+011 5.29574e+006 349.358 3.08169e+012 -1.0355e+011
3.824 3.09893e+012 1.76038e+006 2.58805e+012 4.10216e+011 4.60605e+006 299.476 2.99827e+012 1.00663e+011
3.83 3.00366e+012 1.73311e+006 2.52642e+012 3.88698e+011 4.00284e+006 256.561 2.91512e+012 8.85379e+010
3.836 3.00786e+012 1.73432e+006 2.46426e+012 3.68076e+011 3.47572e+006 219.663 2.83234e+012 1.75517e+011
3.843 2.86568e+012 1.69283e+006 2.39122e+012 3.4512e+011 2.94471e+006 183.126 2.73635e+012 1.29335e+011
3.849 2.97805e+012 1.7257e+006 2.3283e+012 3.26362e+011 2.5523e+006 156.583 2.65466e+012 3.2339e+011
3.855 2.75977e+012 1.66126e+006 2.2652e+012 3.08429e+011 2.21034e+006 133.806 2.57363e+012 1.86147e+011
3.861 2.80016e+012 1.67337e+006 2.20202e+012 2.91298e+011 1.9126e+006 114.273 2.49332e+012 3.06838e+011
3.868 2.47472e+012 1.57313e+006 2.12835e+012 2.72292e+011 1.61383e+006 94.9851 2.40065e+012 7.40762e+010
3.874 2.48942e+012 1.57779e+006 2.06536e+012 2.56816e+011 1.39392e+006 81.0125 2.32218e+012 1.67242e+011
3.88 2.24379e+012 1.49793e+006 2.00262e+012 2.42066e+011 1.20296e+006 69.0534 2.24468e+012 -8.93976e+008
3.887 2.21473e+012 1.4882e+006 1.92984e+012 2.25745e+011 1.01192e+006 57.2696 2.15558e+012 5.9144e+010
3.893 2.10939e+012 1.45237e+006 1.86792e+012 2.12488e+011 871714 48.7513 2.08041e+012 2.89779e+010
3.899 1.99437e+012 1.41222e+006 1.80653e+012 1.99884e+011 750310 41.4749 2.00642e+012 -1.20445e+010
3.906 2.04896e+012 1.43142e+006 1.73568e+012 1.85972e+011 629206 34.3203 1.92165e+012 1.27313e+011
3.912 1.7714e+012 1.33094e+006 1.67569e+012 1.74701e+011 540597 29.1594 1.85039e+012 -7.8997e+010
3.919 1.93057e+012 1.38945e+006 1.60667e+012 1.62283e+011 452385 24.0923 1.76896e+012 1.61614e+011
3.925 1.88272e+012 1.37212e+006 1.54842e+012 1.52239e+011 387974 20.4425 1.70066e+012 1.82053e+011
3.932 1.80354e+012 1.34296e+006 1.48161e+012 1.41191e+011 323982 16.8643 1.6228e+012 1.80735e+011
3.938 1.6944e+012 1.30169e+006 1.42539e+012 1.32271e+011 277350 14.2907 1.55766e+012 1.36738e+011
3.945 1.58861e+012 1.2604e+006 1.3611e+012 1.22477e+011 231115 11.7712 1.48358e+012 1.05037e+011
3.951 1.43834e+012 1.19931e+006 1.30716e+012 1.14583e+011 197493 9.96175 1.42174e+012 1.65987e+010
3.958 1.39307e+012 1.18028e+006 1.24564e+012 1.05928e+011 164223 8.19288 1.35157e+012 4.15015e+010
3.964 1.30425e+012 1.14204e+006 1.19418e+012 9.89651e+010 140078 6.92438 1.29314e+012 1.11051e+010
3.971 1.25525e+012 1.12038e+006 1.13565e+012 9.13445e+010 116235 5.68612 1.227e+012 2.82521e+010
3.978 1.17315e+012 1.08312e+006 1.0788e+012 8.42383e+010 96340.3 4.66544 1.16304e+012 1.01103e+010
3.984 1.20611e+012 1.09823e+006 1.03144e+012 7.85351e+010 81947.2 3.93512 1.10998e+012 9.61319e+010
3.991 1.13833e+012 1.06692e+006 9.77807e+011 7.23097e+010 67778 3.2238 1.05012e+012 8.82087e+010
3.998 1.09697e+012 1.04737e+006 9.25939e+011 6.65206e+010 55995.1 2.63888 9.9246e+011 1.04514e+011
4.004 8.97974e+011 947615 8.82901e+011 6.18864e+010 47497 2.2213 9.44788e+011 -4.68142e+010
4.011 9.10235e+011 954062 8.34357e+011 5.68409e+010 39157.1 1.81549 8.91198e+011 1.90364e+010
4.018 8.58171e+011 926375 7.87614e+011 5.21619e+010 32244.9 1.48259 8.39776e+011 1.83951e+010
4.025 8.41939e+011 917572 7.42669e+011 4.78268e+010 26522.6 1.20973 7.90496e+011 5.14424e+010
4.032 7.77217e+011 881599 6.99518e+011 4.38143e+010 21791.1 0.986274 7.43332e+011 3.38847e+010
4.038 7.33964e+011 856717 6.63949e+011 4.06163e+010 18396.7 0.827355 7.04565e+011 2.93987e+010
4.045 6.6904e+011 817949 6.24092e+011 3.71493e+010 15082.9 0.673497 6.61241e+011 7.79858e+009
4.052 6.41123e+011 800701 5.85981e+011 3.39491e+010 12351.9 0.547798 6.1993e+011 2.11923e+010
4.059 5.62166e+011 749778 5.49591e+011 3.09979e+010 10104 0.445191 5.80589e+011 -1.84229e+010
4.066 5.53245e+011 743805 5.14893e+011 2.82789e+010 8255.74 0.361505 5.43172e+011 1.00733e+010
4.073 5.42317e+011 736422 4.81854e+011 2.57762e+010 6737.91 0.293307 5.0763e+011 3.46866e+010
4.08 4.66132e+011 682739 4.50438e+011 2.34748e+010 5492.89 0.237779 4.73913e+011 -7.78102e+009
4.087 4.31893e+011 657185 4.20606e+011 2.13604e+010 4472.83 0.192604 4.41967e+011 -1.00741e+010
4.094 3.87965e+011 622869 3.92317e+011 1.94198e+010 3638.06 0.155883 4.11737e+011 -2.3772e+010
4.101 3.98552e+011 631309 3.65528e+011 1.76404e+010 2955.72 0.126058 3.83168e+011 1.53833e+010
4.108 3.44044e+011 586553 3.40192e+011 1.60102e+010 2398.63 0.101856 3.56202e+011 -1.21581e+010
4.116 3.11614e+011 558224 3.12958e+011 1.43157e+010 1886.7 0.0797513 3.27273e+011 -1.56589e+010
4.123 3.18099e+011 564002 2.90578e+011 1.29688e+010 1527.37 0.0643258 3.03547e+011 1.45516e+010
4.13 2.9751e+011 545445 2.69502e+011 1.17385e+010 1235.07 0.051841 2.81241e+011 1.62696e+010
4.137 2.68774e+011 518434 2.49679e+011 1.06158e+010 997.574 0.0417449 2.60295e+011 8.4793e+009
4.144 2.17262e+011 466113 2.31059e+011 9.59225e+009 804.832 0.0335872 2.40652e+011 -2.33899e+010
4.152 2.00005e+011 447220 2.11188e+011 8.53374e+009 628.84 0.0261708 2.19722e+011 -1.97165e+010
4.159 2.1715e+011 465993 1.94978e+011 7.69672e+009 506.106 0.0210193 2.02674e+011 1.44754e+010
4.166 1.71749e+011 414426 1.79813e+011 6.93583e+009 406.864 0.016868 1.86749e+011 -1.5e+010
4.173 1.47413e+011 383944 1.65645e+011 6.24479e+009 326.711 0.0135253 1.7189e+011 -2.44765e+010
4.181 1.50453e+011 387883 1.50611e+011 5.53309e+009 253.898 0.0104976 1.56144e+011 -5.69114e+009
4.188 1.56313e+011 395365 1.38417e+011 4.97263e+009 203.383 0.00840251 1.43389e+011 1.2924e+010
4.196 1.48012e+011 384723 1.25515e+011 4.39664e+009 157.617 0.0065084 1.29911e+011 1.81007e+010
4.203 1.13587e+011 337026 1.1508e+011 3.94402e+009 125.95 0.00520023 1.19024e+011 -5.43698e+009
4.211 1.03456e+011 321646 1.04072e+011 3.47984e+009 97.3369 0.00401985 1.07551e+011 -4.09525e+009
4.218 1.0974e+011 331270 9.51943e+010 3.11585e+009 77.5919 0.00320619 9.83102e+010 1.14296e+010
4.226 1.04953e+011 323965 8.58562e+010 2.74335e+009 59.7977 0.00247342 8.85995e+010 1.63536e+010
4.233 8.91019e+010 298499 7.83473e+010 2.45187e+009 47.5516 0.00196929 8.07992e+010 8.3027e+009
4.241 8.91115e+010 298516 7.04712e+010 2.15421e+009 36.5446 0.00151614 7.26254e+010 1.64861e+010
4.248 8.18085e+010 286022 6.41561e+010 1.92178e+009 28.9898 0.00120499 6.60779e+010 1.57305e+010
4.256 8.32792e+010 288581 5.7551e+010 1.68492e+009 22.2175 0.000925838 5.9236e+010 2.40433e+010
4.264 8.48183e+010 291236 5.15517e+010 1.47559e+009 17.0019 0.00071059 5.30273e+010 3.1791e+010
4.271 7.89774e+010 281029 4.67623e+010 1.31267e+009 13.4369 0.000563226 4.80749e+010 3.09025e+010
4.279 7.45056e+010 272957 4.17746e+010 1.14717e+009 10.254 0.000431408 4.29218e+010 3.15839e+010
4.287 6.75151e+010 259837 3.72652e+010 1.00141e+009 7.81343 0.000330085 3.82666e+010 2.92485e+010
4.294 7.32187e+010 270590 3.36808e+010 8.88326e+008 6.15202 0.000260922 3.45692e+010 3.86495e+010
4.302 6.90347e+010 262744 2.99641e+010 7.73823e+008 4.67474 0.000199237 3.07379e+010 3.82967e+010
4.31 6.68487e+010 258551 2.66192e+010 6.73322e+008 3.54693 0.000151971 2.72925e+010 3.95562e+010
4.318 6.09763e+010 246934 2.36136e+010 5.85216e+008 2.68721 0.000115793 2.41988e+010 3.67775e+010
4.326 6.39999e+010 252982 2.09172e+010 5.08068e+008 2.03286 8.81323e-005 2.14253e+010 4.25746e+010
4.334 5.37325e+010 231803 1.85021e+010 4.40594e+008 1.53556 6.7007e-005 1.89427e+010 3.47898e+010
4.342 5.68013e+010 238330 1.63422e+010 3.81653e+008 1.15819 5.08905e-005 1.67239e+010 4.00774e+010
4.35 5.93851e+010 243691 1.44138e+010 3.30225e+008 0.872268 3.86086e-005 1.4744e+010 4.46411e+010
4.358 6.09407e+010 246862 1.26946e+010 2.85406e+008 0.655955 2.92593e-005 1.298e+010 4.79608e+010
4.366 5.75904e+010 239980 1.11643e+010 2.46393e+008 0.492553 2.21501e-005 1.14107e+010 4.61797e+010
4.374 5.89443e+010 242784 9.80441e+009 2.12474e+008 0.369307 1.67501e-005 1.00169e+010 4.89274e+010
4.382 5.44729e+010 233394 8.59775e+009 1.83019e+008 0.276488 1.2653e-005 8.78077e+009 4.56921e+010
4.39 5.60101e+010 236664 7.52876e+009 1.5747e+008 0.20669 9.54768e-006 7.68623e+009 4.83238e+010
4.398 5.0162e+010 223969 6.58318e+009 1.35335e+008 0.154283 7.19673e-006 6.71852e+009 4.34434e+010
4.406 5.86968e+010 242274 5.74808e+009 1.16181e+008 0.114993 5.41881e-006 5.86427e+009 5.28325e+010
4.414 6.15752e+010 248144 5.0117e+009 9.96261e+007 0.0855817 4.07572e-006 5.11132e+009 5.64639e+010
4.423 4.94014e+010 222264 4.28802e+009 8.36916e+007 0.0612748 2.95449e-006 4.37171e+009 4.50297e+010
