1.772 2.47161e+011 497153 8.99077e-007 680.151 3.95455e+006 6.51963e+009 6.52359e+009 2.40637e+011
1.773 2.52539e+011 502532 9.41129e-007 700.182 4.04266e+006 6.57785e+009 6.58189e+009 2.45957e+011
1.774 2.51715e+011 501712 9.85123e-007 720.789 4.13266e+006 6.63647e+009 6.64061e+009 2.45074e+011
1.775 2.53268e+011 503258 1.03115e-006 741.989 4.22458e+006 6.6955e+009 6.69973e+009 2.46569e+011
1.777 2.52919e+011 502910 1.12967e-006 786.234 4.41431e+006 6.81477e+009 6.81919e+009 2.46099e+011
1.778 2.51622e+011 501619 1.18236e-006 809.313 4.51221e+006 6.87502e+009 6.87954e+009 2.44742e+011
1.779 2.49854e+011 499854 1.23748e-006 833.055 4.61218e+006 6.93568e+009 6.9403e+009 2.42914e+011
1.78 2.47145e+011 497137 1.29514e-006 857.477 4.71427e+006 6.99675e+009 7.00147e+009 2.40144e+011
1.781 2.52702e+011 502695 1.35545e-006 882.598 4.81853e+006 7.05824e+009 7.06306e+009 2.45639e+011
1.783 2.52352e+011 502346 1.48453e-006 935.018 5.03369e+006 7.18245e+009 7.18748e+009 2.45164e+011
1.784 2.50354e+011 500354 1.55355e-006 962.357 5.14469e+006 7.24518e+009 7.25033e+009 2.43104e+011
1.785 2.51651e+011 501649 1.62574e-006 990.478 5.25803e+006 7.30833e+009 7.31359e+009 2.44338e+011
1.786 2.55337e+011 505309 1.70124e-006 1019.4 5.37375e+006 7.3719e+009 7.37728e+009 2.4796e+011
1.788 2.49104e+011 499103 1.86279e-006 1079.74 5.61255e+006 7.50031e+009 7.50592e+009 2.41598e+011
1.789 2.59341e+011 509256 1.94915e-006 1111.21 5.73573e+006 7.56515e+009 7.57089e+009 2.51771e+011
1.79 2.61765e+011 511630 2.03948e-006 1143.58 5.86148e+006 7.63042e+009 7.63628e+009 2.54129e+011
1.791 2.65709e+011 515470 2.13393e-006 1176.86 5.98987e+006 7.69611e+009 7.7021e+009 2.58007e+011
1.793 2.59815e+011 509721 2.336e-006 1246.29 6.25476e+006 7.82878e+009 7.83504e+009 2.5198e+011
1.794 2.55694e+011 505662 2.44402e-006 1282.49 6.39137e+006 7.89577e+009 7.90216e+009 2.47792e+011
1.795 2.62373e+011 512224 2.55696e-006 1319.72 6.53083e+006 7.96318e+009 7.96971e+009 2.54403e+011
1.796 2.5295e+011 502941 2.67506e-006 1358.01 6.67319e+006 8.03103e+009 8.0377e+009 2.44912e+011
1.798 2.564e+011 506359 2.92766e-006 1437.86 6.96686e+006 8.16803e+009 8.175e+009 2.48225e+011
1.799 2.62489e+011 512337 3.06265e-006 1479.49 7.11829e+006 8.23719e+009 8.24431e+009 2.54245e+011
1.8 2.64221e+011 514025 3.2038e-006 1522.29 7.27286e+006 8.30679e+009 8.31406e+009 2.55907e+011
1.801 2.51448e+011 501446 3.35137e-006 1566.3 7.43063e+006 8.37683e+009 8.38426e+009 2.43064e+011
1.803 2.54454e+011 504434 3.66694e-006 1658.1 7.75604e+006 8.51823e+009 8.52598e+009 2.45928e+011
1.804 2.51783e+011 501780 3.83556e-006 1705.94 7.92381e+006 8.58959e+009 8.59752e+009 2.43186e+011
1.805 2.51146e+011 501145 4.01183e-006 1755.13 8.09503e+006 8.6614e+009 8.6695e+009 2.42477e+011
1.807 2.64387e+011 514186 4.38874e-006 1857.71 8.44815e+006 8.80636e+009 8.81481e+009 2.55573e+011
1.808 2.61426e+011 511299 4.59011e-006 1911.18 8.63017e+006 8.87951e+009 8.88814e+009 2.52538e+011
1.809 2.57996e+011 507933 4.80059e-006 1966.14 8.81593e+006 8.95311e+009 8.96193e+009 2.49034e+011
1.81 2.49602e+011 499602 5.02061e-006 2022.65 9.00551e+006 9.02716e+009 9.03617e+009 2.40566e+011
1.812 2.407e+011 490612 5.49096e-006 2140.47 9.3964e+006 9.17662e+009 9.18602e+009 2.31514e+011
1.813 2.31701e+011 481353 5.7422e-006 2201.86 9.59787e+006 9.25203e+009 9.26163e+009 2.22439e+011
1.814 2.38729e+011 488599 6.00479e-006 2264.97 9.80345e+006 9.3279e+009 9.3377e+009 2.29391e+011
1.816 2.37853e+011 487702 6.56607e-006 2396.55 1.02273e+007 9.481e+009 9.49123e+009 2.28362e+011
1.817 2.38135e+011 487991 6.86583e-006 2465.1 1.04457e+007 9.55823e+009 9.56868e+009 2.28566e+011
1.818 2.36995e+011 486822 7.17911e-006 2535.57 1.06686e+007 9.63593e+009 9.6466e+009 2.27349e+011
1.819 2.34591e+011 484346 7.50649e-006 2608.01 1.0896e+007 9.71408e+009 9.72498e+009 2.24866e+011
1.821 2.46587e+011 496576 8.20614e-006 2759 1.13647e+007 9.87178e+009 9.88315e+009 2.36704e+011
1.822 2.39416e+011 489301 8.57974e-006 2837.66 1.16062e+007 9.95132e+009 9.96293e+009 2.29453e+011
1.823 2.30377e+011 479976 8.97013e-006 2918.51 1.18526e+007 1.00313e+010 1.00432e+010 2.20334e+011
1.825 2.29159e+011 478706 9.80429e-006 3087.01 1.23605e+007 1.01927e+010 1.02051e+010 2.18954e+011
1.826 2.35606e+011 485393 1.02496e-005 3174.78 1.26221e+007 1.02741e+010 1.02868e+010 2.2532e+011
1.827 2.32422e+011 482101 1.0715e-005 3264.99 1.2889e+007 1.0356e+010 1.03689e+010 2.22053e+011
1.829 2.35358e+011 485137 1.17091e-005 3452.98 1.34391e+007 1.05211e+010 1.05346e+010 2.24824e+011
1.83 2.3185e+011 481508 1.22398e-005 3550.9 1.37224e+007 1.06044e+010 1.06181e+010 2.21231e+011
1.831 2.34562e+011 484316 1.27943e-005 3651.53 1.40114e+007 1.06882e+010 1.07022e+010 2.2386e+011
1.832 2.22965e+011 472191 1.33735e-005 3754.93 1.43062e+007 1.07724e+010 1.07867e+010 2.12178e+011
1.834 2.23403e+011 472655 1.46107e-005 3970.39 1.49137e+007 1.09422e+010 1.09571e+010 2.12446e+011
1.835 2.27379e+011 476843 1.52711e-005 4082.6 1.52265e+007 1.10279e+010 1.10431e+010 2.16336e+011
1.836 2.18603e+011 467550 1.59609e-005 4197.9 1.55457e+007 1.1114e+010 1.11295e+010 2.07473e+011
1.838 2.18379e+011 467311 1.74342e-005 4438.12 1.62031e+007 1.12876e+010 1.13038e+010 2.07076e+011
1.839 2.23378e+011 472629 1.82203e-005 4563.2 1.65416e+007 1.13752e+010 1.13917e+010 2.11986e+011
1.84 2.31198e+011 480831 1.90415e-005 4691.73 1.68869e+007 1.14632e+010 1.14801e+010 2.19718e+011
1.842 2.3245e+011 482130 2.07951e-005 4959.46 1.75981e+007 1.16406e+010 1.16582e+010 2.20792e+011
1.843 2.22503e+011 471702 2.17307e-005 5098.86 1.79643e+007 1.17301e+010 1.1748e+010 2.10755e+011
1.844 2.15559e+011 464283 2.27079e-005 5242.08 1.83378e+007 1.182e+010 1.18383e+010 2.03721e+011
1.846 2.09857e+011 458102 2.47943e-005 5540.4 1.91069e+007 1.20013e+010 1.20204e+010 1.97837e+011
1.847 2.15255e+011 463956 2.59073e-005 5695.7 1.95029e+007 1.20926e+010 1.21121e+010 2.03143e+011
1.848 2.11062e+011 459414 2.70697e-005 5855.25 1.99067e+007 1.21845e+010 1.22044e+010 1.98857e+011
1.85 2.16081e+011 464845 2.95511e-005 6187.54 2.07383e+007 1.23696e+010 1.23903e+010 2.03691e+011
1.851 2.1985e+011 468882 3.08747e-005 6360.51 2.11664e+007 1.24629e+010 1.2484e+010 2.07366e+011
1.852 2.23082e+011 472316 3.22568e-005 6538.19 2.16028e+007 1.25566e+010 1.25782e+010 2.10504e+011
1.854 2.17466e+011 466333 3.52068e-005 6908.2 2.25015e+007 1.27456e+010 1.27681e+010 2.04698e+011
1.855 2.14977e+011 463657 3.67802e-005 7100.79 2.29641e+007 1.28408e+010 1.28638e+010 2.02114e+011
1.856 2.14111e+011 462722 3.84229e-005 7298.61 2.34357e+007 1.29365e+010 1.296e+010 2.01151e+011
1.858 2.08583e+011 456708 4.19287e-005 7710.5 2.44067e+007 1.31294e+010 1.31538e+010 1.95429e+011
1.859 2.0719e+011 455181 4.37982e-005 7924.86 2.49063e+007 1.32265e+010 1.32514e+010 1.93938e+011
1.861 2.12847e+011 461353 4.77875e-005 8371.17 2.5935e+007 1.34222e+010 1.34482e+010 1.99399e+011
1.862 1.9971e+011 446889 4.99146e-005 8603.41 2.64643e+007 1.35208e+010 1.35473e+010 1.86162e+011
1.863 1.97894e+011 444852 5.21351e-005 8841.94 2.70039e+007 1.36199e+010 1.36469e+010 1.84247e+011
1.865 1.84791e+011 429874 5.68727e-005 9338.5 2.81146e+007 1.38195e+010 1.38477e+010 1.70944e+011
1.866 1.89244e+011 435021 5.93984e-005 9596.87 2.8686e+007 1.39201e+010 1.39488e+010 1.75295e+011
1.867 1.8567e+011 430894 6.20347e-005 9862.2 2.92685e+007 1.40211e+010 1.40504e+010 1.7162e+011
1.869 1.85819e+011 431068 6.76588e-005 10414.5 3.04673e+007 1.42246e+010 1.4255e+010 1.71564e+011
1.87 1.80875e+011 425294 7.06566e-005 10701.8 3.1084e+007 1.4327e+010 1.43581e+010 1.66517e+011
1.871 1.81088e+011 425544 7.37855e-005 10996.9 3.17126e+007 1.443e+010 1.44617e+010 1.66626e+011
1.873 1.65027e+011 406235 8.04592e-005 11611 3.3006e+007 1.46373e+010 1.46703e+010 1.50356e+011
1.874 1.57473e+011 396829 8.40161e-005 11930.5 3.36713e+007 1.47417e+010 1.47754e+010 1.42698e+011
1.876 1.50753e+011 388269 9.16018e-005 12595.3 3.50403e+007 1.4952e+010 1.4987e+010 1.35766e+011
1.877 1.7091e+011 413412 9.56442e-005 12941.1 3.57445e+007 1.50578e+010 1.50936e+010 1.55816e+011
1.878 1.69107e+011 411226 9.98626e-005 13296.2 3.6462e+007 1.51641e+010 1.52006e+010 1.53906e+011
1.88 1.55264e+011 394036 0.000108858 14035.1 3.79382e+007 1.53782e+010 1.54162e+010 1.39848e+011
1.881 1.7439e+011 417600 0.000113651 14419.4 3.86974e+007 1.5486e+010 1.55247e+010 1.58865e+011
1.883 1.48275e+011 385064 0.00012387 15218.9 4.02591e+007 1.5703e+010 1.57432e+010 1.32531e+011
1.884 1.58629e+011 398282 0.000129315 15634.7 4.10622e+007 1.58122e+010 1.58533e+010 1.42775e+011
1.885 1.67519e+011 409291 0.000134995 16061.6 4.18804e+007 1.59219e+010 1.59638e+010 1.51555e+011
1.887 1.81258e+011 425744 0.000147105 16949.7 4.35635e+007 1.61427e+010 1.61862e+010 1.65072e+011
1.888 1.6239e+011 402977 0.000153556 17411.5 4.44288e+007 1.62538e+010 1.62982e+010 1.46092e+011
1.89 1.64185e+011 405197 0.000167306 18372.2 4.62085e+007 1.64774e+010 1.65237e+010 1.47661e+011
1.891 1.59389e+011 399235 0.00017463 18871.7 4.71235e+007 1.659e+010 1.66371e+010 1.42752e+011
1.892 1.81719e+011 426285 0.00018227 19384.4 4.80556e+007 1.6703e+010 1.67511e+010 1.64968e+011
1.894 1.65478e+011 406790 0.000198554 20450.9 4.99723e+007 1.69304e+010 1.69804e+010 1.48498e+011
1.895 1.51063e+011 388668 0.000207225 21005.4 5.09576e+007 1.70449e+010 1.70958e+010 1.33967e+011
1.897 1.45852e+011 381906 0.000225705 22158.6 5.29836e+007 1.72751e+010 1.73281e+010 1.28524e+011
1.898 1.3817e+011 371712 0.000235546 22758.1 5.40249e+007 1.7391e+010 1.7445e+010 1.20724e+011
1.899 1.3311e+011 364842 0.000245809 23373.3 5.50855e+007 1.75073e+010 1.75624e+010 1.15548e+011
1.901 1.31852e+011 363115 0.000267677 24652.8 5.72662e+007 1.77413e+010 1.77986e+010 1.14054e+011
1.902 1.31251e+011 362285 0.000279321 25317.9 5.83869e+007 1.7859e+010 1.79174e+010 1.13333e+011
1.904 1.31775e+011 363008 0.000304126 26700.9 6.06907e+007 1.80958e+010 1.81565e+010 1.13618e+011
1.905 1.30986e+011 361920 0.000317331 27419.7 6.18745e+007 1.82149e+010 1.82768e+010 1.12709e+011
1.907 1.30154e+011 360769 0.000345462 28914.3 6.4308e+007 1.84545e+010 1.85188e+010 1.11635e+011
1.908 1.3353e+011 365418 0.000360436 29691 6.55584e+007 1.85749e+010 1.86405e+010 1.1489e+011
1.91 1.29485e+011 359840 0.000392331 31305.8 6.81284e+007 1.88172e+010 1.88854e+010 1.10599e+011
1.911 1.23729e+011 351752 0.000409307 32145 6.94487e+007 1.89391e+010 1.90085e+010 1.04721e+011
1.912 1.22012e+011 349302 0.000427006 33006 7.07932e+007 1.90614e+010 1.91322e+010 1.0288e+011
1.914 1.20576e+011 347241 0.000464702 34796 7.35563e+007 1.93073e+010 1.93809e+010 1.01196e+011
1.915 1.14818e+011 338849 0.000484762 35726.1 7.49757e+007 1.94309e+010 1.95059e+010 9.53125e+010
1.917 1.20643e+011 347337 0.000527478 37659.3 7.78923e+007 1.96795e+010 1.97574e+010 1.00886e+011
1.918 1.15599e+011 339998 0.000550208 38663.8 7.93904e+007 1.98045e+010 1.98839e+010 9.57147e+010
1.92 1.11194e+011 333457 0.000598605 40751.4 8.24686e+007 2.00557e+010 2.01382e+010 9.10555e+010
1.921 1.07744e+011 328244 0.000624354 41836 8.40496e+007 2.0182e+010 2.02661e+010 8.74778e+010
1.923 1.07437e+011 327775 0.000679174 44090 8.72977e+007 2.04359e+010 2.05232e+010 8.69135e+010
1.924 1.13606e+011 337055 0.000708337 45260.9 8.89657e+007 2.05635e+010 2.06525e+010 9.29536e+010
1.925 1.09881e+011 331482 0.000738735 46462 9.06638e+007 2.06915e+010 2.07822e+010 8.90983e+010
1.927 1.07018e+011 327136 0.000803441 48958 9.41519e+007 2.09489e+010 2.10431e+010 8.59747e+010
1.928 1.04277e+011 322919 0.000837859 50254.4 9.5943e+007 2.10782e+010 2.11742e+010 8.31025e+010
1.93 1.05412e+011 324672 0.000911115 52948.2 9.96219e+007 2.1338e+010 2.14377e+010 8.39742e+010
1.931 1.02485e+011 320133 0.000950076 54347.2 1.01511e+008 2.14686e+010 2.15702e+010 8.09152e+010
1.933 9.85964e+010 314001 0.00103299 57254 1.0539e+008 2.1731e+010 2.18365e+010 7.67599e+010
1.934 9.69024e+010 311292 0.00107709 58763.5 1.07382e+008 2.18628e+010 2.19703e+010 7.49322e+010
1.936 9.94375e+010 315337 0.00117092 61899.5 1.11472e+008 2.21277e+010 2.22392e+010 7.71983e+010
1.937 1.01404e+011 318440 0.00122081 63528 1.13571e+008 2.22607e+010 2.23744e+010 7.90297e+010
1.939 9.6137e+010 310060 0.00132697 66910.8 1.17883e+008 2.2528e+010 2.2646e+010 7.3491e+010
1.94 9.1212e+010 302013 0.00138341 68667.2 1.20095e+008 2.26623e+010 2.27825e+010 6.84295e+010
1.942 9.50607e+010 308319 0.00150349 72315.6 1.24639e+008 2.2932e+010 2.30567e+010 7.20041e+010
1.943 9.18999e+010 303150 0.00156732 74209.8 1.26971e+008 2.30674e+010 2.31945e+010 6.87055e+010
1.945 9.05542e+010 300922 0.00170312 78143.9 1.31758e+008 2.33395e+010 2.34713e+010 6.70829e+010
1.946 8.70093e+010 294973 0.0017753 80186.2 1.34215e+008 2.34761e+010 2.36104e+010 6.33989e+010
1.948 8.75333e+010 295860 0.00192883 84427.8 1.39258e+008 2.37504e+010 2.38897e+010 6.36436e+010
1.949 8.73438e+010 295540 0.00201043 86629.5 1.41845e+008 2.38881e+010 2.40301e+010 6.33137e+010
1.951 8.51732e+010 291844 0.00218398 91201.6 1.47157e+008 2.41647e+010 2.4312e+010 6.08612e+010
1.952 8.33896e+010 288772 0.00227621 93574.8 1.49882e+008 2.43036e+010 2.44536e+010 5.8936e+010
1.954 8.29868e+010 288074 0.00247234 98502.5 1.55476e+008 2.45824e+010 2.4738e+010 5.82488e+010
1.955 7.91608e+010 281355 0.00257656 101060 1.58346e+008 2.47223e+010 2.48808e+010 5.428e+010
1.957 8.15832e+010 285628 0.00279816 106370 1.64234e+008 2.50033e+010 2.51676e+010 5.64156e+010
1.958 7.87739e+010 280667 0.0029159 109126 1.67255e+008 2.51443e+010 2.53117e+010 5.34622e+010
1.96 7.69876e+010 277466 0.00316623 114846 1.73454e+008 2.54274e+010 2.56009e+010 5.13866e+010
1.961 7.66423e+010 276844 0.00329922 117815 1.76634e+008 2.55694e+010 2.57462e+010 5.08962e+010
1.963 7.49378e+010 273748 0.00358193 123978 1.83158e+008 2.58545e+010 2.60378e+010 4.89e+010
1.964 7.96259e+010 282181 0.00373211 127175 1.86504e+008 2.59976e+010 2.61842e+010 5.34417e+010
1.966 7.67505e+010 277039 0.00405132 133812 1.93368e+008 2.62847e+010 2.64782e+010 5.02723e+010
1.968 7.32539e+010 270655 0.00439741 140786 2.00468e+008 2.65731e+010 2.67737e+010 4.64802e+010
1.969 6.98331e+010 264260 0.00458122 144403 2.0411e+008 2.67178e+010 2.6922e+010 4.29111e+010
1.971 7.1626e+010 267630 0.00497186 151911 2.11578e+008 2.7008e+010 2.72198e+010 4.44062e+010
1.972 7.17443e+010 267851 0.0051793 155806 2.15408e+008 2.71536e+010 2.73692e+010 4.43751e+010
1.974 7.16959e+010 267761 0.00562012 163888 2.23263e+008 2.74457e+010 2.76692e+010 4.40268e+010
1.975 7.02821e+010 265108 0.00585418 168081 2.2729e+008 2.75922e+010 2.78197e+010 4.24624e+010
1.977 6.72066e+010 259242 0.00635151 176780 2.35549e+008 2.78861e+010 2.81218e+010 3.90848e+010
1.978 6.40508e+010 253083 0.00661556 181293 2.39782e+008 2.80335e+010 2.82734e+010 3.57774e+010
1.98 6.71498e+010 259133 0.00717652 190655 2.48464e+008 2.83291e+010 2.85777e+010 3.85721e+010
1.981 6.38008e+010 252588 0.00747432 195510 2.52915e+008 2.84773e+010 2.87304e+010 3.50704e+010
1.983 6.69105e+010 258671 0.00810691 205583 2.6204e+008 2.87745e+010 2.90367e+010 3.78738e+010
1.985 6.76878e+010 260169 0.00879219 216159 2.71472e+008 2.90727e+010 2.93444e+010 3.83434e+010
1.986 6.39227e+010 252829 0.00915593 221643 2.76306e+008 2.92222e+010 2.94987e+010 3.4424e+010
1.988 6.62637e+010 257417 0.00992844 233020 2.86216e+008 2.9522e+010 2.98084e+010 3.64553e+010
1.989 6.24747e+010 249949 0.0103384 238918 2.91295e+008 2.96722e+010 2.99638e+010 3.2511e+010
1.991 5.89319e+010 242759 0.0112091 251153 3.01705e+008 2.99734e+010 3.02754e+010 2.86565e+010
1.992 5.71265e+010 239011 0.0116711 257496 3.07039e+008 3.01244e+010 3.04317e+010 2.66948e+010
1.994 5.8006e+010 240844 0.0126521 270652 3.17973e+008 3.04269e+010 3.07452e+010 2.72608e+010
1.996 5.78246e+010 240467 0.0137143 284459 3.29269e+008 3.07304e+010 3.10599e+010 2.67646e+010
1.997 5.60358e+010 236719 0.0142778 291616 3.35056e+008 3.08824e+010 3.12178e+010 2.48181e+010
1.999 5.37939e+010 231935 0.0154742 306458 3.46916e+008 3.11871e+010 3.15343e+010 2.22596e+010
2 5.40716e+010 232533 0.0161089 314151 3.52992e+008 3.13397e+010 3.1693e+010 2.23785e+010
2.002 5.36182e+010 231556 0.0174562 330103 3.65442e+008 3.16456e+010 3.20113e+010 2.16069e+010
2.004 5.30746e+010 230379 0.0189143 346839 3.78299e+008 3.19521e+010 3.23308e+010 2.07439e+010
2.005 5.4215e+010 232841 0.0196877 355513 3.84885e+008 3.21057e+010 3.24909e+010 2.17241e+010
2.007 4.94037e+010 222269 0.0213291 373496 3.98377e+008 3.24133e+010 3.2812e+010 1.65917e+010
2.008 5.29597e+010 230130 0.0221996 382814 4.05287e+008 3.25673e+010 3.2973e+010 1.99867e+010
2.01 5.16113e+010 227181 0.0240469 402133 4.19443e+008 3.28758e+010 3.32957e+010 1.83156e+010
2.012 5.30956e+010 230425 0.0260454 422395 4.34058e+008 3.31849e+010 3.36194e+010 1.94762e+010
2.013 5.08531e+010 225506 0.0271051 432894 4.41541e+008 3.33397e+010 3.37816e+010 1.70714e+010
2.015 5.129e+010 226473 0.0293535 454655 4.56869e+008 3.36496e+010 3.41069e+010 1.71831e+010
2.017 5.06356e+010 225024 0.0317854 477474 4.7269e+008 3.396e+010 3.44331e+010 1.62025e+010
2.018 4.88712e+010 221068 0.0330746 489296 4.8079e+008 3.41153e+010 3.45966e+010 1.42746e+010
2.02 4.82028e+010 219551 0.0358095 513797 4.97378e+008 3.44263e+010 3.49242e+010 1.32786e+010
2.021 4.91391e+010 221673 0.0372592 526489 5.0587e+008 3.4582e+010 3.50884e+010 1.40507e+010
2.023 4.86521e+010 220572 0.0403343 552790 5.23258e+008 3.48936e+010 3.54174e+010 1.32347e+010
2.025 5.0231e+010 224123 0.0436588 580362 5.412e+008 3.52055e+010 3.57473e+010 1.44837e+010
2.026 5.16018e+010 227160 0.0454208 594642 5.50383e+008 3.53616e+010 3.59125e+010 1.56892e+010
2.028 5.06143e+010 224976 0.0491575 624232 5.69184e+008 3.56739e+010 3.62437e+010 1.43706e+010
2.03 4.93405e+010 222127 0.0531964 655245 5.88579e+008 3.59864e+010 3.65757e+010 1.27649e+010
2.031 4.48998e+010 211896 0.0553366 671306 5.98505e+008 3.61427e+010 3.67419e+010 8.15783e+009
2.033 4.86172e+010 220493 0.0598744 704578 6.18823e+008 3.64555e+010 3.70751e+010 1.15421e+010
2.035 4.71047e+010 217036 0.0647781 739445 6.39777e+008 3.67684e+010 3.74089e+010 9.69576e+009
2.036 4.61734e+010 214880 0.0673761 757499 6.50499e+008 3.69249e+010 3.75761e+010 8.59722e+009
2.038 4.62341e+010 215021 0.0728836 794896 6.72443e+008 3.72378e+010 3.79111e+010 8.32304e+009
2.039 4.79487e+010 218972 0.0758011 814258 6.83671e+008 3.73943e+010 3.80788e+010 9.86993e+009
2.041 4.85303e+010 220296 0.0819853 854362 7.06646e+008 3.77073e+010 3.84148e+010 1.01155e+010
2.043 4.86103e+010 220477 0.0886654 896373 7.30334e+008 3.80202e+010 3.87514e+010 9.85887e+009
2.044 4.61875e+010 214913 0.0922035 918122 7.42451e+008 3.81766e+010 3.89199e+010 7.26755e+009
2.046 4.5464e+010 213223 0.0997016 963161 7.67245e+008 3.84893e+010 3.92575e+010 6.20651e+009
2.048 4.66752e+010 216045 0.107799 1.01033e+006 7.928e+008 3.88018e+010 3.95956e+010 7.07963e+009
2.05 5.23698e+010 228844 0.116543 1.05974e+006 8.1914e+008 3.91141e+010 3.99343e+010 1.24355e+010
2.051 4.89308e+010 221203 0.121173 1.08531e+006 8.3261e+008 3.92701e+010 4.01038e+010 8.82697e+009
2.053 4.68336e+010 216411 0.130982 1.13825e+006 8.60166e+008 3.9582e+010 4.04433e+010 6.39025e+009
2.055 4.51985e+010 212599 0.141572 1.19369e+006 8.88561e+008 3.98936e+010 4.07833e+010 4.41515e+009
2.056 4.74069e+010 217731 0.147178 1.22238e+006 9.0308e+008 4.00492e+010 4.09535e+010 6.45339e+009
2.058 4.55672e+010 213465 0.159054 1.28177e+006 9.32776e+008 4.03601e+010 4.12942e+010 4.27307e+009
2.06 4.61047e+010 214720 0.171872 1.34395e+006 9.63369e+008 4.06706e+010 4.16353e+010 4.46939e+009
2.061 4.55391e+010 213399 0.178656 1.37612e+006 9.79009e+008 4.08256e+010 4.1806e+010 3.73311e+009
2.063 5.03776e+010 224450 0.193025 1.44271e+006 1.01099e+009 4.11353e+010 4.21478e+010 8.22981e+009
2.065 5.02409e+010 224145 0.20853 1.51241e+006 1.04394e+009 4.14445e+010 4.24899e+010 7.75103e+009
2.066 4.99669e+010 223533 0.216735 1.54847e+006 1.06078e+009 4.15988e+010 4.26611e+010 7.30575e+009
2.068 4.84247e+010 220056 0.23411 1.6231e+006 1.09521e+009 4.19069e+010 4.30038e+010 5.42094e+009
2.07 4.56366e+010 213627 0.252853 1.7012e+006 1.13066e+009 4.22144e+010 4.33468e+010 2.28982e+009
2.072 4.51716e+010 212536 0.273071 1.78293e+006 1.16717e+009 4.25211e+010 4.36901e+010 1.48149e+009
2.073 4.37785e+010 209233 0.283767 1.8252e+006 1.18582e+009 4.26742e+010 4.38618e+010 -8.33229e+007
2.075 4.32295e+010 207917 0.306412 1.91267e+006 1.22396e+009 4.29797e+010 4.42056e+010 -9.76095e+008
2.077 4.87486e+010 220791 0.330831 2.00418e+006 1.26322e+009 4.32843e+010 4.45495e+010 4.19909e+009
2.079 4.97589e+010 223067 0.357162 2.09991e+006 1.30363e+009 4.3588e+010 4.48938e+010 4.86517e+009
2.08 4.55716e+010 213475 0.371089 2.14941e+006 1.32427e+009 4.37395e+010 4.5066e+010 5.05629e+008
2.082 4.58688e+010 214170 0.400565 2.25183e+006 1.36647e+009 4.40418e+010 4.54105e+010 4.58284e+008
2.084 5.05441e+010 224820 0.432341 2.35895e+006 1.40989e+009 4.4343e+010 4.57552e+010 4.78885e+009
2.085 5.50053e+010 234532 0.449146 2.41434e+006 1.43207e+009 4.44932e+010 4.59277e+010 9.07769e+009
2.087 5.09746e+010 225775 0.484705 2.52891e+006 1.47739e+009 4.47927e+010 4.62726e+010 4.70194e+009
2.089 4.97483e+010 223043 0.523028 2.64872e+006 1.52403e+009 4.50911e+010 4.66178e+010 3.1305e+009
2.091 4.48364e+010 211746 0.564326 2.77399e+006 1.572e+009 4.53882e+010 4.6963e+010 -2.12658e+009
2.092 4.40013e+010 209765 0.586161 2.83876e+006 1.5965e+009 4.55363e+010 4.71357e+010 -3.13438e+009
2.094 4.45493e+010 211067 0.632352 2.97269e+006 1.64656e+009 4.58316e+010 4.74811e+010 -2.93178e+009
2.096 4.52848e+010 212802 0.682117 3.11271e+006 1.69804e+009 4.61255e+010 4.78266e+010 -2.5418e+009
2.098 4.40521e+010 209886 0.735727 3.25908e+006 1.75099e+009 4.64179e+010 4.81722e+010 -4.12011e+009
2.1 4.44453e+010 210820 0.793473 3.41208e+006 1.80544e+009 4.6709e+010 4.85178e+010 -4.07257e+009
2.101 4.671e+010 216125 0.823994 3.49116e+006 1.83324e+009 4.6854e+010 4.86907e+010 -1.98068e+009
2.103 5.38252e+010 232003 0.888539 3.65464e+006 1.89001e+009 4.71428e+010 4.90364e+010 4.78875e+009
2.105 5.72822e+010 239337 0.958046 3.8255e+006 1.94839e+009 4.743e+010 4.93822e+010 7.89999e+009
2.107 5.87707e+010 242427 1.03289 4.00405e+006 2.0084e+009 4.77156e+010 4.9728e+010 9.04271e+009
2.108 5.37362e+010 231811 1.07244 4.09631e+006 2.03903e+009 4.78577e+010 4.99009e+010 3.83534e+009
2.11 5.58287e+010 236281 1.15605 4.28701e+006 2.10157e+009 4.81408e+010 5.02467e+010 5.58207e+009
2.112 6.21575e+010 249314 1.24606 4.48626e+006 2.16585e+009 4.84221e+010 5.05925e+010 1.1565e+010
2.114 6.66058e+010 258081 1.34295 4.69442e+006 2.23191e+009 4.87017e+010 5.09383e+010 1.56675e+010
2.116 6.32571e+010 251510 1.44723 4.91187e+006 2.2998e+009 4.89794e+010 5.12841e+010 1.1973e+010
2.117 5.22889e+010 228668 1.50231 5.02421e+006 2.33444e+009 4.91175e+010 5.1457e+010 8.31966e+008
2.119 3.93914e+010 198473 1.61873 5.25635e+006 2.40515e+009 4.93923e+010 5.18027e+010 -1.24114e+010
2.121 4.02937e+010 200733 1.74401 5.49881e+006 2.4778e+009 4.96652e+010 5.21485e+010 -1.18548e+010
2.123 4.78061e+010 218646 1.87879 5.75202e+006 2.55243e+009 4.9936e+010 5.24942e+010 -4.68812e+009
2.125 5.5083e+010 234698 2.02379 6.01644e+006 2.6291e+009 5.02048e+010 5.28399e+010 2.24307e+009
2.126 5.87655e+010 242416 2.10036 6.153e+006 2.66821e+009 5.03384e+010 5.30127e+010 5.75279e+009
2.128 5.79834e+010 240797 2.26214 6.43514e+006 2.74801e+009 5.06039e+010 5.33584e+010 4.62502e+009
2.13 5.1707e+010 227392 2.43614 6.72971e+006 2.82996e+009 5.08673e+010 5.3704e+010 -1.99701e+009
2.132 4.75611e+010 218085 2.62327 7.03724e+006 2.91412e+009 5.11285e+010 5.40496e+010 -6.48855e+009
2.134 4.82353e+010 219625 2.82449 7.35828e+006 3.00053e+009 5.13873e+010 5.43952e+010 -6.15986e+009
2.136 4.47913e+010 211640 3.04086 7.69339e+006 3.08926e+009 5.16438e+010 5.47408e+010 -9.94942e+009
2.137 4.75537e+010 218068 3.15507 7.8664e+006 3.1345e+009 5.17712e+010 5.49135e+010 -7.35989e+009
2.139 5.27186e+010 229605 3.39626 8.22373e+006 3.22678e+009 5.20241e+010 5.52591e+010 -2.54052e+009
2.141 5.66142e+010 237937 3.65554 8.59665e+006 3.32151e+009 5.22745e+010 5.56047e+010 1.00955e+009
2.143 5.54183e+010 235411 3.93424 8.98581e+006 3.41874e+009 5.25225e+010 5.59502e+010 -5.31935e+008
2.145 5.10717e+010 225990 4.23376 9.39188e+006 3.51852e+009 5.27679e+010 5.62958e+010 -5.22415e+009
2.147 5.0626e+010 225002 4.55565 9.81558e+006 3.62091e+009 5.30107e+010 5.66414e+010 -6.01545e+009
2.149 5.05377e+010 224806 4.90154 1.02576e+007 3.72598e+009 5.32509e+010 5.69871e+010 -6.44943e+009
2.15 5.33982e+010 231081 5.08402 1.04858e+007 3.77954e+009 5.33699e+010 5.716e+010 -3.76177e+009
2.152 5.52161e+010 234981 5.46922 1.09568e+007 3.88873e+009 5.36061e+010 5.75057e+010 -2.28966e+009
2.154 5.87518e+010 242388 5.88304 1.14481e+007 4.00074e+009 5.38394e+010 5.78516e+010 9.00227e+008
2.156 5.66107e+010 237930 6.32756 1.19605e+007 4.11565e+009 5.407e+010 5.81976e+010 -1.58684e+009
2.158 5.28558e+010 229904 6.805 1.24949e+007 4.2335e+009 5.42977e+010 5.85437e+010 -5.68782e+009
2.16 5.08751e+010 225555 7.31775 1.30523e+007 4.35437e+009 5.45225e+010 5.88899e+010 -8.01475e+009
2.162 5.46228e+010 233715 7.86838 1.36335e+007 4.47833e+009 5.47443e+010 5.92363e+010 -4.61352e+009
2.163 5.92476e+010 243408 8.15874 1.39333e+007 4.54148e+009 5.48542e+010 5.94096e+010 -1.61974e+008
2.165 5.82728e+010 241398 8.77136 1.45522e+007 4.67018e+009 5.50716e+010 5.97563e+010 -1.48347e+009
2.167 5.79306e+010 240688 9.42908 1.51973e+007 4.80213e+009 5.52859e+010 6.01032e+010 -2.17267e+009
2.169 6.2938e+010 250874 10.1351 1.58699e+007 4.93741e+009 5.54972e+010 6.04504e+010 2.48753e+009
2.171 6.30391e+010 251076 10.893 1.6571e+007 5.07607e+009 5.57053e+010 6.07979e+010 2.24119e+009
2.173 6.22054e+010 249410 11.7064 1.73018e+007 5.2182e+009 5.59103e+010 6.11458e+010 1.05961e+009
2.175 6.08193e+010 246616 12.5793 1.80634e+007 5.36387e+009 5.6112e+010 6.14939e+010 -6.74596e+008
2.177 6.01071e+010 245168 13.5159 1.88572e+007 5.51315e+009 5.63105e+010 6.18425e+010 -1.73541e+009
2.179 5.6831e+010 238392 14.5209 1.96844e+007 5.66612e+009 5.65057e+010 6.21915e+010 -5.36055e+009
2.181 6.03992e+010 245762 15.5992 2.05464e+007 5.82285e+009 5.66976e+010 6.2541e+010 -2.14182e+009
2.183 5.78405e+010 240501 16.7558 2.14445e+007 5.98343e+009 5.68861e+010 6.2891e+010 -5.05052e+009
2.184 5.58312e+010 236286 17.3653 2.19075e+007 6.06518e+009 5.69791e+010 6.30662e+010 -7.235e+009
2.186 5.72093e+010 239185 18.6502 2.28626e+007 6.23167e+009 5.71625e+010 6.34171e+010 -6.20781e+009
2.188 6.20017e+010 249002 20.0282 2.38575e+007 6.4022e+009 5.73425e+010 6.37685e+010 -1.76678e+009
2.19 5.85868e+010 242047 21.506 2.48938e+007 6.57685e+009 5.75189e+010 6.41207e+010 -5.53391e+009
2.192 6.29822e+010 250963 23.0905 2.59732e+007 6.75571e+009 5.76918e+010 6.44735e+010 -1.49128e+009
2.194 6.2985e+010 250968 24.7894 2.70974e+007 6.93887e+009 5.78612e+010 6.48271e+010 -1.84214e+009
2.196 6.31484e+010 251294 26.6107 2.82682e+007 7.1264e+009 5.80269e+010 6.51816e+010 -2.03315e+009
2.198 6.20728e+010 249144 28.563 2.94873e+007 7.3184e+009 5.8189e+010 6.55369e+010 -3.46408e+009
2.2 6.21722e+010 249344 30.6556 3.07567e+007 7.51495e+009 5.83475e+010 6.58932e+010 -3.721e+009
2.202 6.551e+010 255949 32.8983 3.20784e+007 7.71614e+009 5.85022e+010 6.62504e+010 -7.40467e+008
2.204 6.67671e+010 258393 35.3016 3.34544e+007 7.92207e+009 5.86532e+010 6.66088e+010 1.58335e+008
2.206 6.76199e+010 260038 37.8769 3.48868e+007 8.13282e+009 5.88005e+010 6.69682e+010 6.5174e+008
2.208 6.96222e+010 263860 40.636 3.63778e+007 8.34849e+009 5.89439e+010 6.73288e+010 2.29335e+009
2.21 6.8742e+010 262187 43.5919 3.79297e+007 8.56918e+009 5.90836e+010 6.76907e+010 1.05134e+009
2.212 6.6609e+010 258087 46.7583 3.95449e+007 8.79497e+009 5.92193e+010 6.80539e+010 -1.44483e+009
2.214 6.60467e+010 256996 50.1497 4.12258e+007 9.02597e+009 5.93512e+010 6.84184e+010 -2.37174e+009
2.216 6.82293e+010 261207 53.782 4.29749e+007 9.26228e+009 5.94792e+010 6.87845e+010 -5.5518e+008
2.218 6.89817e+010 262644 57.6717 4.47949e+007 9.50398e+009 5.96033e+010 6.91521e+010 -1.7033e+008
2.22 6.81591e+010 261073 61.8368 4.66884e+007 9.75119e+009 5.97234e+010 6.95213e+010 -1.36218e+009
2.222 6.84573e+010 261643 66.2962 4.86584e+007 1.0004e+010 5.98395e+010 6.98922e+010 -1.43489e+009
2.224 6.64517e+010 257782 71.0702 5.07078e+007 1.02625e+010 5.99516e+010 7.02648e+010 -3.81312e+009
2.226 7.14156e+010 267237 76.1807 5.28395e+007 1.05269e+010 6.00597e+010 7.06394e+010 7.76175e+008
2.228 6.74956e+010 259799 81.6507 5.50567e+007 1.07971e+010 6.01637e+010 7.10159e+010 -3.52024e+009
2.23 6.84086e+010 261550 87.505 5.73627e+007 1.10734e+010 6.02636e+010 7.13944e+010 -2.98578e+009
2.232 6.81913e+010 261135 93.7699 5.97608e+007 1.13558e+010 6.03595e+010 7.17751e+010 -3.58375e+009
2.234 7.08078e+010 266097 100.474 6.22545e+007 1.16445e+010 6.04512e+010 7.21579e+010 -1.3501e+009
2.236 7.15985e+010 267579 107.646 6.48475e+007 1.19395e+010 6.05388e+010 7.25431e+010 -9.44585e+008
2.238 7.4443e+010 272842 115.319 6.75434e+007 1.2241e+010 6.06222e+010 7.29307e+010 1.51226e+009
2.24 7.04177e+010 265363 123.528 7.03461e+007 1.2549e+010 6.07015e+010 7.33209e+010 -2.90314e+009
2.242 7.14502e+010 267302 132.307 7.32597e+007 1.28638e+010 6.07766e+010 7.37136e+010 -2.26343e+009
2.244 7.01643e+010 264885 141.697 7.62882e+007 1.31853e+010 6.08474e+010 7.41091e+010 -3.94476e+009
2.246 6.94672e+010 263566 151.739 7.94361e+007 1.35138e+010 6.09141e+010 7.45073e+010 -5.04011e+009
2.248 7.01049e+010 264773 162.476 8.27076e+007 1.38494e+010 6.09765e+010 7.49085e+010 -4.80364e+009
2.25 6.85264e+010 261776 173.956 8.61075e+007 1.4192e+010 6.10347e+010 7.53128e+010 -6.78637e+009
2.252 7.14068e+010 267221 186.23 8.96404e+007 1.4542e+010 6.10886e+010 7.57202e+010 -4.31339e+009
2.254 7.16932e+010 267756 199.35 9.33114e+007 1.48994e+010 6.11382e+010 7.61309e+010 -4.43764e+009
2.256 7.61124e+010 275885 213.373 9.71254e+007 1.52643e+010 6.11836e+010 7.65449e+010 -4.32538e+008
2.258 7.66143e+010 276793 228.361 1.01088e+008 1.56368e+010 6.12246e+010 7.69625e+010 -3.48199e+008
2.26 7.91508e+010 281337 244.378 1.05204e+008 1.60171e+010 6.12614e+010 7.73837e+010 1.76706e+009
2.262 8.4612e+010 290881 261.493 1.0948e+008 1.64053e+010 6.12938e+010 7.78086e+010 6.80332e+009
2.265 8.35396e+010 289032 289.386 1.16205e+008 1.70027e+010 6.13344e+010 7.84534e+010 5.08622e+009
2.267 8.79853e+010 296623 309.577 1.20905e+008 1.74112e+010 6.13561e+010 7.88882e+010 9.09702e+009
2.269 8.92856e+010 298807 331.146 1.25786e+008 1.78281e+010 6.13734e+010 7.93273e+010 9.95828e+009
2.271 9.08805e+010 301464 354.182 1.30854e+008 1.82534e+010 6.13864e+010 7.97707e+010 1.11098e+010
2.273 9.56028e+010 309197 378.785 1.36116e+008 1.86874e+010 6.13951e+010 8.02186e+010 1.53842e+010
2.275 9.72402e+010 311834 405.057 1.4158e+008 1.913e+010 6.13995e+010 8.06711e+010 1.65691e+010
2.277 9.39858e+010 306571 433.109 1.47251e+008 1.95816e+010 6.13995e+010 8.11283e+010 1.28575e+010
2.279 8.79519e+010 296567 463.059 1.53139e+008 2.00421e+010 6.13951e+010 8.15904e+010 6.36154e+009
2.281 8.12729e+010 285084 495.032 1.5925e+008 2.05118e+010 6.13864e+010 8.20575e+010 -7.84656e+008
2.283 8.01411e+010 283092 529.161 1.65592e+008 2.09908e+010 6.13734e+010 8.25299e+010 -2.38872e+009
2.286 7.97016e+010 282315 584.71 1.75558e+008 2.1727e+010 6.13458e+010 8.32484e+010 -3.54675e+009
2.288 8.6148e+010 293510 624.87 1.82516e+008 2.22298e+010 6.1322e+010 8.37343e+010 2.41372e+009
2.29 8.20311e+010 286411 667.723 1.89735e+008 2.27423e+010 6.12938e+010 8.42259e+010 -2.19476e+009
2.292 8.53118e+010 292082 713.446 1.97226e+008 2.32647e+010 6.12614e+010 8.47233e+010 5.88482e+008
2.294 8.85906e+010 297642 762.226 2.04997e+008 2.37972e+010 6.12246e+010 8.52268e+010 3.36376e+009
2.296 8.65487e+010 294192 814.262 2.13058e+008 2.43398e+010 6.11836e+010 8.57365e+010 8.12288e+008
2.298 8.79641e+010 296587 869.766 2.21419e+008 2.48928e+010 6.11382e+010 8.62524e+010 1.71168e+009
2.301 8.76475e+010 296053 960.021 2.34548e+008 2.5742e+010 6.10621e+010 8.70386e+010 6.08871e+008
2.303 8.63335e+010 293826 1025.21 2.43708e+008 2.63214e+010 6.10061e+010 8.75712e+010 -1.23769e+009
2.305 8.43177e+010 290375 1094.72 2.53206e+008 2.69116e+010 6.09458e+010 8.81106e+010 -3.79293e+009
2.307 8.63606e+010 293872 1168.83 2.63055e+008 2.75128e+010 6.08813e+010 8.86571e+010 -2.29653e+009
2.309 9.00101e+010 300017 1247.84 2.73267e+008 2.81251e+010 6.08125e+010 8.92109e+010 7.99211e+008
2.311 8.88167e+010 298021 1332.05 2.83854e+008 2.87487e+010 6.07395e+010 8.97721e+010 -9.5536e+008
2.313 8.99094e+010 299849 1421.82 2.94829e+008 2.93836e+010 6.06624e+010 9.03408e+010 -4.31414e+008
2.316 9.31207e+010 305157 1567.64 3.12049e+008 3.03578e+010 6.05388e+010 9.12086e+010 1.91205e+009
2.318 9.29386e+010 304858 1672.87 3.24053e+008 3.10219e+010 6.04512e+010 9.17972e+010 1.14142e+009
2.32 8.99862e+010 299977 1785 3.36495e+008 3.1698e+010 6.03595e+010 9.23939e+010 -2.40773e+009
2.322 9.32772e+010 305413 1904.45 3.49388e+008 3.23861e+010 6.02636e+010 9.29991e+010 2.78159e+008
2.324 9.7754e+010 312656 2031.7 3.62748e+008 3.30864e+010 6.01637e+010 9.36128e+010 4.14115e+009
2.327 9.43851e+010 307222 2238.28 3.83699e+008 3.41601e+010 6.00061e+010 9.45499e+010 -1.64786e+008
2.329 9.0809e+010 301345 2387.25 3.98297e+008 3.48916e+010 5.9896e+010 9.51859e+010 -4.37695e+009
2.331 9.18127e+010 303006 2545.89 4.13419e+008 3.56358e+010 5.97819e+010 9.58311e+010 -4.01841e+009
2.333 9.21111e+010 303498 2714.81 4.29084e+008 3.63929e+010 5.96638e+010 9.64858e+010 -4.37466e+009
2.335 9.75832e+010 312383 2894.66 4.45309e+008 3.7163e+010 5.95417e+010 9.715e+010 4.33148e+008
2.338 9.84738e+010 313805 3186.43 4.70738e+008 3.83429e+010 5.93512e+010 9.81648e+010 3.08941e+008
2.34 9.98176e+010 315939 3396.7 4.88447e+008 3.91462e+010 5.92193e+010 9.8854e+010 9.6369e+008
2.342 9.95822e+010 315566 3620.49 5.06784e+008 3.9963e+010 5.90836e+010 9.95534e+010 2.88444e+007
2.344 9.50001e+010 308221 3858.64 5.25771e+008 4.07935e+010 5.89439e+010 1.00263e+011 -5.2631e+009
2.347 9.87207e+010 314199 4244.8 5.55515e+008 4.20653e+010 5.87273e+010 1.01348e+011 -2.62742e+009
2.349 1.05261e+011 324439 4522.92 5.7622e+008 4.29307e+010 5.85782e+010 1.02085e+011 3.17571e+009
2.351 1.02751e+011 320547 4818.8 5.97652e+008 4.38102e+010 5.84253e+010 1.02833e+011 -8.25028e+007
2.353 1.01016e+011 317830 5133.54 6.19835e+008 4.47041e+010 5.82687e+010 1.03593e+011 -2.57683e+009
2.356 9.94789e+010 315403 5643.58 6.54571e+008 4.60722e+010 5.80269e+010 1.04754e+011 -5.27474e+009
2.358 1.04529e+011 323309 6010.72 6.7874e+008 4.70025e+010 5.78612e+010 1.05542e+011 -1.01346e+009
2.36 1.05515e+011 324831 6401.13 7.03749e+008 4.79477e+010 5.76918e+010 1.06343e+011 -8.281e+008
2.362 1.10551e+011 332492 6816.24 7.29625e+008 4.89079e+010 5.75189e+010 1.07156e+011 3.39422e+009
2.365 1.05221e+011 324379 7488.55 7.70126e+008 5.03766e+010 5.72529e+010 1.084e+011 -3.17813e+009
2.367 1.06936e+011 327011 7972.23 7.98293e+008 5.13748e+010 5.70713e+010 1.09244e+011 -2.3084e+009
2.369 1.0634e+011 326099 8486.33 8.2743e+008 5.23885e+010 5.68861e+010 1.10102e+011 -3.76172e+009
2.372 1.12256e+011 335046 9318.61 8.73018e+008 5.39383e+010 5.66021e+010 1.11413e+011 8.42554e+008
2.374 1.10913e+011 333035 9917.13 9.04713e+008 5.49913e+010 5.64085e+010 1.12305e+011 -1.39202e+009
2.376 1.07192e+011 327403 10553.1 9.37489e+008 5.60601e+010 5.62117e+010 1.13209e+011 -6.01689e+009
2.378 1.11504e+011 333922 11228.7 9.71379e+008 5.71451e+010 5.60115e+010 1.14128e+011 -2.62401e+009
2.381 1.14232e+011 337983 12321.8 1.02438e+009 5.88029e+010 5.57053e+010 1.15533e+011 -1.30014e+009
2.383 1.17318e+011 342517 13107.5 1.06122e+009 5.99286e+010 5.54972e+010 1.16487e+011 8.31109e+008
2.385 1.18591e+011 344370 13941.9 1.09929e+009 6.10708e+010 5.52859e+010 1.17456e+011 1.13479e+009
2.388 1.20323e+011 346876 15291.4 1.15882e+009 6.28153e+010 5.49632e+010 1.18937e+011 1.3855e+009
2.39 1.21897e+011 349138 16260.9 1.20018e+009 6.39994e+010 5.47443e+010 1.19944e+011 1.95354e+009
2.392 1.26986e+011 356351 17290.2 1.24292e+009 6.52003e+010 5.45225e+010 1.20966e+011 6.02053e+009
2.395 1.18154e+011 343735 18954.1 1.30971e+009 6.70338e+010 5.41842e+010 1.22528e+011 -4.37402e+009
2.397 1.23343e+011 351203 20149 1.3561e+009 6.82777e+010 5.3955e+010 1.23589e+011 -2.45513e+008
2.399 1.29336e+011 359633 21417.1 1.40402e+009 6.95389e+010 5.37231e+010 1.24666e+011 4.67018e+009
2.402 1.26442e+011 355587 23466.2 1.47889e+009 7.14634e+010 5.33699e+010 1.26312e+011 1.29687e+008
2.404 1.29655e+011 360076 24937 1.53087e+009 7.27685e+010 5.31311e+010 1.27431e+011 2.22455e+009
2.407 1.30432e+011 361154 27312.9 1.61206e+009 7.47593e+010 5.27679e+010 1.29139e+011 1.29309e+009
2.409 1.27393e+011 356922 29017.7 1.66841e+009 7.61089e+010 5.25225e+010 1.303e+011 -2.90644e+009
2.411 1.32416e+011 363890 30826 1.72659e+009 7.74764e+010 5.22745e+010 1.31478e+011 9.38224e+008
2.414 1.33851e+011 365857 33745.8 1.81745e+009 7.95617e+010 5.18979e+010 1.33277e+011 5.74303e+008
2.416 1.38271e+011 371848 35840 1.88049e+009 8.09745e+010 5.16438e+010 1.34499e+011 3.77239e+009
2.418 1.37555e+011 370884 38060.5 1.94556e+009 8.24057e+010 5.13873e+010 1.35739e+011 1.81631e+009
2.421 1.41206e+011 375774 41644.3 2.04714e+009 8.4587e+010 5.09982e+010 1.37632e+011 3.57349e+009
2.423 1.45923e+011 381999 44213.6 2.11759e+009 8.60643e+010 5.07359e+010 1.38918e+011 7.00505e+009
2.426 1.35689e+011 368360 48359.1 2.22752e+009 8.83152e+010 5.03384e+010 1.40881e+011 -5.19182e+009
2.428 1.42434e+011 377405 51330.3 2.30375e+009 8.98391e+010 5.00707e+010 1.42214e+011 2.20911e+008
2.43 1.46012e+011 382115 54478.8 2.38241e+009 9.13817e+010 4.98008e+010 1.43565e+011 2.44688e+009
2.433 1.49768e+011 386999 59556.4 2.50511e+009 9.37311e+010 4.93923e+010 1.45629e+011 4.13959e+009
2.435 1.50639e+011 388122 63194 2.59016e+009 9.53209e+010 4.91175e+010 1.47029e+011 3.61002e+009
2.438 1.57078e+011 396331 69058.7 2.7228e+009 9.77413e+010 4.87017e+010 1.49166e+011 7.91259e+009
2.44 1.51529e+011 389267 73259 2.81472e+009 9.93787e+010 4.84221e+010 1.50616e+011 9.13221e+008
2.443 1.61121e+011 401399 80028.6 2.95803e+009 1.01871e+011 4.79995e+010 1.52828e+011 8.29308e+009
2.445 1.58673e+011 398337 84875.4 3.05732e+009 1.03556e+011 4.77156e+010 1.54329e+011 4.34386e+009
2.447 1.63986e+011 404952 90007 3.1597e+009 1.0526e+011 4.743e+010 1.5585e+011 8.13585e+009
2.45 1.57487e+011 396847 98274.1 3.31928e+009 1.07853e+011 4.69986e+010 1.58171e+011 -6.83565e+008
2.452 1.58953e+011 398689 104191 3.4298e+009 1.09606e+011 4.6709e+010 1.59745e+011 -7.91482e+008
2.455 1.59704e+011 399630 113719 3.60201e+009 1.12271e+011 4.62719e+010 1.62145e+011 -2.4404e+009
2.457 1.61819e+011 402267 120536 3.72124e+009 1.14072e+011 4.59787e+010 1.63772e+011 -1.95301e+009
2.46 1.67088e+011 408764 131511 3.907e+009 1.16809e+011 4.55363e+010 1.66253e+011 8.35129e+008
2.462 1.77291e+011 421059 139361 4.03558e+009 1.18659e+011 4.52398e+010 1.67934e+011 9.35657e+009
2.465 1.76975e+011 420684 151995 4.23584e+009 1.21469e+011 4.47927e+010 1.70497e+011 6.47812e+009
2.467 1.77587e+011 421411 161028 4.37442e+009 1.23366e+011 4.44932e+010 1.72234e+011 5.35312e+009
2.47 1.71384e+011 413985 175562 4.59021e+009 1.26249e+011 4.40418e+010 1.74881e+011 -3.49718e+009
2.472 1.76607e+011 420246 185951 4.73951e+009 1.28195e+011 4.37395e+010 1.76674e+011 -6.67852e+007
2.475 1.72917e+011 415833 202661 4.97192e+009 1.31149e+011 4.32843e+010 1.79406e+011 -6.48911e+009
2.477 1.77379e+011 421164 214601 5.13268e+009 1.33143e+011 4.29797e+010 1.81256e+011 -3.87703e+009
2.48 1.7738e+011 421165 233800 5.38286e+009 1.3617e+011 4.25211e+010 1.84074e+011 -6.69456e+009
2.482 1.78863e+011 422921 247515 5.55587e+009 1.38212e+011 4.22144e+010 1.85983e+011 -7.11997e+009
2.485 1.82343e+011 427016 269561 5.82505e+009 1.4131e+011 4.17529e+010 1.88889e+011 -6.54583e+009
2.487 1.81804e+011 426385 285304 6.01115e+009 1.434e+011 4.14445e+010 1.90856e+011 -9.05172e+009
2.49 2.02037e+011 449486 310602 6.30062e+009 1.46569e+011 4.09806e+010 1.93851e+011 8.18659e+009
2.492 2.04706e+011 452445 328662 6.5007e+009 1.48706e+011 4.06706e+010 1.95877e+011 8.82918e+009
2.495 2.00161e+011 447393 357675 6.81185e+009 1.51945e+011 4.02047e+010 1.98962e+011 1.19845e+009
2.498 1.95755e+011 442442 389163 7.13669e+009 1.55227e+011 3.97378e+010 2.02102e+011 -6.34691e+009
2.5 1.94028e+011 440486 411631 7.36113e+009 1.57437e+011 3.94261e+010 2.04225e+011 -1.01975e+010
2.503 2.07474e+011 455493 447707 7.71001e+009 1.60788e+011 3.8958e+010 2.07456e+011 1.75807e+007
2.505 2.07914e+011 455976 473440 7.95099e+009 1.63044e+011 3.86456e+010 2.09641e+011 -1.72753e+009
2.508 2.15796e+011 464539 514745 8.3255e+009 1.66462e+011 3.81766e+010 2.12965e+011 2.8314e+009
2.51 2.09627e+011 457850 544199 8.58412e+009 1.68764e+011 3.78637e+010 2.15212e+011 -5.58542e+009
2.513 2.18334e+011 467263 591461 8.98594e+009 1.72249e+011 3.73943e+010 2.18629e+011 -2.95158e+008
2.516 2.15475e+011 464193 642689 9.40498e+009 1.75773e+011 3.69249e+010 2.22103e+011 -6.62865e+009
2.518 2.18632e+011 467581 679199 9.69424e+009 1.78144e+011 3.6612e+010 2.24451e+011 -5.81937e+009
2.521 2.2825e+011 477755 737757 1.01435e+010 1.81733e+011 3.61427e+010 2.2802e+011 2.29906e+008
2.523 2.27477e+011 476946 779479 1.04535e+010 1.84146e+011 3.58301e+010 2.30431e+011 -2.95354e+009
2.526 2.0217e+011 449633 846373 1.09349e+010 1.87798e+011 3.53616e+010 2.34095e+011 -3.19252e+010
2.529 2.04174e+011 451856 918808 1.14365e+010 1.91487e+011 3.48936e+010 2.37818e+011 -3.36435e+010
2.531 2.04122e+011 451799 970391 1.17825e+010 1.93966e+011 3.4582e+010 2.40331e+011 -3.6209e+010
2.534 2.22886e+011 472108 1.05306e+006 1.23196e+010 1.97714e+011 3.41153e+010 2.4415e+011 -2.12642e+010
2.537 2.13506e+011 462067 1.14251e+006 1.2879e+010 2.01498e+011 3.36496e+010 2.48028e+011 -3.45219e+010
2.539 2.28429e+011 477942 1.20619e+006 1.32647e+010 2.0404e+011 3.33397e+010 2.50645e+011 -2.22166e+010
2.542 2.87304e+011 536008 1.30817e+006 1.38631e+010 2.0788e+011 3.28758e+010 2.5462e+011 3.26839e+010
2.544 3.16801e+011 562851 1.38075e+006 1.42756e+010 2.10459e+011 3.25673e+010 2.57303e+011 5.94983e+010
2.547 2.88513e+011 537134 1.49695e+006 1.49155e+010 2.14354e+011 3.21057e+010 2.61376e+011 2.71365e+010
2.55 3.18494e+011 564353 1.62258e+006 1.55814e+010 2.1828e+011 3.16456e+010 2.65509e+011 5.29849e+010
2.552 2.88404e+011 537032 1.71192e+006 1.60402e+010 2.20915e+011 3.13397e+010 2.68297e+011 2.01067e+010
2.555 2.96168e+011 544214 1.85492e+006 1.67517e+010 2.24893e+011 3.08824e+010 2.72529e+011 2.36399e+010
2.558 2.81012e+011 530106 2.00941e+006 1.74917e+010 2.28899e+011 3.04269e+010 2.7682e+011 4.1924e+009
2.561 2.82974e+011 531953 2.1763e+006 1.82614e+010 2.32934e+011 2.99734e+010 2.81171e+011 1.803e+009
2.563 2.89062e+011 537645 2.29491e+006 1.87915e+010 2.35639e+011 2.96722e+010 2.84105e+011 4.95717e+009
2.566 2.94688e+011 542851 2.48461e+006 1.96129e+010 2.39718e+011 2.92222e+010 2.88556e+011 6.13205e+009
2.569 3.07179e+011 554237 2.6894e+006 2.04668e+010 2.43823e+011 2.87745e+010 2.93067e+011 1.41122e+010
2.571 3.10664e+011 557372 2.83487e+006 2.10546e+010 2.46573e+011 2.84773e+010 2.96108e+011 1.4556e+010
2.574 3.24518e+011 569664 3.06741e+006 2.19651e+010 2.50718e+011 2.80335e+010 3.00719e+011 2.37984e+010
2.577 3.20759e+011 566356 3.3183e+006 2.29111e+010 2.54885e+011 2.75922e+010 3.05391e+011 1.53676e+010
2.58 3.38574e+011 581871 3.58893e+006 2.38939e+010 2.59073e+011 2.71536e+010 3.10124e+011 2.84502e+010
2.582 3.30906e+011 575245 3.78104e+006 2.45701e+010 2.61876e+011 2.68627e+010 3.13313e+011 1.75935e+010
2.585 3.33909e+011 577848 4.08791e+006 2.56168e+010 2.66097e+011 2.64287e+010 3.18147e+011 1.57619e+010
2.588 3.37499e+011 580947 4.41872e+006 2.67037e+010 2.70336e+011 2.59976e+010 3.23042e+011 1.44578e+010
2.591 3.33618e+011 577596 4.77526e+006 2.7832e+010 2.74591e+011 2.55694e+010 3.27998e+011 5.62006e+009
2.593 3.13195e+011 559638 5.02819e+006 2.86079e+010 2.77437e+011 2.52857e+010 3.31335e+011 -1.81405e+010
2.596 3.31379e+011 575655 5.43193e+006 2.98083e+010 2.81717e+011 2.48627e+010 3.36393e+011 -5.01456e+009
2.599 3.46724e+011 588833 5.8668e+006 3.10539e+010 2.8601e+011 2.44428e+010 3.41513e+011 5.21166e+009
2.602 3.75883e+011 613093 6.33511e+006 3.23461e+010 2.90315e+011 2.40263e+010 3.46694e+011 2.91892e+010
2.604 3.55906e+011 596579 6.66709e+006 3.32342e+010 2.9319e+011 2.37504e+010 3.50182e+011 5.72453e+009
2.607 3.62876e+011 602392 7.19665e+006 3.46075e+010 2.97511e+011 2.33395e+010 3.55465e+011 7.41053e+009
2.61 3.47739e+011 589694 7.76658e+006 3.60314e+010 3.0184e+011 2.2932e+010 3.60811e+011 -1.30717e+010
2.613 3.67348e+011 606092 8.37981e+006 3.75077e+010 3.06174e+011 2.2528e+010 3.66218e+011 1.12948e+009
2.616 3.8496e+011 620452 9.03948e+006 3.90379e+010 3.10514e+011 2.21277e+010 3.71688e+011 1.32719e+010
2.618 3.73589e+011 611220 9.50671e+006 4.00888e+010 3.13409e+011 2.18628e+010 3.7537e+011 -1.78025e+009
2.621 3.6658e+011 605458 1.02514e+007 4.17126e+010 3.17752e+011 2.14686e+010 3.80944e+011 -1.4364e+010
2.624 3.59025e+011 599187 1.10519e+007 4.33949e+010 3.22096e+011 2.10782e+010 3.86581e+011 -2.75552e+010
2.627 3.61759e+011 601464 1.19124e+007 4.51375e+010 3.26439e+011 2.06915e+010 3.9228e+011 -3.05216e+010
2.63 3.55577e+011 596303 1.28371e+007 4.69422e+010 3.3078e+011 2.03087e+010 3.98043e+011 -4.24667e+010
2.633 3.59063e+011 599219 1.38305e+007 4.88109e+010 3.35116e+011 1.99299e+010 4.0387e+011 -4.48068e+010
2.636 3.63768e+011 603132 1.48975e+007 5.07454e+010 3.39445e+011 1.9555e+010 4.0976e+011 -4.59924e+010
2.638 3.79193e+011 615787 1.56523e+007 5.20726e+010 3.42327e+011 1.93073e+010 4.13723e+011 -3.453e+010
2.641 3.98983e+011 631651 1.68538e+007 5.41213e+010 3.46643e+011 1.89391e+010 4.1972e+011 -2.07373e+010
2.644 3.78549e+011 615264 1.81435e+007 5.62411e+010 3.50948e+011 1.85749e+010 4.25782e+011 -4.72331e+010
2.647 3.90473e+011 624878 1.95276e+007 5.84342e+010 3.55241e+011 1.82149e+010 4.3191e+011 -4.14369e+010
2.65 4.10799e+011 640936 2.10127e+007 6.07026e+010 3.59519e+011 1.7859e+010 4.38102e+011 -2.73027e+010
2.653 4.57189e+011 676158 2.26058e+007 6.30484e+010 3.63782e+011 1.75073e+010 4.4436e+011 1.28287e+010
2.656 4.87806e+011 698431 2.43144e+007 6.5474e+010 3.68027e+011 1.71598e+010 4.50685e+011 3.71207e+010
2.659 4.9051e+011 700364 2.61464e+007 6.79814e+010 3.72252e+011 1.68165e+010 4.57076e+011 3.34334e+010
2.662 4.91905e+011 701360 2.81103e+007 7.0573e+010 3.76456e+011 1.64774e+010 4.63535e+011 2.83704e+010
2.664 5.06811e+011 711907 2.94973e+007 7.23487e+010 3.79246e+011 1.62538e+010 4.67878e+011 3.89332e+010
2.667 5.07834e+011 712625 3.17014e+007 7.50858e+010 3.83411e+011 1.59219e+010 4.7445e+011 3.33836e+010
2.67 4.8921e+011 699436 3.40627e+007 7.79134e+010 3.87549e+011 1.55942e+010 4.81091e+011 8.11942e+009
2.673 4.96153e+011 704381 3.65918e+007 8.08339e+010 3.9166e+011 1.52709e+010 4.87801e+011 8.35144e+009
2.676 4.73168e+011 687872 3.93002e+007 8.38499e+010 3.9574e+011 1.4952e+010 4.94582e+011 -2.14138e+010
2.679 4.63767e+011 681004 4.21998e+007 8.69637e+010 3.99789e+011 1.46373e+010 5.01433e+011 -3.76659e+010
2.682 5.09344e+011 713684 4.53034e+007 9.01781e+010 4.03805e+011 1.4327e+010 5.08355e+011 9.88709e+008
2.685 4.87791e+011 698420 4.86247e+007 9.34956e+010 4.07785e+011 1.40211e+010 5.15351e+011 -2.756e+010
2.688 5.2575e+011 725086 5.2178e+007 9.69188e+010 4.11729e+011 1.37195e+010 5.22419e+011 3.33086e+009
2.691 5.14163e+011 717052 5.59788e+007 1.00451e+011 4.15633e+011 1.34222e+010 5.29562e+011 -1.53982e+010
2.694 5.54277e+011 744498 6.00433e+007 1.04094e+011 4.19496e+011 1.31294e+010 5.36779e+011 1.74981e+010
2.697 5.35624e+011 731864 6.43889e+007 1.07851e+011 4.23317e+011 1.28408e+010 5.44073e+011 -8.44863e+009
2.7 5.87243e+011 766318 6.90338e+007 1.11724e+011 4.27094e+011 1.25566e+010 5.51444e+011 3.57994e+010
2.703 5.45751e+011 738750 7.39977e+007 1.15718e+011 4.30824e+011 1.22768e+010 5.58893e+011 -1.31414e+010
2.706 5.63366e+011 750577 7.93011e+007 1.19834e+011 4.34506e+011 1.20013e+010 5.66421e+011 -3.05518e+009
2.709 5.69454e+011 754622 8.49661e+007 1.24076e+011 4.38139e+011 1.17301e+010 5.7403e+011 -4.5756e+009
2.712 5.56352e+011 745890 9.10158e+007 1.28446e+011 4.4172e+011 1.14632e+010 5.8172e+011 -2.53685e+010
2.715 5.68372e+011 753904 9.7475e+007 1.32949e+011 4.45248e+011 1.12006e+010 5.89494e+011 -2.11225e+010
2.718 6.19406e+011 787024 1.0437e+008 1.37585e+011 4.4872e+011 1.09422e+010 5.97352e+011 2.20542e+010
2.721 6.11075e+011 781713 1.11728e+008 1.4236e+011 4.52136e+011 1.06882e+010 6.05296e+011 5.77961e+009
2.724 5.91001e+011 768766 1.19578e+008 1.47276e+011 4.55493e+011 1.04383e+010 6.13327e+011 -2.23257e+010
2.727 5.86929e+011 766113 1.27953e+008 1.52335e+011 4.58791e+011 1.01927e+010 6.21447e+011 -3.45177e+010
2.731 6.12387e+011 782552 1.3999e+008 1.59311e+011 4.63091e+011 9.87178e+009 6.32414e+011 -2.00266e+010
2.734 6.08078e+011 779793 1.49717e+008 1.6472e+011 4.66241e+011 9.63593e+009 6.40747e+011 -3.26695e+010
2.737 6.97836e+011 835366 1.60086e+008 1.70284e+011 4.69326e+011 9.40422e+009 6.49175e+011 4.86614e+010
2.74 6.75934e+011 822152 1.71135e+008 1.76006e+011 4.72344e+011 9.17662e+009 6.57698e+011 1.82363e+010
2.743 6.77437e+011 823066 1.82906e+008 1.8189e+011 4.75293e+011 8.95311e+009 6.66319e+011 1.11182e+010
2.746 6.5908e+011 811838 1.95444e+008 1.87939e+011 4.78172e+011 8.73366e+009 6.7504e+011 -1.59598e+010
2.749 6.26087e+011 791257 2.08797e+008 1.94157e+011 4.80979e+011 8.51823e+009 6.83863e+011 -5.77756e+010
2.752 6.56934e+011 810514 2.23013e+008 2.00547e+011 4.83712e+011 8.30679e+009 6.92789e+011 -3.58558e+010
2.755 6.58782e+011 811654 2.38144e+008 2.07112e+011 4.86372e+011 8.09931e+009 7.01821e+011 -4.3039e+010
2.759 7.59109e+011 871268 2.5984e+008 2.16145e+011 4.89799e+011 7.82878e+009 7.14033e+011 4.5076e+010
2.762 7.15299e+011 845753 2.77329e+008 2.23134e+011 4.92278e+011 7.63042e+009 7.2332e+011 -8.02131e+009
2.765 7.38029e+011 859086 2.9593e+008 2.3031e+011 4.94678e+011 7.4359e+009 7.3272e+011 5.30852e+009
2.768 7.55849e+011 869396 3.1571e+008 2.37677e+011 4.96998e+011 7.24518e+009 7.42236e+011 1.36131e+010
2.771 7.90617e+011 889167 3.36738e+008 2.45238e+011 4.99237e+011 7.05824e+009 7.5187e+011 3.87474e+010
2.774 8.28297e+011 910108 3.59089e+008 2.52998e+011 5.01392e+011 6.87502e+009 7.61624e+011 6.66732e+010
2.778 8.10287e+011 900159 3.91081e+008 2.63658e+011 5.04135e+011 6.63647e+009 7.7482e+011 3.54666e+010
2.781 8.16299e+011 903493 4.16825e+008 2.71894e+011 5.06092e+011 6.46181e+009 7.84865e+011 3.14344e+010
2.784 8.25508e+011 908574 4.44168e+008 2.8034e+011 5.07963e+011 6.29075e+009 7.95038e+011 3.04697e+010
2.787 8.97328e+011 947274 4.732e+008 2.89e+011 5.09746e+011 6.12324e+009 8.05342e+011 9.19855e+010
2.79 9.42107e+011 970622 5.0402e+008 2.97877e+011 5.11441e+011 5.95924e+009 8.15781e+011 1.26326e+011
2.794 9.34642e+011 966769 5.48071e+008 3.10058e+011 5.13561e+011 5.74597e+009 8.29914e+011 1.04728e+011
2.797 9.65059e+011 982374 5.8347e+008 3.19458e+011 5.15046e+011 5.59001e+009 8.40677e+011 1.24383e+011
2.8 1.01629e+012 1.00811e+006 6.21019e+008 3.29087e+011 5.16439e+011 5.43741e+009 8.51584e+011 1.64709e+011
2.803 1.07718e+012 1.03788e+006 6.6084e+008 3.38949e+011 5.17739e+011 5.28814e+009 8.62637e+011 2.14548e+011
2.807 1.03393e+012 1.01682e+006 7.17691e+008 3.52468e+011 5.19329e+011 5.09421e+009 8.77609e+011 1.56321e+011
2.81 9.94305e+011 997148 7.63321e+008 3.62889e+011 5.20412e+011 4.95252e+009 8.89017e+011 1.05288e+011
2.813 1.01013e+012 1.00505e+006 8.11675e+008 3.73555e+011 5.214e+011 4.81401e+009 9.00581e+011 1.09545e+011
2.816 1.00685e+012 1.00342e+006 8.62904e+008 3.84471e+011 5.22294e+011 4.67863e+009 9.12306e+011 9.45403e+010
2.82 1.04575e+012 1.02262e+006 9.35955e+008 3.99418e+011 5.23336e+011 4.50292e+009 9.28193e+011 1.17561e+011
2.823 1.08848e+012 1.0433e+006 9.9452e+008 4.10928e+011 5.24006e+011 4.37466e+009 9.40304e+011 1.48181e+011
2.826 1.07308e+012 1.03589e+006 1.05652e+009 4.22699e+011 5.2458e+011 4.24939e+009 9.52585e+011 1.20492e+011
2.83 1.15716e+012 1.07571e+006 1.14485e+009 4.38805e+011 5.25194e+011 4.0869e+009 9.69231e+011 1.87924e+011
2.833 1.16596e+012 1.0798e+006 1.2156e+009 4.51198e+011 5.25542e+011 3.9684e+009 9.81923e+011 1.84038e+011
2.836 1.15473e+012 1.07458e+006 1.29044e+009 4.63863e+011 5.25792e+011 3.85271e+009 9.94798e+011 1.59931e+011
2.84 1.16608e+012 1.07985e+006 1.39696e+009 4.81179e+011 5.25974e+011 3.70278e+009 1.01225e+012 1.53826e+011
2.843 1.17119e+012 1.08221e+006 1.48221e+009 4.94491e+011 5.25997e+011 3.59351e+009 1.02556e+012 1.45624e+011
2.846 1.20454e+012 1.09752e+006 1.57232e+009 5.08087e+011 5.25922e+011 3.48691e+009 1.03907e+012 1.65475e+011
2.85 1.20191e+012 1.09631e+006 1.70047e+009 5.26661e+011 5.2567e+011 3.34885e+009 1.05738e+012 1.44525e+011
2.853 1.24464e+012 1.11563e+006 1.80292e+009 5.4093e+011 5.25368e+011 3.2483e+009 1.07135e+012 1.73287e+011
2.856 1.16529e+012 1.07949e+006 1.91114e+009 5.55492e+011 5.24969e+011 3.15027e+009 1.08552e+012 7.97683e+010
2.86 1.11532e+012 1.05609e+006 2.06489e+009 5.75369e+011 5.24286e+011 3.0234e+009 1.10474e+012 1.05728e+010
2.863 1.19738e+012 1.09425e+006 2.18771e+009 5.90627e+011 5.23661e+011 2.93107e+009 1.11941e+012 7.79778e+010
2.867 1.21893e+012 1.10405e+006 2.3621e+009 6.11443e+011 5.22678e+011 2.81164e+009 1.13929e+012 7.96338e+010
2.87 1.30021e+012 1.14027e+006 2.50132e+009 6.27412e+011 5.21829e+011 2.72476e+009 1.15447e+012 1.45743e+011
2.874 1.41078e+012 1.18776e+006 2.69888e+009 6.49185e+011 5.20549e+011 2.61244e+009 1.17505e+012 2.35735e+011
2.877 1.43444e+012 1.19768e+006 2.85649e+009 6.65878e+011 5.19479e+011 2.53079e+009 1.19074e+012 2.43698e+011
2.88 1.40039e+012 1.18338e+006 3.02265e+009 6.82887e+011 5.18315e+011 2.45129e+009 1.20668e+012 1.93713e+011
2.884 1.35654e+012 1.16471e+006 3.25821e+009 7.06058e+011 5.16617e+011 2.34859e+009 1.22828e+012 1.28258e+011
2.887 1.37202e+012 1.17133e+006 3.44598e+009 7.2381e+011 5.15237e+011 2.27397e+009 1.24477e+012 1.27255e+011
2.891 1.38895e+012 1.17854e+006 3.71201e+009 7.47979e+011 5.13253e+011 2.17762e+009 1.26712e+012 1.21825e+011
2.894 1.45434e+012 1.20596e+006 3.92392e+009 7.66485e+011 5.1166e+011 2.10766e+009 1.28418e+012 1.70161e+011
2.898 1.35104e+012 1.16234e+006 4.22398e+009 7.91666e+011 5.09397e+011 2.01735e+009 1.3073e+012 4.37407e+010
2.901 1.36071e+012 1.1665e+006 4.46285e+009 8.10934e+011 5.07596e+011 1.95181e+009 1.32494e+012 3.57686e+010
2.905 1.32241e+012 1.14996e+006 4.80084e+009 8.37139e+011 5.05059e+011 1.86727e+009 1.34887e+012 -2.64537e+010
2.908 1.36159e+012 1.16687e+006 5.06975e+009 8.57178e+011 5.03056e+011 1.80593e+009 1.36711e+012 -5.52077e+009
2.912 1.45764e+012 1.20733e+006 5.45e+009 8.84415e+011 5.00253e+011 1.72685e+009 1.39185e+012 6.5799e+010
2.915 1.38291e+012 1.17597e+006 5.75233e+009 9.05232e+011 4.98053e+011 1.66951e+009 1.41071e+012 -2.77946e+010
2.919 1.43654e+012 1.19856e+006 6.17958e+009 9.33509e+011 4.94992e+011 1.59561e+009 1.43628e+012 2.64313e+008
2.922 1.51154e+012 1.22945e+006 6.51905e+009 9.55107e+011 4.92603e+011 1.54206e+009 1.45577e+012 5.57669e+010
2.926 1.46359e+012 1.20979e+006 6.99848e+009 9.84428e+011 4.89293e+011 1.47307e+009 1.48219e+012 -1.86072e+010
2.929 1.63655e+012 1.27928e+006 7.37918e+009 1.00681e+012 4.8672e+011 1.4231e+009 1.50233e+012 1.34213e+011
2.933 1.62655e+012 1.27536e+006 7.91648e+009 1.03718e+012 4.83172e+011 1.35877e+009 1.52962e+012 9.69289e+010
2.937 1.66681e+012 1.29105e+006 8.48961e+009 1.06814e+012 4.79491e+011 1.29697e+009 1.55742e+012 1.09391e+011
2.94 1.62935e+012 1.27646e+006 8.94425e+009 1.09175e+012 4.76645e+011 1.25225e+009 1.5786e+012 5.07509e+010
2.944 1.58723e+012 1.25985e+006 9.58526e+009 1.12376e+012 4.72741e+011 1.19471e+009 1.60728e+012 -2.00463e+010
2.947 1.61526e+012 1.27093e+006 1.00934e+010 1.14815e+012 4.69732e+011 1.15308e+009 1.62913e+012 -1.38746e+010
2.951 1.60935e+012 1.2686e+006 1.08094e+010 1.1812e+012 4.65616e+011 1.09955e+009 1.65872e+012 -4.93698e+010
2.955 1.61541e+012 1.27099e+006 1.15718e+010 1.21483e+012 4.61384e+011 1.04821e+009 1.68883e+012 -7.34169e+010
2.958 1.67127e+012 1.29278e+006 1.21755e+010 1.24044e+012 4.58136e+011 1.0111e+009 1.71176e+012 -4.04874e+010
2.962 1.66313e+012 1.28963e+006 1.30252e+010 1.27509e+012 4.5371e+011 9.63417e+008 1.74279e+012 -7.96524e+010
2.965 1.71627e+012 1.31007e+006 1.36978e+010 1.30146e+012 4.50321e+011 9.28963e+008 1.7664e+012 -5.01305e+010
2.969 1.77434e+012 1.33204e+006 1.46439e+010 1.33711e+012 4.45714e+011 8.84714e+008 1.79836e+012 -2.40159e+010
2.973 1.76853e+012 1.32986e+006 1.56492e+010 1.37334e+012 4.41008e+011 8.42335e+008 1.83084e+012 -6.23062e+010
2.977 1.76922e+012 1.33012e+006 1.67171e+010 1.41013e+012 4.36208e+011 8.01759e+008 1.86385e+012 -9.46381e+010
2.98 1.82513e+012 1.35097e+006 1.7561e+010 1.43808e+012 4.32548e+011 7.72472e+008 1.88896e+012 -6.38373e+010
2.984 1.88564e+012 1.37319e+006 1.87466e+010 1.47583e+012 4.27594e+011 7.34899e+008 1.92291e+012 -3.7267e+010
2.988 1.98035e+012 1.40725e+006 2.00044e+010 1.51412e+012 4.22557e+011 6.98955e+008 1.95738e+012 2.29668e+010
2.991 1.90451e+012 1.38004e+006 2.09975e+010 1.54319e+012 4.18727e+011 6.73031e+008 1.98358e+012 -7.90752e+010
2.995 2.04223e+012 1.42907e+006 2.23911e+010 1.5824e+012 4.13555e+011 6.39797e+008 2.01898e+012 2.3243e+010
2.999 1.94269e+012 1.3938e+006 2.3868e+010 1.62212e+012 4.08313e+011 6.08032e+008 2.05491e+012 -1.12221e+011
3.003 1.98993e+012 1.41065e+006 2.54323e+010 1.66235e+012 4.03005e+011 5.77681e+008 2.09136e+012 -1.01429e+011
3.006 1.98314e+012 1.40824e+006 2.66657e+010 1.69284e+012 3.98982e+011 5.55813e+008 2.11904e+012 -1.35897e+011
3.01 2.09535e+012 1.44753e+006 2.83941e+010 1.73391e+012 3.93568e+011 5.27808e+008 2.1564e+012 -6.10519e+010
3.014 2.16271e+012 1.47061e+006 3.02228e+010 1.77545e+012 3.88099e+011 5.01072e+008 2.19427e+012 -3.15669e+010
3.018 2.20491e+012 1.48489e+006 3.21568e+010 1.81744e+012 3.8258e+011 4.75556e+008 2.23265e+012 -2.77496e+010
3.021 2.18187e+012 1.47711e+006 3.36795e+010 1.84923e+012 3.7841e+011 4.57191e+008 2.26177e+012 -7.99056e+010
3.025 2.21814e+012 1.48934e+006 3.58103e+010 1.89198e+012 3.72814e+011 4.33695e+008 2.30103e+012 -8.28978e+010
3.029 2.21533e+012 1.4884e+006 3.80611e+010 1.93514e+012 3.67179e+011 4.11291e+008 2.34079e+012 -1.25458e+011
3.033 2.10418e+012 1.45058e+006 4.04377e+010 1.97869e+012 3.61511e+011 3.89933e+008 2.38103e+012 -2.7685e+011
3.037 2.28337e+012 1.51108e+006 4.29459e+010 2.02263e+012 3.55812e+011 3.6958e+008 2.42175e+012 -1.38379e+011
3.041 2.35393e+012 1.53425e+006 4.5592e+010 2.06692e+012 3.50088e+011 3.50191e+008 2.46295e+012 -1.09016e+011
3.044 2.52178e+012 1.58801e+006 4.76709e+010 2.10036e+012 3.45781e+011 3.36257e+008 2.49415e+012 2.76346e+010
3.048 2.52251e+012 1.58824e+006 5.05738e+010 2.14523e+012 3.40022e+011 3.18459e+008 2.53615e+012 -1.3641e+010
3.052 2.56502e+012 1.60157e+006 5.36326e+010 2.19041e+012 3.34249e+011 3.01517e+008 2.57859e+012 -1.35704e+010
3.056 2.53833e+012 1.59321e+006 5.68542e+010 2.23588e+012 3.28465e+011 2.85396e+008 2.62148e+012 -8.31497e+010
3.06 2.61594e+012 1.61739e+006 6.0246e+010 2.2816e+012 3.22676e+011 2.70061e+008 2.66479e+012 -4.88559e+010
3.064 2.61383e+012 1.61673e+006 6.38153e+010 2.32757e+012 3.16883e+011 2.55477e+008 2.70852e+012 -9.46973e+010
3.068 2.60177e+012 1.613e+006 6.75698e+010 2.37375e+012 3.11093e+011 2.41613e+008 2.75266e+012 -1.50888e+011
3.072 2.53919e+012 1.59348e+006 7.15175e+010 2.42013e+012 3.05307e+011 2.28436e+008 2.79719e+012 -2.57997e+011
3.076 2.55876e+012 1.59961e+006 7.56663e+010 2.46668e+012 2.9953e+011 2.15917e+008 2.8421e+012 -2.83332e+011
3.079 2.63743e+012 1.62402e+006 7.8915e+010 2.50169e+012 2.95206e+011 2.06942e+008 2.87602e+012 -2.38591e+011
3.083 2.63985e+012 1.62476e+006 8.34362e+010 2.54848e+012 2.89453e+011 1.95504e+008 2.92157e+012 -2.81719e+011
3.087 2.72933e+012 1.65207e+006 8.81821e+010 2.59537e+012 2.83719e+011 1.84647e+008 2.96746e+012 -2.38125e+011
3.091 2.77211e+012 1.66496e+006 9.31618e+010 2.64233e+012 2.78007e+011 1.74343e+008 3.01368e+012 -2.4157e+011
3.095 3.02003e+012 1.73782e+006 9.83845e+010 2.68934e+012 2.7232e+011 1.64567e+008 3.06021e+012 -4.01863e+010
3.099 3.21955e+012 1.79431e+006 1.0386e+011 2.73637e+012 2.66661e+011 1.55296e+008 3.10705e+012 1.125e+011
3.103 3.29053e+012 1.81398e+006 1.09597e+011 2.7834e+012 2.61034e+011 1.46506e+008 3.15418e+012 1.36359e+011
3.107 3.38138e+012 1.83885e+006 1.15606e+011 2.83038e+012 2.55442e+011 1.38174e+008 3.20157e+012 1.79812e+011
3.111 3.28704e+012 1.81302e+006 1.21897e+011 2.87731e+012 2.49887e+011 1.30279e+008 3.24922e+012 3.78236e+010
3.115 3.23335e+012 1.79815e+006 1.28481e+011 2.92413e+012 2.44372e+011 1.22801e+008 3.29711e+012 -6.37566e+010
3.12 3.1467e+012 1.77389e+006 1.37138e+011 2.98249e+012 2.37539e+011 1.14009e+008 3.35728e+012 -2.10582e+011
3.124 3.20136e+012 1.78924e+006 1.44418e+011 3.029e+012 2.32125e+011 1.07396e+008 3.40565e+012 -2.04283e+011
3.128 3.15553e+012 1.77638e+006 1.52026e+011 3.07531e+012 2.26759e+011 1.01138e+008 3.4542e+012 -2.98662e+011
3.132 3.21648e+012 1.79345e+006 1.59972e+011 3.1214e+012 2.21444e+011 9.52182e+007 3.50291e+012 -2.86434e+011
3.136 3.39783e+012 1.84332e+006 1.68269e+011 3.16724e+012 2.16182e+011 8.96194e+007 3.55178e+012 -1.53951e+011
3.14 3.37601e+012 1.83739e+006 1.76927e+011 3.21279e+012 2.10976e+011 8.4326e+007 3.60077e+012 -2.24763e+011
3.144 3.49745e+012 1.87015e+006 1.85958e+011 3.25802e+012 2.05828e+011 7.93229e+007 3.64989e+012 -1.52436e+011
3.148 3.68773e+012 1.92035e+006 1.95374e+011 3.30291e+012 2.00739e+011 7.45955e+007 3.69909e+012 -1.13643e+010
3.152 3.61018e+012 1.90005e+006 2.05187e+011 3.34741e+012 1.95711e+011 7.013e+007 3.74838e+012 -1.382e+011
3.156 3.78035e+012 1.94431e+006 2.1541e+011 3.39151e+012 1.90746e+011 6.59132e+007 3.79773e+012 -1.73772e+010
3.161 3.53154e+012 1.87924e+006 2.28782e+011 3.446e+012 1.84631e+011 6.09727e+007 3.85947e+012 -3.27929e+011
3.165 3.58271e+012 1.89281e+006 2.39969e+011 3.48905e+012 1.79814e+011 5.72702e+007 3.90889e+012 -3.26175e+011
3.169 4.03601e+012 2.00898e+006 2.51607e+011 3.53158e+012 1.75065e+011 5.37772e+007 3.95831e+012 7.77064e+010
3.173 3.89573e+012 1.97376e+006 2.63706e+011 3.57357e+012 1.70385e+011 5.0483e+007 4.00771e+012 -1.11979e+011
3.177 3.96123e+012 1.99028e+006 2.76279e+011 3.61497e+012 1.65776e+011 4.73773e+007 4.05708e+012 -9.58517e+010
3.182 3.92102e+012 1.98016e+006 2.92682e+011 3.66587e+012 1.60115e+011 4.3745e+007 4.11871e+012 -1.97693e+011
3.186 4.05555e+012 2.01384e+006 3.06369e+011 3.70586e+012 1.55667e+011 4.10276e+007 4.16794e+012 -1.12387e+011
3.19 4.22084e+012 2.05447e+006 3.20572e+011 3.74517e+012 1.51294e+011 3.84682e+007 4.21707e+012 3.76638e+009
3.194 4.30075e+012 2.07382e+006 3.35302e+011 3.78377e+012 1.46995e+011 3.60583e+007 4.2661e+012 3.46492e+010
3.199 4.00714e+012 2.00178e+006 3.54477e+011 3.83096e+012 1.41727e+011 3.32439e+007 4.3272e+012 -3.20066e+011
3.203 4.19297e+012 2.04768e+006 3.70442e+011 3.86785e+012 1.37597e+011 3.11414e+007 4.37592e+012 -1.82944e+011
3.207 4.31152e+012 2.07642e+006 3.86975e+011 3.90392e+012 1.33544e+011 2.91637e+007 4.42447e+012 -1.12946e+011
3.211 4.20274e+012 2.05006e+006 4.04088e+011 3.93916e+012 1.29568e+011 2.73039e+007 4.47284e+012 -2.70104e+011
3.216 4.23622e+012 2.05821e+006 4.26316e+011 3.98198e+012 1.24706e+011 2.5135e+007 4.53303e+012 -2.96811e+011
3.22 4.30225e+012 2.07419e+006 4.4478e+011 4.01523e+012 1.20903e+011 2.35171e+007 4.58093e+012 -2.78687e+011
3.224 4.65171e+012 2.15678e+006 4.63864e+011 4.04754e+012 1.17178e+011 2.19972e+007 4.6286e+012 2.31035e+010
3.229 4.41778e+012 2.10185e+006 4.88608e+011 4.08659e+012 1.12629e+011 2.02266e+007 4.68784e+012 -2.70063e+011
3.233 4.4174e+012 2.10176e+006 5.09127e+011 4.11671e+012 1.09078e+011 1.89073e+007 4.73494e+012 -3.17534e+011
3.238 4.67337e+012 2.1618e+006 5.35699e+011 4.15294e+012 1.04747e+011 1.73717e+007 4.7934e+012 -1.2003e+011
3.242 4.51404e+012 2.12463e+006 5.57708e+011 4.18075e+012 1.01369e+011 1.62283e+007 4.83984e+012 -3.258e+011
3.246 4.38944e+012 2.0951e+006 5.80395e+011 4.20749e+012 9.80673e+010 1.51558e+007 4.88596e+012 -4.9652e+011
3.251 4.74349e+012 2.17796e+006 6.09723e+011 4.23937e+012 9.40475e+010 1.39089e+007 4.94316e+012 -1.99666e+011
3.255 5.15867e+012 2.27127e+006 6.33972e+011 4.26362e+012 9.0917e+010 1.29815e+007 4.98853e+012 1.70145e+011
3.26 5.19278e+012 2.27877e+006 6.6528e+011 4.29233e+012 8.71095e+010 1.1904e+007 5.04474e+012 1.48041e+011
3.264 5.20676e+012 2.28183e+006 6.91133e+011 4.31399e+012 8.41474e+010 1.11032e+007 5.08928e+012 1.17474e+011
3.268 5.25548e+012 2.29248e+006 7.17713e+011 4.33447e+012 8.12593e+010 1.03534e+007 5.13345e+012 1.22025e+011
3.273 5.07629e+012 2.25306e+006 7.51968e+011 4.35837e+012 7.77521e+010 9.48309e+006 5.1881e+012 -1.11806e+011
3.277 5.37465e+012 2.31833e+006 7.80204e+011 4.37612e+012 7.50278e+010 8.83705e+006 5.23136e+012 1.43292e+011
3.282 5.17812e+012 2.27555e+006 8.16549e+011 4.39656e+012 7.1723e+010 8.08781e+006 5.28484e+012 -1.06716e+011
3.286 5.1588e+012 2.2713e+006 8.4647e+011 4.4115e+012 6.91587e+010 7.53203e+006 5.32714e+012 -1.68343e+011
3.291 5.43134e+012 2.33052e+006 8.84934e+011 4.42839e+012 6.60512e+010 6.88797e+006 5.37939e+012 5.19595e+010
3.295 5.44151e+012 2.3327e+006 9.16558e+011 4.44046e+012 6.36424e+010 6.41056e+006 5.42067e+012 2.08386e+010
3.3 5.71569e+012 2.39075e+006 9.5716e+011 4.45373e+012 6.07264e+010 5.85774e+006 5.47162e+012 2.44068e+011
3.305 5.89218e+012 2.42738e+006 9.98954e+011 4.46495e+012 5.79142e+010 5.35022e+006 5.52182e+012 3.70362e+011
3.309 5.98097e+012 2.4456e+006 1.03325e+012 4.47245e+012 5.57378e+010 4.97448e+006 5.56144e+012 4.19532e+011
3.314 5.83715e+012 2.41602e+006 1.07719e+012 4.47996e+012 5.31073e+010 4.53988e+006 5.61025e+012 2.26901e+011
3.318 5.63923e+012 2.37471e+006 1.11319e+012 4.48447e+012 5.10737e+010 4.21836e+006 5.64874e+012 -9.5066e+009
3.323 5.88734e+012 2.42638e+006 1.15926e+012 4.48823e+012 4.86183e+010 3.84677e+006 5.69611e+012 1.9123e+011
3.328 5.80555e+012 2.40947e+006 1.2065e+012 4.48991e+012 4.62571e+010 3.50636e+006 5.74267e+012 6.28771e+010
3.332 5.94577e+012 2.43839e+006 1.24514e+012 4.48974e+012 4.44344e+010 3.25481e+006 5.77931e+012 1.66456e+011
3.337 6.09176e+012 2.46815e+006 1.29446e+012 4.48765e+012 4.22372e+010 2.96443e+006 5.82435e+012 2.67407e+011
3.342 6.04003e+012 2.45765e+006 1.34493e+012 4.48347e+012 4.0128e+010 2.69876e+006 5.86852e+012 1.71508e+011
3.346 6.17946e+012 2.48585e+006 1.38611e+012 4.47862e+012 3.85024e+010 2.50268e+006 5.90323e+012 2.7623e+011
3.351 6.38679e+012 2.52721e+006 1.43857e+012 4.4707e+012 3.65458e+010 2.27658e+006 5.94581e+012 4.40971e+011
3.356 6.02269e+012 2.45412e+006 1.49211e+012 4.46071e+012 3.46708e+010 2.07e+006 5.98749e+012 3.51964e+010
3.36 5.82112e+012 2.4127e+006 1.53571e+012 4.45124e+012 3.32279e+010 1.9177e+006 6.02017e+012 -1.9905e+011
3.365 6.00569e+012 2.45065e+006 1.59113e+012 4.43757e+012 3.14939e+010 1.7423e+006 6.06019e+012 -5.44986e+010
3.37 6.26836e+012 2.50367e+006 1.64754e+012 4.42188e+012 2.9835e+010 1.58224e+006 6.09926e+012 1.69103e+011
3.375 6.47472e+012 2.54455e+006 1.70493e+012 4.40419e+012 2.82489e+010 1.43625e+006 6.13737e+012 3.37349e+011
3.379 6.23896e+012 2.49779e+006 1.7515e+012 4.38862e+012 2.70309e+010 1.3288e+006 6.16715e+012 7.18064e+010
3.384 6.64313e+012 2.57743e+006 1.81053e+012 4.3674e+012 2.55702e+010 1.20524e+006 6.2035e+012 4.39632e+011
3.389 6.60197e+012 2.56943e+006 1.8704e+012 4.34426e+012 2.4176e+010 1.09268e+006 6.23884e+012 3.63135e+011
3.394 6.42582e+012 2.53492e+006 1.93109e+012 4.31922e+012 2.2846e+010 990202 6.27316e+012 1.52664e+011
3.399 6.46645e+012 2.54292e+006 1.99253e+012 4.29233e+012 2.1578e+010 896936 6.30644e+012 1.60012e+011
3.403 6.5906e+012 2.56722e+006 2.04219e+012 4.26951e+012 2.06069e+010 828426 6.33231e+012 2.58285e+011
3.408 6.75572e+012 2.59918e+006 2.10487e+012 4.23937e+012 1.94452e+010 749802 6.36369e+012 3.92035e+011
3.413 6.47046e+012 2.54371e+006 2.16815e+012 4.20749e+012 1.83395e+010 678341 6.39398e+012 7.64796e+010
3.418 6.5045e+012 2.55039e+006 2.23198e+012 4.17389e+012 1.72878e+010 613419 6.42316e+012 8.13358e+010
3.423 6.64566e+012 2.57792e+006 2.29629e+012 4.13864e+012 1.6288e+010 554466 6.45122e+012 1.94434e+011
3.428 6.44324e+012 2.53835e+006 2.36102e+012 4.10177e+012 1.53382e+010 500958 6.47814e+012 -3.48984e+010
3.433 6.39193e+012 2.52823e+006 2.42611e+012 4.06334e+012 1.44362e+010 452413 6.50388e+012 -1.11953e+011
3.438 6.58597e+012 2.56631e+006 2.49147e+012 4.02339e+012 1.35804e+010 408392 6.52844e+012 5.75303e+010
3.443 6.61792e+012 2.57253e+006 2.55704e+012 3.98198e+012 1.27687e+010 368492 6.55179e+012 6.61324e+010
3.448 6.68455e+012 2.58545e+006 2.62274e+012 3.93916e+012 1.19993e+010 332344 6.5739e+012 1.10647e+011
3.453 6.58189e+012 2.56552e+006 2.6885e+012 3.89498e+012 1.12705e+010 299609 6.59475e+012 -1.28669e+010
3.458 6.4738e+012 2.54437e+006 2.75424e+012 3.84951e+012 1.05804e+010 269980 6.61432e+012 -1.40523e+011
3.463 6.49856e+012 2.54923e+006 2.81987e+012 3.80279e+012 9.92757e+009 243173 6.63258e+012 -1.34023e+011
3.468 6.84394e+012 2.61609e+006 2.88531e+012 3.75489e+012 9.31018e+009 218931 6.6495e+012 1.94439e+011
3.473 6.58436e+012 2.566e+006 2.95047e+012 3.70586e+012 8.72669e+009 197019 6.66506e+012 -8.07032e+010
3.478 6.81701e+012 2.61094e+006 3.01528e+012 3.65577e+012 8.17556e+009 177222 6.67923e+012 1.37786e+011
3.483 7.07644e+012 2.66016e+006 3.07964e+012 3.60468e+012 7.65529e+009 159343 6.69197e+012 3.84461e+011
3.488 6.81196e+012 2.60997e+006 3.14346e+012 3.55264e+012 7.16444e+009 143205 6.70327e+012 1.08686e+011
3.493 6.61547e+012 2.57205e+006 3.20666e+012 3.49973e+012 6.70161e+009 128645 6.71309e+012 -9.76275e+010
3.498 6.5119e+012 2.55184e+006 3.26915e+012 3.446e+012 6.26545e+009 115514 6.72141e+012 -2.09511e+011
3.503 6.89402e+012 2.62565e+006 3.33083e+012 3.39151e+012 5.85466e+009 103678 6.72819e+012 1.65835e+011
3.508 6.72172e+012 2.59263e+006 3.39161e+012 3.33632e+012 5.46798e+009 93013.2 6.7334e+012 -1.16749e+010
3.514 6.66767e+012 2.58218e+006 3.46323e+012 3.26928e+012 5.03411e+009 81605.9 6.73755e+012 -6.9873e+010
3.519 6.61817e+012 2.57258e+006 3.52172e+012 3.21279e+012 4.69631e+009 73140.6 6.73921e+012 -1.21037e+011
3.524 6.89059e+012 2.62499e+006 3.57903e+012 3.1558e+012 4.37892e+009 65524.5 6.73921e+012 1.51376e+011
3.529 6.88241e+012 2.62344e+006 3.63506e+012 3.09838e+012 4.08087e+009 58675.6 6.73752e+012 1.44891e+011
3.534 6.45333e+012 2.54034e+006 3.68972e+012 3.04059e+012 3.80115e+009 52519.3 6.73411e+012 -2.80784e+011
3.54 6.51012e+012 2.55149e+006 3.75339e+012 2.97084e+012 3.48831e+009 45951.5 6.72772e+012 -2.17595e+011
3.545 6.79495e+012 2.60671e+006 3.80475e+012 2.91244e+012 3.24553e+009 41090.4 6.72043e+012 7.45156e+010
3.55 6.59576e+012 2.56822e+006 3.85447e+012 2.85386e+012 3.01809e+009 36727.2 6.71134e+012 -1.15585e+011
3.556 6.3993e+012 2.52968e+006 3.91185e+012 2.7834e+012 2.76422e+009 32079.9 6.69801e+012 -2.98716e+011
3.561 6.80719e+012 2.60906e+006 3.95768e+012 2.72462e+012 2.5676e+009 28645.7 6.68486e+012 1.22325e+011
3.566 6.84318e+012 2.61595e+006 4.00161e+012 2.66583e+012 2.38374e+009 25567.9 6.66983e+012 1.73348e+011
3.572 6.86638e+012 2.62038e+006 4.05173e+012 2.59537e+012 2.17892e+009 22294.8 6.64928e+012 2.17107e+011
3.577 6.68111e+012 2.58478e+006 4.09124e+012 2.53677e+012 2.0206e+009 19880 6.63003e+012 5.10781e+010
3.582 6.34444e+012 2.51882e+006 4.12862e+012 2.47834e+012 1.87282e+009 17718.9 6.60884e+012 -2.64396e+011
3.588 6.88181e+012 2.62332e+006 4.17059e+012 2.40852e+012 1.70851e+009 15424.5 6.58082e+012 3.00988e+011
3.593 6.64564e+012 2.57791e+006 4.20309e+012 2.35064e+012 1.58176e+009 13734.4 6.5553e+012 9.03427e+010
3.599 6.54206e+012 2.55774e+006 4.23901e+012 2.2816e+012 1.44103e+009 11942 6.52205e+012 2.00028e+010
3.604 6.41191e+012 2.53218e+006 4.26633e+012 2.22448e+012 1.33261e+009 10623.2 6.49215e+012 -8.02367e+010
3.609 6.16313e+012 2.48257e+006 4.29122e+012 2.16779e+012 1.23172e+009 9445.83 6.46024e+012 -2.97111e+011
3.615 5.92452e+012 2.43403e+006 4.31782e+012 2.10036e+012 1.11992e+009 8199.18 6.4193e+012 -4.94786e+011
3.62 5.89793e+012 2.42857e+006 4.33722e+012 2.04473e+012 1.03395e+009 7283.41 6.38298e+012 -4.85049e+011
3.626 5.76705e+012 2.40147e+006 4.35711e+012 1.97869e+012 9.38822e+008 6314.79 6.33674e+012 -5.69692e+011
3.631 5.87197e+012 2.42321e+006 4.37084e+012 1.92431e+012 8.65777e+008 5604.05 6.29601e+012 -4.24043e+011
3.637 5.93978e+012 2.43717e+006 4.38385e+012 1.85987e+012 7.85052e+008 4853.1 6.24451e+012 -3.04728e+011
3.643 6.00779e+012 2.45108e+006 4.39306e+012 1.79639e+012 7.11326e+008 4200.12 6.19016e+012 -1.82369e+011
3.648 5.58606e+012 2.36348e+006 4.39781e+012 1.74425e+012 6.54834e+008 3721.8 6.14272e+012 -5.56658e+011
3.654 5.73406e+012 2.39459e+006 4.39999e+012 1.68264e+012 5.92531e+008 3217.28 6.08323e+012 -3.49168e+011
3.659 6.13506e+012 2.47691e+006 4.39887e+012 1.63213e+012 5.44856e+008 2848.11 6.03155e+012 1.03515e+011
3.665 6.04396e+012 2.45845e+006 4.394e+012 1.57255e+012 4.92346e+008 2459.16 5.96704e+012 7.69164e+010
3.671 5.51441e+012 2.34828e+006 4.3853e+012 1.51412e+012 4.44568e+008 2121.98 5.89986e+012 -3.85459e+011
3.676 5.17364e+012 2.27456e+006 4.37514e+012 1.46634e+012 4.08082e+008 1875.68 5.84189e+012 -6.68246e+011
3.682 5.39786e+012 2.32333e+006 4.35948e+012 1.41013e+012 3.6798e+008 1616.61 5.76998e+012 -3.72113e+011
3.688 5.4317e+012 2.3306e+006 4.34008e+012 1.35516e+012 3.31573e+008 1392.44 5.69557e+012 -2.63872e+011
3.693 5.40315e+012 2.32447e+006 4.3211e+012 1.31032e+012 3.03828e+008 1228.97 5.63172e+012 -2.28568e+011
3.699 5.26546e+012 2.29466e+006 4.29498e+012 1.25769e+012 2.73396e+008 1057.32 5.55294e+012 -2.87481e+011
3.705 5.22436e+012 2.28569e+006 4.26529e+012 1.20636e+012 2.4583e+008 909.07 5.4719e+012 -2.47537e+011
3.711 4.80428e+012 2.19187e+006 4.2321e+012 1.15636e+012 2.20879e+008 781.107 5.38868e+012 -5.84397e+011
3.716 5.19088e+012 2.27835e+006 4.20183e+012 1.1157e+012 2.01918e+008 688.009 5.31773e+012 -1.26856e+011
3.722 4.93491e+012 2.22147e+006 4.16246e+012 1.06814e+012 1.81177e+008 590.475 5.23078e+012 -2.95866e+011
3.728 4.77441e+012 2.18504e+006 4.11985e+012 1.02192e+012 1.62447e+008 506.445 5.14193e+012 -3.67524e+011
3.734 5.08579e+012 2.25517e+006 4.07411e+012 9.77042e+011 1.45544e+008 434.098 5.0513e+012 3.44947e+010
3.74 4.68184e+012 2.16376e+006 4.02536e+012 9.33509e+011 1.30304e+008 371.849 4.959e+012 -2.77159e+011
3.746 5.03437e+012 2.24374e+006 3.97372e+012 8.91317e+011 1.16573e+008 318.324 4.86515e+012 1.69214e+011
3.752 4.82873e+012 2.19744e+006 3.91931e+012 8.50462e+011 1.04212e+008 272.331 4.76987e+012 5.8857e+010
3.758 4.47669e+012 2.11582e+006 3.86227e+012 8.10934e+011 9.30924e+007 232.834 4.67329e+012 -1.966e+011
3.763 4.25502e+012 2.06277e+006 3.81282e+012 7.79002e+011 8.469e+007 204.234 4.5919e+012 -3.36881e+011
3.769 4.25661e+012 2.06315e+006 3.75131e+012 7.41883e+011 7.55506e+007 174.411 4.49326e+012 -2.36657e+011
3.775 4.44948e+012 2.10938e+006 3.68756e+012 7.06058e+011 6.73476e+007 148.848 4.39369e+012 5.57955e+010
3.781 4.40373e+012 2.09851e+006 3.62173e+012 6.71513e+011 5.99907e+007 126.951 4.2933e+012 1.10425e+011
3.787 4.14397e+012 2.03567e+006 3.55397e+012 6.38229e+011 5.33978e+007 108.206 4.19225e+012 -4.82769e+010
3.793 4.22354e+012 2.05513e+006 3.48442e+012 6.06188e+011 4.74942e+007 92.1704 4.09066e+012 1.32887e+011
3.8 3.85334e+012 1.96299e+006 3.40124e+012 5.7035e+011 4.13877e+007 76.3789 3.97163e+012 -1.18293e+011
3.806 4.01236e+012 2.00309e+006 3.32837e+012 5.4093e+011 3.67528e+007 64.9704 3.86934e+012 1.43017e+011
3.812 3.60527e+012 1.89876e+006 3.25422e+012 5.12683e+011 3.26128e+007 55.2309 3.76694e+012 -1.61664e+011
3.818 3.55156e+012 1.88456e+006 3.17894e+012 4.85585e+011 2.89177e+007 46.9215 3.66455e+012 -1.12989e+011
3.824 3.72422e+012 1.92982e+006 3.10268e+012 4.59611e+011 2.56222e+007 39.8369 3.56232e+012 1.619e+011
3.83 3.53974e+012 1.88142e+006 3.02561e+012 4.34734e+011 2.26855e+007 33.8006 3.46037e+012 7.93776e+010
3.836 3.60305e+012 1.89817e+006 2.94787e+012 4.10928e+011 2.00705e+007 28.6607 3.35882e+012 2.44227e+011
3.843 3.40654e+012 1.84568e+006 2.85654e+012 3.84471e+011 1.73818e+007 23.6243 3.24103e+012 1.65506e+011
3.849 3.51741e+012 1.87548e+006 2.77788e+012 3.62889e+011 1.53534e+007 20.0043 3.14078e+012 3.76629e+011
3.855 3.30174e+012 1.81707e+006 2.69902e+012 3.42289e+011 1.35517e+007 16.9282 3.04133e+012 2.60416e+011
3.861 3.28303e+012 1.81191e+006 2.62011e+012 3.22642e+011 1.19526e+007 14.316 2.94277e+012 3.40257e+011
3.868 2.92967e+012 1.71163e+006 2.52817e+012 3.00885e+011 1.03141e+007 11.764 2.82906e+012 1.00608e+011
3.874 2.94743e+012 1.71681e+006 2.44961e+012 2.83202e+011 9.08243e+006 9.93501 2.73282e+012 2.14611e+011
3.88 2.67961e+012 1.63695e+006 2.37141e+012 2.6638e+011 7.99188e+006 8.38505 2.6378e+012 4.18069e+010
3.887 2.63922e+012 1.62457e+006 2.28082e+012 2.47802e+011 6.87749e+006 6.87412 2.52862e+012 1.106e+011
3.893 2.49824e+012 1.58058e+006 2.20383e+012 2.32744e+011 6.04198e+006 5.79371 2.43658e+012 6.16581e+010
3.899 2.36883e+012 1.5391e+006 2.12758e+012 2.18454e+011 5.30403e+006 4.88 2.34604e+012 2.27907e+010
3.906 2.40859e+012 1.55196e+006 2.0397e+012 2.02716e+011 4.55195e+006 3.99128 2.24242e+012 1.66166e+011
3.912 2.08043e+012 1.44237e+006 1.9654e+012 1.89993e+011 3.98957e+006 3.3572 2.1554e+012 -7.49695e+010
3.919 2.24815e+012 1.49938e+006 1.88006e+012 1.76006e+011 3.41746e+006 2.74139 2.05607e+012 1.92084e+011
3.925 2.19104e+012 1.48022e+006 1.80815e+012 1.6472e+011 2.99043e+006 2.3027 1.97287e+012 2.18172e+011
3.932 2.12548e+012 1.4579e+006 1.72581e+012 1.52335e+011 2.5568e+006 1.8773 1.87815e+012 2.47325e+011
3.938 1.96304e+012 1.40109e+006 1.65666e+012 1.4236e+011 2.23373e+006 1.57472 1.79902e+012 1.64017e+011
3.945 1.85112e+012 1.36056e+006 1.57773e+012 1.31433e+011 1.90624e+006 1.28174 1.70917e+012 1.41947e+011
3.951 1.65815e+012 1.28769e+006 1.51165e+012 1.22648e+011 1.6627e+006 1.07367 1.6343e+012 2.385e+010
3.958 1.60827e+012 1.26818e+006 1.43645e+012 1.13042e+011 1.41628e+006 0.872514 1.54949e+012 5.87795e+010
3.964 1.49062e+012 1.22091e+006 1.37368e+012 1.05333e+011 1.23335e+006 0.729869 1.47901e+012 1.16074e+010
3.971 1.43489e+012 1.19787e+006 1.30246e+012 9.69188e+010 1.04859e+006 0.592172 1.39938e+012 3.55108e+010
3.978 1.34352e+012 1.1591e+006 1.23347e+012 8.90953e+010 890609 0.480037 1.32256e+012 2.09566e+010
3.984 1.37359e+012 1.172e+006 1.17613e+012 8.28338e+010 773661 0.400707 1.25897e+012 1.14622e+011
3.991 1.30554e+012 1.1426e+006 1.11137e+012 7.60182e+010 655870 0.324307 1.18739e+012 1.18149e+011
3.998 1.24312e+012 1.11495e+006 1.04893e+012 6.96997e+010 555453 0.262246 1.11863e+012 1.24495e+011
4.004 1.04054e+012 1.02007e+006 9.97259e+011 6.46565e+010 481323 0.218445 1.06192e+012 -2.13771e+010
4.011 1.03394e+012 1.01683e+006 9.39149e+011 5.91818e+010 406866 0.176359 9.98331e+011 3.5613e+010
4.018 9.79443e+011 989668 8.83372e+011 5.41213e+010 343580 0.142258 9.37494e+011 4.19491e+010
4.025 9.40179e+011 969628 8.2992e+011 4.94483e+010 289845 0.114652 8.79369e+011 6.08105e+010
4.032 8.62238e+011 928568 7.78775e+011 4.51375e+010 244267 0.0923228 8.23912e+011 3.83259e+010
4.038 8.16689e+011 903708 7.36754e+011 4.17126e+010 210780 0.0766261 7.78467e+011 3.82225e+010
4.045 7.30093e+011 854455 6.89823e+011 3.80117e+010 177303 0.0616037 7.27835e+011 2.25785e+009
4.052 6.85852e+011 828162 6.45114e+011 3.46075e+010 148992 0.0494836 6.79722e+011 6.13034e+009
4.059 6.20092e+011 787459 6.02585e+011 3.14794e+010 125075 0.0397137 6.34065e+011 -1.39731e+010
4.066 6.06165e+011 778566 5.6219e+011 2.86079e+010 104891 0.0318452 5.90798e+011 1.53662e+010
4.073 5.73836e+011 757520 5.2388e+011 2.59746e+010 87876.3 0.0255136 5.49854e+011 2.39821e+010
4.08 4.97547e+011 705370 4.87599e+011 2.35621e+010 73546.9 0.0204231 5.11161e+011 -1.3614e+010
4.087 4.59179e+011 677628 4.53291e+011 2.13542e+010 61492.1 0.0163342 4.74645e+011 -1.54659e+010
4.094 4.24835e+011 651793 4.20895e+011 1.93356e+010 51361.2 0.0130526 4.40231e+011 -1.53965e+010
4.101 4.23204e+011 650541 3.9035e+011 1.74917e+010 42856.1 0.0104213 4.07842e+011 1.5362e+010
4.108 3.57992e+011 598324 3.61592e+011 1.58093e+010 35723.4 0.00831326 3.77401e+011 -1.94087e+010
4.116 3.38897e+011 582148 3.30827e+011 1.4068e+010 28977.5 0.00641414 3.44895e+011 -5.99827e+009
4.123 3.21614e+011 567110 3.05673e+011 1.269e+010 24102.4 0.00510719 3.18363e+011 3.25091e+009
4.13 3.21556e+011 567059 2.82095e+011 1.14365e+010 20027.3 0.00406302 2.93532e+011 2.80246e+010
4.137 2.84689e+011 533562 2.60027e+011 1.02974e+010 16624.4 0.00322954 2.70324e+011 1.43644e+010
4.144 2.20735e+011 469824 2.39399e+011 9.26335e+009 13785.7 0.00256482 2.48663e+011 -2.79281e+010
4.152 2.10471e+011 458771 2.17504e+011 8.1989e+009 11116.3 0.00196886 2.25703e+011 -1.52322e+010
4.159 2.24714e+011 474040 1.9974e+011 7.36113e+009 9198.26 0.00156073 2.07101e+011 1.76131e+010
4.166 1.86093e+011 431384 1.83209e+011 6.60293e+009 7603.48 0.00123612 1.89812e+011 -3.71897e+009
4.173 1.57383e+011 396715 1.67845e+011 5.91742e+009 6278.86 0.000978186 1.73763e+011 -1.63798e+010
4.181 1.5568e+011 394563 1.51638e+011 5.21485e+009 5038.9 0.000747826 1.56852e+011 -1.17274e+009
4.188 1.53584e+011 391899 1.38568e+011 4.66431e+009 4152.07 0.000590684 1.43232e+011 1.03522e+010
4.196 1.48837e+011 385793 1.24823e+011 4.10133e+009 3323.89 0.000450624 1.28924e+011 1.99123e+010
4.203 1.24945e+011 353476 1.13774e+011 3.66117e+009 2732.98 0.000355274 1.17435e+011 7.51036e+009
4.211 1.06084e+011 325705 1.0219e+011 3.21208e+009 2182.45 0.00027046 1.05402e+011 6.8164e+008
4.218 1.23223e+011 351032 9.29071e+010 2.86175e+009 1790.58 0.000212837 9.57689e+010 2.74543e+010
4.226 1.06827e+011 326844 8.32048e+010 2.50511e+009 1426.36 0.000161683 8.571e+010 2.11173e+010
4.233 9.61455e+010 310073 7.54539e+010 2.22752e+009 1167.72 0.000127 7.76815e+010 1.8464e+010
4.241 8.6359e+010 293869 6.73776e+010 1.94556e+009 927.895 9.62725e-005 6.93232e+010 1.70359e+010
4.248 8.18085e+010 286022 6.09454e+010 1.72659e+009 758.001 7.54807e-005 6.2672e+010 1.91364e+010
4.256 8.57286e+010 292795 5.42636e+010 1.50467e+009 600.837 5.70971e-005 5.57683e+010 2.99603e+010
4.264 8.97629e+010 299605 4.82394e+010 1.30971e+009 475.632 4.31421e-005 4.95491e+010 4.02138e+010
4.271 8.51646e+010 291830 4.34639e+010 1.15882e+009 387.259 3.37288e-005 4.46227e+010 4.05419e+010
4.279 7.59181e+010 275532 3.85262e+010 1.00642e+009 305.803 2.54313e-005 3.95326e+010 3.63855e+010
4.287 7.02157e+010 264982 3.40963e+010 8.73018e+008 241.163 1.91533e-005 3.49693e+010 3.52464e+010
4.294 7.74355e+010 278272 3.0601e+010 7.70126e+008 195.704 1.49317e-005 3.13712e+010 4.60643e+010
4.302 7.60116e+010 275702 2.70036e+010 6.66552e+008 153.955 1.12219e-005 2.76702e+010 4.83414e+010
4.31 7.09798e+010 266420 2.37921e+010 5.7622e+008 120.953 8.42424e-006 2.43683e+010 4.66115e+010
4.318 6.39751e+010 252933 2.09299e+010 4.97536e+008 94.8997 6.31692e-006 2.14275e+010 4.25477e+010
4.326 6.05217e+010 246012 1.83835e+010 4.29084e+008 74.3603 4.7314e-006 1.88126e+010 4.17091e+010
4.334 5.94218e+010 243766 1.61218e+010 3.69608e+008 58.1895 3.53983e-006 1.64914e+010 4.29304e+010
4.342 6.15347e+010 248062 1.41164e+010 3.17997e+008 45.4753 2.64536e-006 1.44344e+010 4.71003e+010
4.35 6.485e+010 254657 1.23412e+010 2.73267e+008 35.4923 1.97468e-006 1.26145e+010 5.22354e+010
4.358 7.1695e+010 267759 1.07726e+010 2.34548e+008 27.6643 1.47237e-006 1.10071e+010 6.06879e+010
4.366 6.26934e+010 250386 9.38866e+009 2.01076e+008 21.5344 1.0966e-006 9.58973e+009 5.31036e+010
4.374 6.15393e+010 248071 8.16983e+009 1.72174e+008 16.7407 8.15806e-007 8.34201e+009 5.31973e+010
4.382 5.51758e+010 234895 7.09819e+009 1.47251e+008 12.997 6.06227e-007 7.24544e+009 4.79304e+010
4.39 6.29656e+010 250929 6.15754e+009 1.25786e+008 10.0771 4.4998e-007 6.28332e+009 5.66822e+010
4.398 5.70186e+010 238786 5.33324e+009 1.07322e+008 7.80297 3.33626e-007 5.44056e+009 5.15781e+010
4.406 6.13999e+010 247790 4.61212e+009 9.14583e+007 6.03406 2.47079e-007 4.70358e+009 5.66964e+010
4.414 6.23962e+010 249792 3.9823e+009 7.7847e+007 4.66001 1.82777e-007 4.06015e+009 5.83361e+010
4.423 5.89158e+010 242726 3.36969e+009 6.48475e+007 3.47898 1.30034e-007 3.43454e+009 5.54812e+010
