1.772 482201 694.407 0.000445077 22106.6 115.795 22222.4 459979
1.773 483133 695.078 0.000457218 22334.8 117.621 22452.5 460681
1.774 483910 695.637 0.000469682 22565 119.473 22684.5 461226
1.775 484321 695.932 0.000482479 22797 121.353 22918.4 461403
1.777 484146 695.806 0.000509105 23266.8 125.199 23392 460754
1.778 483284 695.186 0.000522952 23504.5 127.165 23631.7 459652
1.779 481835 694.143 0.000537168 23744.2 129.16 23873.3 457962
1.78 480108 692.898 0.000551761 23985.8 131.185 24116.9 455991
1.781 478534 691.762 0.000566742 24229.3 133.24 24362.5 454172
1.783 477521 691.029 0.000597909 24722.2 137.443 24859.7 452661
1.784 477270 690.847 0.000614115 24971.6 139.592 25111.2 452159
1.785 477683 691.146 0.00063075 25223 141.772 25364.8 452318
1.786 474751 689.022 0.000647826 25476.4 143.985 25620.4 449131
1.788 445442 667.414 0.000683347 25989.1 148.509 26137.6 419304
1.789 367655 606.345 0.000701815 26248.5 150.822 26399.4 341255
1.79 355795 596.486 0.000720771 26509.9 153.168 26663.1 329132
1.791 394938 628.441 0.000740228 26773.4 155.55 26928.9 368009
1.793 421331 649.1 0.000780695 27306.4 160.419 27466.8 393864
1.794 454289 674.009 0.000801732 27576 162.907 27738.9 426550
1.795 507355 712.289 0.000823324 27847.7 165.433 28013.1 479342
1.796 517929 719.673 0.000845484 28121.4 167.995 28289.4 489640
1.798 472411 687.322 0.000891569 28675.1 173.233 28848.4 443563
1.799 400660 632.977 0.000915524 28955.1 175.91 29131.1 371529
1.8 400143 632.568 0.000940108 29237.3 178.627 29415.9 370727
1.801 470157 685.68 0.000965338 29521.5 181.383 29702.9 440455
1.803 495485 703.907 0.0010178 30096.4 187.017 30283.4 465202
1.804 444196 666.481 0.00104507 30387 189.895 30576.9 413619
1.805 401169 633.379 0.00107305 30679.8 192.816 30872.7 370297
1.807 390707 625.066 0.00113122 31271.9 198.787 31470.7 359237
1.808 400662 632.979 0.00116146 31571.2 201.837 31773.1 368889
1.809 395986 629.274 0.00119248 31872.7 204.932 32077.7 363908
1.81 415119 644.297 0.00122432 32176.4 208.073 32384.5 382734
1.812 424347 651.419 0.0012905 32790.4 214.49 33004.9 391342
1.813 404129 635.711 0.00132488 33100.7 217.769 33318.4 370810
1.814 414135 643.533 0.00136017 33413.2 221.096 33634.3 380501
1.816 438222 661.983 0.00143352 34044.9 227.894 34272.8 403949
1.817 444860 666.978 0.00147163 34364.2 231.367 34595.6 410264
1.818 397337 630.347 0.00151073 34685.7 234.89 34920.6 362416
1.819 381100 617.333 0.00155084 35009.4 238.464 35247.9 345852
1.821 416097 645.056 0.00163422 35663.8 245.767 35909.5 380187
1.822 430930 656.453 0.00167754 35994.3 249.498 36243.8 394686
1.823 405693 636.941 0.00172198 36327.2 253.282 36580.5 369113
1.825 386849 621.972 0.00181434 36999.8 261.015 37260.8 349588
1.826 432950 657.99 0.00186232 37339.6 264.965 37604.6 395346
1.827 526900 725.879 0.00191153 37681.7 268.972 37950.7 488949
1.829 487380 698.126 0.00201381 38372.8 277.157 38650 448730
1.83 380948 617.21 0.00206694 38721.9 281.338 39003.2 341945
1.831 409059 639.577 0.00212143 39073.3 285.579 39358.9 369700
1.832 377320 614.264 0.00217733 39427.1 289.88 39717 337604
1.834 361991 601.657 0.00229348 40141.7 298.668 40440.3 321551
1.835 392443 626.452 0.0023538 40502.5 303.155 40805.7 351637
1.836 411049 641.131 0.00241568 40865.7 307.707 41173.4 369875
1.838 379844 616.314 0.00254423 41599.3 317.005 41916.3 337927
1.839 418477 646.898 0.00261099 41969.6 321.753 42291.4 376186
1.84 426273 652.896 0.00267946 42342.4 326.568 42669 383604
1.842 381484 617.644 0.0028217 43095.1 336.405 43431.5 338052
1.843 347710 589.67 0.00289556 43475 341.428 43816.5 303894
1.844 357819 598.18 0.00297131 43857.4 346.521 44203.9 313615
1.846 435379 659.832 0.00312866 44629.4 356.925 44986.4 390392
1.847 468453 684.437 0.00321036 45019.1 362.238 45381.3 423072
1.848 424679 651.674 0.00329415 45411.2 367.625 45778.8 378900
1.85 402924 634.763 0.00346817 46202.6 378.627 46581.3 356343
1.851 425599 652.379 0.00355852 46602 384.244 46986.3 378613
1.852 353860 594.861 0.00365116 47003.9 389.94 47393.8 306466
1.854 377354 614.291 0.00384358 47814.9 401.573 48216.5 329137
1.855 387005 622.097 0.00394346 48224.1 407.511 48631.7 338374
1.856 388386 623.206 0.00404588 48635.8 413.533 49049.4 339337
1.858 404486 635.992 0.00425858 49466.6 425.83 49892.4 354594
1.859 392167 626.233 0.00436898 49885.7 432.107 50317.8 341849
1.861 398499 631.268 0.00459823 50731.3 444.924 51176.2 347323
1.862 396776 629.902 0.00471722 51157.8 451.467 51609.3 345167
1.863 381739 617.851 0.00483922 51586.8 458.101 52044.9 329694
1.865 366458 605.358 0.00509253 52452.3 471.645 52924 313534
1.866 382459 618.433 0.00522399 52888.8 478.558 53367.4 329092
1.867 365370 604.459 0.00535876 53327.8 485.567 53813.4 311557
1.869 400370 632.748 0.00563857 54213.2 499.877 54713.1 345657
1.87 379049 615.669 0.00578378 54659.7 507.181 55166.9 323882
1.871 368668 607.18 0.00593263 55108.7 514.585 55623.2 313045
1.873 421564 649.28 0.00624164 56014.1 529.7 56543.8 365020
1.874 320493 566.121 0.00640198 56470.6 537.414 57008 263485
1.876 290111 538.619 0.00673482 57391 553.161 57944.2 232167
1.877 281869 530.913 0.00690751 57855 561.197 58416.2 223452
1.878 287854 536.52 0.00708453 58321.5 569.343 58890.9 228963
1.88 286438 535.199 0.00745194 59262 585.971 59848 226590
1.881 299185 546.978 0.00764255 59736 594.456 60330.5 238854
1.883 318421 564.288 0.00803816 60691.6 611.774 61303.3 257118
1.884 362335 601.943 0.00824339 61173.1 620.611 61793.7 300542
1.885 372549 610.368 0.00845373 61657.1 629.568 62286.7 310263
1.887 407446 638.315 0.00889024 62632.7 647.849 63280.6 344165
1.888 463906 681.106 0.00911667 63124.2 657.176 63781.4 400124
1.89 318449 564.313 0.00958653 64114.8 676.211 64791 253658
1.891 326900 571.752 0.00983023 64613.8 685.922 65299.8 261601
1.892 325246 570.304 0.01008 65115.4 695.765 65811.1 259435
1.894 338495 581.803 0.0105982 66125.9 715.85 66841.7 271654
1.895 369554 607.91 0.010867 66634.9 726.097 67361 302193
1.897 377037 614.034 0.0114246 67660.3 747.006 68407.3 308630
1.898 288659 537.27 0.0117137 68176.7 757.672 68934.4 219725
1.899 292217 540.571 0.0120101 68695.6 768.481 69464.1 222753
1.901 292898 541.2 0.0126248 69740.9 790.536 70531.4 222366
1.902 272993 522.487 0.0129435 70267.2 801.786 71069 201924
1.904 273550 523.02 0.0136048 71327.2 824.74 72151.9 201398
1.905 274600 524.022 0.0139477 71860.9 836.447 72697.3 201902
1.907 282135 531.163 0.0146589 72935.6 860.333 73795.9 208339
1.908 299864 547.598 0.0150276 73476.6 872.514 74349.1 225515
1.91 300802 548.454 0.0157924 74565.9 897.367 75463.2 225339
1.911 277751 527.021 0.016189 75114.2 910.041 76024.2 201727
1.912 280547 529.667 0.0165952 75664.9 922.884 76587.8 203960
1.914 265687 515.448 0.0174376 76773.5 949.082 77722.6 187964
1.915 266478 516.215 0.0178744 77331.4 962.442 78293.9 188184
1.917 275532 524.912 0.01878 78454.4 989.694 79444.1 196088
1.918 291246 539.672 0.0192495 79019.5 1003.59 80023.1 211223
1.92 310646 557.356 0.020223 80156.7 1031.93 81188.7 229457
1.921 294787 542.943 0.0207276 80728.9 1046.39 81775.3 213011
1.923 285631 534.444 0.0217738 81880.2 1075.87 82956.1 202675
1.924 256967 506.919 0.022316 82459.4 1090.89 83550.3 173417
1.925 238154 488.011 0.0228714 83040.9 1106.12 84147.1 154007
1.927 243096 493.048 0.0240229 84210.9 1137.18 85348.1 157748
1.928 263213 513.043 0.0246197 84799.3 1153.01 85952.3 177260
1.93 283947 532.866 0.0258568 85983 1185.29 87168.3 196778
1.931 270338 519.941 0.0264979 86578.2 1201.75 87780 182558
1.933 253162 503.152 0.0278269 87775.5 1235.32 89010.9 164151
1.934 264997 514.778 0.0285155 88377.5 1252.43 89630 175367
1.936 298328 546.194 0.0299429 89588.2 1287.32 90875.6 207453
1.937 243310 493.264 0.0306825 90196.9 1305.11 91502 151808
1.939 250924 500.923 0.0322154 91420.8 1341.37 92762.2 158162
1.94 238404 488.266 0.0330096 92036 1359.86 93395.9 145008
1.942 220464 469.536 0.0346556 93272.9 1397.54 94670.5 125794
1.943 227262 476.72 0.0355083 93894.5 1416.75 95311.3 131951
1.945 213103 461.631 0.0372755 95144.2 1455.91 96600.2 116503
1.946 198022 444.997 0.0381909 95772.2 1475.87 97248.1 100774
1.948 225144 474.494 0.0400879 97034.5 1516.56 98551.1 126593
1.949 247161 497.153 0.0410705 97668.7 1537.3 99206 147955
1.951 255854 505.821 0.0431066 98943.3 1579.57 100523 155332
1.952 270501 520.097 0.0441612 99583.6 1601.11 101185 169317
1.954 265305 515.077 0.0463462 100870 1645.02 102515 162789
1.955 262401 512.251 0.0474778 101517 1667.4 103184 159217
1.957 228703 478.229 0.0498223 102815 1713.01 104528 124175
1.958 221962 471.128 0.0510365 103467 1736.25 105203 116758
1.96 255529 505.499 0.0535519 104777 1783.62 106561 148969
1.961 219002 467.977 0.0548544 105435 1807.75 107243 111759
1.963 246068 496.052 0.0575526 106756 1856.94 108613 137455
1.964 262280 512.132 0.0589498 107419 1882 109301 152978
1.966 255657 505.626 0.0618437 108751 1933.07 110685 144973
1.968 229019 478.56 0.0648758 110091 1985.44 112076 116943
1.969 206041 453.917 0.0664456 110763 2012.12 112775 93265.7
1.971 227917 477.407 0.0696969 112113 2066.48 114179 113738
1.972 196210 442.956 0.0713801 112790 2094.17 114884 81325.8
1.974 195995 442.713 0.074866 114150 2150.6 116300 79694.8
1.975 209932 458.184 0.0766705 114832 2179.34 117011 92920.8
1.977 228319 477.827 0.0804074 116201 2237.91 118439 109879
1.978 235980 485.778 0.0823416 116889 2267.74 119156 116824
1.98 239041 488.918 0.0863469 118267 2328.52 120596 118445
1.981 213154 461.685 0.08842 118959 2359.47 121319 91834.9
1.983 206292 454.194 0.0927125 120347 2422.54 122770 83522.5
1.985 206585 454.517 0.0972074 121741 2487.18 124228 82357.7
1.986 202388 449.875 0.0995336 122439 2520.09 124960 77427.9
1.988 200977 448.305 0.10435 123841 2587.15 126429 74548.3
1.989 214668 463.323 0.106842 124544 2621.3 127166 87502.1
1.991 187600 433.128 0.112001 125954 2690.86 128645 58954.8
1.992 187141 432.597 0.114671 126661 2726.28 129388 57752.9
1.994 235055 484.825 0.120197 128079 2798.43 130877 104178
1.996 277913 527.174 0.125982 129501 2872.36 132374 145539
1.997 224457 473.769 0.128975 130214 2910 133124 91333.3
1.999 231162 480.793 0.13517 131643 2986.66 134630 96532.3
2 231149 480.779 0.138375 132359 3025.7 135385 95763.6
2.002 213140 461.671 0.145008 133795 3105.19 136900 76240.2
2.004 201462 448.845 0.15195 135234 3186.62 138421 63040.9
2.005 193890 440.33 0.155541 135956 3228.08 139184 54706.2
2.007 196366 443.132 0.162972 137401 3312.51 140714 55652
2.008 198004 444.976 0.166816 138125 3355.48 141480 56523.3
2.01 202642 450.158 0.174769 139575 3443 143018 59624.1
2.012 220663 469.748 0.183091 141029 3532.63 144562 76101.9
2.013 220461 469.533 0.187395 141757 3578.25 145335 75126.1
2.015 239345 489.229 0.196299 143215 3671.15 146886 92459.3
2.017 206382 454.293 0.205615 144675 3766.28 148442 57940.5
2.018 196701 443.51 0.210432 145406 3814.7 149221 47479.4
2.02 198776 445.843 0.220398 146871 3913.27 150784 47992
2.021 190396 436.343 0.225551 147603 3963.44 151567 38828.5
2.023 191372 437.461 0.236211 149071 4065.57 153136 38235.5
2.025 183735 428.644 0.247359 150539 4170.14 154710 29025.6
2.026 197029 443.879 0.253124 151274 4223.36 155498 41530.8
2.028 205352 453.157 0.265046 152745 4331.69 157077 48274.2
2.03 200817 448.126 0.277513 154218 4442.58 158660 42156.9
2.031 196590 443.385 0.283958 154954 4499.01 159453 37136.9
2.033 195482 442.133 0.297287 156427 4613.87 161042 34440.2
2.035 171541 414.175 0.311223 157901 4731.43 162633 8907.71
2.036 163287 404.087 0.318427 158638 4791.25 163430 -143.261
2.038 174219 417.395 0.333323 160113 4912.99 165026 9192.95
2.039 196494 443.276 0.341023 160850 4974.93 165825 30669
2.041 214316 462.942 0.356943 162324 5100.98 167425 46890.6
2.043 204595 452.322 0.373584 163797 5229.98 169027 35567.6
2.044 196735 443.548 0.382184 164534 5295.61 169830 26905.5
2.046 193887 440.326 0.399965 166006 5429.15 171435 22451.6
2.048 205191 452.98 0.418547 167477 5565.8 173043 32147.6
2.05 234369 484.117 0.437966 168947 5705.62 174653 59716.3
2.051 230469 480.072 0.448 169681 5776.74 175458 55010.4
2.053 249382 499.382 0.468742 171148 5921.44 177070 72312.3
2.055 261909 511.77 0.490414 172613 6069.49 178683 83225.2
2.056 251972 501.968 0.501612 173345 6144.78 179490 72481.6
2.058 223729 473.001 0.524756 174807 6297.97 181105 42624.4
2.06 196522 443.308 0.548934 176265 6454.67 182721 13801.5
2.061 209056 457.227 0.561425 176994 6534.37 183529 25527.8
2.063 214405 463.039 0.587239 178448 6696.48 185145 29260.4
2.065 207595 455.626 0.614201 179899 6862.3 186762 20833.8
2.066 202730 450.256 0.628129 180623 6946.62 187570 15160.2
2.068 204150 451.829 0.656909 182068 7118.13 189187 14963
2.07 203020 450.577 0.686966 183509 7293.54 190803 12217
2.072 211937 460.366 0.718353 184945 7472.91 192419 19518.1
2.073 218604 467.551 0.734564 185662 7564.12 193227 25377.6
2.075 209456 457.664 0.768056 187091 7749.61 194842 14614.6
2.077 199687 446.864 0.803026 188516 7939.27 196456 3231.51
2.079 217046 465.882 0.839536 189935 8133.2 198069 18977.4
2.08 206215 454.109 0.85839 190642 8231.79 198875 7340.36
2.082 209085 457.259 0.897335 192053 8432.27 200486 8599.59
2.084 228142 477.642 0.93799 193457 8637.23 202095 26046.7
2.085 246677 496.666 0.95898 194157 8741.41 202899 43778.2
2.087 221262 470.385 1.00234 195551 8953.26 204506 16756.3
2.089 220015 469.057 1.04759 196939 9169.81 206110 13904.4
2.091 210453 458.752 1.09481 198320 9391.16 207712 2740.9
2.092 221658 470.805 1.11919 199008 9503.66 208512 13145.1
2.094 236503 486.316 1.16954 200377 9732.38 210111 26392.3
2.096 236042 485.842 1.22208 201739 9966.15 211706 24335.6
2.098 215643 464.373 1.2769 203093 10205 213299 2343.49
2.1 214539 463.184 1.3341 204438 10449.2 214889 -349.463
2.101 206674 454.614 1.36362 205108 10573.2 215682 -9007.97
2.103 225163 474.514 1.42457 206440 10825.4 217267 7896.87
2.105 237894 487.744 1.48815 207763 11083.1 218847 19046.4
2.107 210056 458.318 1.55448 209077 11346.4 220425 -10368.8
2.108 206794 454.746 1.5887 209730 11480.2 221212 -14417.8
2.11 210870 459.206 1.65936 211029 11752.1 222783 -11912.7
2.112 251815 501.812 1.73305 212318 12029.9 224350 27465.9
2.114 297302 545.254 1.8099 213597 12313.6 225912 71389.5
2.116 269404 519.041 1.89005 214865 12603.5 227470 41933.6
2.117 214133 462.745 1.9314 215495 12750.7 228247 -14114.8
2.119 198470 445.499 2.01674 216746 13050 229798 -31328.7
2.121 196516 443.301 2.10572 217986 13355.6 231344 -34828.4
2.123 225544 474.914 2.19849 219215 13667.8 232885 -7341.18
2.125 268886 518.542 2.29521 220432 13986.6 234420 34465.3
2.126 271716 521.264 2.3451 221035 14148.5 235186 36529.7
2.128 253680 503.666 2.44805 222234 14477.5 236714 16966.3
2.13 239781 489.675 2.55535 223419 14813.4 238235 1545.91
2.132 204219 451.906 2.6672 224592 15156.5 239751 -35532.5
2.134 186619 431.994 2.78377 225752 15506.7 241261 -54642.4
2.136 204511 452.229 2.90526 226898 15864.3 242765 -38254.1
2.137 217045 465.881 2.96791 227466 16045.9 243515 -26470.5
2.139 260070 509.97 3.09715 228592 16414.8 245010 15059.6
2.141 286848 535.582 3.23182 229704 16791.4 246498 40349.4
2.143 282823 531.811 3.37214 230801 17175.8 247980 34843.1
2.145 256861 506.815 3.51833 231884 17568.2 249456 7405.91
2.147 234870 484.634 3.67064 232952 17968.8 250924 -16053.9
2.149 234767 484.527 3.82931 234005 18377.6 252386 -17619.4
2.15 253961 503.945 3.9111 234525 18585.1 253114 846.358
2.152 279822 528.982 4.07979 235555 19006.6 254566 25256.3
2.154 272032 521.567 4.25549 236569 19436.7 256010 16021.4
2.156 249299 499.298 4.43849 237568 19875.7 257448 -8149.07
2.158 238304 488.164 4.62907 238550 20323.6 258878 -20574.3
2.16 246895 496.886 4.82754 239516 20780.6 260301 -13405.6
2.162 255735 505.703 5.03421 240465 21246.9 261716 -5981.28
2.163 270828 520.411 5.14072 240933 21483.6 262422 8406.14
2.165 290143 538.649 5.3603 241856 21964.1 263826 26317.3
2.167 272879 522.378 5.58892 242763 22454.4 265223 7656.03
2.169 266965 516.687 5.82694 243652 22954.5 266612 353.127
2.171 265128 514.906 6.07472 244523 23464.6 267994 -2866.31
2.173 280858 529.961 6.33264 245377 23985 269368 11489.9
2.175 287457 536.15 6.60112 246213 24515.7 270735 16721.8
2.177 256760 506.715 6.88055 247030 25057.1 272094 -15334.1
2.179 258193 508.127 7.17137 247829 25609.2 273445 -15251.9
2.181 263718 513.534 7.47403 248609 26172.2 274789 -11071
2.183 281107 530.196 7.78898 249370 26746.3 276124 4982.94
2.184 289152 537.729 7.95122 249744 27037.6 276789 12362.6
2.186 273472 522.946 8.28552 250477 27628.8 278114 -4641.63
2.188 274776 524.19 8.63335 251190 28231.6 279430 -4654.58
2.19 261598 511.467 8.99522 251884 28846.3 280739 -19140.7
2.192 260325 510.221 9.37169 252558 29472.9 282040 -21715.1
2.194 265661 515.423 9.76332 253213 30111.7 283334 -17673.4
2.196 294856 543.006 10.1707 253847 30762.9 284620 10235.7
2.198 302483 549.985 10.5944 254461 31426.7 285899 16584.7
2.2 274272 523.71 11.0351 255055 32103.4 287170 -12897.5
2.202 275357 524.745 11.4934 255629 32793.1 288434 -13076.3
2.204 285801 534.604 11.9701 256182 33496 289690 -3888.81
2.206 288663 537.274 12.4657 256714 34212.4 290939 -2276.25
2.208 310353 557.094 12.981 257226 34942.5 292181 18172
2.21 356823 597.346 13.5169 257716 35686.5 293416 63406.7
2.212 333621 577.6 14.0739 258185 36444.7 294644 38977.3
2.214 315004 561.252 14.6531 258633 37217.2 295865 19139
2.216 304542 551.853 15.2551 259060 38004.3 297080 7462.18
2.218 284860 533.723 15.8809 259465 38806.2 298287 -13427.2
2.22 291657 540.053 16.5314 259849 39623.2 299489 -7831.84
2.222 329061 573.638 17.2075 260211 40455.5 300684 28377
2.224 319726 565.444 17.9101 260551 41303.4 301873 17853.8
2.226 314495 560.799 18.6402 260870 42167.1 303055 11439.9
2.228 306212 553.364 19.3989 261166 43046.8 304232 1979.7
2.23 292469 540.804 20.1873 261441 43942.8 305404 -12935
2.232 315210 561.436 21.0064 261693 44855.3 306570 8640.29
2.234 314521 560.821 21.8574 261924 45784.7 307730 6790.53
2.236 301312 548.919 22.7415 262132 46731.1 308886 -7573.09
2.238 298583 546.427 23.6599 262318 47694.9 310036 -11453.1
2.24 297386 545.331 24.6139 262481 48676.3 311182 -13796.1
2.242 302790 550.264 25.6048 262622 49675.5 312324 -9533.23
2.244 316738 562.795 26.634 262741 50692.9 313461 3277.32
2.246 319802 565.51 27.7028 262838 51728.7 314594 5207.76
2.248 301797 549.36 28.8127 262912 52783.2 315724 -13927.4
2.25 285478 534.301 29.9653 262964 53856.6 316850 -31372.2
2.252 289324 537.888 31.1621 262993 54949.4 317973 -28649.8
2.254 313044 559.503 32.4047 263000 56061.6 319094 -6049.44
2.256 319882 565.581 33.6947 262984 57193.8 320211 -329.252
2.258 315653 561.83 35.034 262946 58346 321327 -5673.53
2.26 314164 560.503 36.4243 262885 59518.7 322440 -8276.03
2.262 322332 567.743 37.8674 262802 60712.1 323552 -1220.26
2.265 309924 556.708 40.1354 262635 62541.7 325217 -15293.6
2.267 354873 595.712 41.7192 262496 63788.3 326326 28546.8
2.269 388801 623.539 43.3628 262335 65056.7 327435 61365.8
2.271 417788 646.365 45.0684 262151 66347.1 328543 89244.8
2.273 413028 642.673 46.8382 261945 67660.1 329652 83375.8
2.275 382090 618.134 48.6745 261717 68995.7 330762 51328.2
2.277 373209 610.909 50.5797 261467 70354.5 331872 41337.3
2.279 333596 577.578 52.5563 261195 71736.6 332984 612.381
2.281 324819 569.929 54.6068 260900 73142.5 334097 -9278.87
2.283 357867 598.22 56.7338 260584 74572.4 335213 22654.2
2.286 394146 627.811 60.0737 260069 76763.2 336892 57254
2.288 374127 611.659 62.4041 259698 78254.8 338015 36111.7
2.29 407130 638.067 64.8209 259306 79771.6 339142 67987.6
2.292 394811 628.34 67.3272 258892 81314 340273 54538.2
2.294 366233 605.172 69.9261 258457 82882.4 341409 24823.7
2.296 352091 593.372 72.6209 258000 84477 342550 9541
2.298 354200 595.147 75.4148 257522 86098.3 343696 10504
2.301 346222 588.406 79.7995 256766 88581.1 345427 794.511
2.303 339769 582.897 82.857 256236 90270.6 346590 -6821.11
2.305 343811 586.354 86.0264 255685 91988.1 347759 -3948.27
2.307 349733 591.382 89.3115 255114 93733.8 348937 796.169
2.309 338977 582.217 92.7164 254522 95508.2 350123 -11145.5
2.311 371946 609.874 96.2452 253909 97311.6 351317 20628.6
2.313 374535 611.993 99.9021 253277 99144.5 352521 22013.9
2.316 371022 609.116 105.638 252291 101950 354346 16675.9
2.318 356207 596.83 109.635 251609 103858 355576 630.456
2.32 345978 588.199 113.776 250907 105797 356817 -10839.1
2.322 346521 588.661 118.067 250186 107767 358070 -11549
2.324 373558 611.194 122.511 249445 109768 359336 14222.2
2.327 394901 628.411 129.479 248299 112831 361259 33641.6
2.329 395031 628.515 134.333 247511 114913 362558 32473
2.331 389678 624.242 139.361 246705 117028 363872 25806.2
2.333 402575 634.488 144.567 245881 119176 365201 37373.5
2.335 404562 636.052 149.959 245038 121358 366546 38016.3
2.338 438606 662.273 158.408 243740 124696 368594 70011.4
2.34 414441 643.771 164.291 242853 126964 369981 44459.6
2.342 399421 631.997 170.382 241948 129268 371386 28034.5
2.344 410986 641.082 176.688 241026 131607 372810 38176
2.347 430840 656.384 186.566 239611 135184 374982 55858.1
2.349 455255 674.726 193.441 238647 137614 376455 78799.7
2.351 438035 661.842 200.558 237667 140082 377949 60086.1
2.353 397136 630.188 207.923 236670 142587 379465 17671.9
2.356 354707 595.573 219.457 235145 146415 381780 -27073.2
2.358 390595 624.976 227.481 234109 149016 383353 7242.49
2.36 427069 653.505 235.785 233058 151656 384950 42119.4
2.362 400017 632.469 244.377 231991 154336 386571 13446
2.365 385530 620.911 257.825 230364 158430 389052 -3521.55
2.367 407528 638.379 267.179 229261 161210 390738 16790.2
2.369 404858 636.285 276.856 228143 164032 392452 12406.3
2.372 392001 626.099 291.998 226441 168342 395075 -3074.54
2.374 439337 662.825 302.527 225290 171268 396860 42477
2.376 439213 662.731 313.416 224125 174237 398675 40538
2.378 451642 672.043 324.677 222947 177249 400520 51121.8
2.381 454385 674.081 342.293 221156 181849 403347 51037.9
2.383 437692 661.583 354.538 219946 184971 405272 32419.6
2.385 483705 695.489 367.198 218725 188138 407230 76474.6
2.388 481633 693.998 386.996 216871 192973 410231 71402.6
2.39 436328 660.551 400.754 215620 196254 412275 24053.2
2.392 437471 661.416 414.976 214359 199581 414355 23115.9
2.395 463554 680.848 437.21 212446 204660 417544 46010.1
2.397 451554 671.978 452.655 211158 208106 419717 31837.3
2.399 465495 682.272 468.618 209860 211599 421928 43566.6
2.402 502331 708.753 493.567 207895 216931 425319 77011.9
2.404 519267 720.602 510.894 206572 220547 427630 91636.6
2.407 501848 708.412 537.97 204572 226064 431175 70672.9
2.409 493010 702.147 556.771 203228 229806 433590 59419.8
2.411 461949 679.669 576.194 201875 233598 436049 25900.2
2.414 495062 703.606 606.535 199830 239383 439820 55241.7
2.416 535550 731.813 627.598 198458 243305 442391 93159.9
2.418 549448 741.248 649.351 197078 247280 445007 104441
2.421 558330 747.215 683.326 194994 253342 449019 109311
2.423 526982 725.935 706.903 193597 257450 451754 75227.7
2.426 514298 717.146 743.717 191489 263715 455948 58350.5
2.428 517254 719.203 769.26 190076 267960 458806 58447.7
2.43 533276 730.258 795.632 188658 272261 461715 71561.4
2.433 590138 768.205 836.798 186520 278818 466175 123963
2.435 564985 751.655 865.352 185089 283260 469214 95770.5
2.438 553064 743.683 909.916 182933 290031 473873 79190.5
2.44 563819 750.879 940.821 181490 294617 477048 86771.2
2.443 603244 776.688 989.044 179319 301606 481914 121330
2.445 596682 772.452 1022.48 177867 306340 485229 111454
2.447 591644 769.184 1056.98 176411 311133 488601 103043
2.45 543284 737.078 1110.8 174222 318436 493769 49515.1
2.452 549400 741.215 1148.11 172760 323381 497288 52111.5
2.455 526459 725.575 1206.29 170562 330913 502681 23778.6
2.457 537352 733.043 1246.61 169094 336012 506352 31000.2
2.46 591508 769.096 1309.49 166889 343778 511976 79532
2.462 597058 772.695 1353.05 165417 349035 515805 81253
2.465 559058 747.702 1420.96 163208 357039 521668 37390.4
2.467 592165 769.522 1468.01 161734 362456 525658 66506.3
2.47 641635 801.021 1541.34 159523 370704 531768 109867
2.472 679659 824.414 1592.13 158049 376284 535925 143734
2.475 647721 804.811 1671.28 155838 384778 542287 105433
2.477 610715 781.483 1726.09 154365 390525 546616 64099.6
2.48 581476 762.545 1811.48 152157 399271 553239 28236.6
2.482 589432 767.745 1870.59 150686 405186 557743 31689.1
2.485 603427 776.806 1962.68 148483 414188 564634 38793.1
2.487 612198 782.431 2026.42 147017 420275 569318 42879.9
2.49 694252 833.218 2125.69 144821 429536 576484 117769
2.492 660644 812.8 2194.39 143361 435798 581353 79290.5
2.495 617784 785.992 2301.36 141174 445324 588799 28984.5
2.498 651536 807.178 2413.22 138995 455009 596417 55118.7
2.5 706637 840.617 2490.6 137546 461556 601593 105045
2.503 726101 852.116 2611.05 135379 471512 609502 116599
2.505 778323 882.226 2694.36 133939 478241 614874 163449
2.508 811261 900.7 2824.01 131786 488471 623081 188180
2.51 679180 824.124 2913.67 130357 495384 628654 50526.3
2.513 641052 800.658 3053.18 128221 505892 637166 3886.59
2.516 748398 865.1 3198.92 126096 516569 645863 102535
2.518 800634 894.782 3299.68 124685 523781 651766 148869
2.521 767487 876.063 3456.39 122579 534741 660777 106710
2.523 747241 864.431 3564.71 121182 542144 666891 80350.6
2.526 667472 816.989 3733.16 119098 553391 676222 -8750.21
2.529 589187 767.585 3909.02 117026 564813 685748 -96561.3
2.531 506388 711.609 4030.54 115653 572524 692208 -185820
2.534 588054 766.847 4219.44 113605 584238 702063 -114009
2.537 606007 778.464 4416.59 111572 596129 712118 -106111
2.539 625652 790.982 4552.77 110225 604155 718933 -93281.2
2.542 873358 934.536 4764.4 108218 616343 729326 144033
2.544 1.22612e+006 1107.3 4910.55 106889 624569 736368 489748
2.547 1.29884e+006 1139.67 5137.63 104908 637057 747103 551740
2.55 1.16627e+006 1079.94 5374.47 102945 649726 758046 408222
2.552 981661 990.788 5537.97 101646 658274 765458 216203
2.555 905751 951.71 5791.93 99711.9 671248 776751 129000
2.558 890452 943.638 6056.71 97795.8 684405 788257 102195
2.561 945466 972.351 6332.71 95898.1 697747 799977 145488
2.563 1.00789e+006 1003.94 6523.17 94643.3 706744 807911 199980
2.566 852619 923.374 6818.87 92777.1 720395 819991 32627.9
2.569 841055 917.09 7126.98 90930.2 734232 832289 8765.59
2.571 1.04306e+006 1021.31 7339.53 89709.8 743561 840610 202454
2.574 1.14348e+006 1069.33 7669.41 87895.7 757710 853275 290201
2.577 887234 941.931 8013.01 86101.8 772048 866162 21071.7
2.58 976213 988.035 8370.85 84328.4 786573 879273 96940.2
2.582 1.02037e+006 1010.13 8617.58 83157.5 796362 888137 132229
2.585 935537 967.232 9000.36 81418.6 811203 901622 33915
2.588 822158 906.729 9398.83 79700.7 826234 915333 -93175.3
2.591 818886 904.923 9813.6 78004.1 841454 929272 -110386
2.593 785950 886.538 10099.5 76884.9 851707 938691 -152742
2.596 901414 949.428 10542.7 75224.1 867245 953011 -51597.3
2.599 1.01781e+006 1008.86 11003.9 73585.1 882973 967562 50244.6
2.602 1.23533e+006 1111.45 11483.7 71967.9 898891 982343 252982
2.604 1.37414e+006 1172.24 11814.2 70902 909610 992326 381816
2.607 1.11261e+006 1054.8 12326.5 69321.6 925846 1.00749e+006 105116
2.61 1.09201e+006 1044.99 12859.2 67763.4 942274 1.0229e+006 69117
2.613 1.14268e+006 1068.96 13413.1 66227.5 958891 1.03853e+006 104145
2.616 1.20595e+006 1098.16 13989 64713.9 975700 1.0544e+006 151545
2.618 1.32714e+006 1152.02 14385.4 63717.4 987011 1.06511e+006 262026
2.621 1.2956e+006 1138.25 14999.5 62241.3 1.00414e+006 1.08138e+006 214226
2.624 1.2102e+006 1100.09 15637.7 60787.7 1.02145e+006 1.09788e+006 112324
2.627 1.30312e+006 1141.54 16300.8 59356.6 1.03895e+006 1.11461e+006 188514
2.63 1.15222e+006 1073.42 16989.7 57948.1 1.05665e+006 1.13158e+006 20637.4
2.633 921018 959.697 17705.2 56562.2 1.07453e+006 1.14879e+006 -227776
2.636 1.08551e+006 1041.88 18448.3 55198.7 1.09259e+006 1.16624e+006 -80729.2
2.638 1.1513e+006 1072.99 18959.6 54302.3 1.10474e+006 1.17801e+006 -26707.4
2.641 1.00145e+006 1000.72 19750.8 52976.4 1.12312e+006 1.19585e+006 -194401
2.644 1.01574e+006 1007.84 20572.2 51672.9 1.14169e+006 1.21393e+006 -198190
2.647 1.41447e+006 1189.31 21424.8 50391.9 1.16044e+006 1.23225e+006 182213
2.65 1.11234e+006 1054.68 22309.7 49133.1 1.17937e+006 1.25081e+006 -138473
2.653 1.10201e+006 1049.77 23227.9 47896.6 1.19849e+006 1.26961e+006 -167599
2.656 1.20013e+006 1095.51 24180.6 46682.2 1.21778e+006 1.28865e+006 -88513.3
2.659 1.3842e+006 1176.52 25168.9 45489.9 1.23726e+006 1.30792e+006 76276.7
2.662 1.52273e+006 1233.99 26194 44319.5 1.25692e+006 1.32743e+006 195293
2.664 1.45589e+006 1206.6 26898.4 43551.3 1.27012e+006 1.34057e+006 115315
2.667 1.40819e+006 1186.67 27987.4 42417.2 1.29008e+006 1.36048e+006 47709.4
2.67 1.33159e+006 1153.94 29116.6 41304.7 1.31021e+006 1.38063e+006 -49042.6
2.673 1.46474e+006 1210.27 30287.1 40213.6 1.33051e+006 1.40101e+006 63731.3
2.676 1.53672e+006 1239.65 31500.4 39143.9 1.35098e+006 1.42163e+006 115095
2.679 1.43614e+006 1198.39 32757.7 38095.3 1.37163e+006 1.44248e+006 -6348.26
2.682 1.25823e+006 1121.71 34060.5 37067.6 1.39245e+006 1.46357e+006 -205340
2.685 1.11071e+006 1053.9 35410.3 36060.7 1.41343e+006 1.4849e+006 -374191
2.688 1.4192e+006 1191.3 36808.4 35074.5 1.43458e+006 1.50646e+006 -87260.4
2.691 1.69447e+006 1301.72 38256.5 34108.6 1.45589e+006 1.52825e+006 166217
2.694 1.59154e+006 1261.56 39756.1 33163 1.47736e+006 1.55028e+006 41260.9
2.697 1.14902e+006 1071.92 41308.7 32237.4 1.49899e+006 1.57253e+006 -423516
2.7 1.25934e+006 1122.2 42916.1 31331.6 1.52077e+006 1.59502e+006 -335681
2.703 1.2311e+006 1109.55 44579.9 30445.4 1.54272e+006 1.61774e+006 -386641
2.706 1.42721e+006 1194.66 46301.8 29578.6 1.56481e+006 1.64069e+006 -213476
2.709 1.54483e+006 1242.91 48083.6 28731 1.58705e+006 1.66387e+006 -119031
2.712 1.39194e+006 1179.8 49927 27902.2 1.60944e+006 1.68727e+006 -295330
2.715 1.82194e+006 1349.79 51834 27092.2 1.63197e+006 1.7109e+006 111043
2.718 1.89299e+006 1375.86 53806.4 26300.6 1.65465e+006 1.73475e+006 158234
2.721 1.68038e+006 1296.29 55846.1 25527.3 1.67746e+006 1.75883e+006 -78456.2
2.724 1.60447e+006 1266.68 57955.2 24771.9 1.70041e+006 1.78314e+006 -178664
2.727 1.57415e+006 1254.65 60135.6 24034.3 1.72349e+006 1.80766e+006 -233515
2.731 1.41879e+006 1191.13 63157.5 23078 1.75447e+006 1.8407e+006 -421909
2.734 1.44219e+006 1200.91 65512.6 22380.7 1.77784e+006 1.86574e+006 -423547
2.737 1.77416e+006 1331.98 67946.1 21700.4 1.80134e+006 1.89099e+006 -116831
2.74 1.80126e+006 1342.11 70460.3 21036.7 1.82496e+006 1.91646e+006 -115205
2.743 1.90205e+006 1379.15 73057.5 20389.4 1.8487e+006 1.94214e+006 -40098.9
2.746 2.09188e+006 1446.33 75739.9 19758.2 1.87254e+006 1.96804e+006 123840
2.749 1.78866e+006 1337.41 78510 19142.8 1.8965e+006 1.99415e+006 -205489
2.752 2.04633e+006 1430.5 81370.3 18543.1 1.92055e+006 2.02047e+006 25866.6
2.755 1.81394e+006 1346.82 84323 17958.7 1.94471e+006 2.04699e+006 -233057
2.759 1.78555e+006 1336.24 88408.5 17202.9 1.97707e+006 2.08268e+006 -297135
2.762 1.77822e+006 1333.5 91587.2 16653.3 2.00145e+006 2.10969e+006 -331474
2.765 1.80038e+006 1341.78 94867.1 16118.1 2.02591e+006 2.1369e+006 -336517
2.768 1.65968e+006 1288.29 98250.9 15597.2 2.05046e+006 2.16431e+006 -504627
2.771 1.63041e+006 1276.88 101741 15090.1 2.07509e+006 2.19192e+006 -561508
2.774 1.95344e+006 1397.65 105341 14596.8 2.09979e+006 2.21973e+006 -266293
2.778 2.4592e+006 1568.18 110317 13959.8 2.13284e+006 2.25711e+006 202090
2.781 2.30189e+006 1517.2 114183 13497.3 2.15769e+006 2.28538e+006 16512.8
2.784 2.03514e+006 1426.58 118169 13047.7 2.18261e+006 2.31383e+006 -278688
2.787 2.20581e+006 1485.2 122277 12610.6 2.20759e+006 2.34248e+006 -136670
2.79 2.44639e+006 1564.09 126511 12185.8 2.23261e+006 2.37131e+006 75075.4
2.794 2.41624e+006 1554.43 132356 11638.2 2.26605e+006 2.41005e+006 6197.71
2.797 2.16728e+006 1472.17 136895 11241.1 2.29118e+006 2.43931e+006 -272031
2.8 2.80793e+006 1675.69 141569 10855.5 2.31634e+006 2.46876e+006 339171
2.803 2.88934e+006 1699.81 146383 10481.1 2.34153e+006 2.49839e+006 390952
2.807 2.42729e+006 1557.98 153025 9998.91 2.37515e+006 2.53818e+006 -110884
2.81 2.38339e+006 1543.82 158177 9649.73 2.40039e+006 2.56822e+006 -184827
2.813 2.90828e+006 1705.37 163481 9310.96 2.42565e+006 2.59844e+006 309841
2.816 2.83788e+006 1684.6 168939 8982.35 2.45091e+006 2.62883e+006 209055
2.82 2.52835e+006 1590.08 176463 8559.62 2.48459e+006 2.66961e+006 -141264
2.823 2.3609e+006 1536.52 182296 8253.82 2.50985e+006 2.7004e+006 -339496
2.826 2.6431e+006 1625.76 188295 7957.42 2.5351e+006 2.73135e+006 -88248.5
2.83 3.31898e+006 1821.81 196561 7576.45 2.56873e+006 2.77287e+006 546103
2.833 2.6073e+006 1614.71 202965 7301.1 2.59394e+006 2.8042e+006 -196901
2.836 2.30984e+006 1519.82 209549 7034.41 2.61911e+006 2.8357e+006 -525856
2.84 2.41498e+006 1554.02 218613 6691.91 2.65263e+006 2.87793e+006 -462952
2.843 2.49322e+006 1578.99 225632 6444.58 2.67771e+006 2.90979e+006 -416571
2.846 2.54728e+006 1596.02 232844 6205.19 2.70275e+006 2.9418e+006 -394521
2.85 2.73643e+006 1654.22 242767 5898.03 2.73605e+006 2.98472e+006 -248290
2.853 3.19135e+006 1786.43 250446 5676.4 2.76096e+006 3.01708e+006 174263
2.856 2.82323e+006 1680.25 258332 5462.05 2.7858e+006 3.0496e+006 -226364
2.86 2.22818e+006 1492.71 269177 5187.24 2.81881e+006 3.09317e+006 -864997
2.863 2.49995e+006 1581.12 277564 4989.13 2.84347e+006 3.12602e+006 -626078
2.867 3.76701e+006 1940.88 289092 4735.28 2.87622e+006 3.17005e+006 596961
2.87 4.27991e+006 2068.79 298003 4552.38 2.90067e+006 3.20323e+006 1.07668e+006
2.874 3.84931e+006 1961.97 310247 4318.17 2.93312e+006 3.24768e+006 601627
2.877 3.98631e+006 1996.57 319708 4149.52 2.95733e+006 3.28119e+006 705124
2.88 3.54791e+006 1883.59 329411 3986.7 2.98142e+006 3.31482e+006 233087
2.884 3.05855e+006 1748.87 342735 3778.36 3.01336e+006 3.35988e+006 -301324
2.887 3.5179e+006 1875.61 353024 3628.47 3.03717e+006 3.39382e+006 124072
2.891 3.43025e+006 1852.09 367146 3436.8 3.0687e+006 3.43929e+006 -9031.58
2.894 2.6106e+006 1615.73 378046 3298.98 3.09219e+006 3.47353e+006 -862935
2.898 2.7516e+006 1658.79 393000 3122.85 3.12327e+006 3.51939e+006 -767794
2.901 3.43366e+006 1853.01 404537 2996.28 3.1464e+006 3.55393e+006 -120275
2.905 2.69744e+006 1642.39 420359 2834.61 3.17698e+006 3.60018e+006 -902734
2.908 2.70362e+006 1644.27 432560 2718.5 3.19972e+006 3.635e+006 -931383
2.912 3.19227e+006 1786.69 449285 2570.28 3.22977e+006 3.68162e+006 -489352
2.915 3.37594e+006 1837.37 462177 2463.9 3.25209e+006 3.71673e+006 -340786
2.919 3.56714e+006 1888.69 479841 2328.17 3.28155e+006 3.76372e+006 -196579
2.922 3.55283e+006 1884.89 493452 2230.8 3.30342e+006 3.7991e+006 -246272
2.926 3.09509e+006 1759.29 512091 2106.66 3.33225e+006 3.84645e+006 -751364
2.929 3.70193e+006 1924.04 526447 2017.65 3.35363e+006 3.8821e+006 -180164
2.933 3.40902e+006 1846.35 546098 1904.22 3.3818e+006 3.9298e+006 -520787
2.937 3.82877e+006 1956.73 566345 1796.56 3.40957e+006 3.97771e+006 -148933
2.94 4.37835e+006 2092.45 581927 1719.44 3.43012e+006 4.01377e+006 364587
2.944 3.58985e+006 1894.69 603243 1621.26 3.45715e+006 4.06201e+006 -472167
2.947 3.87596e+006 1968.75 619641 1550.97 3.47713e+006 4.09833e+006 -222364
2.951 3.49403e+006 1869.23 642062 1461.53 3.50339e+006 4.14691e+006 -652882
2.955 3.01574e+006 1736.59 665132 1376.78 3.52918e+006 4.19569e+006 -1.17995e+006
2.958 3.26912e+006 1808.07 682867 1316.17 3.54821e+006 4.23239e+006 -963270
2.962 4.26735e+006 2065.76 707100 1239.1 3.57316e+006 4.2815e+006 -14154.9
2.965 3.97012e+006 1992.52 725721 1184.02 3.59155e+006 4.31845e+006 -348337
2.969 3.50683e+006 1872.65 751152 1114.03 3.61562e+006 4.36789e+006 -861055
2.973 3.12518e+006 1767.82 777284 1047.81 3.63917e+006 4.4175e+006 -1.29233e+006
2.977 3.16231e+006 1778.29 804127 985.201 3.66219e+006 4.4673e+006 -1.30499e+006
2.98 3.70389e+006 1924.55 824734 940.498 3.6791e+006 4.50478e+006 -800885
2.984 4.16762e+006 2041.47 852851 883.769 3.70116e+006 4.5549e+006 -387280
2.988 3.8408e+006 1959.8 881709 830.178 3.72266e+006 4.6052e+006 -764395
2.991 3.76433e+006 1940.19 903847 791.951 3.7384e+006 4.64304e+006 -878709
2.995 4.523e+006 2126.73 934031 743.483 3.75888e+006 4.69366e+006 -170660
2.999 5.04965e+006 2247.14 964986 697.743 3.77877e+006 4.74445e+006 305200
3.003 5.73295e+006 2394.36 996723 654.594 3.79805e+006 4.79543e+006 937522
3.006 4.56065e+006 2135.57 1.02104e+006 623.852 3.81211e+006 4.83378e+006 -273127
3.01 4.35585e+006 2087.07 1.05417e+006 584.922 3.8303e+006 4.88506e+006 -529214
3.014 4.33736e+006 2082.63 1.08811e+006 548.234 3.84787e+006 4.93652e+006 -599163
3.018 4.39475e+006 2096.36 1.12286e+006 513.672 3.86479e+006 4.98816e+006 -593417
3.021 4.43089e+006 2104.97 1.14947e+006 489.078 3.87705e+006 5.02701e+006 -596113
3.025 4.45431e+006 2110.52 1.18567e+006 457.971 3.89283e+006 5.07895e+006 -624644
3.029 4.55902e+006 2135.19 1.22272e+006 428.697 3.90793e+006 5.13108e+006 -572057
3.033 4.48321e+006 2117.36 1.26061e+006 401.156 3.92236e+006 5.18337e+006 -700165
3.037 4.98319e+006 2232.31 1.29936e+006 375.256 3.93611e+006 5.23585e+006 -252655
3.041 5.1029e+006 2258.96 1.33897e+006 350.909 3.94917e+006 5.28849e+006 -185587
3.044 5.30993e+006 2304.33 1.36925e+006 333.616 3.95851e+006 5.32809e+006 -18160.9
3.048 6.02857e+006 2455.32 1.41039e+006 311.784 3.97034e+006 5.38103e+006 647538
3.052 6.03207e+006 2456.03 1.4524e+006 291.281 3.98146e+006 5.43415e+006 597916
3.056 5.93279e+006 2435.73 1.4953e+006 272.034 3.99186e+006 5.48744e+006 445347
3.06 5.61467e+006 2369.53 1.5391e+006 253.971 4.00155e+006 5.5409e+006 73772.6
3.064 4.86257e+006 2205.12 1.58378e+006 237.027 4.01051e+006 5.59453e+006 -731958
3.068 5.53724e+006 2353.13 1.62937e+006 221.138 4.01873e+006 5.64832e+006 -111076
3.072 4.90743e+006 2215.27 1.67585e+006 206.243 4.02622e+006 5.70228e+006 -794853
3.076 4.31205e+006 2076.55 1.72324e+006 192.286 4.03297e+006 5.7564e+006 -1.44436e+006
3.079 4.51645e+006 2125.19 1.75938e+006 182.401 4.03754e+006 5.7971e+006 -1.28065e+006
3.083 5.0212e+006 2240.8 1.80835e+006 169.956 4.04298e+006 5.85151e+006 -830309
3.087 4.60521e+006 2145.97 1.85823e+006 158.305 4.04768e+006 5.90607e+006 -1.30086e+006
3.091 4.89474e+006 2212.41 1.90902e+006 147.403 4.05162e+006 5.96079e+006 -1.06605e+006
3.095 5.00088e+006 2236.26 1.96072e+006 137.205 4.0548e+006 6.01566e+006 -1.01479e+006
3.099 5.66336e+006 2379.78 2.01333e+006 127.669 4.05723e+006 6.07068e+006 -407321
3.103 6.96514e+006 2639.16 2.06683e+006 118.755 4.0589e+006 6.12586e+006 839284
3.107 6.7312e+006 2594.45 2.12125e+006 110.426 4.05981e+006 6.18117e+006 550026
3.111 6.16444e+006 2482.83 2.17655e+006 102.646 4.05997e+006 6.23662e+006 -72180
3.115 6.55822e+006 2560.9 2.23276e+006 95.3812 4.05936e+006 6.29221e+006 266006
3.12 7.07236e+006 2659.39 2.30427e+006 86.9774 4.05753e+006 6.36188e+006 710473
3.124 7.26251e+006 2694.9 2.36246e+006 80.7596 4.05522e+006 6.41776e+006 844747
3.128 6.77396e+006 2602.68 2.42154e+006 74.9607 4.05214e+006 6.47376e+006 300203
3.132 6.66113e+006 2580.92 2.48148e+006 69.5544 4.04832e+006 6.52987e+006 131265
3.136 6.48725e+006 2547.01 2.54229e+006 64.516 4.04374e+006 6.58609e+006 -98837.5
3.14 6.95878e+006 2637.95 2.60394e+006 59.8221 4.03841e+006 6.64241e+006 316374
3.144 6.71802e+006 2591.91 2.66644e+006 55.4507 4.03233e+006 6.69882e+006 19198.4
3.148 5.96815e+006 2442.98 2.72977e+006 51.3813 4.02551e+006 6.75533e+006 -787180
3.152 7.61151e+006 2758.9 2.79392e+006 47.5942 4.01794e+006 6.81191e+006 799606
3.156 8.32356e+006 2885.06 2.85887e+006 44.0712 4.00964e+006 6.86856e+006 1.455e+006
3.161 7.59001e+006 2755 2.94118e+006 40.0126 3.99824e+006 6.93946e+006 650554
3.165 6.82288e+006 2612.06 3.00789e+006 37.0224 3.9883e+006 6.99624e+006 -173359
3.169 6.57354e+006 2563.89 3.07537e+006 34.2438 3.97765e+006 7.05305e+006 -479508
3.173 6.16046e+006 2482.03 3.14359e+006 31.663 3.96628e+006 7.1099e+006 -949436
3.177 7.12704e+006 2669.65 3.21254e+006 29.2668 3.9542e+006 7.16676e+006 -39722.6
3.182 7.20644e+006 2684.48 3.29971e+006 26.512 3.93812e+006 7.23785e+006 -31413.4
3.186 7.45598e+006 2730.56 3.37022e+006 24.4867 3.92447e+006 7.29472e+006 161261
3.19 7.5743e+006 2752.14 3.4414e+006 22.6084 3.91014e+006 7.35156e+006 222738
3.194 7.36493e+006 2713.84 3.51321e+006 20.8671 3.89513e+006 7.40837e+006 -43438.1
3.199 7.70545e+006 2775.87 3.60385e+006 18.8687 3.87544e+006 7.47931e+006 226146
3.203 7.3804e+006 2716.69 3.67703e+006 17.402 3.85894e+006 7.53598e+006 -155580
3.207 7.23509e+006 2689.81 3.75077e+006 16.0439 3.84179e+006 7.59258e+006 -357485
3.211 7.53537e+006 2745.06 3.82505e+006 14.7866 3.82401e+006 7.64908e+006 -113702
3.216 8.79757e+006 2966.07 3.91863e+006 13.3463 3.80089e+006 7.71953e+006 1.07804e+006
3.22 8.74664e+006 2957.47 3.99403e+006 12.291 3.7817e+006 7.77575e+006 970896
3.224 6.87339e+006 2621.71 4.06989e+006 11.3153 3.7619e+006 7.83181e+006 -958422
3.229 6.77193e+006 2602.29 4.16531e+006 10.199 3.73632e+006 7.90164e+006 -1.12971e+006
3.233 7.64181e+006 2764.38 4.24208e+006 9.38211 3.7152e+006 7.95729e+006 -315481
3.238 8.52366e+006 2919.53 4.33854e+006 8.44836 3.68799e+006 8.02654e+006 497120
3.242 8.50914e+006 2917.04 4.41607e+006 7.76575 3.6656e+006 8.08167e+006 427471
3.246 9.69729e+006 3114.05 4.49388e+006 7.13585 3.64266e+006 8.13654e+006 1.56075e+006
3.251 7.98577e+006 2825.91 4.59149e+006 6.41674 3.61324e+006 8.20473e+006 -218963
3.255 1.05194e+007 3243.36 4.66981e+006 5.89174 3.58911e+006 8.25893e+006 2.26044e+006
3.26 1.57858e+007 3973.14 4.76796e+006 5.29292 3.55825e+006 8.32621e+006 7.45963e+006
3.264 1.11035e+007 3332.2 4.84662e+006 4.85613 3.53301e+006 8.37963e+006 2.7239e+006
3.268 8.69972e+006 2949.53 4.92537e+006 4.45386 3.50729e+006 8.43266e+006 267062
3.273 7.47547e+006 2734.13 5.02388e+006 3.99563 3.47448e+006 8.49837e+006 -1.0229e+006
3.277 7.74997e+006 2783.88 5.1027e+006 3.66183 3.44774e+006 8.55044e+006 -800470
3.282 7.58786e+006 2754.61 5.20116e+006 3.28193 3.4137e+006 8.61486e+006 -1.027e+006
3.286 7.75299e+006 2784.42 5.27985e+006 3.00544 3.38599e+006 8.66584e+006 -912851
3.291 8.33138e+006 2886.41 5.37803e+006 2.69106 3.3508e+006 8.72882e+006 -397448
3.295 8.50053e+006 2915.57 5.45638e+006 2.46245 3.3222e+006 8.77858e+006 -278053
3.3 9.99592e+006 3161.63 5.55401e+006 2.20275 3.28594e+006 8.83995e+006 1.15597e+006
3.305 1.10403e+007 3322.7 5.65122e+006 1.96938 3.24912e+006 8.90034e+006 2.13998e+006
3.309 1.06546e+007 3264.14 5.72863e+006 1.79993 3.21929e+006 8.94792e+006 1.70671e+006
3.314 9.94122e+006 3152.97 5.82488e+006 1.6077 3.18154e+006 9.00643e+006 934795
3.318 1.11441e+007 3338.28 5.90142e+006 1.46823 3.151e+006 9.05242e+006 2.09166e+006
3.323 1.07618e+007 3280.52 5.99643e+006 1.31017 3.11242e+006 9.10886e+006 1.65293e+006
3.328 1.08421e+007 3292.74 6.09065e+006 1.16849 3.07341e+006 9.16406e+006 1.67805e+006
3.332 1.24488e+007 3528.29 6.16538e+006 1.06585 3.04192e+006 9.2073e+006 3.2415e+006
3.337 1.18071e+007 3436.15 6.25794e+006 0.949684 3.00221e+006 9.26015e+006 2.54695e+006
3.342 8.90547e+006 2984.2 6.34945e+006 0.845725 2.96216e+006 9.31161e+006 -406138
3.346 9.09883e+006 3016.43 6.42185e+006 0.770517 2.92988e+006 9.35173e+006 -252903
3.351 1.00186e+007 3165.22 6.51126e+006 0.685511 2.88927e+006 9.40054e+006 618088
3.356 9.46345e+006 3076.27 6.59939e+006 0.609558 2.84839e+006 9.44779e+006 15662.1
3.36 8.48633e+006 2913.13 6.66892e+006 0.554688 2.81551e+006 9.48443e+006 -998105
3.365 8.51694e+006 2918.38 6.75453e+006 0.492756 2.77422e+006 9.52874e+006 -1.0118e+006
3.37 1.02542e+007 3202.22 6.83861e+006 0.437506 2.73273e+006 9.57134e+006 682863
3.375 1.08206e+007 3289.47 6.92109e+006 0.388243 2.69107e+006 9.61217e+006 1.20844e+006
3.379 9.69712e+006 3114.02 6.98587e+006 0.352722 2.65765e+006 9.64351e+006 53607
3.384 9.73148e+006 3119.53 7.06525e+006 0.312705 2.61576e+006 9.68101e+006 50470
3.389 9.70705e+006 3115.61 7.1428e+006 0.27708 2.57378e+006 9.71658e+006 -9536.03
3.394 9.50668e+006 3083.29 7.21844e+006 0.245383 2.53173e+006 9.75017e+006 -243486
3.399 1.04522e+007 3232.99 7.29208e+006 0.217196 2.48964e+006 9.78173e+006 670486
3.403 1.05144e+007 3242.6 7.34951e+006 0.19692 2.45596e+006 9.80547e+006 708965
3.408 1.07925e+007 3285.2 7.41938e+006 0.174132 2.41386e+006 9.83323e+006 959286
3.413 1.20073e+007 3465.16 7.48703e+006 0.153899 2.37179e+006 9.85882e+006 2.14851e+006
3.418 1.16472e+007 3412.8 7.55242e+006 0.135945 2.32977e+006 9.88219e+006 1.765e+006
3.423 1.05582e+007 3249.33 7.61545e+006 0.120021 2.28783e+006 9.90328e+006 654881
3.428 9.67809e+006 3110.96 7.67608e+006 0.105906 2.24598e+006 9.92206e+006 -243968
3.433 1.01999e+007 3193.72 7.73422e+006 0.0934007 2.20426e+006 9.93847e+006 261381
3.438 1.14586e+007 3385.05 7.78981e+006 0.0823282 2.16267e+006 9.95249e+006 1.50609e+006
3.443 1.00171e+007 3164.98 7.84281e+006 0.0725296 2.12126e+006 9.96406e+006 53024.1
3.448 9.2181e+006 3036.13 7.89314e+006 0.0638631 2.08002e+006 9.97316e+006 -755056
3.453 8.39028e+006 2896.6 7.94075e+006 0.0562022 2.039e+006 9.97974e+006 -1.58947e+006
3.458 9.38401e+006 3063.33 7.98558e+006 0.0494339 1.99819e+006 9.98378e+006 -599764
3.463 1.22394e+007 3498.49 8.0276e+006 0.0434574 1.95764e+006 9.98523e+006 2.25419e+006
3.468 1.19953e+007 3463.43 8.06674e+006 0.0381831 1.91734e+006 9.98408e+006 2.01123e+006
3.473 1.09506e+007 3309.17 8.10298e+006 0.0335311 1.87732e+006 9.9803e+006 970275
3.478 9.18468e+006 3030.62 8.13625e+006 0.0294301 1.83761e+006 9.97386e+006 -789187
3.483 9.66889e+006 3109.48 8.16654e+006 0.0258169 1.7982e+006 9.96475e+006 -295859
3.488 1.05147e+007 3242.64 8.1938e+006 0.0226352 1.75913e+006 9.95293e+006 561778
3.493 9.85337e+006 3139.01 8.218e+006 0.019835 1.72041e+006 9.93841e+006 -85042.3
3.498 1.08868e+007 3299.51 8.23912e+006 0.0173719 1.68204e+006 9.92116e+006 965618
3.503 1.09237e+007 3305.1 8.25713e+006 0.0152066 1.64405e+006 9.90118e+006 1.02253e+006
3.508 9.97524e+006 3158.36 8.27201e+006 0.0133041 1.60645e+006 9.87845e+006 96790.8
3.514 1.02852e+007 3207.06 8.28571e+006 0.0113246 1.56185e+006 9.84756e+006 437683
3.519 1.17114e+007 3422.19 8.29364e+006 0.00989615 1.52515e+006 9.81879e+006 1.89256e+006
3.524 1.16819e+007 3417.88 8.29841e+006 0.00864326 1.48887e+006 9.78728e+006 1.89459e+006
3.529 9.67791e+006 3110.93 8.3e+006 0.00754496 1.45303e+006 9.75303e+006 -75128.6
3.534 8.30782e+006 2882.33 8.29841e+006 0.0065827 1.41764e+006 9.71605e+006 -1.40824e+006
3.54 8.67569e+006 2945.45 8.29231e+006 0.00558464 1.37578e+006 9.66809e+006 -992398
3.545 9.76374e+006 3124.7 8.28374e+006 0.00486667 1.34141e+006 9.62515e+006 138594
3.55 9.22141e+006 3036.68 8.27201e+006 0.00423875 1.30751e+006 9.57952e+006 -358114
3.556 8.6027e+006 2933.04 8.25378e+006 0.00358871 1.26748e+006 9.52125e+006 -918557
3.561 1.06612e+007 3265.14 8.23514e+006 0.003122 1.23466e+006 9.4698e+006 1.19135e+006
3.566 1.10454e+007 3323.46 8.21341e+006 0.00271455 1.20233e+006 9.41574e+006 1.62966e+006
3.572 9.82404e+006 3134.33 8.18326e+006 0.00229355 1.16421e+006 9.34747e+006 476564
3.577 9.21379e+006 3035.42 8.15479e+006 0.00199187 1.133e+006 9.28779e+006 -74001.4
3.582 9.26136e+006 3043.25 8.1233e+006 0.00172895 1.10231e+006 9.22561e+006 35750.5
3.588 1.08745e+007 3297.65 8.08159e+006 0.00145782 1.06616e+006 9.14775e+006 1.72678e+006
3.593 9.68694e+006 3112.38 8.0436e+006 0.00126391 1.03661e+006 9.08021e+006 606725
3.599 8.98507e+006 2997.51 7.99421e+006 0.0010642 1.00184e+006 8.99605e+006 -10980.4
3.604 9.53688e+006 3088.18 7.94994e+006 0.000921561 973448 8.92338e+006 613500
3.609 9.48109e+006 3079.14 7.90288e+006 0.000797616 945582 8.84846e+006 632626
3.615 7.34349e+006 2709.89 7.84281e+006 0.000670211 912842 8.75565e+006 -1.41215e+006
3.62 7.42955e+006 2725.72 7.78981e+006 0.000579391 886141 8.67596e+006 -1.2464e+006
3.626 8.13749e+006 2852.63 7.72279e+006 0.000486158 854799 8.57759e+006 -440096
3.631 9.14834e+006 3024.62 7.66415e+006 0.000419785 829263 8.49341e+006 654931
3.637 1.02698e+007 3204.65 7.59053e+006 0.000351739 799315 8.38984e+006 1.87995e+006
3.643 1.08985e+007 3301.29 7.51347e+006 0.000294497 770125 8.28359e+006 2.61494e+006
3.648 8.61463e+006 2935.07 7.44671e+006 0.000253829 746376 8.19308e+006 421542
3.654 7.06016e+006 2657.1 7.36366e+006 0.000212222 718564 8.08222e+006 -1.02206e+006
3.659 6.73875e+006 2595.91 7.29208e+006 0.000182701 695957 7.98804e+006 -1.24929e+006
3.665 7.37981e+006 2716.58 7.20347e+006 0.000152538 669507 7.87298e+006 -493166
3.671 7.01627e+006 2648.82 7.11201e+006 0.000127256 643791 7.7558e+006 -739530
3.676 6.79515e+006 2606.75 7.03371e+006 0.000109356 622917 7.65663e+006 -861485
3.682 7.09532e+006 2663.7 6.93739e+006 9.11028e-005 598529 7.53592e+006 -440602
3.688 7.47439e+006 2733.93 6.83861e+006 7.58381e-005 574853 7.41346e+006 60926.2
3.693 8.54019e+006 2922.36 6.75453e+006 6.50523e-005 555662 7.31019e+006 1.23e+006
3.699 8.50274e+006 2915.95 6.65162e+006 5.40762e-005 533270 7.18489e+006 1.31785e+006
3.705 7.77832e+006 2788.96 6.54667e+006 4.49176e-005 511565 7.05824e+006 720078
3.711 6.57498e+006 2564.17 6.43983e+006 3.72815e-005 490537 6.93036e+006 -355383
3.716 7.20342e+006 2683.92 6.34945e+006 3.19008e-005 473523 6.82297e+006 380452
3.722 7.64041e+006 2764.13 6.23951e+006 2.64402e-005 453709 6.69322e+006 947195
3.728 7.89329e+006 2809.5 6.12809e+006 2.18976e-005 434540 6.56263e+006 1.33066e+006
3.734 7.8915e+006 2809.18 6.01534e+006 1.81214e-005 416007 6.43135e+006 1.46015e+006
3.74 6.91647e+006 2629.92 5.90142e+006 1.49849e-005 398096 6.29951e+006 616960
3.746 7.32192e+006 2705.9 5.78645e+006 1.23818e-005 380796 6.16725e+006 1.15467e+006
3.752 6.99387e+006 2644.59 5.6706e+006 1.0223e-005 364094 6.0347e+006 959169
3.758 6.42236e+006 2534.24 5.55401e+006 8.43412e-006 347978 5.90198e+006 520375
3.763 6.02712e+006 2455.02 5.45638e+006 7.18074e-006 334987 5.79136e+006 235751
3.769 5.79972e+006 2408.26 5.33878e+006 5.91587e-006 319913 5.6587e+006 141023
3.775 5.94197e+006 2437.62 5.22084e+006 4.87005e-006 305388 5.52623e+006 415736
3.781 6.73958e+006 2596.07 5.1027e+006 4.00604e-006 291400 5.3941e+006 1.34549e+006
3.787 8.33331e+006 2886.75 4.98447e+006 3.29278e-006 277936 5.26241e+006 3.0709e+006
3.793 5.92771e+006 2434.69 4.8663e+006 2.70443e-006 264983 5.13128e+006 796423
3.8 4.50892e+006 2123.42 4.72867e+006 2.14744e-006 250498 4.97917e+006 -470246
3.806 4.62258e+006 2150.02 4.61105e+006 1.7608e-006 238605 4.84966e+006 -227072
3.812 4.46036e+006 2111.96 4.49388e+006 1.44267e-006 227182 4.72106e+006 -260701
3.818 4.66133e+006 2159.01 4.37727e+006 1.18111e-006 216214 4.59348e+006 67850.4
3.824 4.75705e+006 2181.07 4.26133e+006 9.66226e-007 205689 4.46702e+006 290035
3.83 6.60394e+006 2569.81 4.14618e+006 7.8983e-007 195594 4.34177e+006 2.26217e+006
3.836 7.13102e+006 2670.4 4.03191e+006 6.45141e-007 185916 4.21783e+006 2.91319e+006
3.843 5.33686e+006 2310.17 3.89985e+006 5.08988e-007 175136 4.07499e+006 1.26187e+006
3.849 4.63545e+006 2153.01 3.78785e+006 4.15055e-007 166319 3.95416e+006 681286
3.855 4.49794e+006 2120.83 3.67703e+006 3.38197e-007 157879 3.83491e+006 663030
3.861 4.66681e+006 2160.28 3.56748e+006 2.75359e-007 149804 3.71729e+006 949525
3.868 4.90785e+006 2215.37 3.4414e+006 2.16436e-007 140829 3.58223e+006 1.32562e+006
3.874 4.64423e+006 2155.05 3.33488e+006 1.75929e-007 133505 3.46839e+006 1.17584e+006
3.88 3.44451e+006 1855.94 3.22989e+006 1.42892e-007 126508 3.35639e+006 88112
3.887 3.32027e+006 1822.16 3.10939e+006 1.11997e-007 118744 3.22813e+006 92135.2
3.893 3.75825e+006 1938.62 3.00789e+006 9.08146e-008 112418 3.12031e+006 637938
3.899 4.53284e+006 2129.05 2.90811e+006 7.35819e-008 106384 3.01449e+006 1.51835e+006
3.906 3.95756e+006 1989.36 2.79392e+006 5.75088e-008 99700.2 2.89362e+006 1.06395e+006
3.912 2.6541e+006 1629.14 2.698e+006 4.65186e-008 94263.1 2.79227e+006 -138167
3.919 2.67216e+006 1634.67 2.58845e+006 3.62866e-008 88246.5 2.6767e+006 -4537.79
3.925 3.24741e+006 1802.06 2.4966e+006 2.93032e-008 83358 2.57996e+006 667448
3.932 2.93346e+006 1712.73 2.39189e+006 2.28134e-008 77954.4 2.46985e+006 463612
3.938 2.70178e+006 1643.71 2.30427e+006 1.83923e-008 73568.9 2.37783e+006 323950
3.945 2.92567e+006 1710.46 2.20455e+006 1.42912e-008 68726.7 2.27327e+006 652396
3.951 3.52647e+006 1877.89 2.12125e+006 1.15025e-008 64801.2 2.18605e+006 1.34042e+006
3.958 3.64094e+006 1908.12 2.02662e+006 8.92027e-009 60471.7 2.08709e+006 1.55385e+006
3.964 2.12408e+006 1457.42 1.94771e+006 7.16766e-009 56965.7 2.00468e+006 119400
3.971 1.9743e+006 1405.1 1.85823e+006 5.5478e-009 53103.2 1.91134e+006 62964.1
3.978 2.56029e+006 1600.09 1.77153e+006 4.28954e-009 49474.2 1.82101e+006 739285
3.984 3.31167e+006 1819.8 1.69943e+006 3.43793e-009 46540.5 1.74597e+006 1.5657e+006
3.991 1.87837e+006 1370.54 1.61789e+006 2.65303e-009 43313.9 1.6612e+006 217171
3.998 1.84639e+006 1358.82 1.5391e+006 2.04519e-009 40287.8 1.57938e+006 267005
4.004 1.63443e+006 1278.45 1.47374e+006 1.63496e-009 37845.7 1.51159e+006 122846
4.011 1.65172e+006 1285.19 1.40002e+006 1.25792e-009 35164.3 1.43518e+006 216542
4.018 1.87241e+006 1368.36 1.32899e+006 9.66823e-010 32654.1 1.36164e+006 510774
4.025 2.82587e+006 1681.03 1.26061e+006 7.4231e-010 30305.7 1.29091e+006 1.53496e+006
4.032 1.80403e+006 1343.14 1.19485e+006 5.69337e-010 28110.1 1.22296e+006 581071
4.038 1.58436e+006 1258.72 1.14055e+006 4.53159e-010 26343.3 1.16689e+006 417474
4.045 1.03838e+006 1019.01 1.07955e+006 3.46889e-010 24408.8 1.10396e+006 -65571.7
4.052 852843 923.495 1.02104e+006 2.65263e-010 22603.4 1.04365e+006 -190805
4.059 837625 915.219 964986 2.02632e-010 20919.5 985905 -148280
4.066 987816 993.89 911321 1.54627e-010 19350 930671 57145.1
4.073 1.39954e+006 1183.02 859995 1.17871e-010 17888 877883 521660
4.08 1.09482e+006 1046.34 810951 8.97585e-011 16527 827478 267341
4.087 915265 956.695 764129 6.82793e-011 15260.8 779390 135875
4.094 717659 847.148 719471 5.18858e-011 14083.5 733555 -15895.1
4.101 532988 730.06 676914 3.93871e-011 12989.6 689904 -156916
4.108 657965 811.151 636397 2.98679e-011 11973.8 648371 9594.87
4.116 907229 952.486 592507 2.17437e-011 10902.2 603409 303820
4.123 677000 822.8 556146 1.64517e-011 10037.3 566184 110817
4.13 534784 731.289 521625 1.24346e-011 9235.7 530861 3923.01
4.137 600159 774.699 488880 9.38861e-012 8493.28 497373 102785
4.144 565623 752.079 457846 7.08133e-012 7806.06 465652 99970.6
4.152 427231 653.629 424394 5.12358e-012 7083.52 431477 -4246.54
4.159 422865 650.281 396815 3.85579e-012 6502.38 403317 19547.8
4.166 375169 612.51 370749 2.89867e-012 5965.5 376715 -1545.88
4.173 373255 610.946 346136 2.17686e-012 5469.81 351606 21648.5
4.181 299366 547.143 319708 1.56725e-012 4950.07 324658 -25292
4.188 281941 530.981 298003 1.17434e-012 4533.19 302536 -20595.6
4.196 341344 584.247 274744 8.43316e-013 4096.69 278841 62503.5
4.203 326033 570.993 255680 6.30484e-013 3747.07 259427 66605.9
4.211 263967 513.778 235291 4.51602e-013 3381.52 238673 25294.6
4.218 247581 497.575 218613 3.36873e-013 3089.14 221702 25878.8
4.226 200171 447.405 200811 2.40677e-013 2783.86 203594 -3423.2
4.233 183581 428.464 186277 1.79131e-013 2540.04 188817 -5235.55
4.241 163969 404.931 170793 1.27652e-013 2285.82 173079 -9109.69
4.248 149556 386.725 158177 9.47961e-014 2083.05 160260 -10703.8
4.256 199189 446.306 144763 6.73805e-014 1871.94 146635 52554.5
4.264 208840 456.99 132356 4.78282e-014 1680.96 134037 74802.9
4.271 218759 467.716 122277 3.5396e-014 1528.97 123806 94952.2
4.279 170838 413.326 111592 2.50606e-014 1371.06 112964 57874.4
4.287 115030 339.161 101741 1.77188e-014 1228.54 102970 12060.5
4.294 109215 330.477 93762.4 1.30681e-014 1115.35 94877.7 14337.5
4.302 126494 355.66 85328.3 9.216e-015 998.01 86326.3 40167.5
4.31 138748 372.489 77576.8 6.49053e-015 892.344 78469.1 60278.8
4.318 115435 339.758 70460.3 4.56482e-015 797.268 71257.6 44177.8
4.326 95381.9 308.84 63933.9 3.20608e-015 711.79 64645.7 30736.1
4.334 74879.9 273.642 57955.2 2.2487e-015 635.001 58590.2 16289.6
4.342 125073 353.657 52484.1 1.57505e-015 566.072 53050.2 72023.2
4.35 155949 394.903 47482.9 1.1017e-015 504.247 47987.1 107961
4.358 141046 375.56 42916.1 7.69558e-016 448.839 43365 97680.7
4.366 106329 326.081 38750.6 5.36815e-016 399.22 39149.8 67179.3
4.374 89802.4 299.671 34955 3.73951e-016 354.821 35309.9 54492.6
4.382 71238.5 266.905 31500.4 2.60142e-016 315.124 31815.5 39423.1
4.39 88773.1 297.948 28359.3 1.80723e-016 279.659 28639 60134.1
4.398 136127 368.954 25506.4 1.25378e-016 247.999 25754.4 110373
4.406 201810 449.233 22918.1 8.68635e-017 219.759 23137.8 178673
4.414 294028 542.244 20572.2 6.00979e-017 194.589 20766.8 273261
4.423 322215 567.64 18197.5 3.96437e-017 169.55 18367.1 303848
