1.772,494005.080
1.773,496803.191
1.774,500489.037
1.775,505625.421
1.777,512219.654
1.778,519800.739
1.779,527656.068
1.780,535093.315
1.781,541625.859
1.783,547071.599
1.784,551578.930
1.785,555565.115
1.786,559559.231
1.788,563822.028
1.789,567459.674
1.790,571874.262
1.791,577034.385
1.793,582668.590
1.794,588499.693
1.795,594041.145
1.796,598906.768
1.798,602615.911
1.799,605223.308
1.800,606698.512
1.801,607886.154
1.803,609319.607
1.804,611767.588
1.805,615533.966
1.807,620739.624
1.808,627111.529
1.809,634408.120
1.810,641873.774
1.812,649382.093
1.813,656079.117
1.814,662457.200
1.816,668097.365
1.817,673715.491
1.818,679356.428
1.819,685439.994
1.821,691935.640
1.822,698820.649
1.823,705696.340
1.825,712384.523
1.826,718297.155
1.827,723718.776
1.829,728497.723
1.830,733452.789
1.831,738822.970
1.832,744859.582
1.834,751431.157
1.835,758210.192
1.836,764724.996
1.838,770848.522
1.839,776320.175
1.840,781785.731
1.842,787534.353
1.843,794597.144
1.844,803464.197
1.846,814598.651
1.847,828053.442
1.848,843377.785
1.850,859804.928
1.851,876095.315
1.852,890837.077
1.854,902828.502
1.855,911388.081
1.856,916537.248
1.858,918581.091
1.859,918723.613
1.861,917758.962
1.862,917210.219
1.863,917716.043
1.865,919648.535
1.866,922876.052
1.867,925677.144
1.869,927777.822
1.870,926923.049
1.871,924317.097
1.873,919561.293
1.874,914693.018
1.876,911046.462
1.877,909904.508
1.878,912401.351
1.880,918912.403
1.881,928766.959
1.883,941420.758
1.884,954521.200
1.885,967599.390
1.887,978639.791
1.888,987409.194
1.890,992910.490
1.891,994757.899
1.892,993302.429
1.894,989379.381
1.895,984626.628
1.897,980789.342
1.898,978916.276
1.899,979642.251
1.901,982621.774
1.902,987140.920
1.904,992702.255
1.905,998296.262
1.907,1004145.231
1.908,1010042.999
1.910,1016586.781
1.911,1023912.118
1.912,1032118.228
1.914,1040858.840
1.915,1049670.126
1.917,1057564.370
1.918,1064692.608
1.920,1070083.501
1.921,1074871.349
1.923,1078314.817
1.924,1081100.630
1.925,1082741.402
1.927,1083472.736
1.928,1083813.883
1.930,1083771.535
1.931,1084150.884
1.933,1084398.486
1.934,1084756.656
1.936,1085010.939
1.937,1084971.485
1.939,1085563.712
1.940,1087030.272
1.942,1090521.595
1.943,1096657.721
1.945,1105125.323
1.946,1116639.584
1.948,1129432.285
1.949,1144152.248
1.951,1159110.455
1.952,1174122.768
1.954,1188906.574
1.955,1202213.699
1.957,1214002.496
1.958,1223093.826
1.960,1229259.189
1.961,1233358.538
1.963,1234850.488
1.964,1235850.215
1.966,1234865.541
1.968,1233820.435
1.969,1231825.162
1.971,1229915.123
1.972,1228411.757
1.974,1227617.382
1.975,1227908.299
1.977,1229526.632
1.978,1232146.960
1.980,1236858.673
1.981,1242625.608
1.983,1251157.201
1.985,1260322.381
1.986,1271626.725
1.988,1283042.709
1.989,1295438.013
1.991,1307868.552
1.992,1320494.912
1.994,1332452.080
1.996,1343814.563
1.997,1353385.456
1.999,1362445.060
2.000,1369338.827
2.002,1376687.704
2.004,1382578.942
2.005,1389009.268
2.007,1393866.437
2.008,1397174.291
2.010,1397638.246
2.012,1395213.850
2.013,1390549.708
2.015,1384018.140
2.017,1377361.548
2.018,1370526.766
2.020,1364746.138
2.021,1360065.519
2.023,1356554.005
2.025,1354545.477
2.026,1353506.741
2.028,1353692.124
2.030,1355506.445
2.031,1358470.660
2.033,1364878.172
2.035,1372612.462
2.036,1385905.655
2.038,1400948.442
2.039,1421900.040
2.041,1444740.332
2.043,1471023.432
2.044,1498218.365
2.046,1525953.166
2.048,1551894.548
2.050,1576049.461
2.051,1594942.999
2.053,1611639.777
2.055,1620702.778
2.056,1628311.244
2.058,1628688.417
2.060,1627950.210
2.061,1623300.178
2.063,1617894.520
2.065,1611564.914
2.066,1606176.189
2.068,1601770.901
2.070,1600297.287
2.072,1600238.827
2.073,1604185.012
2.075,1609209.919
2.077,1618096.699
2.079,1628174.007
2.080,1640326.593
2.082,1652533.788
2.084,1663600.007
2.085,1671515.375
2.087,1676078.821
2.089,1675985.873
2.091,1673826.549
2.092,1668206.676
2.094,1663223.324
2.096,1657432.345
2.098,1654246.491
2.100,1653046.226
2.101,1654552.993
2.103,1657712.674
2.105,1661666.514
2.107,1664803.695
2.108,1667829.769
2.110,1669134.477
2.112,1671696.989
2.114,1673201.171
2.116,1677591.745
2.117,1682631.745
2.119,1690884.389
2.121,1701129.139
2.123,1713880.236
2.125,1728264.796
2.126,1744032.302
2.128,1760880.867
2.130,1778392.372
2.132,1796542.947
2.134,1814489.894
2.136,1832833.732
2.137,1850901.422
2.139,1869503.685
2.141,1888341.231
2.143,1907460.843
2.145,1926159.374
2.147,1944117.796
2.149,1960635.565
2.150,1976315.248
2.152,1990785.125
2.154,2005592.750
2.156,2019645.331
2.158,2034045.288
2.160,2047013.817
2.162,2058713.756
2.163,2068041.006
2.165,2075289.144
2.167,2080819.664
2.169,2085157.170
2.171,2089472.895
2.173,2093659.786
2.175,2098352.082
2.177,2103107.349
2.179,2107713.618
2.181,2112687.935
2.183,2117856.657
2.184,2124707.725
2.186,2133619.473
2.188,2144787.851
2.190,2158662.729
2.192,2173118.856
2.194,2190130.924
2.196,2206315.201
2.198,2225657.630
2.200,2244534.314
2.202,2266060.260
2.204,2288173.706
2.206,2311554.542
2.208,2334432.381
2.210,2355719.188
2.212,2372698.387
2.214,2385819.102
2.216,2392166.169
2.218,2396358.752
2.220,2394466.068
2.222,2393425.005
2.224,2388833.252
2.226,2385513.874
2.228,2379987.524
2.230,2373884.990
2.232,2365784.017
2.234,2356215.783
2.236,2345744.649
2.238,2335187.866
2.240,2325545.693
2.242,2318156.111
2.244,2312580.742
2.246,2310858.297
2.248,2311482.895
2.250,2316537.439
2.252,2325062.897
2.254,2338363.820
2.256,2357086.546
2.258,2380852.787
2.260,2410920.553
2.262,2443809.815
2.265,2480224.672
2.267,2515760.120
2.269,2550394.571
2.271,2582127.569
2.273,2610244.340
2.275,2634941.473
2.277,2656078.237
2.279,2673865.670
2.281,2689660.389
2.283,2701155.291
2.286,2711837.057
2.288,2716339.323
2.290,2720443.271
2.292,2717505.176
2.294,2713011.060
2.296,2703301.227
2.298,2691315.551
2.301,2677120.187
2.303,2663516.575
2.305,2651304.789
2.307,2643685.535
2.309,2638560.319
2.311,2640111.999
2.313,2642523.847
2.316,2652389.318
2.318,2663000.902
2.320,2679721.162
2.322,2698731.845
2.324,2722316.073
2.327,2748180.575
2.329,2776305.907
2.331,2804028.681
2.333,2831236.658
2.335,2852883.070
2.338,2871749.704
2.340,2879699.722
2.342,2883476.862
2.344,2877056.775
2.347,2867397.955
2.349,2852920.715
2.351,2838182.064
2.353,2823254.940
2.356,2809946.858
2.358,2797340.939
2.360,2787398.564
2.362,2777157.481
2.365,2771601.926
2.367,2765911.909
2.369,2766069.785
2.372,2767925.360
2.374,2774898.928
2.376,2784146.391
2.378,2795910.879
2.381,2808646.054
2.383,2821470.187
2.385,2834423.418
2.388,2847196.797
2.390,2860903.387
2.392,2875439.034
2.395,2891647.738
2.397,2908931.562
2.399,2927289.300
2.402,2945848.406
2.404,2963901.506
2.407,2980385.685
2.409,2995138.301
2.411,3007846.836
2.414,3019945.897
2.416,3030549.699
2.418,3041543.502
2.421,3050165.639
2.423,3058405.556
2.426,3063887.770
2.428,3068146.244
2.430,3070002.429
2.433,3069625.885
2.435,3066901.488
2.438,3060914.957
2.440,3053113.864
2.443,3042317.160
2.445,3030774.410
2.447,3018072.514
2.450,3005922.395
2.452,2995561.667
2.455,2987451.465
2.457,2982409.875
2.460,2979425.622
2.462,2977172.680
2.465,2975257.875
2.467,2972520.802
2.470,2971640.930
2.472,2971985.016
2.475,2976861.495
2.477,2984136.385
2.480,2995042.247
2.482,3007051.371
2.485,3019816.148
2.487,3031435.030
2.490,3041393.265
2.492,3047424.498
2.495,3050435.938
2.498,3046503.494
2.500,3040549.094
2.503,3026395.983
2.505,3012326.648
2.508,2991972.969
2.510,2971687.319
2.513,2948156.406
2.516,2924711.274
2.518,2900899.057
2.521,2880995.333
2.523,2863381.122
2.526,2857389.069
2.529,2855413.766
2.531,2873880.527
2.534,2897505.678
2.537,2944018.263
2.539,2996449.955
2.542,3062736.383
2.544,3131971.171
2.547,3203842.423
2.550,3270626.849
2.552,3332465.186
2.555,3379285.968
2.558,3419602.721
2.561,3437292.317
2.563,3450616.233
2.566,3439626.123
2.569,3425649.558
2.571,3398251.918
2.574,3368986.808
2.577,3336109.100
2.580,3305562.810
2.582,3277800.135
2.585,3258468.236
2.588,3244630.432
2.591,3244229.910
2.593,3248399.826
2.596,3265761.483
2.599,3285238.164
2.602,3309781.974
2.604,3333299.496
2.607,3353896.919
2.610,3369627.414
2.613,3379189.942
2.616,3379179.041
2.618,3373006.458
2.621,3353771.620
2.624,3331705.897
2.627,3299734.439
2.630,3269724.039
2.633,3237872.141
2.636,3209511.511
2.638,3184908.265
2.641,3165101.450
2.644,3152051.002
2.647,3146523.137
2.650,3148484.013
2.653,3156378.637
2.656,3167424.991
2.659,3176294.959
2.662,3183774.722
2.664,3181589.814
2.667,3176803.520
2.670,3162603.935
2.673,3145783.376
2.676,3122942.428
2.679,3097330.959
2.682,3068121.466
2.685,3036962.812
2.688,3004728.773
2.691,2975215.496
2.694,2947579.524
2.697,2928189.373
2.700,2911366.415
2.703,2902418.887
2.706,2895638.584
2.709,2893816.363
2.712,2893358.867
2.715,2894334.105
2.718,2894592.711
2.721,2893846.895
2.724,2890863.176
2.727,2886816.875
2.731,2879946.301
2.734,2872875.238
2.737,2863508.113
2.740,2854404.588
2.743,2843683.087
2.746,2832399.504
2.749,2819563.162
2.752,2806705.970
2.755,2793475.447
2.759,2784157.582
2.762,2776248.559
2.765,2777391.345
2.768,2779938.044
2.771,2793586.610
2.774,2807900.767
2.778,2828951.469
2.781,2850045.568
2.784,2872831.703
2.787,2893433.413
2.790,2911913.402
2.794,2924253.721
2.797,2933603.269
2.800,2932919.464
2.803,2930745.920
2.807,2914913.388
2.810,2897677.727
2.813,2868282.616
2.816,2836617.951
2.820,2798552.159
2.823,2760355.880
2.826,2721753.560
2.830,2686237.764
2.833,2652986.144
2.836,2625718.440
2.840,2600768.073
2.843,2584805.288
2.846,2571034.755
2.850,2566286.997
2.853,2563250.952
2.856,2564101.931
2.860,2563854.174
2.863,2561548.225
2.867,2553648.790
2.870,2541060.759
2.874,2519803.054
2.877,2495606.381
2.880,2462212.496
2.884,2428525.301
2.887,2387450.255
2.891,2346937.619
2.894,2304677.811
2.898,2263305.605
2.901,2223687.765
2.905,2186500.125
2.908,2152393.431
2.912,2122407.814
2.915,2095384.507
2.919,2072553.116
2.922,2051593.532
2.926,2032590.862
2.929,2013819.038
2.933,1993448.895
2.937,1971402.771
2.940,1945995.039
2.944,1918321.519
2.947,1888379.998
2.951,1857923.925
2.955,1827489.637
2.958,1799588.393
2.962,1773174.515
2.965,1752137.135
2.969,1732237.065
2.973,1718971.549
2.977,1706484.282
2.980,1699119.743
2.984,1692975.605
2.988,1689875.281
2.991,1687561.371
2.995,1686113.410
2.999,1684186.244
3.003,1682077.400
3.006,1678298.823
3.010,1674493.999
3.014,1667713.332
3.018,1660491.637
3.021,1649275.151
3.025,1636306.392
3.029,1619360.559
3.033,1600099.494
3.037,1578412.034
3.041,1554637.347
3.044,1530121.711
3.048,1502904.693
3.052,1475077.114
3.056,1443984.757
3.060,1412134.209
3.064,1379403.287
3.068,1347099.452
3.072,1317744.994
3.076,1291610.789
3.079,1270870.217
3.083,1255361.605
3.087,1244329.063
3.091,1237958.657
3.095,1233383.452
3.099,1232113.950
3.103,1231333.972
3.107,1231862.447
3.111,1232083.274
3.115,1230019.937
3.120,1225731.731
3.124,1216888.130
3.128,1204433.869
3.132,1188143.349
3.136,1168635.119
3.140,1147608.481
3.144,1124312.215
3.148,1101040.833
3.152,1075972.495
3.156,1050868.740
3.161,1024549.426
3.165,998023.351
3.169,971684.217
3.173,946163.602
3.177,922232.400
3.182,900212.978
3.186,879910.001
3.190,861538.652
3.194,843895.904
3.199,827660.040
3.203,811183.349
3.207,795982.022
3.211,780673.420
3.216,766802.043
3.220,753661.301
3.224,741831.704
3.229,730587.315
3.233,719752.152
3.238,708694.670
3.242,697297.586
3.246,684846.197
3.251,671965.974
3.255,658013.807
3.260,644386.468
3.264,630615.240
3.268,617538.264
3.273,604938.355
3.277,592865.341
3.282,581344.263
3.286,570376.474
3.291,559965.940
3.295,550437.082
3.300,541688.062
3.305,533769.220
3.309,526567.935
3.314,518989.251
3.318,511205.232
3.323,501627.881
3.328,490995.412
3.332,478678.528
3.337,465717.385
3.342,452324.480
3.346,439157.196
3.351,426297.691
3.356,414093.728
3.360,402231.789
3.365,391494.298
3.370,381273.223
3.375,372538.472
3.379,364341.371
3.384,357063.150
3.389,349996.731
3.394,343234.750
3.399,336493.173
3.403,329786.568
3.408,322810.254
3.413,315659.668
3.418,307951.241
3.423,300137.180
3.428,291935.219
3.433,284078.146
3.438,276489.263
3.443,269456.362
3.448,262727.339
3.453,256148.476
3.458,249533.564
3.463,242866.227
3.468,236213.668
3.473,229699.073
3.478,223473.983
3.483,217640.230
3.488,212371.677
3.493,207539.693
3.498,203031.462
3.503,198370.579
3.508,193336.039
3.514,187811.767
3.519,182083.416
3.524,176518.931
3.529,171542.096
3.534,167295.777
3.540,163848.425
3.545,160832.548
3.550,158128.492
3.556,155305.423
3.561,152356.020
3.566,149143.351
3.572,145789.353
3.577,142401.320
3.582,139131.816
3.588,136069.708
3.593,133295.760
3.599,130796.222
3.604,128608.969
3.609,126655.745
3.615,124929.622
3.620,123358.656
3.626,121876.485
3.631,120420.308
3.637,118881.347
3.643,117244.340
3.648,115505.496
3.654,113701.108
3.659,111942.799
3.665,110204.974
3.671,108727.042
3.676,107423.170
3.682,106560.108
3.688,105858.606
3.693,105313.467
3.699,104632.378
3.705,103778.753
3.711,102835.726
3.716,101993.274
3.722,101359.196
3.728,100912.470
3.734,100325.696
3.740,99596.539
3.746,98562.572
3.752,97746.174
3.758,97127.052
3.763,97076.081
3.769,97295.225
3.775,97664.003
3.781,97865.635
3.787,97759.842
3.793,97235.430
3.800,96340.469
3.806,95105.020
3.812,93700.671
3.818,92123.001
3.824,90497.052
3.830,88834.210
3.836,87250.866
3.843,85841.261
3.849,84537.385
3.855,83292.334
3.861,81943.883
3.868,80465.572
3.874,78844.466
3.880,77143.204
3.887,75417.988
3.893,73732.127
3.899,72046.364
3.906,70442.644
3.912,68815.455
3.919,67299.909
3.925,65830.232
3.932,64539.392
3.938,63423.662
3.945,62568.265
3.951,61969.675
3.958,61624.516
3.964,61396.804
3.971,61283.745
3.978,61149.423
3.984,61190.122
3.991,61250.527
3.998,61620.264
4.004,62156.140
4.011,62984.660
4.018,63813.486
4.025,64425.678
4.032,64479.212
4.038,63861.689
4.045,62673.798
4.052,61239.968
4.059,59869.850
4.066,58816.214
4.073,58014.521
4.080,57391.313
4.087,56709.456
4.094,55939.735
4.101,55124.655
4.108,54475.850
4.116,54149.902
4.123,54170.804
4.130,54327.333
4.137,54448.219
4.144,54315.933
4.152,54003.949
4.159,53399.768
4.166,52657.357
4.173,51732.589
4.181,50817.799
4.188,49936.277
4.196,49107.688
4.203,48206.403
4.211,47139.464
4.218,45905.664
4.226,44645.692
4.233,43553.475
4.241,42739.763
4.248,42144.126
4.256,41586.178
4.264,40893.274
4.271,40048.004
4.279,39166.621
4.287,38438.745
4.294,37976.123
4.302,37765.388
4.310,37710.108
4.318,37580.725
4.326,37337.175
4.334,36828.000
4.342,36297.781
4.350,35679.841
4.358,35285.018
4.366,35010.873
4.374,35003.884
4.382,35120.924
4.390,35262.270
4.398,35147.738
4.406,34539.461
4.414,33221.679
4.423,31361.651
