1.772 470458 685.899 280716 137989 152.639 2.08506 418860 51598.2
1.773 474170 688.6 282329 138956 154.71 2.10806 421442 52727.7
1.774 478113 691.457 283942 139928 156.806 2.1313 424029 54084.5
1.775 482546 694.655 285554 140905 158.93 2.15479 426620 55925.7
1.777 487630 698.305 288775 142874 163.257 2.2025 431815 55815.6
1.778 493302 702.355 290384 143866 165.462 2.22674 434418 58884.4
1.779 499228 706.561 291991 144864 167.695 2.25122 437025 62202.6
1.78 504897 710.561 293597 145867 169.956 2.27596 439636 65260.5
1.781 509801 714.004 295201 146875 172.245 2.30096 442251 67549.8
1.783 513674 716.711 298404 148908 176.91 2.35175 447492 66182.7
1.784 516700 718.819 300003 149932 179.286 2.37755 450117 66583.3
1.785 519477 720.747 301600 150962 181.693 2.40361 452745 66731.6
1.786 518704 720.211 303194 151996 184.129 2.42994 455377 63326.7
1.788 489867 699.905 306375 154082 189.094 2.48343 460649 29218.1
1.789 407989 638.74 307962 155133 191.623 2.5106 463289 -55300.7
1.79 399263 631.872 309547 156189 194.183 2.53805 465932 -66669.7
1.791 448705 669.855 311128 157251 196.775 2.56578 468578 -19872.9
1.793 484727 696.224 314281 159391 202.057 2.62211 473877 10850.7
1.794 528842 727.215 315853 160468 204.747 2.65072 476529 52313.1
1.795 596772 772.51 317422 161552 207.471 2.67962 479184 117588
1.796 614422 783.851 318987 162641 210.228 2.70882 481841 132581
1.798 564228 751.151 322107 164835 215.846 2.76813 487160 77067.9
1.799 481352 693.796 323660 165940 218.707 2.79825 489822 -8469.8
1.8 483808 695.563 325210 167051 221.603 2.82868 492486 -8677.49
1.801 573047 756.998 326756 168167 224.535 2.85943 495151 77895.8
1.803 609946 780.99 329835 170416 230.507 2.92187 500485 109461
1.804 553029 743.659 331367 171549 233.549 2.95358 503153 49875.8
1.805 505492 710.98 332895 172688 236.628 2.98561 505823 -330.423
1.807 498361 705.947 335937 174982 242.899 3.05067 511164 -12803.5
1.808 517271 719.215 337450 176137 246.092 3.0837 513836 3434.56
1.809 517223 719.182 338958 177298 249.325 3.11707 516508 715.164
1.81 548171 740.386 340461 178464 252.596 3.15079 519181 28990.6
1.812 565962 752.305 343450 180814 259.26 3.21926 524526 41436
1.813 543810 737.435 344936 181997 262.653 3.25403 527199 16610.7
1.814 561774 749.516 346416 183186 266.088 3.28915 529872 31902
1.816 598973 773.933 349359 185581 273.082 3.36047 535217 63756.4
1.817 612566 782.666 350821 186787 276.643 3.39669 537888 74678.1
1.818 551139 742.388 352277 187999 280.246 3.43327 540559 10580
1.819 532467 729.703 353726 189216 283.894 3.47023 543230 -10762.6
1.821 585709 765.316 356604 191668 291.322 3.54527 548568 37141.4
1.822 611524 782 358033 192903 295.103 3.58338 551235 60289
1.823 581067 762.278 359455 194143 298.93 3.62186 553901 27165.9
1.825 560007 748.336 362278 196641 306.722 3.70002 559230 777.793
1.826 634202 796.368 363678 197899 310.689 3.7397 561892 72310.3
1.827 781498 884.024 365071 199162 314.703 3.77978 564552 216947
1.829 731922 855.524 367834 201706 322.876 3.86117 569867 162055
1.83 578889 760.848 369203 202987 327.036 3.90249 572521 6368.19
1.831 628368 792.697 370565 204273 331.245 3.94422 575173 53194.5
1.832 585232 765.005 371918 205566 335.505 3.98638 577824 7408.85
1.834 566264 752.505 374600 208168 344.178 4.07198 583116 -16852.1
1.835 618692 786.57 375929 209477 348.592 4.11544 585759 32933.4
1.836 653139 808.17 377248 210793 353.058 4.15933 588399 64739.9
1.838 609083 780.438 379861 213442 362.15 4.24845 593670 15413.3
1.839 678714 823.841 381154 214775 366.777 4.29369 596300 82413.9
1.84 701020 837.269 382438 216114 371.459 4.33939 598928 102092
1.842 637235 798.27 384978 218809 380.989 4.43216 604173 33061.5
1.843 590165 768.222 386234 220166 385.839 4.47925 606791 -16625.9
1.844 616460 785.149 387480 221529 390.745 4.52682 609404 7055.32
1.846 759889 871.716 389943 224271 400.732 4.62339 614620 145269
1.847 826454 909.095 391160 225651 405.814 4.67241 617222 209232
1.848 755784 869.358 392367 227038 410.955 4.72192 619820 135964
1.85 722222 849.836 394749 229827 421.419 4.82243 625003 97218.7
1.851 767577 876.115 395925 231231 426.743 4.87344 627588 139989
1.852 641784 801.114 397090 232641 432.129 4.92497 630168 11616.1
1.854 688118 829.529 399388 235478 443.091 5.02957 635315 52803.5
1.855 709735 842.458 400521 236906 448.667 5.08266 637881 71854.7
1.856 716885 846.69 401643 238339 454.309 5.13628 640442 76443
1.858 752377 867.396 403853 241224 465.789 5.24513 645548 106828
1.859 736139 857.985 404942 242675 471.629 5.30037 648094 88045.5
1.861 755761 869.345 407084 245595 483.512 5.41251 653168 102593
1.862 760791 872.234 408137 247065 489.557 5.46942 655697 105095
1.863 740202 860.35 409179 248540 495.672 5.5269 658220 81982.4
1.865 718691 847.757 411227 251508 508.113 5.64358 663249 55442.7
1.866 759009 871.211 412233 253001 514.441 5.70278 665754 93255.2
1.867 734408 856.976 413227 254499 520.842 5.76258 668253 66154.3
1.869 816100 903.382 415178 257515 533.864 5.88396 673233 142867
1.87 784575 885.763 416135 259032 540.488 5.94556 675713 108862
1.871 775743 880.763 417079 260554 547.187 6.00776 678187 97556.6
1.873 902158 949.82 418930 263618 560.816 6.13402 683115 219044
1.874 697041 834.89 419836 265158 567.746 6.19809 685568 11473
1.876 639815 799.885 421609 268257 581.846 6.32814 690455 -50639.6
1.877 628059 792.502 422476 269816 589.016 6.39413 692888 -64828.4
1.878 645144 803.209 423330 271380 596.267 6.46076 695313 -50169.4
1.88 642956 801.845 424998 274527 611.017 6.59602 700143 -57186.7
1.881 670384 818.77 425812 276109 618.518 6.66464 702546 -32162.7
1.883 710870 843.131 427399 279292 633.773 6.80393 707331 3539.17
1.884 805501 897.497 428172 280892 641.53 6.8746 709712 95788.7
1.885 825071 908.334 428931 282498 649.375 6.94597 712085 112986
1.887 899753 948.553 430408 285728 665.329 7.09081 716808 182945
1.888 1.02275e+006 1011.31 431125 287352 673.44 7.1643 719158 303593
1.89 702432 838.112 432518 290617 689.937 7.31344 723832 -21400.8
1.891 724434 851.137 433193 292259 698.323 7.3891 726158 -1723.29
1.892 728953 853.787 433854 293906 706.804 7.46551 728474 478.597
1.894 773553 879.519 435132 297219 724.049 7.62057 733083 40470.1
1.895 867386 931.335 435749 298885 732.816 7.69924 735375 132011
1.897 912320 955.154 436941 302233 750.643 7.85888 739932 172388
1.898 719559 848.269 437514 303916 759.705 7.93988 742198 -22638.3
1.899 747337 864.486 438073 305605 768.867 8.02166 744455 2881.8
1.901 764320 874.254 439146 309000 787.497 8.18761 748942 15378.2
1.902 723043 850.319 439661 310707 796.966 8.2718 751173 -28129.7
1.904 732119 855.639 440644 314137 816.219 8.44264 755606 -23487.3
1.905 740169 860.331 441114 315861 826.005 8.5293 757809 -17640.7
1.907 764352 874.272 442007 319327 845.899 8.70516 762188 2163.92
1.908 816018 903.337 442430 321068 856.01 8.79437 764364 51654.7
1.91 822742 907.051 443232 324569 876.565 8.97538 768687 54055.2
1.911 764606 874.418 443610 326328 887.011 9.0672 770834 -6227.68
1.912 778449 882.298 443973 328092 897.572 9.15991 772972 5477.41
1.914 743889 862.49 444651 331639 919.038 9.34801 777219 -33329.5
1.915 753252 867.901 444967 333421 929.947 9.44343 779328 -26075.8
1.917 786409 886.797 445553 337003 952.12 9.63703 783517 2891.86
1.918 839407 916.192 445823 338802 963.387 9.73522 785598 53809.5
1.92 904391 950.995 446315 342417 986.288 9.93446 789728 114663
1.921 867425 931.357 446537 344234 997.924 10.0355 791779 75646
1.923 850140 922.03 446935 347884 1021.57 10.2405 795851 54289.3
1.924 774245 879.912 447111 349717 1033.59 10.3445 797872 -23626.4
1.925 726933 852.604 447271 351556 1045.73 10.4495 799883 -72949.6
1.927 752028 867.196 447543 355251 1070.42 10.6625 803875 -51846.6
1.928 825058 908.327 447655 357107 1082.96 10.7705 805856 19202.6
1.93 900783 949.096 447832 360836 1108.44 10.9897 809787 90995.5
1.931 866106 930.648 447897 362708 1121.38 11.1009 811738 54368
1.933 817058 903.912 447980 366470 1147.69 11.3264 815609 1448.56
1.934 859840 927.275 447997 368360 1161.05 11.4407 817529 42310.4
1.936 972389 986.098 447984 372155 1188.2 11.6727 821339 151050
1.937 797008 892.753 447954 374060 1201.99 11.7904 823229 -26220.5
1.939 827159 909.483 447847 377888 1230.01 12.029 826977 181.734
1.94 792391 890.164 447769 379811 1244.25 12.1501 828836 -36444.6
1.942 740456 860.497 447566 383671 1273.16 12.3956 832523 -92067.3
1.943 772780 879.079 447441 385610 1287.85 12.5201 834351 -61571.5
1.945 734296 856.911 447144 389502 1317.69 12.7727 837977 -103681
1.946 691053 831.296 446972 391457 1332.84 12.9007 839774 -148721
1.948 794411 891.297 446580 395381 1363.62 13.1605 843338 -48927.2
1.949 879946 938.054 446361 397352 1379.26 13.2923 845105 34841
1.951 917574 957.901 445875 401308 1411.01 13.5595 848607 68966.3
1.952 976537 988.199 445608 403294 1427.14 13.695 850343 126193
1.954 964530 982.105 445029 407282 1459.89 13.9698 853785 110746
1.955 961905 980.768 444716 409283 1476.52 14.1091 855490 106415
1.957 846580 920.098 444043 413302 1510.3 14.3918 858870 -12289.5
1.958 830462 911.297 443684 415319 1527.45 14.5351 860545 -30082.9
1.96 966358 983.035 442919 419368 1562.29 14.8257 863864 102494
1.961 836416 914.558 442513 421400 1579.97 14.9731 865508 -29092.8
1.963 947716 973.507 441657 425479 1615.89 15.272 868767 78948.9
1.964 1.01701e+006 1008.47 441206 427527 1634.13 15.4235 870382 146625
1.966 996619 998.308 440258 431636 1671.16 15.7309 873580 123039
1.968 896820 947.006 439250 435764 1708.95 16.044 876739 20080.7
1.969 810542 900.301 438724 437836 1728.13 16.2027 878304 -67761.9
1.971 901450 949.447 437627 441993 1767.09 16.5246 881404 20045.9
1.972 781122 883.811 437056 444079 1786.86 16.6878 882939 -101817
1.974 786142 886.647 435871 448266 1827.01 17.0188 885981 -99838.5
1.975 848880 921.347 435257 450366 1847.39 17.1866 887487 -38606.8
1.977 930925 964.845 433984 454580 1888.76 17.5268 890470 40454.6
1.978 970097 984.935 433326 456694 1909.76 17.6993 891948 78149.5
1.98 990312 995.144 431968 460936 1952.39 18.0491 894874 95437.3
1.981 889117 942.93 431267 463064 1974.03 18.2264 896323 -7206.54
1.983 865485 930.314 429824 467333 2017.96 18.586 899194 -33708.7
1.985 871226 933.395 428325 471620 2062.76 18.9522 902027 -30800.2
1.986 858244 926.415 427555 473770 2085.5 19.1378 903429 -45185.6
1.988 857840 926.197 425973 478083 2131.65 19.5142 906208 -48367.6
1.989 923031 960.745 425162 480247 2155.07 19.705 907583 15447.7
1.991 812416 901.341 423499 484586 2202.61 20.0919 910308 -97891.7
1.992 815081 902.818 422648 486762 2226.73 20.288 911657 -96575.6
1.994 1.02768e+006 1013.75 420906 491126 2275.69 20.6856 914328 113353
1.996 1.21802e+006 1103.64 419112 495507 2325.62 21.0906 916965 301056
1.997 985989 992.97 418196 497703 2350.95 21.2958 918271 67717.6
1.999 1.01862e+006 1009.27 416325 502108 2402.35 21.7119 920857 97767.1
2 1.02264e+006 1011.26 415370 504317 2428.43 21.9228 922137 100502
2.002 946704 972.987 413424 508745 2481.36 22.3504 924674 22030.4
2.004 897442 947.334 411429 513190 2535.31 22.7859 927177 -29735.4
2.005 865042 930.076 410414 515417 2562.69 23.0065 928417 -63375
2.007 876717 936.332 408347 519884 2618.23 23.4539 930873 -54155.4
2.008 884960 940.723 407295 522123 2646.4 23.6807 932089 -47129.1
2.01 908088 952.937 405158 526612 2703.57 24.1403 934498 -26409.3
2.012 993889 996.94 402975 531116 2761.84 24.6084 936877 57012.2
2.013 1.00053e+006 1000.26 401866 533373 2791.39 24.8456 938055 62472.8
2.015 1.09632e+006 1047.05 399616 537897 2851.35 25.3264 940389 155933
2.017 954456 976.963 397322 542435 2912.46 25.8159 942695 11760.9
2.018 917570 957.899 396159 544709 2943.45 26.064 943837 -26267.2
2.02 933542 966.2 393801 549266 3006.33 26.5669 946100 -12558.3
2.021 898271 947.772 392607 551550 3038.21 26.8217 947222 -48950.5
2.023 905180 951.41 390188 556127 3102.89 27.3383 949445 -44264.3
2.025 870035 932.757 387728 560716 3168.79 27.8641 951641 -81605.9
2.026 933458 966.156 386484 563015 3202.21 28.1306 952730 -19271.8
2.028 973476 986.649 383967 567623 3269.99 28.6707 954888 18588.2
2.03 952935 976.184 381412 572241 3339.05 29.2206 957022 -4086.34
2.031 934078 966.477 380121 574555 3374.07 29.4991 958079 -24001
2.033 929979 964.354 377511 579191 3445.08 30.0638 960177 -30197.9
2.035 816803 903.771 374867 583837 3517.42 30.6386 962252 -145449
2.036 777721 881.885 373532 586164 3554.1 30.9298 963281 -185560
2.038 829585 910.816 370836 590826 3628.47 31.5201 965322 -135737
2.039 935314 967.116 369476 593160 3666.18 31.8191 966335 -31020.8
2.041 1.0202e+006 1010.05 366733 597837 3742.63 32.4252 968344 51854.3
2.043 974650 987.243 363958 602522 3820.51 33.0421 970334 4316.14
2.044 938385 968.703 362559 604869 3859.98 33.3546 971321 -32936
2.046 926006 962.292 359739 609568 3940.01 33.988 973281 -47275.2
2.048 980909 990.408 356891 614276 4021.51 34.6327 975222 5686.54
2.05 1.12086e+006 1058.7 354015 618991 4104.51 35.2887 977146 143710
2.051 1.10214e+006 1049.83 352567 621352 4146.57 35.6211 978101 124039
2.053 1.19215e+006 1091.85 349652 626079 4231.85 36.2946 979999 212148
2.055 1.25143e+006 1118.67 346712 630814 4318.67 36.98 981881 269547
2.056 1.20349e+006 1097.03 345233 633183 4362.68 37.3272 982816 220670
2.058 1.06837e+006 1033.62 342257 637928 4451.87 38.0308 984675 83692.8
2.06 938433 968.728 339259 642678 4542.68 38.7467 986519 -48085.6
2.061 998634 999.317 337752 645056 4588.69 39.1094 987436 11198.5
2.063 1.02519e+006 1012.52 334723 649815 4681.96 39.8443 989259 35928.4
2.065 994184 997.088 331673 654579 4776.89 40.5921 991070 3114.08
2.066 972300 986.053 330142 656963 4824.99 40.9709 991971 -19671.2
2.068 979327 989.609 327065 661735 4922.48 41.7383 993764 -14437.4
2.07 972174 985.989 323971 666511 5021.7 42.5192 995546 -23371.2
2.072 1.01125e+006 1005.61 320861 671290 5122.68 43.3137 997317 13932.1
2.073 1.03873e+006 1019.18 319300 673681 5173.84 43.7161 998199 40530.1
2.075 992217 996.101 316167 678466 5277.5 44.5314 999955 -7738.44
2.077 945394 972.314 313021 683253 5382.99 45.3609 1.0017e+006 -56309
2.079 1.02999e+006 1014.88 309863 688043 5490.32 46.2048 1.00344e+006 26548.3
2.08 983026 991.477 308279 690438 5544.69 46.6322 1.00431e+006 -21282.8
2.082 1.00171e+006 1000.85 305104 695230 5654.86 47.4981 1.00604e+006 -4330.43
2.084 1.09675e+006 1047.26 301919 700024 5766.93 48.3789 1.00776e+006 88996.1
2.085 1.18608e+006 1089.07 300323 702421 5823.7 48.825 1.00862e+006 177467
2.087 1.06006e+006 1029.59 297124 707216 5938.7 49.7288 1.01033e+006 49733.6
2.089 1.04726e+006 1023.36 293918 712011 6055.69 50.6481 1.01204e+006 35227.4
2.091 994331 997.161 290705 716806 6174.7 51.5832 1.01374e+006 -19406.9
2.092 1.04073e+006 1020.16 289097 719203 6234.96 52.0568 1.01459e+006 26140.6
2.094 1.1061e+006 1051.71 285877 723997 6357.04 53.0161 1.01628e+006 89812.1
2.096 1.10171e+006 1049.62 282652 728789 6481.2 53.9918 1.01798e+006 83736
2.098 1.00438e+006 1002.19 279424 733580 6607.48 54.9843 1.01967e+006 -15289.8
2.1 994506 997.249 276194 738368 6735.89 55.9937 1.02135e+006 -26847.8
2.101 949265 974.302 274579 740761 6800.91 56.5048 1.0222e+006 -72932.6
2.103 1.01985e+006 1009.88 271347 745545 6932.6 57.5401 1.02388e+006 -4035.2
2.105 1.05885e+006 1029 268116 750326 7066.5 58.5931 1.02557e+006 33281.8
2.107 917568 957.898 264885 755103 7202.65 59.6639 1.02725e+006 -109683
2.108 887723 942.19 263271 757490 7271.58 60.2061 1.02809e+006 -140370
2.11 893200 945.093 260044 762261 7411.15 61.3043 1.02978e+006 -136576
2.112 1.05932e+006 1029.23 256820 767026 7553.05 62.4211 1.03146e+006 27858.2
2.114 1.25222e+006 1119.03 253600 771786 7697.31 63.5568 1.03315e+006 219074
2.116 1.14565e+006 1070.35 250385 776540 7843.94 64.7117 1.03483e+006 110821
2.117 925549 962.055 248779 778915 7918.17 65.2964 1.03568e+006 -110128
2.119 874690 935.249 245573 783659 8068.44 66.4806 1.03737e+006 -162677
2.121 882086 939.194 242375 788396 8221.18 67.6847 1.03906e+006 -156973
2.123 1.02643e+006 1013.13 239183 793126 8376.42 68.9091 1.04075e+006 -14325.5
2.125 1.23339e+006 1110.58 236001 797847 8534.18 70.1539 1.04245e+006 190939
2.126 1.24973e+006 1117.91 234413 800205 8614.02 70.7842 1.0433e+006 206425
2.128 1.1658e+006 1079.72 231245 804913 8775.64 72.0604 1.04501e+006 120793
2.13 1.09905e+006 1048.36 228088 809613 8939.87 73.358 1.04671e+006 52335.7
2.132 933040 965.94 224942 814302 9106.74 74.6773 1.04843e+006 -115385
2.134 849811 921.852 221807 818982 9276.29 76.0185 1.05014e+006 -200331
2.136 928181 963.422 218686 823650 9448.55 77.382 1.05186e+006 -123681
2.137 981605 990.76 217130 825980 9535.71 78.0722 1.05272e+006 -71119.7
2.139 1.17155e+006 1082.38 214029 830632 9712.1 79.4699 1.05445e+006 117101
2.141 1.28625e+006 1134.13 210943 835272 9891.29 80.8907 1.05619e+006 230063
2.143 1.26162e+006 1123.22 207871 839899 10073.3 82.335 1.05793e+006 203696
2.145 1.13977e+006 1067.6 204815 844513 10258.2 83.8031 1.05967e+006 80095.2
2.147 1.03748e+006 1018.57 201776 849114 10446 85.2955 1.06142e+006 -23938.2
2.149 1.03398e+006 1016.85 198754 853701 10636.7 86.8125 1.06318e+006 -29201.3
2.15 1.11745e+006 1057.1 197249 855989 10733.2 87.5803 1.06406e+006 53391.5
2.152 1.23231e+006 1110.09 194253 860555 10928.4 89.1348 1.06583e+006 166482
2.154 1.20017e+006 1095.52 191276 865105 11126.6 90.7148 1.0676e+006 132568
2.156 1.10134e+006 1049.45 188318 869639 11327.9 92.3208 1.06938e+006 31967.5
2.158 1.05223e+006 1025.78 185379 874157 11532.2 93.9529 1.07116e+006 -18931.4
2.16 1.08687e+006 1042.53 182460 878659 11739.7 95.6118 1.07295e+006 13918.4
2.162 1.11995e+006 1058.27 179562 883143 11950.4 97.2977 1.07475e+006 45192.6
2.163 1.17859e+006 1085.63 178121 885379 12057 98.1509 1.07565e+006 102938
2.165 1.255e+006 1120.27 175254 889837 12272.5 99.8782 1.07746e+006 177532
2.167 1.17469e+006 1083.83 172410 894276 12491.2 101.633 1.07928e+006 95414.9
2.169 1.14593e+006 1070.48 169587 898697 12713.3 103.417 1.0811e+006 64828.8
2.171 1.13698e+006 1066.29 166787 903098 12938.7 105.23 1.08293e+006 54046.2
2.173 1.20518e+006 1097.81 164010 907479 13167.5 107.072 1.08476e+006 120413
2.175 1.23533e+006 1111.46 161257 911840 13399.7 108.944 1.08661e+006 148728
2.177 1.10507e+006 1051.22 158527 916180 13635.3 110.845 1.08845e+006 16620.1
2.179 1.11188e+006 1054.46 155822 920499 13874.5 112.778 1.09031e+006 21572.5
2.181 1.13437e+006 1065.07 153141 924796 14117.1 114.742 1.09217e+006 42202.9
2.183 1.2053e+006 1097.86 150484 929070 14363.3 116.737 1.09403e+006 111261
2.184 1.23365e+006 1110.7 149166 931199 14487.8 117.746 1.09497e+006 138678
2.186 1.16008e+006 1077.07 146547 935439 14739.5 119.789 1.09685e+006 63238.1
2.188 1.15963e+006 1076.86 143955 939655 14994.8 121.865 1.09873e+006 60908.3
2.19 1.10022e+006 1048.91 141388 943847 15253.8 123.974 1.10061e+006 -392.491
2.192 1.09322e+006 1045.57 138847 948015 15516.6 126.117 1.1025e+006 -9280.7
2.194 1.11528e+006 1056.07 136333 952158 15783.1 128.293 1.1044e+006 10874.7
2.196 1.2372e+006 1112.29 133845 956275 16053.5 130.504 1.1063e+006 130892
2.198 1.26669e+006 1125.47 131384 960366 16327.7 132.751 1.10821e+006 158480
2.2 1.14406e+006 1069.61 128950 964430 16605.8 135.032 1.11012e+006 33935.9
2.202 1.14231e+006 1068.79 126544 968468 16887.9 137.35 1.11204e+006 30270.2
2.204 1.17833e+006 1085.51 124164 972478 17173.9 139.705 1.11396e+006 64370.4
2.206 1.18293e+006 1087.63 121812 976460 17464 142.096 1.11588e+006 67055.6
2.208 1.26496e+006 1124.7 119488 980413 17758.1 144.525 1.1178e+006 147154
2.21 1.44788e+006 1203.28 117192 984338 18056.4 146.993 1.11973e+006 328148
2.212 1.34938e+006 1161.63 114923 988233 18358.7 149.499 1.12166e+006 227714
2.214 1.27204e+006 1127.85 112683 992098 18665.3 152.044 1.1236e+006 148443
2.216 1.23006e+006 1109.08 110470 995933 18976.1 154.629 1.12553e+006 104527
2.218 1.15251e+006 1073.55 108286 999737 19291.1 157.254 1.12747e+006 25038.7
2.22 1.18264e+006 1087.49 106129 1.00351e+006 19610.5 159.921 1.12941e+006 53231.7
2.222 1.33644e+006 1156.04 104001 1.00725e+006 19934.2 162.628 1.13135e+006 205089
2.224 1.29847e+006 1139.5 101902 1.01096e+006 20262.3 165.378 1.13329e+006 165176
2.226 1.27437e+006 1128.88 99830.1 1.01464e+006 20594.8 168.171 1.13523e+006 139137
2.228 1.23538e+006 1111.48 97786.9 1.01828e+006 20931.8 171.006 1.13717e+006 98212.9
2.23 1.17304e+006 1083.07 95772 1.02189e+006 21273.3 173.886 1.13911e+006 33927
2.232 1.25625e+006 1120.82 93785.3 1.02546e+006 21619.4 176.81 1.14105e+006 115199
2.234 1.24608e+006 1116.28 91826.9 1.02901e+006 21970 179.779 1.14298e+006 103100
2.236 1.18769e+006 1089.81 89896.6 1.03251e+006 22325.3 182.793 1.14492e+006 42775.7
2.238 1.17192e+006 1082.55 87994.4 1.03598e+006 22685.2 185.854 1.14685e+006 25076.2
2.24 1.16301e+006 1078.43 86120.4 1.03942e+006 23049.9 188.962 1.14878e+006 14230.5
2.242 1.1805e+006 1086.51 84274.3 1.04282e+006 23419.3 192.117 1.1507e+006 29802.5
2.244 1.23177e+006 1109.85 82456.1 1.04618e+006 23793.6 195.32 1.15262e+006 79151.1
2.246 1.24124e+006 1114.11 80665.7 1.0495e+006 24172.6 198.573 1.15454e+006 86696
2.248 1.16941e+006 1081.39 78903.1 1.05279e+006 24556.6 201.875 1.15645e+006 12958.7
2.25 1.10399e+006 1050.71 77168 1.05604e+006 24945.4 205.227 1.15836e+006 -54367.2
2.252 1.11511e+006 1055.99 75460.4 1.05925e+006 25339.3 208.63 1.16026e+006 -45150.8
2.254 1.19937e+006 1095.16 73780.2 1.06242e+006 25738.1 212.084 1.16215e+006 37218.4
2.256 1.21407e+006 1101.85 72127.2 1.06556e+006 26142 215.591 1.16404e+006 50027.3
2.258 1.18254e+006 1087.45 70501.3 1.06865e+006 26551 219.151 1.16592e+006 16619.1
2.26 1.15869e+006 1076.42 68902.2 1.0717e+006 26965 222.764 1.16779e+006 -9107.88
2.262 1.16936e+006 1081.37 67329.9 1.07472e+006 27384.3 226.432 1.16966e+006 -303.595
2.265 1.10732e+006 1052.29 65021.2 1.07916e+006 28023 232.037 1.17244e+006 -65116.9
2.267 1.25241e+006 1119.11 63515 1.08207e+006 28455.3 235.844 1.17428e+006 78128.1
2.269 1.36053e+006 1166.42 62034.9 1.08494e+006 28893 239.707 1.17611e+006 184425
2.271 1.45534e+006 1206.38 60580.8 1.08777e+006 29336 243.629 1.17793e+006 277411
2.273 1.43767e+006 1199.03 59152.3 1.09055e+006 29784.4 247.609 1.17974e+006 257933
2.275 1.33379e+006 1154.9 57749.4 1.0933e+006 30238.2 251.648 1.18154e+006 152258
2.277 1.31077e+006 1144.89 56371.8 1.09599e+006 30697.5 255.747 1.18332e+006 127453
2.279 1.18137e+006 1086.91 55019.2 1.09865e+006 31162.3 259.907 1.18509e+006 -3719.16
2.281 1.16011e+006 1077.08 53691.5 1.10126e+006 31632.7 264.129 1.18685e+006 -26741
2.283 1.28656e+006 1134.27 52388.5 1.10383e+006 32108.6 268.413 1.18859e+006 97969.1
2.286 1.4215e+006 1192.27 50479.5 1.1076e+006 32833 274.958 1.19118e+006 230319
2.288 1.34878e+006 1161.37 49237 1.11005e+006 33323.1 279.401 1.19289e+006 155888
2.29 1.46323e+006 1209.64 48018.3 1.11246e+006 33818.9 283.91 1.19458e+006 268649
2.292 1.41258e+006 1188.52 46823.1 1.11483e+006 34320.4 288.485 1.19626e+006 216320
2.294 1.30397e+006 1141.91 45651.2 1.11714e+006 34827.7 293.127 1.19792e+006 106050
2.296 1.24771e+006 1117.01 44502.3 1.11942e+006 35340.9 297.837 1.19956e+006 48155.7
2.298 1.24951e+006 1117.82 43376.2 1.12164e+006 35859.9 302.616 1.20118e+006 48330.9
2.301 1.21593e+006 1102.69 41729.2 1.12489e+006 36649.6 309.915 1.20358e+006 12351.9
2.303 1.18802e+006 1089.96 40658.9 1.127e+006 37183.5 314.869 1.20516e+006 -17134.5
2.305 1.19703e+006 1094.09 39610.5 1.12906e+006 37723.3 319.895 1.20671e+006 -9688.49
2.307 1.21264e+006 1101.2 38583.6 1.13107e+006 38269.2 324.994 1.20825e+006 4392.87
2.309 1.17056e+006 1081.92 37578 1.13304e+006 38821.2 330.167 1.20977e+006 -39210.5
2.311 1.27873e+006 1130.81 36593.5 1.13495e+006 39379.3 335.414 1.21126e+006 67467.7
2.313 1.28081e+006 1131.73 35629.7 1.13682e+006 39943.5 340.737 1.21273e+006 68079.2
2.316 1.26043e+006 1122.69 34222.4 1.13953e+006 40801.4 348.864 1.2149e+006 45525.8
2.318 1.20058e+006 1095.71 33309.2 1.14127e+006 41381.1 354.38 1.21632e+006 -15732.9
2.32 1.15615e+006 1075.25 32415.9 1.14297e+006 41967.1 359.975 1.21771e+006 -61556.5
2.322 1.14821e+006 1071.55 31542.1 1.14461e+006 42559.3 365.65 1.21908e+006 -70867.8
2.324 1.22821e+006 1108.25 30687.5 1.14621e+006 43157.9 371.406 1.22042e+006 7786.22
2.327 1.28941e+006 1135.52 29440.9 1.14851e+006 44067.7 380.193 1.22239e+006 67017.4
2.329 1.28183e+006 1132.18 28633.1 1.14997e+006 44682.2 386.155 1.22368e+006 58156.4
2.331 1.25734e+006 1121.31 27843.5 1.15139e+006 45303.2 392.202 1.22493e+006 32407.1
2.333 1.29249e+006 1136.88 27071.9 1.15276e+006 45930.6 398.335 1.22616e+006 66331
2.335 1.29348e+006 1137.31 26317.9 1.15408e+006 46564.6 404.554 1.22736e+006 66117.4
2.338 1.3975e+006 1182.16 25219.4 1.15596e+006 47527.7 414.047 1.22912e+006 168384
2.34 1.31624e+006 1147.28 24508.4 1.15714e+006 48177.9 420.487 1.23025e+006 85994
2.342 1.26385e+006 1124.21 23814 1.15828e+006 48834.8 427.018 1.23136e+006 32490.6
2.344 1.29429e+006 1137.67 23136 1.15936e+006 49498.3 433.64 1.23243e+006 61861.2
2.347 1.34871e+006 1161.34 22149.2 1.16089e+006 50506 443.747 1.23399e+006 114720
2.349 1.41497e+006 1189.52 21511 1.16185e+006 51186.2 450.603 1.235e+006 179972
2.351 1.35046e+006 1162.09 20888.2 1.16275e+006 51873.1 457.554 1.23597e+006 114486
2.353 1.21362e+006 1101.65 20280.6 1.1636e+006 52566.7 464.601 1.23691e+006 -23288.1
2.356 1.07388e+006 1036.28 19397.1 1.16478e+006 53619.8 475.356 1.23827e+006 -164386
2.358 1.17101e+006 1082.13 18826.2 1.16549e+006 54330.4 482.65 1.23913e+006 -68119.2
2.36 1.26737e+006 1125.78 18269.5 1.16616e+006 55047.8 490.045 1.23997e+006 27404
2.362 1.17469e+006 1083.83 17726.8 1.16677e+006 55772 497.541 1.24077e+006 -66079.5
2.365 1.12026e+006 1058.42 16938.3 1.16759e+006 56871.2 508.98 1.24191e+006 -121655
2.367 1.17213e+006 1082.65 16429.4 1.16807e+006 57612.6 516.736 1.24263e+006 -70500.7
2.369 1.15343e+006 1073.98 15933.4 1.1685e+006 58361 524.599 1.24332e+006 -89885.3
2.372 1.10713e+006 1052.2 15213.4 1.16904e+006 59496.5 536.595 1.24429e+006 -137150
2.374 1.23059e+006 1109.32 14749 1.16933e+006 60262.2 544.728 1.24489e+006 -14303.3
2.376 1.21959e+006 1104.35 14296.7 1.16957e+006 61034.9 552.972 1.24546e+006 -25866.7
2.378 1.2418e+006 1114.36 13856.3 1.16976e+006 61814.5 561.328 1.24599e+006 -4194.17
2.381 1.23538e+006 1111.48 13217.5 1.16994e+006 62997.2 574.075 1.24673e+006 -11351.4
2.383 1.17577e+006 1084.33 12805.9 1.16999e+006 63794.4 582.716 1.24718e+006 -71405.5
2.385 1.28429e+006 1133.27 12405.2 1.16999e+006 64598.7 591.474 1.24759e+006 36704.5
2.388 1.26575e+006 1125.06 11824.6 1.16989e+006 65818.3 604.833 1.24814e+006 17611.6
2.39 1.1372e+006 1066.4 11450.6 1.16976e+006 66640.2 613.888 1.24846e+006 -111261
2.392 1.1327e+006 1064.28 11086.9 1.16957e+006 67469.2 623.064 1.24875e+006 -116050
2.395 1.19341e+006 1092.43 10560.1 1.16919e+006 68726 637.059 1.24912e+006 -55706
2.397 1.15556e+006 1074.97 10221.1 1.16887e+006 69572.8 646.544 1.24931e+006 -93754.9
2.399 1.18242e+006 1087.39 9891.56 1.1685e+006 70426.6 656.156 1.24947e+006 -67057.6
2.402 1.26388e+006 1124.23 9414.56 1.16784e+006 71720.7 670.813 1.24964e+006 14238.2
2.404 1.29148e+006 1136.43 9107.8 1.16733e+006 72592.4 680.747 1.24971e+006 41762.4
2.407 1.23226e+006 1110.07 8664 1.16647e+006 73913.2 695.893 1.24975e+006 -17486.7
2.409 1.19497e+006 1093.15 8378.74 1.16583e+006 74802.7 706.158 1.24972e+006 -54747.8
2.411 1.1061e+006 1051.71 8101.71 1.16514e+006 75699.3 716.557 1.24966e+006 -143556
2.414 1.17225e+006 1082.71 7701.22 1.16401e+006 77057.7 732.412 1.2495e+006 -77246.7
2.416 1.25504e+006 1120.29 7443.97 1.16318e+006 77972.1 743.155 1.24934e+006 5700.41
2.418 1.27464e+006 1129 7194.29 1.16231e+006 78893.7 754.038 1.24915e+006 25486.7
2.421 1.28199e+006 1132.25 6833.57 1.16089e+006 80289.4 770.63 1.24879e+006 33206.5
2.423 1.19743e+006 1094.27 6602.03 1.15989e+006 81228.8 781.87 1.2485e+006 -51073.6
2.426 1.15661e+006 1075.46 6267.69 1.15828e+006 82651.3 799.005 1.248e+006 -91388.8
2.428 1.15199e+006 1073.31 6053.18 1.15714e+006 83608.4 810.614 1.24762e+006 -95630.5
2.43 1.17723e+006 1085 5845.19 1.15596e+006 84572.7 822.372 1.2472e+006 -69961.4
2.433 1.29256e+006 1136.91 5545.05 1.15408e+006 86032.4 840.293 1.24649e+006 46068.3
2.435 1.2287e+006 1108.47 5352.63 1.15276e+006 87014.3 852.432 1.24598e+006 -17276.4
2.438 1.19462e+006 1092.99 5075.09 1.15069e+006 88500.5 870.933 1.24514e+006 -50518.9
2.44 1.20917e+006 1099.62 4897.24 1.14925e+006 89500.1 883.465 1.24453e+006 -35358.2
2.443 1.28316e+006 1132.77 4640.86 1.14699e+006 91012.6 902.562 1.24354e+006 39619.5
2.445 1.25696e+006 1121.14 4476.64 1.14542e+006 92029.7 915.496 1.24284e+006 14119.9
2.447 1.23254e+006 1110.2 4317.63 1.1438e+006 93053.8 928.594 1.2421e+006 -9558.01
2.45 1.11833e+006 1057.51 4088.55 1.14127e+006 94603 948.552 1.24091e+006 -122586
2.452 1.11752e+006 1057.13 3941.92 1.13953e+006 95644.4 962.067 1.24008e+006 -122561
2.455 1.05896e+006 1029.06 3730.8 1.13682e+006 97219.5 982.66 1.23875e+006 -179792
2.457 1.06986e+006 1034.34 3595.73 1.13495e+006 98278.2 996.605 1.23782e+006 -167965
2.46 1.16632e+006 1079.96 3401.34 1.13206e+006 99879 1017.85 1.23636e+006 -70036
2.462 1.16579e+006 1079.72 3277.05 1.13007e+006 100955 1032.23 1.23534e+006 -69544.2
2.465 1.0802e+006 1039.33 3098.24 1.127e+006 102581 1054.15 1.23373e+006 -153536
2.467 1.13105e+006 1063.51 2983.97 1.12489e+006 103674 1068.98 1.23262e+006 -101571
2.47 1.21032e+006 1100.15 2819.66 1.12164e+006 105325 1091.58 1.23088e+006 -20557.2
2.472 1.2655e+006 1124.94 2714.7 1.11942e+006 106434 1106.88 1.22967e+006 35823.4
2.475 1.19067e+006 1091.18 2563.86 1.11599e+006 108110 1130.18 1.2278e+006 -37129.2
2.477 1.10918e+006 1053.18 2467.54 1.11365e+006 109236 1145.96 1.2265e+006 -117319
2.48 1.04449e+006 1022 2329.2 1.11005e+006 110937 1169.98 1.22449e+006 -179997
2.482 1.04816e+006 1023.8 2240.91 1.1076e+006 112079 1186.25 1.2231e+006 -174941
2.485 1.06287e+006 1030.96 2114.15 1.10383e+006 113804 1211.01 1.22096e+006 -158086
2.487 1.0681e+006 1033.49 2033.29 1.10126e+006 114962 1227.77 1.21948e+006 -151380
2.49 1.19924e+006 1095.1 1917.26 1.09733e+006 116710 1253.3 1.21721e+006 -17968.6
2.492 1.12912e+006 1062.6 1843.28 1.09465e+006 117884 1270.57 1.21565e+006 -86525.6
2.495 1.0441e+006 1021.81 1737.17 1.09055e+006 119656 1296.87 1.21324e+006 -169146
2.498 1.08841e+006 1043.27 1636.65 1.08636e+006 121442 1323.65 1.21076e+006 -122350
2.5 1.1665e+006 1080.05 1572.61 1.08351e+006 122640 1341.77 1.20907e+006 -42563.5
2.503 1.18426e+006 1088.24 1480.82 1.07916e+006 124448 1369.36 1.20646e+006 -22203.6
2.505 1.25408e+006 1119.86 1422.37 1.07621e+006 125661 1388.03 1.20468e+006 49396.9
2.508 1.29126e+006 1136.34 1338.64 1.0717e+006 127491 1416.44 1.20195e+006 89314.3
2.51 1.06781e+006 1033.35 1285.35 1.06865e+006 128718 1435.67 1.20009e+006 -132283
2.513 995397 997.696 1209.05 1.064e+006 130570 1464.93 1.19724e+006 -201842
2.516 1.14767e+006 1071.29 1136.91 1.05925e+006 132434 1494.72 1.19432e+006 -46649
2.518 1.21292e+006 1101.33 1091.04 1.05604e+006 133684 1514.87 1.19233e+006 20593.5
2.521 1.14952e+006 1072.16 1025.4 1.05115e+006 135568 1545.53 1.18929e+006 -39771.4
2.523 1.10762e+006 1052.43 983.674 1.04785e+006 136831 1566.28 1.18723e+006 -79608.7
2.526 979952 989.925 924.004 1.04282e+006 138736 1597.85 1.18407e+006 -204121
2.529 857012 925.75 867.677 1.0377e+006 140652 1629.97 1.18085e+006 -323842
2.531 729475 854.093 831.899 1.03425e+006 141936 1651.69 1.17867e+006 -449196
2.534 838182 915.523 780.773 1.02901e+006 143871 1684.75 1.17534e+006 -337160
2.537 853646 923.929 732.555 1.02368e+006 145816 1718.39 1.17195e+006 -318303
2.539 870047 932.763 701.952 1.02009e+006 147120 1741.13 1.16965e+006 -299604
2.542 1.19828e+006 1094.66 658.253 1.01464e+006 149083 1775.74 1.16615e+006 32122.2
2.544 1.65998e+006 1288.4 630.531 1.01096e+006 150397 1799.13 1.16379e+006 496191
2.547 1.73641e+006 1317.73 590.964 1.00538e+006 152378 1834.73 1.16019e+006 576221
2.55 1.54124e+006 1241.47 553.705 999737 154367 1870.94 1.15653e+006 384711
2.552 1.28368e+006 1132.99 530.086 995933 155699 1895.42 1.15406e+006 129619
2.555 1.17288e+006 1083 496.401 990169 157704 1932.66 1.1503e+006 22578.6
2.558 1.1422e+006 1068.74 464.709 984338 159719 1970.53 1.14649e+006 -4289.43
2.561 1.20116e+006 1095.98 434.901 978440 161741 2009.03 1.14263e+006 58536.1
2.563 1.26761e+006 1125.88 416.026 974472 163094 2035.06 1.14002e+006 127595
2.566 1.0609e+006 1030 389.135 968468 165131 2074.65 1.13606e+006 -75160
2.569 1.03472e+006 1017.21 363.866 962401 167175 2114.9 1.13205e+006 -97333.4
2.571 1.26824e+006 1126.16 347.877 958324 168541 2142.11 1.12935e+006 138882
2.574 1.37401e+006 1172.18 325.115 952158 170597 2183.48 1.12526e+006 248743
2.577 1.05401e+006 1026.65 303.746 945934 172660 2225.53 1.12112e+006 -67112.3
2.58 1.14724e+006 1071.09 283.69 939655 174729 2268.28 1.11694e+006 30302.8
2.582 1.18665e+006 1089.34 271.014 935439 176112 2297.16 1.11412e+006 72535.1
2.585 1.07641e+006 1037.5 252.985 929070 178191 2341.09 1.10986e+006 -33441.1
2.588 934943 966.924 236.081 922650 180276 2385.72 1.10555e+006 -170605
2.591 918915 958.601 220.236 916180 182365 2431.09 1.1012e+006 -182281
2.593 868837 932.114 210.231 911840 183761 2461.73 1.09827e+006 -229435
2.596 980488 990.196 196.018 905291 185858 2508.33 1.09385e+006 -113365
2.599 1.08897e+006 1043.54 182.707 898697 187959 2555.67 1.08939e+006 -420.115
2.602 1.30072e+006 1140.49 170.246 892059 190063 2603.77 1.0849e+006 215820
2.604 1.42515e+006 1193.79 162.385 887610 191468 2636.26 1.08188e+006 343269
2.607 1.13738e+006 1066.48 151.23 880903 193578 2685.65 1.07732e+006 60063.7
2.61 1.1006e+006 1049.09 140.796 874157 195690 2735.82 1.07272e+006 27873.7
2.613 1.13519e+006 1065.45 131.04 867374 197804 2786.78 1.0681e+006 67092
2.616 1.1805e+006 1086.51 121.921 860555 199920 2838.55 1.06343e+006 117064
2.618 1.27995e+006 1131.35 116.177 855989 201331 2873.51 1.06031e+006 219641
2.621 1.23136e+006 1109.67 108.035 849114 203448 2926.63 1.0556e+006 175767
2.624 1.13398e+006 1064.88 100.432 842208 205566 2980.58 1.05085e+006 83120.9
2.627 1.2044e+006 1097.45 93.3347 835272 207684 3035.37 1.04608e+006 158311
2.63 1.05081e+006 1025.09 86.711 828308 209802 3091.01 1.04129e+006 9519.73
2.633 829018 910.504 80.5318 821317 211918 3147.51 1.03646e+006 -207446
2.636 964347 982.012 74.7691 814302 214034 3204.87 1.03162e+006 -67268.9
2.638 1.00906e+006 1004.52 71.1456 809613 215443 3243.6 1.02837e+006 -19313.7
2.641 865239 930.182 66.0196 802560 217555 3302.42 1.02348e+006 -158244
2.644 864191 929.619 61.2433 795488 219664 3362.15 1.01858e+006 -154384
2.647 1.1838e+006 1088.02 56.7945 788396 221770 3422.77 1.01365e+006 170149
2.65 915001 956.557 52.6522 781288 223873 3484.31 1.0087e+006 -93696.6
2.653 890580 943.705 48.7964 774164 225972 3546.77 1.00373e+006 -113151
2.656 952828 976.129 45.2086 767026 228066 3610.16 998747 -45919.8
2.659 1.08018e+006 1039.31 41.8713 759876 230155 3674.5 993747 86427.9
2.662 1.16901e+006 1081.21 38.768 752715 232239 3739.79 988733 180279
2.664 1.10059e+006 1049.09 36.8214 747936 233625 3783.85 985382 115210
2.667 1.04869e+006 1024.06 34.0743 740761 235698 3850.75 980344 68349.3
2.67 976572 988.217 31.5221 733580 237764 3918.63 975294 1277.92
2.673 1.05702e+006 1028.12 29.1518 726393 239824 3987.51 970233 86787.7
2.676 1.09042e+006 1044.23 26.9512 719203 241875 4057.38 965162 125258
2.679 1.00196e+006 1000.98 24.9087 712011 243918 4128.26 960082 41879.8
2.682 863737 929.375 23.0137 704819 245952 4200.17 954994 -91257
2.685 750931 866.563 21.2561 697627 247977 4273.1 949898 -198967
2.688 945487 972.361 19.6265 690438 249992 4347.08 944797 689.975
2.691 1.11219e+006 1054.6 18.116 683253 251997 4422.11 939690 172496
2.694 1.02852e+006 1014.16 16.7165 676073 253990 4498.21 934578 93943.3
2.697 730658 854.785 15.4202 668900 255973 4575.37 929463 -198806
2.7 787733 887.543 14.2199 661735 257943 4653.62 924346 -136613
2.703 757346 870.256 13.1088 654579 259901 4732.97 919226 -161881
2.706 863225 929.099 12.0807 647435 261846 4813.41 914106 -50881
2.709 918185 958.22 11.1297 640302 263778 4894.97 908986 9198.63
2.712 812415 901.341 10.2503 633183 265695 4977.66 903867 -91451.7
2.715 1.04337e+006 1021.46 9.43743 626079 267599 5061.48 898749 144622
2.718 1.06277e+006 1030.91 8.68621 618991 269487 5146.45 893634 169133
2.721 924425 961.47 7.99225 611921 271360 5232.57 888521 35904.1
2.724 865153 930.136 7.35139 604869 273217 5319.86 883413 -18260.1
2.727 832956 912.664 6.75977 597837 275057 5408.32 878309 -45353
2.731 738052 859.1 6.04134 588493 277484 5528.13 871512 -133460
2.734 738783 859.525 5.55102 581512 279284 5619.38 866422 -127638
2.737 895853 946.495 5.09887 574555 281066 5711.84 861338 34515.4
2.74 896451 946.811 4.68206 567623 282829 5805.52 856262 40188.6
2.743 931896 965.348 4.29796 560716 284573 5900.43 851194 80701.7
2.746 1.00704e+006 1003.52 3.94411 553837 286298 5996.59 846135 160908
2.749 844298 918.857 3.61824 546986 288002 6094 841085 3212.7
2.752 945462 972.348 3.31824 540164 289686 6192.67 836046 109416
2.755 819479 905.251 3.04215 533373 291348 6292.61 831016 -11537.1
2.759 788669 888.07 2.70808 524366 293531 6427.87 824328 -35659.4
2.762 768666 876.736 2.48091 517649 295143 6530.82 819325 -50659.7
2.765 763088 873.549 2.27208 510966 296732 6635.07 814335 -51246.9
2.768 691335 831.466 2.08016 504317 298298 6740.65 809357 -118022
2.771 668707 817.745 1.90384 497703 299840 6847.55 804393 -135686
2.774 789524 888.551 1.74192 491126 301358 6955.78 799442 -9918.04
2.778 978993 989.441 1.54647 482414 303345 7102.19 792863 186130
2.781 901264 949.349 1.41389 475925 304805 7213.58 787945 113319
2.784 782262 884.456 1.29227 469474 306240 7326.33 783042 -780.259
2.787 831118 911.657 1.18073 463064 307650 7440.47 778155 52963.1
2.79 902952 950.238 1.07848 456694 309033 7555.99 773284 129668
2.794 873880 934.816 0.955304 448266 310835 7712.2 766813 107067
2.797 768806 876.816 0.871924 441993 312155 7830.99 761980 6825.86
2.8 977951 988.914 0.795569 435764 313447 7951.21 757163 220788
2.803 988473 994.22 0.725669 429579 314711 8072.85 752363 236110
2.807 815469 903.033 0.64161 421400 316353 8237.28 745991 69478.1
2.81 785671 886.381 0.584803 415319 317550 8362.3 741232 44439.8
2.813 939707 969.385 0.532856 409283 318718 8488.77 736491 203216
2.816 898018 947.638 0.485368 403294 319856 8616.71 731768 166251
2.82 783243 885.01 0.428357 395381 321327 8789.59 725499 57743.9
2.823 716170 846.268 0.389893 389502 322395 8920.98 720819 -4649.13
2.826 785701 886.398 0.354769 383671 323432 9053.88 716158 69543.7
2.83 967746 983.741 0.312655 375972 324767 9233.41 709972 257774
2.833 746317 863.897 0.284279 370254 325731 9369.82 705355 40962.2
2.836 649414 805.862 0.258396 364586 326663 9507.76 700757 -51343.3
2.84 666982 816.69 0.2274 357107 327856 9694.07 694657 -27674.8
2.843 676224 822.329 0.206542 351556 328713 9835.6 690105 -13880.3
2.846 678098 823.467 0.187538 346056 329537 9978.67 685572 -7473.4
2.85 714575 845.325 0.164808 338802 330585 10171.9 679559 35016.5
2.853 817189 903.985 0.149533 333421 331332 10318.6 675072 142118
2.856 708702 841.845 0.13563 328092 332045 10466.9 670604 38098
2.86 548138 740.363 0.119023 321068 332943 10667.1 664679 -116541
2.863 602421 776.158 0.107877 315861 333578 10819.1 660258 -57837.3
2.867 888884 942.807 0.094575 309000 334370 11024.3 654394 234490
2.87 989046 994.508 0.0856545 303916 334924 11180 650020 339026
2.874 871863 933.736 0.0750183 297219 335608 11390.2 644218 227645
2.877 886083 941.32 0.067892 292259 336081 11549.7 639890 246193
2.88 774806 880.231 0.0614231 287352 336519 11710.8 635581 139225
2.884 656397 810.183 0.0537198 280892 337048 11928.2 629868 26528.8
2.887 741342 861.012 0.0485652 276109 337403 12093.2 625606 115736
2.891 708806 841.906 0.0424325 269816 337822 12315.8 619954 88852.4
2.894 528228 726.793 0.0383324 265158 338095 12484.6 615738 -87509.4
2.898 544779 738.092 0.0334587 259032 338402 12712.3 610146 -65367
2.901 665149 815.567 0.0302033 254499 338592 12885 605976 59173.3
2.905 511473 715.173 0.0263371 248540 338788 13117.8 600446 -88972.5
2.908 502101 708.591 0.023757 244132 338894 13294.5 596320 -94219.6
2.912 580974 762.216 0.0206954 238339 338978 13532.6 590850 -9876.19
2.915 602267 776.058 0.0186541 234057 339000 13713.1 586770 15497
2.919 623783 789.799 0.0162341 228430 338973 13956.5 581359 42424.2
2.922 608789 780.249 0.014622 224271 338910 14141 577323 31466.1
2.926 519456 720.733 0.0127124 218809 338771 14389.6 571970 -52513.9
2.929 608337 779.96 0.0114415 214775 338625 14578.1 567978 40358.9
2.933 548529 740.627 0.00993749 209477 338374 14832 562684 -14155.1
2.937 603531 776.873 0.00862628 204273 338060 15089 557423 46108.9
2.94 676633 822.577 0.00775484 200431 337783 15283.7 553498 123135
2.944 544285 737.757 0.00672496 195389 337358 15546 548293 -4008.1
2.947 576766 759.451 0.0060411 191668 336998 15744.7 544411 32355.2
2.951 510218 714.296 0.00523363 186787 336463 16012.3 539262 -29044.1
2.955 431828 657.136 0.00453153 181997 335865 16283 534145 -102317
2.958 458469 677.103 0.00406597 178464 335376 16488 530328 -71858.9
2.962 585434 765.137 0.00351703 173832 334670 16764.1 525266 60168.8
2.965 532493 729.721 0.00315335 170416 334099 16973.1 521489 11004.3
2.969 460010 678.241 0.00272492 165940 333286 17254.5 516480 -56470
2.973 401348 633.52 0.00235337 161552 332411 17538.9 511502 -110154
2.977 398043 630.906 0.00203133 157251 331477 17826.4 506554 -108511
2.98 457199 676.165 0.00181838 154082 330737 18044 502863 -45663.7
2.984 504358 710.182 0.001568 149932 329698 18336.8 497967 6391.28
2.988 455277 674.742 0.00135132 145867 328601 18632.7 493100 -37823.6
2.991 436586 660.747 0.00120826 142874 327739 18856.5 489470 -52883.4
2.995 512876 716.153 0.00104026 138956 326540 19157.7 484654 28221.6
2.999 559768 748.176 0.000895121 135121 325285 19461.9 479867 79900.5
3.003 621593 788.412 0.000769794 131367 323973 19769.1 475109 146483
3.006 484017 695.713 0.000687199 128606 322952 20001.4 471559 12457.3
3.01 452754 672.87 0.000590399 124993 321543 20313.9 466851 -14097.1
3.014 441663 664.578 0.000506947 121460 320080 20629.3 462170 -20506.5
3.018 438485 662.182 0.000435044 118006 318564 20947.7 457517 -19032.6
3.021 433324 658.274 0.000387749 115465 317392 21188.4 454046 -20721.6
3.025 427212 653.615 0.000332424 112145 315784 21512 449441 -22229.1
3.029 429055 655.023 0.000284831 108901 314125 21838.5 444864 -15809
3.033 414054 643.47 0.000243914 105731 312415 22167.9 440314 -26260.6
3.037 451339 671.818 0.000208757 102635 310657 22500.2 435792 15547.6
3.041 452583 672.743 0.000178567 99610.7 308850 22835.4 431296 21287.5
3.044 460337 678.481 0.000158766 97389.8 307463 23088.7 427942 32395
3.048 510165 714.258 0.000135671 94490.2 305574 23428.9 423493 86671.8
3.052 498101 705.762 0.000115869 91660.2 303639 23771.9 419071 79029.5
3.056 478419 691.679 9.89022e-005 88898.7 301659 24117.8 414676 63743.4
3.06 442849 665.469 8.43718e-005 86204.7 299636 24466.4 410307 32541.6
3.064 375769 613 7.19354e-005 83577.1 297570 24817.8 405965 -30195.6
3.068 419771 647.898 6.12975e-005 81014.7 295463 25171.9 401649 18122.1
3.072 365099 604.234 5.22032e-005 78516.6 293315 25528.7 397360 -32261.5
3.076 314690 560.973 4.4433e-005 76081.6 291128 25888.2 393098 -78407.3
3.079 323003 568.333 3.93596e-005 74296.1 289462 26159.6 389918 -66915.3
3.083 351482 592.859 3.34679e-005 71969 287209 26523.7 385702 -34219.8
3.087 315149 561.382 2.84421e-005 69702.1 284920 26890.4 381512 -66362.8
3.091 327097 571.924 2.41573e-005 67494.2 282595 27259.7 377349 -50251.9
3.095 325983 570.949 2.05064e-005 65344.3 280237 27631.5 373213 -47229.6
3.099 359755 599.796 1.73975e-005 63251.4 277846 28005.8 369103 -9348.3
3.103 430954 656.471 1.47515e-005 61214.3 275423 28382.5 365020 65933.9
3.107 405817 637.037 1.25009e-005 59232 272970 28761.7 360964 44852.9
3.111 362643 602.198 1.05876e-005 57303.4 270488 29143.3 356935 5708.02
3.115 377247 614.204 8.96212e-006 55427.5 267978 29527.2 352932 24314.6
3.12 398607 631.353 7.27078e-006 53155.1 264802 30010.4 347968 50638.9
3.124 401528 633.663 6.14669e-006 51393.9 262234 30399.5 344027 57501.4
3.128 367319 606.069 5.19344e-006 49681.9 259641 30790.7 340113 27206.1
3.132 353758 594.776 4.38555e-006 48018.3 257025 31184.2 336227 17531
3.136 336730 580.285 3.70123e-006 46401.8 254388 31579.8 332369 4361.16
3.14 352325 593.57 3.12193e-006 44831.6 251730 31977.4 328539 23786.4
3.144 331280 575.569 2.63181e-006 43306.6 249053 32377.1 324737 6543.61
3.148 286421 535.183 2.21738e-006 41825.8 246358 32778.8 320962 -34541.5
3.152 355479 596.22 1.86716e-006 40388.3 243646 33182.4 317217 38261.9
3.156 378437 615.173 1.57136e-006 38993.1 240919 33587.9 313500 64937.7
3.161 336120 579.759 1.2656e-006 37307 237489 34097.3 308894 27226.3
3.165 294426 542.61 1.06375e-006 36003.5 234731 34506.9 305241 -10815.8
3.169 276519 525.851 8.93581e-007 34739.1 231961 34918.1 301618 -25099.1
3.173 252731 502.724 7.50211e-007 33513 229181 35331 298025 -45293.4
3.177 285321 534.155 6.29488e-007 32324.3 226391 35745.5 294461 -9139.38
3.182 281668 530.724 5.05123e-007 30889.6 222892 36265.8 290048 -8379.21
3.186 284519 533.404 4.23301e-007 29781.6 220086 36683.6 286551 -2031.45
3.19 281986 531.023 3.54531e-007 28708.2 217273 37102.9 283084 -1098.71
3.194 267173 516.888 2.96766e-007 27668.4 214456 37523.6 279648 -12475.4
3.199 272036 521.571 2.37421e-007 26414.7 210931 38051.1 275397 -3360.39
3.203 253397 503.385 1.98484e-007 25447.6 208108 38474.6 272030 -18632.9
3.207 241577 491.505 1.65839e-007 24511.3 205284 38899.1 268694 -27117.1
3.211 244824 494.797 1.38485e-007 23605.2 202460 39324.7 265390 -20565.8
3.216 278362 527.6 1.10459e-007 22513.8 198932 39858.2 261304 17057.7
3.22 269735 519.36 9.21222e-008 21672.6 196112 40286 258071 11664.3
3.224 206748 454.695 7.67859e-008 20859.1 193296 40714.6 254870 -48122.2
3.229 198851 445.927 6.11058e-008 19879.8 189782 41251.5 250914 -52062.9
3.233 219301 468.296 5.08682e-008 19125.7 186978 41681.8 247785 -28483.7
3.238 239351 489.235 4.04163e-008 18218.5 183481 42220.5 243920 -4569.67
3.242 234013 483.748 3.36022e-008 17520.2 180693 42652.1 240865 -6852.85
3.246 261219 511.096 2.79211e-008 16845.6 177914 43084.1 237843 23375.7
3.251 210559 458.867 2.21332e-008 16034.6 174453 43624.7 234112 -23553.7
3.255 271164 520.734 1.83678e-008 15410.9 171697 44057.5 231165 39998.7
3.26 397410 630.404 1.45371e-008 14661.5 168268 44598.7 227528 169882
3.264 272947 522.443 1.20486e-008 14085.4 165539 45031.9 224656 48290.7
3.268 209029 457.197 9.98049e-009 13529.4 162824 45465 221818 -12789.2
3.273 175880 419.38 7.88087e-009 12861.9 159450 46006.4 218318 -42438
3.277 178858 422.916 6.51982e-009 12349.2 156767 46439.3 215556 -36697.9
3.282 171909 414.619 5.14004e-009 11733.9 153438 46980.1 212152 -40242.9
3.286 172343 415.143 4.24693e-009 11261.5 150793 47412.4 209467 -37123.2
3.291 181447 425.966 3.34284e-009 10694.9 147511 47952.2 206158 -24711.9
3.295 181087 425.543 2.75849e-009 10260.2 144907 48383.4 203551 -22463.8
3.3 208136 456.22 2.1678e-009 9738.96 141679 48921.6 200339 7797.06
3.305 224894 474.23 1.7021e-009 9241.59 138481 49458.6 197182 27712.7
3.309 212898 461.409 1.40178e-009 8860.22 135947 49887.4 194694 18204.2
3.314 195570 442.234 1.09889e-009 8403.41 132808 50422 191634 3936.8
3.318 216518 465.315 9.03852e-010 8053.33 130322 50848.6 189224 27293.9
3.323 206737 454.684 7.07425e-010 7634.2 127246 51380.2 186260 20476.7
3.328 205659 453.497 5.53196e-010 7234.82 124206 51909.9 183351 22308.5
3.332 232419 482.099 4.54111e-010 6928.98 121800 52332.3 181062 51357.8
3.337 216193 464.965 3.54544e-010 6563.12 118827 52858.2 178249 37944.1
3.342 159546 399.432 2.76563e-010 6214.81 115893 53381.7 175489 -15943.3
3.346 159486 399.356 2.26577e-010 5948.29 113573 53798.7 173320 -13834.5
3.351 172204 414.975 1.76461e-010 5629.71 110709 54317.5 170657 1547.78
3.356 160108 400.135 1.37309e-010 5326.68 107886 54833.4 168046 -7938.03
3.36 141877 376.666 1.12269e-010 5094.99 105657 55243.9 165996 -24118.7
3.365 141115 375.652 8.72206e-011 4818.26 102908 55754.3 163481 -22365.8
3.37 168580 410.585 6.77007e-011 4555.26 100201 56261.2 161017 7562.97
3.375 176401 420.001 5.25029e-011 4305.39 97536.4 56764.6 158606 17794.9
3.379 156458 395.548 4.28133e-011 4114.55 95435.6 57164.7 156715 -256.948
3.384 155017 393.723 3.31496e-011 3886.86 92848.4 57661.3 154397 620.866
3.389 152311 390.271 2.56444e-011 3670.72 90304.8 58153.8 152129 181.941
3.394 146660 382.962 1.98209e-011 3465.6 87805 58642.1 149913 -3252.91
3.399 158364 397.95 1.53063e-011 3271.02 85349.2 59126.1 147746 10617.9
3.403 156473 395.567 1.24392e-011 3122.61 83416.4 59510 146049 10424.2
3.408 157970 397.455 9.59067e-012 2945.77 81040.4 59985.6 143972 13998.5
3.413 173228 416.206 7.3879e-012 2778.15 78708.8 60456.3 141943 31284.4
3.418 165934 407.35 5.68604e-012 2619.33 76421.8 60922 139963 25971.1
3.423 148671 385.578 4.37234e-012 2468.87 74179.3 61382.4 138031 10639.9
3.428 134650 366.947 3.35919e-012 2326.4 71981.5 61837.4 136145 -1494.9
3.433 140073 374.263 2.57852e-012 2191.52 69828.2 62286.9 134307 5766.21
3.438 155185 393.935 1.97753e-012 2063.88 67719.3 62730.6 132514 22671.1
3.443 133780 365.76 1.51528e-012 1943.11 65654.8 63168.5 130766 3013.95
3.448 121521 348.599 1.16005e-012 1828.89 63634.4 63600.2 129064 -7542.57
3.453 109366 330.705 8.87315e-013 1720.89 61658.1 64025.7 127405 -18038.8
3.458 121160 348.081 6.78101e-013 1618.81 59725.5 64444.8 125789 -4628.7
3.463 156736 395.898 5.17759e-013 1522.34 57836.4 64857.3 124216 32519.5
3.468 152444 390.441 3.94981e-013 1431.22 55990.6 65263.1 122685 29759.2
3.473 138095 371.611 3.01052e-013 1345.17 54187.7 65662 121195 16899.9
3.478 114856 338.904 2.29257e-013 1263.93 52427.4 66053.9 119745 -4889.08
3.483 119793 346.111 1.7443e-013 1187.26 50709.4 66438.5 118335 1457.59
3.488 128981 359.139 1.32597e-013 1114.92 49033.2 66815.8 116964 12017.1
3.493 119658 345.916 1.00708e-013 1046.69 47398.4 67185.6 115631 4027.46
3.498 130956 361.879 7.64202e-014 982.356 45804.6 67547.8 114335 16621.4
3.503 130304 360.977 5.79389e-014 921.713 44251.4 67902.1 113075 17229
3.508 118189 343.787 4.38882e-014 864.566 42738.2 68248.5 111851 6338.12
3.514 121287 348.263 3.14119e-014 800.346 40974.7 68653.5 110429 10858.5
3.519 137758 371.158 2.3748e-014 750.253 39547.9 68982 109280 28478.3
3.524 137345 370.6 1.79381e-014 703.095 38159.6 69302.1 108165 29179.8
3.529 113873 337.451 1.35376e-014 658.713 36809.1 69613.6 107081 6791.41
3.534 97847 312.805 1.02076e-014 616.956 35496 69916.5 106029 -8182.51
3.54 102211 319.705 7.26562e-015 570.112 33968.7 70268.4 104807 -2596.2
3.545 114987 339.097 5.46776e-015 533.637 32735.7 70551.9 103821 11165.8
3.55 108587 329.525 4.11114e-015 499.353 31538.1 70826.4 102864 5722.74
3.556 101434 318.487 2.91634e-015 460.933 30147 71143.6 101752 -317.841
3.561 126104 355.111 2.1885e-015 431.049 29025.3 71397.8 100854 25249.4
3.566 131196 362.209 1.64086e-015 402.988 27937.1 71642.6 99982.8 31212.9
3.572 117108 342.21 1.16004e-015 371.575 26674.6 71923.9 98970.1 18137.4
3.577 110024 331.699 8.68064e-016 347.168 25657.9 72147.7 98152.8 11871.6
3.582 110568 332.518 6.49004e-016 324.271 24672.7 72361.8 97358.8 13209.1
3.588 129672 360.1 4.57272e-016 298.666 23531.1 72605.9 96435.6 33236.4
3.593 115437 339.76 3.41213e-016 278.793 22612.9 72798.4 95690 19746.8
3.599 107214 327.436 2.3985e-016 256.586 21549.8 73016.2 94822.6 12391.9
3.604 114268 338.035 1.78627e-016 239.363 20695.4 73186.6 94121.4 20146.4
3.609 114398 338.228 1.32913e-016 223.232 19869.1 73347 93439.3 20958.9
3.615 89443.5 299.071 9.31126e-017 205.226 18913.6 73525.9 92644.7 -3201.24
3.62 91484.4 302.464 6.9149e-017 191.275 18146.6 73663.7 92001.6 -517.178
3.626 101338 318.336 4.83295e-017 175.714 17260.5 73815.4 91251.6 10086.4
3.631 115109 339.277 3.58216e-017 163.667 16549.9 73930.4 90643.9 24464.8
3.637 130257 360.912 2.4978e-017 150.239 15729.5 74054.5 89934.3 40322.9
3.643 138859 372.638 1.73948e-017 137.856 14943.4 74163.6 89244.8 49614.3
3.648 109821 331.393 1.28542e-017 128.279 14313.8 74242.8 88684.9 21136.2
3.654 89746.5 299.577 8.93084e-018 117.618 13587.9 74324 88029.5 1716.94
3.659 85262 291.997 6.58681e-018 109.379 13007 74379.9 87496.3 -2234.24
3.665 92992.8 304.947 4.56571e-018 100.212 12337.8 74433 86871 6121.81
3.671 88321.1 297.189 3.16073e-018 91.7764 11698 74470.7 86260.5 2060.59
3.676 85857.6 293.015 2.32416e-018 85.2647 11186.6 74490.4 85762.3 95.3155
3.682 90433.6 300.722 1.60521e-018 78.0283 10598.3 74499.9 85176.2 5257.34
3.688 96438.4 310.545 1.10725e-018 71.3767 10036.7 74494 84602 11836.4
3.693 111686 334.194 8.11742e-019 66.2481 9588.34 74477.3 84131.9 27553.7
3.699 112620 335.589 5.58622e-019 60.5551 9073.15 74443.2 83576.9 29043.2
3.705 104172 322.756 3.83941e-019 55.3286 8582.01 74393.7 83031 21140.6
3.711 88890.7 298.145 2.63548e-019 50.5324 8114 74328.9 82493.4 6397.26
3.716 98174.3 313.328 1.92427e-019 46.84 7741.04 74263.1 82051 16123.3
3.722 104841 323.792 1.31779e-019 42.7474 7313.21 74170.3 81526.3 23315
3.728 108952 330.08 9.01309e-020 38.9964 6906.09 74062.3 81007.4 27945.1
3.734 109582 331.032 6.15671e-020 35.5599 6518.86 73939.1 80493.5 29088.8
3.74 96787.9 311.108 4.20021e-020 32.4129 6150.73 73800.9 79984 16803.9
3.746 103626 321.911 2.86181e-020 29.5323 5800.94 73647.7 79478.2 24148.2
3.752 100613 317.196 1.94741e-020 26.8967 5468.71 73479.6 78975.2 21637.8
3.758 94429.9 307.295 1.32349e-020 24.4862 5153.32 73296.8 78474.6 15955.4
3.763 90974.8 301.62 9.58335e-021 22.6362 4902.85 73133.2 78058.7 12916.1
3.769 90020.2 300.034 6.49782e-021 20.592 4616.5 72923.6 77560.7 12459.6
3.775 94647.9 307.649 4.40012e-021 18.7247 4345.03 72699.5 77063.3 17584.6
3.781 109580 331.028 2.97584e-021 17.0197 4087.79 72461.2 76566 33013.8
3.787 137280 370.513 2.01002e-021 15.4637 3844.15 72208.7 76068.3 61211.8
3.793 98155.9 313.298 1.35593e-021 14.0441 3613.49 71942.2 75569.7 22586.2
3.8 74507.5 272.961 8.55234e-022 12.5453 3360.02 71613.8 74986.3 -478.778
3.806 75805.4 275.328 5.75342e-022 11.3835 3155.51 71317.5 74484.4 1320.97
3.812 72367.2 269.011 3.86557e-022 10.325 2962.19 71007.8 73980.3 -1613.11
3.818 74802.7 273.501 2.59387e-022 9.36113 2779.53 70684.8 73473.7 1329.03
3.824 75637 275.022 1.73832e-022 8.48374 2607.03 70348.7 72964.2 2672.8
3.83 104248 322.874 1.16348e-022 7.68543 2444.2 69999.8 72451.7 31796.3
3.836 111848 334.436 7.77743e-023 6.95938 2290.57 69638.2 71935.7 39911.9
3.843 83128.7 288.321 4.85356e-023 6.19533 2122.35 69200.6 71329.1 11799.6
3.849 71672 267.716 3.23548e-023 5.60506 1987.12 68812.2 70805 867.067
3.855 69093 262.855 2.15409e-023 5.06894 1859.71 68412 70276.7 -1183.73
3.861 71364.3 267.141 1.43231e-023 4.58222 1739.74 67999.9 69744.3 1620.05
3.868 74861.8 273.609 8.88328e-024 4.07101 1608.65 67504.7 69117.5 5744.3
3.874 70742.4 265.974 5.89045e-024 3.67684 1503.49 67068.1 68575.3 2167.12
3.88 52427.2 228.97 3.90095e-024 3.31946 1404.61 66620.6 68028.5 -15601.3
3.887 50570.1 224.878 2.40804e-024 2.94466 1296.74 66084.9 67384.6 -16814.5
3.893 57487.8 239.766 1.59034e-024 2.65609 1210.34 65614.5 66827.5 -9339.76
3.899 70058.4 264.685 1.04896e-024 2.39481 1129.22 65134 66265.6 3792.73
3.906 62249.8 249.499 6.44483e-025 2.12118 1040.86 64561 65604 -3354.15
3.912 42751.3 206.764 4.23921e-025 1.91082 970.206 64059.5 65031.6 -22280.3
3.919 44242.6 210.339 2.5962e-025 1.69074 893.334 63462.7 64357.7 -20115.1
3.925 55335.4 235.235 1.703e-025 1.52171 831.927 62941.5 63775 -8439.59
3.932 51442.8 226.81 1.03961e-025 1.34505 765.19 62322.6 63089.2 -11646.3
3.938 48760 220.817 6.80062e-026 1.2095 711.937 61783.1 62496.3 -13736.3
3.945 54357.8 233.148 4.13816e-026 1.06797 654.124 61143.6 61798.8 -7441.03
3.951 67468.8 259.748 2.69952e-026 0.959494 608.041 60587.2 61196.2 6272.63
3.958 71690 267.75 1.63738e-026 0.846341 558.065 59928.7 60487.7 11202.4
3.964 42987.4 207.334 1.0652e-026 0.759698 518.273 59356.8 59875.8 -16888.4
3.971 41032.4 202.565 6.44013e-027 0.669411 475.165 58681 59156.9 -18124.4
3.978 54705.1 233.891 3.88692e-027 0.589525 435.391 57996.6 58432.6 -3727.48
3.984 73051.2 270.28 2.51794e-027 0.528448 403.774 57403.5 57807.8 15243.4
3.991 43079 207.555 1.51481e-027 0.464901 369.58 56704.4 57074.4 -13995.5
3.998 44399.5 210.712 9.09746e-028 0.408767 338.085 55998 56336.5 -11937
4.004 41540.4 203.815 5.86836e-028 0.365916 313.091 55387.2 55700.6 -14160.3
4.011 44648.7 211.302 3.51302e-028 0.3214 286.104 54668.6 54955 -10306.3
4.018 54047.3 232.481 2.09938e-028 0.282142 261.291 53944.2 54205.8 -158.451
4.025 87266.3 295.409 1.25242e-028 0.24754 238.493 53214.4 53453.2 33813.1
4.032 59632.4 244.197 7.45859e-029 0.217061 217.558 52479.7 52697.5 6934.89
4.038 56041.6 236.731 4.77662e-029 0.193854 200.99 51846.5 52047.7 3993.98
4.045 39245.5 198.105 2.8355e-029 0.169809 183.151 51104 51287.3 -12041.8
4.052 34317.2 185.249 1.68029e-029 0.148662 166.798 50357.9 50524.9 -16207.7
4.059 35678.7 188.888 9.94007e-030 0.130077 151.818 49608.8 49760.7 -14082.1
4.066 44261.8 210.385 5.87003e-030 0.113751 138.104 48857.1 48995.3 -4733.44
4.073 65682.4 256.286 3.4605e-030 0.0994187 125.555 48103.2 48228.8 17453.5
4.08 53770 231.884 2.03651e-030 0.0868436 114.081 47347.6 47461.8 6308.25
4.087 47135.9 217.108 1.19641e-030 0.0758167 103.596 46590.8 46694.5 441.441
4.094 38850.8 197.106 7.0165e-031 0.0661529 94.02 45833.2 45927.3 -7076.43
4.101 30348.2 174.207 4.1078e-031 0.0576886 85.2799 45075.2 45160.5 -14812.3
4.108 39332.2 198.323 2.40074e-031 0.0502792 77.3076 44317.3 44394.6 -5062.43
4.116 56769.1 238.263 1.29669e-031 0.0429398 69.056 43451.7 43520.8 13248.3
4.123 44271.2 210.407 7.55025e-032 0.0373799 62.523 42695.3 42757.9 1513.39
4.13 36621.3 191.367 4.38867e-032 0.0325217 56.5753 41940.3 41996.9 -5375.56
4.137 43321.7 208.139 2.54654e-032 0.0282791 51.1638 41187 41238.2 2083.48
4.144 43452.1 208.452 1.47509e-032 0.0245762 46.2432 40435.9 40482.2 2969.92
4.152 35269.6 187.802 7.88653e-033 0.0209198 41.1673 39580.6 39621.8 -4352.21
4.159 37804 194.433 4.55135e-033 0.0181588 37.1621 38835.4 38872.5 -1068.49
4.166 36495.9 191.039 2.62205e-033 0.0157533 33.5272 38093.4 38127 -1631.07
4.173 39547.1 198.865 1.50796e-033 0.0136589 30.2303 37355.1 37385.4 2161.73
4.181 34392.7 185.453 7.99643e-034 0.011596 26.8386 36516.3 36543.2 -2150.48
4.188 34737.6 186.38 4.58176e-034 0.0100423 24.1695 35787 35811.2 -1073.59
4.196 44376 210.656 2.41933e-034 0.00851396 21.4274 34959.3 34980.8 9395.25
4.203 43973.8 209.699 1.38108e-034 0.00736433 19.2726 34240.5 34259.7 9714.04
4.211 36530.5 191.129 7.26172e-035 0.00623502 17.0619 33425.5 33442.5 3087.93
4.218 35133.5 187.439 4.13e-035 0.00538665 15.3271 32718.4 32733.8 2399.73
4.226 29400.1 171.465 2.16236e-035 0.00455437 13.5499 31917.7 31931.2 -2531.12
4.233 28299.7 168.225 1.22526e-035 0.00392997 12.1571 31223.7 31235.8 -2936.09
4.241 26852.1 163.866 6.38794e-036 0.00331821 10.7322 30438.5 30449.2 -3597.14
4.248 26176.6 161.792 3.60618e-036 0.00285986 9.61715 29758.7 29768.3 -3591.75
4.256 37230.4 192.952 1.87214e-036 0.00241137 8.47795 28990.4 28998.9 8231.57
4.264 41423.8 203.528 9.69723e-037 0.00203174 7.46805 28231.5 28239 13184.8
4.271 45615.4 213.578 5.44329e-037 0.00174787 6.67945 27575.5 27582.2 18033.2
4.279 37033.7 192.441 2.80755e-037 0.00147068 5.87547 26835.2 26841.1 10192.6
4.287 25592.7 159.977 1.44481e-037 0.00123654 5.16437 26105.2 26110.3 -517.648
4.294 24584.3 156.794 8.06402e-038 0.00106182 4.61027 25475 25479.6 -895.303
4.302 28424.6 168.596 4.1323e-038 0.000891554 4.04656 24764.9 24768.9 3655.64
4.31 30855.8 175.658 2.11275e-038 0.000748042 3.5491 24065.7 24069.3 6786.54
4.318 25359.9 159.248 1.07776e-038 0.000627173 3.11045 23377.7 23380.8 1979.13
4.326 20774.6 144.134 5.48548e-039 0.00052545 2.72396 22701 22703.7 -1929.1
4.334 16248.9 127.471 2.78563e-039 0.000439904 2.38369 22035.8 22038.2 -5789.3
4.342 27089.8 164.59 1.4114e-039 0.000368017 2.08435 21382.2 21384.3 5705.54
4.35 33600.3 183.304 7.13498e-040 0.000307652 1.82123 20740.4 20742.2 12858.1
4.358 30035.2 173.307 3.59876e-040 0.000257001 1.59012 20110.4 20112 9923.18
4.366 22278.9 149.261 1.81105e-040 0.000214532 1.3873 19492.5 19493.8 2785.03
4.374 18536.5 136.149 9.09336e-041 0.00017895 1.20943 18886.5 18887.7 -351.247
4.382 14563.4 120.679 4.5555e-041 0.000149161 1.05357 18292.7 18293.8 -3730.39
4.39 18044.8 134.331 2.27701e-041 0.00012424 0.917104 17711 17712 332.855
4.398 27475.9 165.758 1.13556e-041 0.000103407 0.797712 17141.6 17142.4 10333.5
4.406 40208.9 200.522 5.65033e-042 8.60046e-005 0.693339 16584.3 16585 23623.9
4.414 57438.4 239.663 2.80513e-042 7.14786e-005 0.602169 16039.3 16039.9 41398.5
4.423 61441.5 247.874 1.27246e-042 5.79973e-005 0.513387 15440.7 15441.2 46000.3
