1.772 219995 469.037 216283 288.281 1.39821 0.00303548 216573 3422.3
1.773 225550 474.921 217216 293.194 1.42443 0.0030895 217510 8039.22
1.774 230264 479.858 218150 298.185 1.45111 0.00314446 218449 11814.7
1.775 233712 483.438 219085 303.254 1.47828 0.00320037 219390 14322.5
1.777 235984 485.782 220959 313.633 1.53407 0.00331508 221275 14709.6
1.778 237572 487.414 221898 318.944 1.56271 0.00337393 222219 15353.5
1.779 239063 488.941 222839 324.339 1.59186 0.00343379 223165 15898.4
1.78 240826 490.74 223780 329.819 1.62154 0.00349468 224112 16714.1
1.781 242871 492.819 224723 335.384 1.65174 0.00355661 225060 17810.4
1.783 244917 494.891 226613 346.775 1.71376 0.00368369 226961 17956.3
1.784 246605 496.593 227559 352.604 1.7456 0.00374887 227913 18691.5
1.785 247714 497.709 228506 358.524 1.77801 0.00381516 228867 18847.6
1.786 246411 496.398 229455 364.535 1.81099 0.00388259 229822 16589.2
1.788 231291 480.927 231356 376.838 1.87871 0.00402094 231735 -444.021
1.789 191365 437.453 232308 383.133 1.91347 0.0040919 232693 -41327.9
1.79 186358 431.692 233261 389.524 1.94884 0.00416407 233652 -47294.7
1.791 209098 457.273 234215 396.014 1.98483 0.00423747 234613 -25514.5
1.793 226382 475.796 236126 409.294 2.05874 0.00438806 236537 -10155.7
1.794 248335 498.333 237083 416.088 2.09667 0.00446529 237501 10834.2
1.795 282356 531.372 238041 422.985 2.13527 0.00454383 238466 43889.9
1.796 293145 541.428 239000 429.987 2.17454 0.00462371 239432 53712.5
1.798 271307 520.872 240921 444.314 2.25517 0.00478758 241367 29940
1.799 232780 482.473 241882 451.642 2.29655 0.00487161 242336 -9555.76
1.8 234488 484.239 242845 459.081 2.33865 0.00495707 243306 -8818.61
1.801 277318 526.61 243808 466.632 2.38148 0.00504398 244277 33040.9
1.803 294028 542.244 245737 482.08 2.4694 0.00522225 246222 47806.6
1.804 265508 515.274 246703 489.979 2.51452 0.00531367 247196 18312
1.805 242032 491.967 247670 497.997 2.56042 0.00540663 248170 -6138.17
1.807 238327 488.188 249605 514.398 2.65463 0.00559731 250122 -11794.6
1.808 247201 497.193 250573 522.783 2.70296 0.00569507 251099 -3897.91
1.809 246913 496.903 251543 531.294 2.75213 0.00579449 252077 -5163.79
1.81 261275 511.15 252513 539.932 2.80216 0.00589559 253055 8219.32
1.812 269389 519.027 254454 557.597 2.90482 0.00610294 255015 14373.7
1.813 258807 508.731 255426 566.628 2.95749 0.00620925 255996 2811.59
1.814 267811 517.504 256399 575.792 3.01106 0.00631735 256977 10833.2
1.816 286536 535.29 258345 594.532 3.12099 0.00653905 258943 27592.9
1.817 294355 542.545 259319 604.11 3.17739 0.00665271 259926 34429
1.818 265982 515.734 260293 613.83 3.23475 0.00676828 260910 5071.27
1.819 257726 507.667 261268 623.693 3.29309 0.00688579 261895 -4169.35
1.821 283735 532.668 263219 643.857 3.41281 0.00712678 263867 19868.4
1.822 295872 543.941 264195 654.162 3.47421 0.00725031 264853 31018.5
1.823 280357 529.488 265172 664.618 3.53666 0.00737592 265840 14517.1
1.825 269219 518.864 267126 685.991 3.66478 0.00763349 267816 1403.95
1.826 303677 551.069 268103 696.912 3.73048 0.00776552 268804 34872.9
1.827 372757 610.538 269081 707.992 3.79731 0.00789976 269793 102964
1.829 348073 589.977 271037 730.639 3.9344 0.00817501 271772 76300.9
1.83 275031 524.434 272016 742.209 4.00469 0.0083161 272762 2269.27
1.831 299052 546.857 272994 753.946 4.07618 0.00845954 273752 25300.1
1.832 279623 528.794 273973 765.854 4.14889 0.00860538 274743 4880.18
1.834 271834 521.377 275931 790.186 4.29801 0.00890439 276725 -4891.38
1.835 298151 546.032 276910 802.615 4.37447 0.00905764 277717 20434
1.836 315411 561.614 277889 815.223 4.45223 0.00921344 278709 36702
1.838 294183 542.386 279848 840.984 4.61169 0.00953287 280693 13489.5
1.839 327314 572.113 280827 854.141 4.69345 0.00969658 281686 45628
1.84 337132 580.63 281806 867.487 4.77658 0.00986301 282678 54453.3
1.842 305430 552.657 283764 894.75 4.94707 0.0102042 284664 20765.6
1.843 282030 531.065 284743 908.673 5.03446 0.010379 285657 -3626.7
1.844 294132 542.339 285722 922.793 5.12332 0.0105568 286650 7481.87
1.846 362734 602.274 287679 951.636 5.30554 0.0109212 288636 74097.7
1.847 395518 628.903 288657 966.363 5.39894 0.0111079 289629 105889
1.848 363218 602.676 289636 981.298 5.4939 0.0112977 290622 72595.7
1.85 348864 590.647 291591 1011.8 5.6886 0.0116868 292608 56255.5
1.851 372687 610.481 292568 1027.37 5.78839 0.0118861 293601 79085.7
1.852 312940 559.41 293545 1043.16 5.88984 0.0120888 294594 18345.5
1.854 336372 579.976 295498 1075.41 6.09783 0.0125042 296579 39792.5
1.855 347022 589.086 296474 1091.87 6.20443 0.012717 297572 49450.6
1.856 349841 591.473 297449 1108.56 6.31279 0.0129334 298564 51276.9
1.858 365867 604.869 299398 1142.64 6.53492 0.0133768 300548 65319.4
1.859 356429 597.016 300372 1160.03 6.64875 0.013604 301539 54889.6
1.861 364386 603.644 302319 1195.54 6.88208 0.0140696 303521 60865.1
1.862 365601 604.65 303291 1213.67 7.00163 0.0143082 304512 61089.9
1.863 355043 595.855 304263 1232.04 7.12316 0.0145506 305502 49540.9
1.865 344542 586.977 306204 1269.54 7.37224 0.0150475 307481 37060.6
1.866 363909 603.249 307174 1288.68 7.49985 0.0153021 308470 55439.5
1.867 352025 593.317 308143 1308.08 7.62956 0.0155608 309458 42566.2
1.869 390590 624.972 310078 1347.67 7.89539 0.016091 311434 79156.4
1.87 374309 611.808 311045 1367.87 8.03157 0.0163626 312421 61887.8
1.871 368426 606.981 312011 1388.35 8.16998 0.0166387 313408 55018.1
1.873 426428 653.015 313940 1430.13 8.45361 0.0172043 315379 111049
1.874 328346 573.015 314904 1451.45 8.5989 0.017494 316364 11982.6
1.876 301212 548.827 316827 1494.95 8.89661 0.0180878 318331 -17119.8
1.877 296593 544.604 317788 1517.13 9.0491 0.0183919 319314 -22721
1.878 306691 553.797 318747 1539.62 9.20406 0.0187009 320296 -13604.8
1.88 308452 555.384 320663 1585.49 9.52156 0.0193342 322258 -13806.5
1.881 324825 569.934 321620 1608.89 9.68417 0.0196585 323238 1586.62
1.883 347578 589.557 323529 1656.62 10.0173 0.020323 325196 22382.4
1.884 396575 629.742 324482 1680.97 10.1879 0.0206634 326173 70401.6
1.885 407893 638.665 325434 1705.63 10.3613 0.0210092 327150 80743.1
1.887 445442 667.414 327333 1755.94 10.7164 0.0217178 329100 116342
1.888 505894 711.262 328281 1781.59 10.8983 0.0220807 330074 175820
1.89 346525 588.664 330174 1833.91 11.2708 0.0228241 332019 14506.1
1.891 355860 596.54 331118 1860.59 11.4616 0.0232048 332990 22870.4
1.892 355955 596.619 332060 1887.62 11.6554 0.0235917 333960 21995.1
1.894 374830 612.234 333942 1942.73 12.0523 0.0243842 335896 38933.8
1.895 416538 645.397 334880 1970.82 12.2555 0.02479 336863 79674.6
1.897 434182 658.925 336752 2028.11 12.6717 0.0256213 338793 95389.1
1.898 339853 582.969 337686 2057.31 12.8848 0.026047 339756 96.9251
1.899 351088 592.527 338619 2086.89 13.1013 0.0264795 340719 10369.7
1.901 357893 598.241 340478 2147.19 13.5446 0.0273654 342639 15253.5
1.902 337901 581.292 341406 2177.92 13.7715 0.027819 343598 -5697
1.904 341673 584.528 343256 2240.58 14.2362 0.0287482 345511 -3837.15
1.905 345028 587.391 344178 2272.5 14.474 0.0292239 346465 -1436.86
1.907 355925 596.595 346018 2337.59 14.961 0.0301983 348370 7555.15
1.908 379657 616.163 346935 2370.75 15.2103 0.0306971 349321 30335.9
1.91 382600 618.547 348763 2438.34 15.7206 0.0317188 351217 31382.7
1.911 355600 596.322 349675 2472.78 15.9818 0.0322419 352163 3436.63
1.912 362351 601.956 350584 2507.65 16.2471 0.0327733 353108 9243.1
1.914 346892 588.976 352397 2578.71 16.7902 0.0338616 354993 -8100.61
1.915 352263 593.518 353301 2614.92 17.0681 0.0344188 355933 -3669.73
1.917 369152 607.578 355102 2688.68 17.6371 0.0355597 357808 11343.2
1.918 395673 629.025 356000 2726.26 17.9282 0.0361438 358744 36928.8
1.92 427931 654.165 357788 2802.82 18.5241 0.0373399 360609 67321.9
1.921 411517 641.496 358679 2841.81 18.829 0.0379521 361540 49977.2
1.923 403660 635.342 360455 2921.25 19.4531 0.0392058 363395 40264.7
1.924 367255 606.015 361339 2961.71 19.7724 0.0398476 364320 2934.16
1.925 343916 586.444 362221 3002.66 20.0966 0.0404994 365244 -21327.5
1.927 354380 595.298 363978 3086.08 20.7602 0.0418342 367085 -12705.4
1.928 386752 621.894 364853 3128.56 21.0997 0.0425173 368003 18749
1.93 419548 647.725 366597 3215.08 21.7944 0.0439161 369833 49714.5
1.931 400580 632.914 367464 3259.13 22.1497 0.044632 370746 29834.3
1.933 375424 612.719 369193 3348.84 22.8769 0.0460978 372565 2859.93
1.934 393135 627.005 370053 3394.51 23.2489 0.046848 373471 19664
1.936 443465 665.932 371766 3487.51 24.01 0.0483839 375278 68187
1.937 363477 602.89 372619 3534.85 24.3992 0.0491699 376178 -12701.8
1.939 378037 614.847 374317 3631.24 25.1957 0.050779 377973 64.0868
1.94 363471 602.886 375161 3680.3 25.603 0.0516025 378867 -15396.2
1.942 341106 584.043 376843 3780.19 26.4363 0.0532883 380649 -39543.8
1.943 357404 597.833 377679 3831.02 26.8625 0.0541509 381537 -24133.1
1.945 340598 583.608 379344 3934.51 27.7343 0.0559168 383306 -42708.2
1.946 321109 566.665 380172 3987.17 28.1801 0.0568205 384188 -63078.4
1.948 369478 607.847 381820 4094.36 29.092 0.0586701 385943 -16465.3
1.949 409389 639.835 382639 4148.9 29.5582 0.0596166 386818 22571.3
1.951 426737 653.251 384269 4259.9 30.5119 0.0615539 388560 38177.3
1.952 453591 673.491 385080 4316.38 30.9996 0.0625451 389427 64163.4
1.954 447077 668.638 386692 4431.31 31.9969 0.0645739 391155 55921.6
1.955 444736 666.886 387493 4489.78 32.5067 0.0656119 392016 52720.6
1.957 390499 624.899 389087 4608.76 33.5494 0.0677365 393729 -3229.8
1.958 382429 618.408 389879 4669.28 34.0825 0.0688234 394582 -12153.5
1.96 444647 666.818 391453 4792.41 35.1726 0.0710479 396281 48365.9
1.961 384806 620.327 392236 4855.03 35.7298 0.072186 397127 -12320.5
1.963 436152 660.418 393791 4982.44 36.8692 0.0745151 398810 37342.3
1.964 468367 684.373 394563 5047.24 37.4516 0.0757066 399648 68718.7
1.966 459470 677.842 396098 5179.04 38.6423 0.0781449 401316 58153.6
1.968 414009 643.436 397620 5313.85 39.8685 0.0806587 402974 11035.8
1.969 374667 612.101 398375 5382.39 40.4952 0.0819446 403798 -29131
1.971 417091 645.826 399876 5521.8 41.7764 0.0845759 405440 11651.2
1.972 361594 601.327 400622 5592.67 42.4311 0.0859219 406257 -44663
1.974 363980 603.308 402101 5736.81 43.7696 0.088676 407882 -43901.6
1.975 393121 626.993 402836 5810.08 44.4535 0.0900847 408690 -15569.7
1.977 431392 656.804 404294 5959.08 45.8516 0.092967 410299 21093
1.978 450022 670.837 405018 6034.81 46.5659 0.0944412 411099 38922.7
1.98 459885 678.148 406454 6188.8 48.026 0.0974575 412691 47194.6
1.981 413012 642.66 407166 6267.06 48.7721 0.0990002 413482 -470.432
1.983 401553 633.682 408580 6426.17 50.2968 0.102156 415056 -13503.9
1.985 403076 634.883 409978 6588.76 51.866 0.105409 416619 -13542.7
1.986 395588 628.958 410672 6671.39 52.6676 0.107073 417396 -21808.3
1.988 394034 627.721 412047 6839.34 54.3058 0.110476 418941 -24906.7
1.989 423014 650.396 412729 6924.68 55.1427 0.112216 419709 3305.43
1.991 371964 609.888 414081 7098.11 56.8527 0.115777 421236 -49271.9
1.992 373120 610.836 414751 7186.23 57.7262 0.117597 421995 -48874.2
1.994 470410 685.864 416078 7365.3 59.5109 0.121321 423503 46906.3
1.996 557309 746.532 417390 7548.2 61.3471 0.125159 425000 132310
1.997 450788 671.407 418040 7641.1 62.2849 0.127121 425743 25044.7
1.999 465305 682.133 419326 7829.88 64.2007 0.131135 427221 38084.4
2 466938 683.328 419964 7925.76 65.1792 0.133187 427955 38983
2.002 432498 657.646 421225 8120.54 67.178 0.137384 429413 3084.86
2.004 410733 640.885 422470 8319.43 69.2339 0.141709 430859 -20125.8
2.005 397076 630.139 423086 8420.42 70.2837 0.14392 431577 -34501.4
2.007 403877 635.513 424305 8625.57 72.428 0.148442 433003 -29126
2.008 409056 639.575 424908 8729.74 73.5229 0.150754 433712 -24655.6
2.01 420675 648.595 426101 8941.31 75.7591 0.155481 435119 -14443.3
2.012 460493 678.597 427277 9157.24 78.0586 0.160352 436512 23981.3
2.013 462509 680.08 427858 9266.87 79.2326 0.162841 437204 25305.3
2.015 504585 710.342 429006 9489.48 81.6301 0.167933 438578 66007.6
2.017 436929 661.006 430137 9716.62 84.095 0.173177 439938 -3009.38
2.018 417912 646.461 430696 9831.92 85.3533 0.175857 440613 -22701.3
2.02 423622 650.863 431799 10066 87.9226 0.181339 441953 -18330.5
2.021 406885 637.875 432344 10184.8 89.2341 0.184141 442618 -35733.1
2.023 409978 640.295 433419 10426 91.9119 0.18987 443937 -33959.7
2.025 394443 628.047 434476 10672 94.6643 0.19577 445243 -50800.5
2.026 423700 650.923 434998 10796.8 96.069 0.198785 445891 -22190.5
2.028 442183 664.969 436027 11050.2 98.9368 0.204951 447176 -4992.45
2.03 432866 657.925 437036 11308.6 101.884 0.2113 448447 -15581.3
2.031 424148 651.266 437534 11439.7 103.388 0.214545 449077 -24929.5
2.033 422215 649.781 438515 11705.7 106.458 0.221179 450327 -28112.4
2.035 371012 609.107 439477 11976.9 109.613 0.228009 451563 -80551.5
2.036 353677 594.708 439950 12114.5 111.223 0.2315 452176 -98498.6
2.038 377818 614.669 440882 12393.6 114.508 0.238635 453391 -75573.1
2.039 426472 653.048 441341 12535.2 116.184 0.242282 453993 -27520.9
2.041 465408 682.208 442244 12822.4 119.605 0.249736 455186 10221.8
2.043 444500 666.709 443127 13115.2 123.12 0.25741 456365 -11864.9
2.044 427505 653.839 443561 13263.6 124.912 0.261331 456949 -29444.2
2.046 421063 648.894 444413 13564.7 128.571 0.269347 458107 -37043.9
2.048 444751 666.896 445246 13871.5 132.328 0.277597 459250 -14499.1
2.05 506275 711.53 446058 14184 136.188 0.28609 460379 45896.1
2.051 495692 704.054 446457 14342.4 138.156 0.290429 460938 34754.4
2.053 534106 730.826 447238 14663.7 142.172 0.299298 462044 72062.1
2.055 559315 747.874 447999 14991 146.296 0.308426 463137 96178.5
2.056 537709 733.287 448372 15156.9 148.399 0.31309 463677 74032
2.058 478139 691.476 449102 15493.2 152.69 0.32262 464748 13391.1
2.06 421231 649.023 449810 15835.7 157.095 0.332429 465804 -44572.7
2.061 449675 670.578 450157 16009.2 159.341 0.337439 466326 -16650.6
2.063 462698 680.219 450834 16361.1 163.924 0.347679 467360 -4661.6
2.065 449016 670.087 451491 16719.2 168.627 0.358216 468379 -19362.6
2.066 438659 662.314 451811 16900.7 171.026 0.363598 468883 -30223.6
2.068 440786 663.917 452435 17268.5 175.917 0.374596 469880 -29094.4
2.07 436338 660.559 453038 17642.9 180.937 0.385913 470862 -34524.1
2.072 452756 672.872 453620 18023.9 186.089 0.397557 471830 -19073.9
2.073 464289 681.388 453903 18216.9 188.716 0.403504 472309 -8019.26
2.075 443200 665.733 454452 18607.9 194.072 0.415655 473254 -30053.8
2.077 422422 649.94 454979 19005.8 199.568 0.428157 474185 -51763.1
2.079 460785 678.811 455485 19410.5 205.207 0.441017 475101 -14316.9
2.08 440581 663.763 455730 19615.5 208.081 0.447586 475554 -34972.9
2.082 449832 670.695 456203 20030.7 213.941 0.461004 476448 -26616.4
2.084 493284 702.342 456654 20453 219.953 0.474808 477328 15956.6
2.085 533911 730.692 456872 20666.9 223.017 0.481857 477762 56148.6
2.087 477193 690.791 457290 21100 229.263 0.496257 478620 -1426.81
2.089 471061 686.339 457686 21540.3 235.669 0.511068 479462 -8401.07
2.091 446582 668.268 458060 21988 242.24 0.526302 480291 -33709.1
2.092 466531 683.031 458239 22214.7 245.588 0.534081 480700 -14168.7
2.094 495034 703.586 458579 22673.6 252.413 0.549969 481506 13527.7
2.096 492883 702.056 458898 23140.1 259.411 0.56631 482298 10584.8
2.098 450067 670.871 459194 23614.2 266.587 0.583114 483075 -33007.9
2.1 447363 668.852 459468 24096 273.945 0.600395 483838 -36475.4
2.101 429407 655.291 459596 24339.8 277.693 0.609218 484214 -54807.7
2.103 464286 681.385 459836 24833.3 285.331 0.627237 484956 -20669.9
2.105 485020 696.434 460054 25334.7 293.162 0.645765 485683 -662.941
2.107 422521 650.016 460249 25844 301.189 0.664816 486395 -63874.8
2.108 410389 640.616 460339 26101.7 305.278 0.674541 486746 -76357.3
2.11 413796 643.27 460500 26623.2 313.608 0.694402 487438 -73641.2
2.112 490558 700.399 460639 27152.8 322.146 0.714821 488115 2443.46
2.114 577851 760.165 460756 27690.6 330.897 0.735813 488778 89073.1
2.116 525186 724.697 460849 28236.8 339.864 0.757393 489427 35759.5
2.117 420572 648.515 460888 28513 344.431 0.768408 489746 -69174.1
2.119 393774 627.514 460948 29071.7 353.733 0.7909 490374 -96599.7
2.121 393916 627.627 460985 29638.9 363.264 0.81402 490988 -97071.9
2.123 455842 675.161 461000 30214.7 373.029 0.837785 491588 -35746.4
2.125 546266 739.098 460992 30799.1 383.033 0.862212 492175 54091
2.126 553211 743.782 460979 31094.5 388.127 0.874678 492463 60748.6
2.128 516347 718.573 460938 31691.9 398.5 0.90013 493029 23318.2
2.13 487072 697.905 460873 32298.2 409.125 0.926288 493581 -6509.35
2.132 413504 643.043 460786 32913.2 420.008 0.95317 494120 -80616
2.134 376338 613.464 460676 33537.2 431.155 0.980797 494646 -118307
2.136 410499 640.702 460544 34170.2 442.57 1.00919 495158 -84659.1
2.137 433482 658.393 460470 34490.1 448.38 1.02367 495409 -61927.7
2.139 516825 718.905 460304 35136.7 460.21 1.05324 495902 20923.4
2.141 567382 753.248 460115 35792.4 472.323 1.08363 496381 71001.2
2.143 557083 746.38 459904 36457.3 484.725 1.11485 496847 60236.2
2.145 504122 710.016 459671 37131.4 497.422 1.14693 497301 6821.58
2.147 459642 677.969 459415 37814.9 510.421 1.17988 497741 -38099.5
2.149 458585 677.189 459137 38507.8 523.728 1.21374 498169 -39583.8
2.15 495764 704.105 458989 38857.8 530.499 1.23102 498379 -2614.76
2.152 546518 739.268 458677 39564.8 544.28 1.26627 498788 47730.2
2.154 531818 729.259 458343 40281.3 558.385 1.30249 499184 32634.2
2.156 487523 698.229 457987 41007.4 572.82 1.33969 499569 -12045.4
2.158 465307 682.134 457609 41743.1 587.593 1.3779 499941 -34633.3
2.16 480170 692.943 457208 42488.5 602.711 1.41715 500301 -20130.6
2.162 494277 703.048 456785 43243.5 618.179 1.45747 500649 -6371.89
2.163 519458 720.734 456566 43624.7 626.048 1.47803 500818 18639.8
2.165 552087 743.025 456110 44394.4 642.057 1.51999 501148 50938.5
2.167 515526 718.001 455633 45174 658.435 1.56308 501467 14059.1
2.169 501664 708.282 455133 45963.3 675.19 1.60734 501774 -109.818
2.171 496858 704.881 454612 46762.6 692.33 1.65279 502069 -5211.09
2.173 526470 725.583 454070 47571.8 709.861 1.69946 502353 24117.4
2.175 540353 735.087 453505 48391 727.792 1.74738 502626 37726.9
2.177 484638 696.159 452919 49220.2 746.13 1.79659 502888 -18249.7
2.179 489163 699.402 452312 50059.5 764.885 1.84711 503138 -13975.4
2.181 500557 707.5 451683 50908.8 784.062 1.89898 503378 -2821.33
2.183 533148 730.17 451034 51768.2 803.672 1.95224 503607 29540.8
2.184 546619 739.337 450701 52201.7 813.642 1.9794 503718 42900.9
2.186 514502 717.288 450019 53076.3 833.915 2.0348 503931 10570.7
2.188 514383 717.205 449316 53961 854.642 2.09167 504134 10248.4
2.19 487739 698.383 448593 54856 875.831 2.15005 504327 -16587.7
2.192 484047 695.735 447849 55761.1 897.49 2.20998 504509 -20462.1
2.194 493017 702.152 447083 56676.4 919.63 2.27149 504682 -11664.8
2.196 546001 738.918 446298 57602 942.258 2.33463 504844 41156.1
2.198 558266 747.172 445492 58537.8 965.384 2.39943 504997 53268.2
2.2 503893 709.854 444665 59483.9 989.017 2.46595 505141 -1247.37
2.202 503311 709.444 443819 60440.2 1013.17 2.53421 505274 -1963.45
2.204 519988 721.102 442952 61406.7 1037.84 2.60426 505399 14589.1
2.206 523341 723.423 442065 62383.6 1063.06 2.67615 505514 17826.6
2.208 561172 749.114 441158 63370.7 1088.82 2.74992 505621 55551.3
2.21 643490 802.178 440232 64368 1115.13 2.82563 505718 137772
2.212 599562 774.314 439286 65375.6 1142.02 2.9033 505806 93755.6
2.214 563569 750.712 438320 66393.4 1169.48 2.983 505886 57682.5
2.216 542125 736.292 437335 67421.5 1197.52 3.06478 505958 36167.7
2.218 504661 710.395 436331 68459.8 1226.17 3.14868 506021 -1359.88
2.22 514627 717.375 435308 69508.3 1255.42 3.23476 506075 8552.18
2.222 578855 760.826 434266 70566.9 1285.3 3.32306 506122 72733.5
2.224 561157 749.104 433206 71635.7 1315.8 3.41365 506161 54996.3
2.226 550924 742.243 432126 72714.7 1346.95 3.50658 506191 44733
2.228 535375 731.693 431028 73803.7 1378.75 3.6019 506215 29160.7
2.23 510209 714.289 429912 74902.8 1411.22 3.69968 506230 3978.45
2.232 548399 740.54 428778 76012 1444.36 3.79997 506238 42160.5
2.234 545339 738.47 427626 77131.2 1478.19 3.90283 506239 39099.5
2.236 520153 721.216 426456 78260.3 1512.72 4.00833 506233 13919.8
2.238 512666 716.007 425268 79399.3 1547.96 4.11653 506219 6446.88
2.24 507567 712.437 424063 80548.2 1583.93 4.22749 506199 1367.66
2.242 513842 716.828 422840 81706.9 1620.64 4.34127 506172 7670.3
2.244 535043 731.466 421601 82875.4 1658.09 4.45796 506138 28904
2.246 538554 733.863 420344 84053.5 1696.31 4.57761 506098 32456.1
2.248 507279 712.235 419070 85241.4 1735.31 4.7003 506052 1226.91
2.25 479070 692.149 417780 86438.8 1775.09 4.8261 505999 -26928.6
2.252 484304 695.919 416474 87645.7 1815.67 4.95508 505940 -21636.1
2.254 521823 722.373 415151 88862.1 1857.07 5.08731 505875 15948.2
2.256 530044 728.041 413812 90087.9 1899.3 5.22288 505804 24240
2.258 519173 720.537 412457 91322.9 1942.36 5.36187 505727 13446.1
2.26 512420 715.835 411086 92567.2 1986.29 5.50435 505645 6775.28
2.262 521090 721.865 409700 93820.6 2031.08 5.6504 505557 15532.5
2.265 496524 704.645 407592 95717.7 2099.94 5.87637 505415 -8891.41
2.267 563532 750.687 406168 96993.5 2146.97 6.03173 505314 58217.5
2.269 612246 782.462 404729 98278.2 2194.92 6.19097 505208 107039
2.271 652821 807.974 403275 99571.7 2243.81 6.35418 505097 147725
2.273 641084 800.677 401806 100874 2293.64 6.52144 504980 136104
2.275 590229 768.263 400324 102184 2344.44 6.69287 504859 85369.3
2.277 575467 758.595 398827 103503 2396.22 6.86854 504733 70733.2
2.279 515274 717.826 397317 104830 2448.99 7.04856 504603 10671.2
2.281 503973 709.911 395792 106166 2502.77 7.23303 504468 -495.122
2.283 558127 747.079 394255 107509 2557.58 7.42205 504329 53798.2
2.286 616826 785.383 391923 109539 2641.75 7.71434 504112 112715
2.288 585567 765.223 390352 110902 2699.2 7.9152 503962 81605
2.29 635005 796.872 388769 112273 2757.72 8.12099 503808 131197
2.292 611939 782.265 387173 113651 2817.34 8.33182 503650 108289
2.294 563271 750.514 385565 115037 2878.08 8.5478 503488 59782.6
2.296 537286 732.998 383944 116429 2939.94 8.76906 503322 33964
2.298 536788 732.658 382312 117829 3002.96 8.99571 503153 33635.5
2.301 521923 722.442 379841 119941 3099.66 9.34606 502892 19031.1
2.303 510387 714.414 378180 121358 3165.62 9.58673 502713 7673.64
2.305 515371 717.893 376507 122781 3232.78 9.83323 502531 12839.2
2.307 523459 723.504 374824 124211 3301.17 10.0857 502346 21112.8
2.309 506320 711.562 373130 125646 3370.79 10.3442 502157 4163.07
2.311 553476 743.96 371425 127088 3441.68 10.609 501965 51511
2.313 553851 744.212 369709 128536 3513.85 10.8802 501770 52081.5
2.316 543845 737.458 367118 130717 3624.53 11.2992 501471 42374
2.318 516617 718.761 365377 132179 3699.96 11.5869 501268 15349.5
2.32 496217 704.427 363628 133645 3776.74 11.8816 501061 -4844.26
2.322 491828 701.305 361868 135117 3854.87 12.1832 500852 -9023.98
2.324 525440 724.872 360100 136593 3934.38 12.4921 500640 24799.3
2.327 551261 742.469 357431 138816 4056.28 12.9692 500317 50944.3
2.329 547775 740.118 355641 140304 4139.31 13.2967 500097 47677.3
2.331 536963 732.778 353842 141796 4223.79 13.632 499875 37087.9
2.333 551442 742.591 352035 143291 4309.74 13.9752 499650 51791.4
2.335 551269 742.475 350221 144790 4397.16 14.3265 499423 51846.1
2.338 595093 771.423 347484 147046 4531.11 14.8691 499076 96017.4
2.34 560213 748.474 345650 148554 4622.33 15.2415 498842 61371.9
2.342 537736 733.305 343809 150064 4715.09 15.6227 498604 39131.6
2.344 550420 741.903 341962 151578 4809.42 16.0127 498365 52055.1
2.347 573032 756.989 339177 153852 4953.9 16.615 498000 75031.7
2.349 600305 774.794 337313 155371 5052.24 17.0283 497754 102552
2.351 571857 756.212 335442 156893 5152.22 17.4512 497505 74352.2
2.353 512912 716.179 333566 158415 5253.85 17.8839 497253 15658.8
2.356 453179 673.186 330740 160702 5409.47 18.5519 496871 -43691.4
2.358 493891 702.773 328850 162228 5515.34 19.0101 496612 -2721.77
2.36 534762 731.274 326954 163755 5622.94 19.479 496351 38410.7
2.362 496192 704.409 325053 165283 5732.3 19.9586 496088 104.465
2.365 473783 688.319 322193 167574 5899.66 20.6989 495688 -21904.4
2.367 496245 704.447 320280 169102 6013.48 21.2067 495417 827.696
2.369 488728 699.091 318364 170630 6129.13 21.726 495144 -6416.62
2.372 469435 685.153 315481 172920 6306.06 22.5275 494730 -25294.7
2.374 522152 722.601 313555 174446 6426.36 23.0771 494450 27701.6
2.376 517917 719.665 311625 175970 6548.55 23.6392 494167 23749.7
2.378 527842 726.527 309692 177493 6672.66 24.2141 493882 33959.9
2.381 525565 724.959 306786 179775 6862.47 25.101 493448 32117.1
2.383 500420 707.403 304845 181293 6991.47 25.709 493155 7264.2
2.385 546377 739.173 302902 182809 7122.45 26.3308 492860 53517.1
2.388 537680 733.267 299983 185077 7322.72 27.2899 492410 45269.6
2.39 481871 694.169 298034 186586 7458.78 27.9474 492107 -10236
2.392 478483 691.725 296083 188091 7596.91 28.6196 491800 -13316.6
2.395 502583 708.931 293154 190342 7808.02 29.6562 491334 11249
2.397 485527 696.798 291200 191838 7951.4 30.3667 491019 -5492.11
2.399 496419 704.57 289244 193329 8096.93 31.0931 490701 5717.87
2.402 531233 728.857 286309 195557 8319.28 32.2131 490218 41014.9
2.404 544491 737.896 284352 197036 8470.25 32.9805 489891 54600.1
2.407 521838 722.383 281414 199245 8700.87 34.1637 489394 32444
2.409 508555 713.13 279456 200710 8857.42 34.9743 489058 19497
2.411 472799 687.604 277497 202169 9016.24 35.8029 488718 -15919
2.414 502498 708.871 274560 204345 9258.77 37.0801 488202 14296.8
2.416 538351 733.724 272603 205788 9423.35 37.955 487852 50499
2.418 545874 738.833 270646 207224 9590.28 38.8491 487499 58375.1
2.421 547099 739.661 267712 209363 9845.11 40.2271 486961 60138.1
2.423 508624 713.179 265758 210780 10018 41.1709 486597 22026.7
2.426 488821 699.158 262829 212890 10281.8 42.6253 486043 2778.37
2.428 484579 696.117 260878 214285 10460.8 43.6213 485668 -1088.72
2.43 493245 702.314 258929 215672 10642.2 44.6389 485289 7956.08
2.433 539928 734.798 256010 217736 10919 46.2068 484711 55217.7
2.435 512142 715.641 254066 219100 11106.7 47.2803 484320 27822.3
2.438 497176 705.107 251155 221127 11393 48.9341 483724 13452
2.44 502669 708.992 249217 222465 11587 50.0664 483320 19349.3
2.443 532957 730.039 246317 224454 11883 51.8104 482705 50252.3
2.445 521677 722.272 244387 225765 12083.6 53.0042 482288 39389
2.447 511172 714.963 242460 227066 12286.8 54.2236 481866 29305.3
2.45 463423 680.752 239576 228995 12596.6 56.1015 481223 -17800.6
2.452 462598 680.146 237658 230266 12806.5 57.3867 480788 -18189.2
2.455 437810 661.672 234788 232150 13126.4 59.3659 480123 -42313
2.457 441814 664.691 232879 233390 13343.1 60.7202 479673 -37859.3
2.46 481380 693.816 230025 235226 13673.3 62.8056 478987 2393.69
2.462 481277 693.741 228127 236433 13896.9 64.2324 478521 2755.58
2.465 446293 668.051 225290 238218 14237.5 66.4291 477812 -31519.1
2.467 467658 683.855 223404 239391 14468.2 67.932 477331 -9672.79
2.47 500579 707.516 220584 241123 14819.5 70.2454 476597 23981.8
2.472 523306 723.399 218711 242260 15057.3 71.8279 476099 47206.7
2.475 492239 701.597 215911 243937 15419.3 74.2636 475341 16898.3
2.477 458561 677.171 214051 245035 15664.3 75.9296 474826 -16265.6
2.48 431910 657.199 211271 246654 16037.4 78.4934 474042 -42131.1
2.482 433400 658.331 209426 247714 16289.7 80.2468 473509 -40109.3
2.485 439123 662.663 206668 249273 16673.8 82.9448 472698 -33575.2
2.487 440555 663.743 204838 250291 16933.6 84.7897 472147 -31592.2
2.49 493607 702.572 202104 251787 17329 87.6282 471308 22299.6
2.492 463871 681.081 200289 252764 17596.3 89.569 470739 -6867.24
2.495 428495 654.595 197580 254195 18003 92.5546 469870 -41375.8
2.498 446759 668.4 194885 255587 18416.6 95.6317 468984 -22225.2
2.5 479462 692.432 193097 256493 18696.2 97.7352 468384 11078.4
2.503 487775 698.409 190429 257817 19121.3 100.97 467468 20307.4
2.505 517613 719.453 188659 258676 19408.6 103.182 466847 50766.1
2.508 533691 730.542 186017 259930 19845.5 106.582 465899 67791.8
2.51 441429 664.401 184266 260742 20140.6 108.906 465257 -23828.2
2.513 411100 641.171 181652 261924 20589.2 112.48 464278 -53178.1
2.516 473108 687.828 179057 263062 21044.9 116.161 463280 9827.59
2.518 498800 706.258 177336 263797 21352.7 118.676 462604 36196.7
2.521 471439 686.614 174769 264860 21820.3 122.543 461572 9866.35
2.523 452957 673.021 173068 265544 22136.1 125.185 460873 -7916.4
2.526 399645 632.175 170532 266531 22615.7 129.246 459808 -60163.5
2.529 348704 590.512 168015 267472 23102.6 133.427 458723 -110019
2.531 296375 544.403 166347 268073 23431.2 136.283 457988 -161613
2.534 340398 583.437 163861 268936 23930.2 140.673 456868 -116469
2.537 346910 588.991 161395 269750 24436.5 145.191 455726 -108816
2.539 354161 595.114 159761 270266 24778 148.277 454954 -100793
2.542 488935 699.239 157328 271000 25296.4 153.019 453777 35158.3
2.544 679122 824.088 155716 271462 25646.1 156.256 452981 226141
2.547 712010 843.807 153316 272114 26176.7 161.23 451768 260242
2.55 632853 795.521 150936 272717 26714.7 166.349 450534 182319
2.552 527263 726.128 149361 273091 27077.4 169.843 449699 77563.9
2.555 481494 693.898 147015 273610 27627.5 175.211 448428 33066.4
2.558 468398 684.396 144690 274079 28185 180.733 447135 21263.6
2.561 491906 701.36 142387 274497 28749.8 186.413 445820 46086.7
2.563 518326 719.949 140863 274747 29130.4 190.29 444931 73395.6
2.566 433100 658.103 138594 275081 29707.3 196.244 443579 -10479.1
2.569 421693 649.379 136348 275363 30291.6 202.366 442204 -20511.5
2.571 515847 718.225 134862 275522 30685.1 206.544 441275 74571.3
2.574 557402 746.594 132651 275718 31281.4 212.959 439864 117538
2.577 426005 652.69 130462 275863 31885 219.554 438430 -12425.4
2.58 461436 679.291 128295 275956 32495.8 226.334 436974 24462.6
2.582 474684 688.973 126863 275990 32906.9 230.96 435990 38694
2.585 428454 654.564 124733 275997 33529.6 238.059 434497 -6042.99
2.588 371007 609.104 122625 275952 34159.4 245.356 432982 -61974.1
2.591 364658 603.869 120540 275855 34796.3 252.856 431444 -66785.7
2.593 345994 588.212 119162 275762 35224.8 257.971 430407 -84412.6
2.596 392870 626.794 117113 275580 35873.3 265.819 428832 -35962.1
2.599 439407 662.878 115088 275345 36528.8 273.882 427236 12171.1
2.602 527926 726.585 113085 275060 37191.2 282.167 425618 102308
2.604 580462 761.88 111762 274841 37636.6 287.816 424528 155934
2.607 463809 681.035 109796 274471 38310.4 296.481 422874 40935.1
2.61 448680 669.836 107854 274049 38990.8 305.381 421199 27480.8
2.613 462362 679.972 105934 273577 39678 314.522 419503 42859
2.616 480268 693.014 104036 273054 40371.7 323.909 417786 62482.1
2.618 519965 721.086 102784 272678 40837.8 330.308 416630 103335
2.621 499223 706.557 100924 272072 41542.3 340.119 414879 84344.3
2.624 458568 677.177 99087.6 271417 42253.2 350.192 413108 45460.4
2.627 485691 696.916 97273.4 270712 42970.3 360.533 411317 74374.7
2.63 422686 650.143 95482 269959 43693.7 371.149 409506 13180
2.633 332848 576.93 93713.1 269157 44423.2 382.045 407676 -74827.8
2.636 386724 621.871 91966.9 268308 45158.7 393.228 405827 -19102.9
2.638 404307 635.851 90815.3 267715 45652.3 400.846 404584 -276.664
2.641 346332 588.5 89106.7 266787 46397.5 412.522 402703 -56371.6
2.644 345428 587.731 87420.6 265812 47148.5 424.503 400805 -55377.6
2.647 472424 687.331 85757 264791 47905 436.794 398889 73534.4
2.65 364676 603.884 84115.7 263724 48667.1 449.405 396956 -32280.3
2.653 354688 595.557 82496.7 262613 49434.5 462.34 395006 -40317.8
2.656 379346 615.91 80899.9 261457 50207.1 475.608 393039 -13693.6
2.659 429738 655.544 79325.3 260257 50984.8 489.215 391056 38681.6
2.662 464241 681.352 77772.8 259015 51767.5 503.17 389058 75182.9
2.664 435740 660.106 76750 258163 52292 512.67 387717 48022.6
2.667 413671 643.173 75234 256850 53082.7 527.22 385694 27977.4
2.67 383963 619.648 73739.8 255496 53877.9 542.137 383655 307.673
2.673 414733 643.997 72267.3 254101 54677.6 557.431 381603 33129.3
2.676 427525 653.854 70816.4 252667 55481.5 573.107 379538 47987.3
2.679 392889 626.808 69387 251193 56289.6 589.175 377459 15429.3
2.682 338741 582.014 67978.9 249682 57101.6 605.643 375368 -36627.5
2.685 294340 542.531 66592.1 248133 57917.4 622.518 373265 -78925
2.688 370005 608.28 65226.3 246547 58736.9 639.811 371150 -1145.64
2.691 434183 658.926 63881.5 244926 59559.8 657.528 369025 65158
2.694 400530 632.874 62557.5 243270 60385.9 675.68 366889 33640.6
2.697 284077 532.989 61254.2 241580 61215.2 694.275 364743 -80666.1
2.7 306185 553.34 59971.5 239856 62047.3 713.321 362588 -56402.6
2.703 294631 542.799 58709.1 238100 62882.2 732.829 360424 -65793.5
2.706 336260 579.879 57466.9 236313 63719.5 752.807 358252 -21992.4
2.709 357984 598.318 56244.8 234495 64559.2 773.265 356072 1912.09
2.712 316686 562.749 55042.7 232647 65401 794.213 353885 -37199
2.715 406129 637.283 53860.2 230771 66244.7 815.659 351692 54437.4
2.718 412720 642.433 52697.4 228867 67090.1 837.615 349492 63228.1
2.721 358102 598.417 51554 226936 67937 860.089 347287 10815
2.724 334448 578.315 50429.8 224980 68785.2 883.092 345078 -10629.7
2.727 321521 567.028 49324.7 222998 69634.5 906.635 342864 -21342.5
2.731 284572 533.453 47880.5 220319 70768.1 938.882 339906 -55334.3
2.734 284584 533.464 46819.2 218283 71619 963.724 337685 -53101
2.737 344804 587.2 45776.4 216225 72470.2 989.14 335460 9343.27
2.74 344844 587.234 44751.9 214146 73321.5 1015.14 333235 11609
2.743 358480 598.732 43745.4 212048 74172.6 1041.74 331008 27472.8
2.746 387736 622.684 42756.9 209931 75023.3 1068.94 328780 58955.9
2.749 325719 570.718 41786.1 207796 75873.4 1096.77 326552 -833.077
2.752 365802 604.816 40832.8 205644 76722.7 1125.22 324325 41477.2
2.755 318084 563.99 39896.9 203477 77570.9 1154.31 322099 -4014.29
2.759 306964 554.044 38675.6 200563 78699.6 1194.13 319133 -12168.5
2.762 299605 547.361 37779.4 198363 79544.2 1224.76 316911 -17306.4
2.765 297329 545.279 36899.9 196149 80386.9 1256.08 314692 -17363.2
2.768 268863 518.52 36036.8 193924 81227.4 1288.09 312476 -43613.6
2.771 259368 509.281 35190.1 191688 82065.4 1320.81 310265 -50897
2.774 305420 552.648 34359.5 189443 82900.8 1354.24 308057 -2637.58
2.778 377901 614.736 33276.7 186435 84009.9 1399.95 305122 72778.7
2.781 347323 589.341 32482.9 184171 84838 1435.11 302927 44396.3
2.784 301017 548.65 31704.5 181900 85662.5 1471.03 300738 279.056
2.787 319239 565.013 30941.3 179623 86483.2 1507.71 298555 20684.4
2.79 345964 588.187 30193.2 177341 87299.8 1545.19 296379 49585.1
2.794 333763 577.722 29218.8 174293 88381.8 1596.4 293490 40272.6
2.797 292628 540.951 28505 172004 89187.9 1635.76 291333 1295.46
2.8 371101 609.181 27805.5 169713 89989 1675.94 289184 81917.5
2.803 374295 611.797 27120.2 167422 90784.9 1716.98 287044 87251.7
2.807 308521 555.446 26228.2 164366 91837.5 1773.02 284205 24316
2.81 297410 545.353 25575.3 162076 92620.1 1816.07 282087 15323.2
2.813 356349 596.95 24935.8 159787 93396.7 1860.02 279980 76369.1
2.816 341354 584.255 24309.6 157502 94166.9 1904.86 277883 63471.1
2.82 298341 546.206 23495.1 154460 95183.4 1966.09 275104 23236.8
2.823 273007 522.5 22899.2 152184 95937.7 2013.1 273034 -26.8946
2.826 299216 547.006 22315.9 149913 96684.7 2061.06 270975 28240.8
2.83 367630 606.325 21557.6 146895 97669 2126.51 268249 99381.5
2.833 282653 531.651 21003.1 144640 98398.2 2176.75 266218 16434.5
2.836 245314 495.292 20460.6 142393 99119.1 2227.99 264201 -18887.3
2.84 251529 501.527 19755.6 139411 100067 2297.89 261532 -10002.3
2.843 254792 504.77 19240.4 137185 100768 2351.52 259545 -4753.08
2.846 255384 505.355 18736.6 134969 101461 2406.2 257573 -2189.07
2.85 269081 518.73 18082.1 132032 102369 2480.77 254964 14117
2.853 307851 554.844 17604.1 129843 103039 2537.95 253024 54827.1
2.856 267355 517.064 17136.8 127666 103699 2596.24 251099 16255.9
2.86 207302 455.304 16530.1 124784 104564 2675.7 248554 -41252.6
2.863 228572 478.092 16087.2 122639 105201 2736.62 246663 -18091
2.867 338325 581.657 15512.3 119800 106033 2819.64 244165 94159.8
2.87 377245 614.203 15092.8 117689 106645 2883.28 242309 134936
2.874 332735 576.832 14548.4 114898 107442 2969.97 239859 92876.8
2.877 337870 581.266 14151.3 112823 108028 3036.4 238039 99831.7
2.88 294986 543.126 13763.5 110766 108601 3104.06 236234 58751.8
2.884 249621 499.621 13260.6 108049 109347 3196.2 233853 15768.5
2.887 281958 530.997 12893.9 106032 109892 3266.78 232085 49872.8
2.891 269967 519.583 12418.5 103371 110600 3362.88 229752 40214.4
2.894 201558 448.952 12072 101397 111116 3436.47 228022 -26464
2.898 208047 456.122 11622.9 98794.6 111784 3536.63 225739 -17691.3
2.901 253686 503.672 11295.7 96865.6 112270 3613.32 224045 29641.1
2.905 194357 440.86 10871.8 94324.5 112897 3717.67 221811 -27454.1
2.908 189811 435.672 10562.9 92442.4 113352 3797.54 220155 -30344
2.912 218548 467.492 10163 89964.9 113936 3906.19 217970 578.017
2.915 225920 475.31 9871.79 88131.1 114358 3989.33 216351 9569.17
2.919 234082 483.82 9494.79 85719.2 114899 4102.4 214216 19866.2
2.922 229259 478.81 9220.33 83935.3 115288 4188.89 212633 16626
2.926 196687 443.494 8865.16 81590.6 115784 4306.5 210546 -13858.9
2.929 231627 481.277 8606.69 79857.7 116139 4396.44 209000 22627.6
2.933 209655 457.88 8272.31 77581.6 116589 4518.69 206961 2693.12
2.937 230883 480.503 7949.37 75345.3 117012 4643.65 204950 25932.9
2.94 258322 508.254 7714.47 73694.4 117312 4739.18 203460 54862.2
2.944 206970 454.94 7410.76 71528.4 117688 4868.97 201496 5474.56
2.947 218308 467.234 7189.93 69930.5 117951 4968.15 200040 18268
2.951 192314 438.536 6904.5 67835.6 118279 5102.89 198122 -5807.59
2.955 162312 402.88 6629.1 65781.5 118578 5240.49 196229 -33917
2.958 172208 414.98 6428.95 64267.8 118785 5345.6 194827 -22618.9
2.962 220256 469.314 6170.4 62285.4 119035 5488.32 192979 27277.1
2.965 201001 448.332 5982.56 60825.6 119204 5597.31 191609 9392.23
2.969 174284 417.473 5739.99 58915 119404 5745.25 189804 -15520.5
2.973 152469 390.473 5506.18 57045.4 119575 5896.23 188023 -35554
2.977 151329 389.011 5280.85 55216.8 119718 6050.27 186266 -34936.5
2.98 173575 416.623 5117.27 53872.1 119806 6167.83 184963 -11388.4
2.984 190869 436.886 4906.17 52114.8 119898 6327.32 183246 7623.58
2.988 171581 414.224 4702.86 50398 119960 6489.96 181551 -9969.64
2.991 163861 404.798 4555.33 49136.9 119988 6614.03 180294 -16433.2
2.995 191891 438.053 4365.06 47490.5 120000 6782.28 178638 13253
2.999 209098 457.273 4181.91 45884 119982 6953.77 177002 32096.4
3.003 232167 481.837 4005.66 44317 119936 7128.54 175387 56780.4
3.006 180962 425.396 3877.87 43167.6 119882 7261.77 174189 6773.14
3.01 169568 411.786 3713.16 41669.1 119784 7442.34 172608 -3040.88
3.014 165794 407.178 3554.75 40209.2 119657 7626.26 171047 -5253.42
3.018 165048 406.261 3402.43 38787.6 119502 7813.56 169505 -4457.63
3.021 163581 404.452 3292.06 37746.2 119366 7956.27 168361 -4779.39
3.025 161740 402.169 3149.92 36390.4 119160 8149.55 166850 -5109.78
3.029 162884 403.589 3013.32 35071.6 118926 8346.28 165357 -2472.61
3.033 157603 396.992 2882.07 33789.3 118663 8546.49 163881 -6277.79
3.037 172233 415.01 2756.01 32543.1 118372 8750.2 162421 9812.49
3.041 173112 416.067 2634.94 31332.4 118052 8957.43 160977 12134.7
3.044 176397 419.996 2547.31 30447.4 117795 9115.17 159905 16491.9
3.048 195696 442.376 2434.57 29297.6 117427 9328.61 158488 37208.3
3.052 191151 437.208 2326.37 28181.8 117033 9545.63 157086 34064.9
3.056 183650 428.544 2222.54 27099.5 116611 9766.24 155699 27951.2
3.06 170095 412.425 2122.92 26050 116162 9990.46 154325 15769.4
3.064 144481 380.106 2027.37 25032.9 115687 10218.3 152965 -8484.77
3.068 161629 402.031 1935.75 24047.4 115186 10449.8 151619 10010
3.072 140803 375.238 1847.9 23093.1 114659 10684.9 150285 -9481.52
3.076 121544 348.631 1763.69 22169.2 114107 10923.7 148963 -27419.9
3.079 124888 353.395 1702.84 21496 113676 11105.3 147980 -23092.2
3.083 135990 368.768 1624.69 20624 113081 11350.5 146680 -10690
3.087 122020 349.313 1549.81 19780.7 112461 11599.4 145391 -23371.2
3.091 126832 356.134 1478.1 18965.7 111817 11852 144113 -17281.3
3.095 126752 356.023 1409.43 18178.1 111150 12108.4 142846 -16093.7
3.099 140480 374.806 1343.69 17417.5 110460 12368.4 141590 -1110.31
3.103 169200 411.339 1280.76 16683.1 109748 12632.1 140344 28855.9
3.107 160310 400.387 1220.54 15974.4 109014 12899.5 139108 21201.3
3.111 144151 379.672 1162.92 15290.7 108258 13170.6 137883 6268.11
3.115 150812 388.345 1107.8 14631.3 107482 13445.5 136666 14145.4
3.12 160042 400.052 1042.28 13840.5 106483 13794.2 135160 24882.5
3.124 161554 401.938 992.444 13233.8 105661 14077.3 133964 27589.6
3.128 147708 384.329 944.806 12649.5 104820 14364.1 132778 14930
3.132 141879 376.668 899.277 12086.9 103961 14654.5 131601 10277.3
3.136 134624 366.912 855.775 11545.5 103083 14948.6 130433 4191.09
3.14 140635 375.013 814.217 11024.7 102189 15246.3 129274 11361.2
3.144 132460 363.95 774.526 10523.8 101277 15547.6 128123 4336.87
3.148 115188 339.394 736.624 10042.4 100349 15852.6 126980 -11792
3.152 144312 379.885 700.44 9579.79 99405.2 16161.1 125846 18465.8
3.156 155373 394.174 665.903 9135.45 98446.5 16473.1 124721 30652.5
3.161 139468 373.454 624.943 8604.87 97227.8 16868.1 123326 16142.4
3.165 123093 350.847 593.866 8199.6 96237.4 17188 122219 874.573
3.169 115990 340.572 564.224 7810.82 95233.9 17511.4 121120 -5130.78
3.173 105951 325.501 535.956 7437.99 94218 17838.3 120030 -14079.3
3.177 119288 345.38 509.004 7080.6 93190.2 18168.5 118948 339.324
3.182 117466 342.733 477.081 6654.79 91889.8 18586 117608 -141.894
3.186 118646 344.45 452.89 6330.29 90837.7 18923.7 116545 2101.11
3.19 118012 343.529 429.841 6019.6 89775.9 19264.7 115490 2522.08
3.194 112602 335.563 407.885 5722.25 88704.8 19608.9 114444 -1841.45
3.199 115690 340.132 381.906 5368.62 87354.1 20043.6 113148 2541.77
3.203 108761 329.79 362.238 5099.6 86264.7 20394.9 112121 -3360.36
3.207 104556 323.351 343.516 4842.45 85168.3 20749.3 111103 -6547.41
3.211 106736 326.705 325.698 4596.74 84065.3 21106.6 110094 -3358.13
3.216 122139 349.484 304.636 4305.03 82678.3 21557.5 108845 13293.7
3.22 119005 344.97 288.707 4083.53 81562.9 21921.4 107857 11148
3.224 91591.9 302.642 273.557 3872.12 80443 22288.2 106877 -15284.9
3.229 88299.3 297.152 255.662 3621.5 79037.6 22750.5 105665 -17366
3.233 97421.6 312.124 242.14 3431.44 77909.7 23123.4 104707 -7285.15
3.238 106208 325.896 226.175 3206.33 76496.3 23593.2 103522 2686.06
3.242 103657 321.957 214.118 3035.79 75363.5 23971.8 102585 1071.34
3.246 115595 339.992 202.663 2873.35 74229.3 24353 101658 13936.3
3.251 93302.1 305.454 189.151 2681.23 72810.7 24832.7 100514 -7211.68
3.255 120723 347.452 178.953 2535.86 71675.7 25219 99609.6 21113.6
3.26 178338 422.301 166.929 2364.08 70257.8 25705 98493.9 79843.8
3.264 123688 351.693 157.859 2234.24 69124.8 26096.2 97613.1 26074.6
3.268 95625.4 309.234 149.253 2110.82 67993.6 26489.4 96743 -1117.59
3.273 81047.1 284.688 139.114 1965.17 66582.7 26983.5 95670.5 -14623.4
3.277 82761.9 287.684 131.472 1855.23 65457.2 27380.9 94824.8 -12062.9
3.282 79673.9 282.266 122.473 1725.6 64055.1 27880 93783.2 -14109.3
3.286 79943.5 282.743 115.694 1627.83 62937.9 28281.1 92962.5 -13019.1
3.291 84353.3 290.436 107.715 1512.67 61547.7 28784.6 91952.6 -7599.37
3.295 84607.9 290.874 101.708 1425.9 60441.1 29188.9 91157.6 -6549.73
3.3 98008.4 313.063 94.6419 1323.79 59065.6 29696.1 90180.1 7828.29
3.305 106882 326.927 88.0396 1228.35 57699.5 30205 89220.9 17660.6
3.309 102051 319.454 83.0727 1156.54 56613.9 30613.3 88466.9 13584.2
3.314 94358.1 307.178 77.2348 1072.15 55266.7 31125 87541.1 6817.02
3.318 104977 324.002 72.8453 1008.71 54197.2 31535.1 86813.9 18163.5
3.323 100775 317.45 67.6888 934.233 52871.4 32048.8 85922 14852.6
3.328 101077 317.926 62.8781 864.802 51558.3 32563.2 85049.2 16027.6
3.332 115630 340.044 59.2637 812.687 50517.6 32975.1 84364.6 31265.1
3.337 109216 330.479 55.0214 751.585 49229.3 33490.3 83526.2 25690
3.342 81910.7 286.2 51.0671 694.715 47955.7 34005.7 82707.1 -796.421
3.346 83074.4 288.226 48.0986 652.089 46947.7 34417.9 82065.8 1008.62
3.351 90716.9 301.192 44.6172 602.183 45701.8 34933 81281.5 9435.37
3.356 85003.8 291.554 41.3751 555.807 44472 35447.4 80516.6 4487.14
3.36 75696.2 275.129 38.9432 521.096 43500.2 35858.4 79918.7 -4222.47
3.365 75523.4 274.815 36.0935 480.514 42300.8 36371.3 79188.7 -3665.27
3.37 90435.2 300.724 33.442 442.862 41118.8 36882.9 78478 11957.2
3.375 94845.6 307.97 30.9758 407.948 39954.7 37393 77786.6 17059
3.379 84307.2 290.357 29.1281 381.866 39036.4 37799.8 77247.3 7059.95
3.384 83676.7 289.269 26.9651 351.431 37905.3 38306.6 76590.3 7086.46
3.389 82322.9 286.92 24.9551 323.254 36793 38811 75952.2 6370.7
3.394 79405.8 281.79 23.0879 297.18 35699.7 39313 75333 4072.76
3.399 86055.4 293.352 21.3538 273.068 34625.8 39812.2 74732.4 11322.9
3.403 85612.1 292.595 20.0564 255.099 33780.7 40209.4 74265.3 11346.8
3.408 87342.3 295.537 18.5398 234.182 32742.1 40703 73697.8 13644.6
3.413 97069.7 311.56 17.1326 214.867 31723.3 41193 73148.3 23921.4
3.418 94354.8 307.172 15.8274 197.044 30724.6 41679.2 72616.7 21738.1
3.423 85726.3 292.791 14.6171 180.604 29746.1 42161.3 72102.6 13623.7
3.428 78556.1 280.279 13.4952 165.45 28787.7 42639.1 71605.8 6950.35
3.433 82428.6 287.104 12.4556 151.489 27849.6 43112.3 71125.9 11302.7
3.438 91818 303.015 11.4926 138.633 26931.9 43580.6 70662.6 21155.4
3.443 79350.1 281.691 10.6008 126.803 26034.5 44043.7 70215.6 9134.49
3.448 72089.8 268.495 9.77516 115.921 25157.5 44501.3 69784.5 2305.32
3.453 64797.9 254.554 9.01108 105.919 24300.7 44953.3 69369 -4571.07
3.458 71661.7 267.697 8.30418 96.7285 23464.3 45399.3 68968.6 2693.1
3.463 92541.1 304.206 7.65039 88.2899 22648 45839 68583 23958.2
3.468 89835.6 299.726 7.04591 80.5456 21851.8 46272.3 68211.6 21624
3.473 81183.5 284.927 6.48721 73.4422 21075.6 46698.7 67854.2 13329.2
3.478 67337.6 259.495 5.97097 66.9305 20319.2 47118.2 67510.2 -172.669
3.483 70093 264.751 5.49413 60.9644 19582.5 47530.3 67179.3 2913.78
3.488 75495.6 274.765 5.05383 55.5011 18865.4 47934.9 66860.8 8634.78
3.493 70303.1 265.147 4.64738 50.5012 18167.6 48331.6 66554.4 3748.73
3.498 77472.2 278.338 4.27231 45.9278 17489 48720.3 66259.5 11212.7
3.503 77705 278.756 3.92631 41.7468 16829.4 49100.7 65975.8 11729.3
3.508 70906 266.282 3.60722 37.9266 16188.4 49472.6 65702.6 5203.39
3.514 72844.9 269.898 3.25704 33.7778 15443.7 49907.2 65388 7456.95
3.519 82301.5 286.882 2.99032 30.6518 14843.1 50259.5 65136.2 17165.3
3.524 81168.5 284.901 2.74461 27.8006 14260.5 50602.4 64893.4 16275
3.529 66408.4 257.698 2.51831 25.2014 13695.5 50935.8 64659.1 1749.32
3.534 56416.7 237.522 2.30997 22.8334 13147.9 51259.5 64432.6 -8015.95
3.54 58594.2 242.062 2.08173 20.2697 12513.4 51634.8 64170.5 -5576.29
3.545 65999.5 256.904 1.90822 18.344 12003 51936.4 63959.6 2039.86
3.55 62748.7 250.497 1.74863 16.5927 11509.1 52227.5 63754.9 -1006.22
3.556 59145.6 243.199 1.574 14.7003 10937.7 52562.9 63516.8 -4371.22
3.561 74132.7 272.273 1.44139 13.2816 10478.8 52830.5 63324 10808.7
3.566 77593.7 278.557 1.31955 11.9936 10035.4 53087.1 63135.8 14458
3.572 69567.9 263.757 1.18638 10.6044 9523.23 53380.2 62915.3 6652.67
3.577 65591.8 256.109 1.08536 9.56508 9112.63 53612.1 62735.3 2856.44
3.582 66075.6 257.052 0.992638 8.6231 8716.43 53832.4 62558.4 3517.19
3.588 77496.4 278.382 0.891407 7.60913 8259.51 54081.3 62349.3 15147.1
3.593 68739.9 262.183 0.814706 6.85192 7893.79 54275.7 62177.2 6562.71
3.599 63358.4 251.711 0.731029 6.03791 7472.5 54493.2 61972.5 1385.89
3.604 66807.2 258.471 0.667676 5.43083 7135.66 54661.1 61802.9 5004.28
3.609 66079.9 257.06 0.609627 4.88225 6811.42 54816.8 61633.7 4446.14
3.615 51066.6 225.979 0.54637 4.29365 6438.49 54987.3 61430.6 -10364
3.62 51737.1 227.458 0.498531 3.85552 6140.8 55115.7 61260.8 -9523.74
3.626 56986.4 238.718 0.44644 3.38604 5798.76 55253.1 61055.7 -4069.34
3.631 64720.4 254.402 0.407076 3.03704 5526.02 55353.8 60883.3 3837.15
3.637 73700.6 271.479 0.364246 2.66356 5213 55457.8 60673.8 13026.9
3.643 79536.9 282.023 0.325779 2.33426 4915.02 55543.3 60461 19075.9
3.648 63916.1 252.816 0.296744 2.08997 4677.8 55600.5 60280.7 3635.4
3.654 53077.8 230.386 0.265191 1.82906 4405.98 55652.1 60060.1 -6982.33
3.659 51049.3 225.941 0.241393 1.63577 4189.83 55680.8 59872.5 -8823.22
3.665 55991.6 236.626 0.215551 1.4296 3942.41 55698.2 59642.3 -3650.67
3.671 53056.4 230.34 0.19239 1.24848 3707.58 55697 59406 -6349.63
3.676 51077.5 226.003 0.174943 1.11456 3521.13 55681.7 59204.1 -8126.62
3.682 52987.2 230.189 0.156019 0.972019 3308.07 55646.3 58955.5 -5968.29
3.688 55504.9 235.595 0.139081 0.84707 3106.2 55592.2 58699.4 -3194.53
3.693 63181.3 251.359 0.126336 0.754874 2946.19 55533 58480.1 4701.24
3.699 62853.8 250.707 0.112529 0.656934 2763.63 55445 58209.4 4644.39
3.705 57686.7 240.181 0.100187 0.571273 2590.97 55338.5 57930.2 -243.494
3.711 49128.2 221.649 0.0891592 0.496409 2427.76 55213.8 57642.2 -8513.92
3.716 54377.9 233.191 0.0808751 0.441321 2298.68 55096 57395.2 -3017.29
3.722 58292.5 241.438 0.0719147 0.382961 2151.72 54938 57090.2 1202.25
3.728 60768.7 246.513 0.0639188 0.332069 2013.06 54762.2 56775.6 3993.1
3.734 61172 247.33 0.0567869 0.287724 1882.31 54568.6 56451.2 4720.74
3.74 53909.2 232.184 0.0504284 0.249114 1759.08 54357.5 56116.9 -2207.63
3.746 57418.6 239.622 0.0447622 0.215524 1643.02 54129 55772.3 1646.24
3.752 55338.7 235.242 0.039715 0.186323 1533.78 53883.5 55417.5 -78.8366
3.758 51480.5 226.893 0.0352214 0.160958 1431.02 53621.1 55052.3 -3571.86
3.763 49089.2 221.561 0.031857 0.142397 1350.1 53389.7 54740 -5650.81
3.769 47982.7 219.05 0.0282296 0.122843 1258.38 53097.1 54355.6 -6372.94
3.775 49716.4 222.972 0.0250042 0.105894 1172.26 52788.4 53960.8 -4244.35
3.781 56585.8 237.878 0.0221376 0.0912158 1091.42 52463.9 53555.4 3030.41
3.787 69537.5 263.7 0.019591 0.0785131 1015.61 52123.9 53139.6 16397.9
3.793 48710.7 220.705 0.0173297 0.0675287 944.548 51768.8 52713.4 -4002.65
3.8 36281.8 190.478 0.0150108 0.0565866 867.299 51335.7 52203.1 -15921.3
3.806 36465.8 190.96 0.0132654 0.0485909 805.657 50949 51754.7 -15288.9
3.812 34828.5 186.624 0.0117179 0.0416936 747.987 50548.2 51296.2 -16467.7
3.818 36618 191.358 0.0103462 0.0357486 694.065 50133.7 50827.8 -14209.8
3.824 38267.5 195.621 0.00913115 0.0306283 643.678 49706 50349.7 -12082.2
3.83 55113.8 234.763 0.00805521 0.0262217 596.622 49265.4 49862.1 5251.68
3.836 61996.4 248.991 0.00710291 0.0224323 552.704 48812.4 49365.1 12631.2
3.843 48062.5 219.232 0.0061298 0.01868 505.185 48268.7 48773.9 -711.382
3.849 42677.2 206.585 0.00539996 0.0159545 467.443 47790.1 48257.6 -5580.34
3.855 41633.7 204.043 0.00475491 0.0136165 432.284 47300.4 47732.7 -6098.96
3.861 42746.7 206.753 0.00418507 0.0116124 399.551 46800 47199.6 -4452.93
3.868 44004.6 209.773 0.00360397 0.00963478 364.23 46203.4 46567.6 -2563.08
3.874 40644.9 201.606 0.00316903 0.00820337 336.251 45681.5 46017.7 -5372.88
3.88 29598.8 172.043 0.00278535 0.00697938 310.251 45150.3 45460.6 -15861.8
3.887 28355.5 168.391 0.00239469 0.00577477 282.253 44519.5 44801.8 -16446.3
3.893 32333.3 179.815 0.00210275 0.00490517 260.12 43969.9 44230.1 -11896.8
3.899 39706.8 199.266 0.00184558 0.00416339 239.592 43412.6 43652.2 -3945.4
3.906 35491.2 188.391 0.00158414 0.00343528 217.53 42753.1 42970.6 -7479.48
3.912 24364.8 156.092 0.00138907 0.00291105 200.125 42180.5 42380.7 -18015.9
3.919 25008.1 158.14 0.00119097 0.00239741 181.446 41504.6 41686.1 -16678
3.925 30839.4 175.611 0.00104332 0.00202826 166.731 40919 41085.8 -10246.4
3.932 28228.7 168.014 0.000893527 0.00166722 150.96 40229.2 40380.2 -12151.6
3.938 26433.2 162.583 0.000782001 0.00140822 138.553 39632.9 39771.4 -13338.3
3.945 29275.6 171.101 0.000668982 0.00115535 125.274 38931.8 39057 -9781.48
3.951 36275.1 190.46 0.000584923 0.000974286 114.841 38326.8 38441.6 -2166.51
3.958 38601.4 196.472 0.000499829 0.000797827 103.691 37616.9 37720.6 880.803
3.964 23251.5 152.485 0.000436606 0.000671699 94.9437 37005.5 37100.4 -13848.9
3.971 22400.2 149.667 0.000372672 0.000549002 85.6071 36289.3 36374.9 -13974.7
3.978 30302.1 174.075 0.00031791 0.00044826 77.1311 35570.8 35647.9 -5345.78
3.984 41120.2 202.781 0.00027729 0.000376453 70.4954 34953.5 35024 6096.11
3.991 24493.6 156.504 0.000236279 0.000306791 63.4279 34232.5 34295.9 -9802.32
3.998 25176.8 158.672 0.000201213 0.000249766 57.0264 33510.9 33568 -8391.2
4.004 23156.4 152.172 0.000175245 0.000209232 52.0254 32892.7 32944.7 -9788.27
4.011 24208.8 155.592 0.000149071 0.000170018 46.7101 32172.2 32218.9 -8010.11
4.018 28398 168.517 0.00012673 0.000138012 41.9066 31453.1 31495 -3096.99
4.025 44579.2 211.138 0.000107672 0.000111917 37.5691 30736 30773.6 13805.6
4.032 29849.4 172.77 9.14252e-005 9.0664e-005 33.6554 30021.6 30055.3 -205.901
4.038 27740 166.553 7.94272e-005 7.56284e-005 30.6089 29411.8 29442.4 -1702.39
4.045 19367.4 139.167 6.73671e-005 6.11504e-005 27.3824 28703.9 28731.2 -9363.88
4.052 16975.1 130.289 5.71039e-005 4.93935e-005 24.4778 28000.2 28024.7 -11049.5
4.059 17696.2 133.027 4.83751e-005 3.98563e-005 21.865 27301.3 27323.2 -9627
4.066 21859.6 147.85 4.0956e-005 3.21278e-005 19.5166 26607.7 26627.2 -4767.58
4.073 31830.8 178.412 3.46539e-005 2.58715e-005 17.4074 25919.9 25937.3 5893.45
4.08 25092.4 158.406 2.93039e-005 2.08123e-005 15.5146 25238.4 25253.9 -161.533
4.087 20860.2 144.431 2.4765e-005 1.67253e-005 13.8173 24563.6 24577.4 -3717.19
4.094 16263 127.527 2.09165e-005 1.34272e-005 12.2966 23895.9 23908.2 -7645.18
4.101 12192.6 110.42 1.76555e-005 1.07685e-005 10.935 23235.8 23246.7 -11054.1
4.108 15587.2 124.849 1.4894e-005 8.62739e-006 9.71701 22583.6 22593.3 -7006.08
4.116 22867 151.218 1.22537e-005 6.68818e-006 8.48248 21848.4 21856.9 1010.11
4.123 18559.9 136.235 1.03237e-005 5.34667e-006 7.52563 21214.4 21221.9 -2661.99
4.13 16189.8 127.239 8.69254e-006 4.26988e-006 6.67174 20589.4 20596.1 -4406.25
4.137 20222.6 142.206 7.31467e-006 3.40647e-006 5.91033 19973.7 19979.6 242.991
4.144 21210.3 145.638 6.15152e-006 2.71488e-006 5.23192 19367.6 19372.8 1837.49
4.152 17686.1 132.989 5.04319e-006 2.09206e-006 4.54727 18686.9 18691.5 -1005.41
4.159 19050.7 138.024 4.23578e-006 1.66368e-006 4.01889 18102.2 18106.2 944.476
4.166 18057.1 134.377 3.55549e-006 1.32167e-006 3.54927 17527.7 17531.3 525.877
4.173 18793.6 137.09 2.98268e-006 1.0489e-006 3.1322 16963.7 16966.9 1826.69
4.181 15427 124.206 2.43833e-006 8.04374e-007 2.71273 16332.2 16335 -907.935
4.188 14572.2 120.716 2.04287e-006 6.36969e-007 2.39014 15791.3 15793.7 -1221.44
4.196 17435.5 132.044 1.66759e-006 4.87257e-007 2.06627 15186.5 15188.5 2246.97
4.203 16384.5 128.002 1.39533e-006 3.85007e-007 1.81765 14669.1 14670.9 1713.57
4.211 13175.6 114.785 1.13732e-006 2.93781e-007 1.5685 14091.5 14093.1 -917.521
4.218 12548.4 112.02 9.50413e-007 2.31624e-007 1.37757 13598.2 13599.6 -1051.16
4.226 10584.9 102.883 7.73539e-007 1.763e-007 1.18658 13048.2 13049.4 -2464.44
4.233 10360.9 101.788 6.45581e-007 1.38696e-007 1.04048 12579.1 12580.1 -2219.22
4.241 10008.6 100.043 5.24664e-007 1.05305e-007 0.894584 12056.8 12057.7 -2049.12
4.248 9911.27 99.5554 4.37312e-007 8.26625e-008 0.783186 11612 11612.7 -1701.47
4.256 14282.9 119.511 3.54881e-007 6.26047e-008 0.672143 11117.4 11118.1 3164.81
4.264 16056.9 126.716 2.87762e-007 4.73508e-008 0.576283 10637.6 10638.2 5418.71
4.271 17791.7 133.386 2.39378e-007 3.70452e-008 0.503288 10229.8 10230.3 7561.42
4.279 14460.8 120.253 1.93819e-007 2.7949e-008 0.430724 9777.37 9777.8 4683.02
4.287 9971.24 99.8561 1.56807e-007 2.10582e-008 0.368263 9339.38 9339.75 631.488
4.294 9558.28 97.7665 1.30185e-007 1.64199e-008 0.320831 8967.88 8968.2 590.078
4.302 11045.2 105.096 1.0517e-007 1.23407e-008 0.273807 8556.59 8556.87 2488.37
4.31 11974.6 109.428 8.4895e-008 9.26257e-009 0.233447 8159.3 8159.54 3815.03
4.318 9787.64 98.9325 6.84749e-008 6.94295e-009 0.198844 7775.83 7776.03 2011.62
4.326 7926.9 89.0331 5.51874e-008 5.19729e-009 0.169204 7405.96 7406.13 520.771
4.334 6095.6 78.0743 4.44434e-008 3.88537e-009 0.143843 7049.48 7049.63 -954.024
4.342 9942.13 99.7102 3.5763e-008 2.90073e-009 0.122164 6706.17 6706.29 3235.84
4.35 11994.5 109.52 2.87555e-008 2.16274e-009 0.103652 6375.78 6375.88 5618.65
4.358 10339.4 101.683 2.31028e-008 1.61036e-009 0.0878592 6058.05 6058.14 4281.28
4.366 7321.5 85.5658 1.85468e-008 1.19746e-009 0.0744003 5752.73 5752.8 1568.7
4.374 5802.72 76.1756 1.48776e-008 8.89246e-010 0.0629419 5459.54 5459.6 343.113
4.382 4430.8 66.5643 1.19249e-008 6.59482e-010 0.0531965 5178.21 5178.26 -747.464
4.39 5579.02 74.6928 9.55071e-009 4.88434e-010 0.0449162 4908.45 4908.5 670.522
4.398 9054.06 95.1528 7.64321e-009 3.61268e-010 0.0378879 4649.97 4650.01 4404.05
4.406 14493.4 120.388 6.11189e-009 2.66854e-010 0.0319283 4402.48 4402.52 10090.9
4.414 22691.2 150.636 4.88353e-009 1.96852e-010 0.02688 4165.69 4165.71 18525.5
4.423 26431.2 162.577 3.79057e-009 1.39572e-010 0.0221224 3911.69 3911.71 22519.5
