1.772 553358 743.88 40842.7 5.3099e-009 0.00511773 470430 511273 42084.4
1.773 559162 747.771 41274.6 5.5561e-009 0.00520271 473234 514508 44653.4
1.774 564691 751.459 41710.4 5.81353e-009 0.00528905 476045 517755 46936.1
1.775 569827 754.869 42150.3 6.08269e-009 0.00537679 478863 521013 48813.9
1.777 574597 758.022 43042.5 6.65834e-009 0.00555651 484520 527563 47034
1.778 579281 761.105 43494.9 6.96594e-009 0.00564854 487360 530855 48425.6
1.779 584351 764.429 43951.4 7.28752e-009 0.00574205 490207 534158 50193.4
1.78 590254 768.28 44412.2 7.62371e-009 0.00583706 493060 537472 52781.5
1.781 597162 772.763 44877.2 7.97514e-009 0.0059336 495921 540798 56364.3
1.783 604920 777.766 45820.2 8.72651e-009 0.00613134 501662 547482 57438.4
1.784 613180 783.058 46298.2 9.1279e-009 0.00623259 504542 550841 62339.4
1.785 621579 788.403 46780.6 9.54745e-009 0.00633546 507430 554210 67369.3
1.786 625014 790.579 47267.4 9.98596e-009 0.00643997 510323 557591 67423.7
1.788 592955 770.036 48254.6 1.09233e-008 0.00665404 516130 564384 28570.7
1.789 494625 703.296 48754.9 1.14239e-008 0.00676365 519043 567798 -73172.7
1.79 483403 695.272 49259.8 1.1947e-008 0.00687501 521962 571221 -87818.4
1.791 541280 735.717 49769.3 1.24937e-008 0.00698814 524887 574656 -33376.4
1.793 581844 762.787 50802.3 1.3662e-008 0.00721985 530755 581557 287.162
1.794 631690 794.789 51325.8 1.42859e-008 0.00733848 533698 585024 46666.2
1.795 710343 842.818 51854.1 1.49377e-008 0.00745899 536647 588501 121842
1.796 730584 854.742 52387.1 1.56187e-008 0.00758143 539601 591988 138596
1.798 672034 819.777 53467.6 1.70738e-008 0.00783217 545527 598994 73039.3
1.799 575511 758.624 54015.2 1.78505e-008 0.00796054 548498 602513 -27002.3
1.8 581196 762.362 54567.7 1.8662e-008 0.00809094 551474 606042 -24846.2
1.801 691570 831.607 55125.2 1.95097e-008 0.00822342 554456 609581 81989
1.803 739060 859.686 56255.1 2.13204e-008 0.0084947 560435 616690 122370
1.804 672443 820.026 56827.7 2.22867e-008 0.00863358 563432 620259 52183.6
1.805 616507 785.18 57405.3 2.32961e-008 0.00877465 566433 623839 -7331.34
1.807 609218 780.524 58576.1 2.54516e-008 0.00906353 572451 631028 -21809.3
1.808 633133 795.696 59169.3 2.66018e-008 0.0092114 575467 634637 -1504.25
1.809 633113 795.684 59767.7 2.78031e-008 0.00936162 578488 638256 -5143.18
1.81 670279 818.706 60371.5 2.90576e-008 0.0095142 581513 641885 28394.5
1.812 690647 831.052 61595 3.17361e-008 0.00982663 587576 649171 41475.7
1.813 661849 813.541 62214.8 3.31649e-008 0.00998655 590614 652829 9020.27
1.814 681795 825.709 62840.1 3.46569e-008 0.010149 593656 656496 25299.8
1.816 725438 851.726 64107.1 3.78418e-008 0.0104816 599751 663858 61579.8
1.817 741724 861.234 64749 3.95404e-008 0.0106518 602804 667553 74170.3
1.818 668974 817.908 65396.4 4.1314e-008 0.0108247 605862 671258 -2284.25
1.819 649667 806.019 66049.5 4.31657e-008 0.0110003 608922 674972 -25304.7
1.821 719592 848.288 67372.8 4.71173e-008 0.0113599 615054 682426 37165.3
1.822 756395 869.71 68043.1 4.92244e-008 0.0115439 618124 686167 70227.7
1.823 721939 849.67 68719.1 5.14241e-008 0.0117309 621198 689917 32021.4
1.825 696390 834.5 70088.8 5.61173e-008 0.0121135 627355 697444 -1053.34
1.826 786709 886.966 70782.5 5.86193e-008 0.0123094 630437 701220 85489.1
1.827 965384 982.539 71482.2 6.12309e-008 0.0125083 633523 705005 260379
1.829 900878 949.146 72899.6 6.6802e-008 0.0129154 639701 712601 188277
1.83 711662 843.601 73617.4 6.97714e-008 0.0131238 642794 716411 -4748.9
1.831 773910 879.722 74341.4 7.28705e-008 0.0133354 645889 720230 53680.2
1.832 723752 850.736 75071.5 7.61049e-008 0.0135504 648986 724058 -305.699
1.834 703626 838.824 76550.4 8.30025e-008 0.0139903 655187 731737 -28110.7
1.835 771684 878.455 77299.3 8.66782e-008 0.0142155 658290 735589 36094.6
1.836 816240 903.46 78054.6 9.05137e-008 0.0144441 661395 739449 76791
1.838 761360 872.56 79584.2 9.86919e-008 0.0149121 667609 747193 14167.3
1.839 847843 920.784 80358.7 1.03049e-007 0.0151516 670718 751077 96766.6
1.84 875255 935.55 81139.8 1.07595e-007 0.0153948 673829 754968 120286
1.842 795892 892.128 82721.6 1.17287e-007 0.0158926 680053 762775 33117.1
1.843 738123 859.141 83522.4 1.22449e-007 0.0161473 683167 766689 -28566.1
1.844 772646 879.003 84329.9 1.27835e-007 0.016406 686281 770611 2034.71
1.846 954592 977.032 85965.2 1.39313e-007 0.0169354 692512 778477 176115
1.847 1.04011e+006 1019.86 86793.1 1.45426e-007 0.0172062 695628 782421 257687
1.848 952040 975.725 87627.8 1.51803e-007 0.0174813 698744 786372 165668
1.85 909693 953.778 89318.1 1.65391e-007 0.0180442 704977 794295 115397
1.851 966027 982.867 90173.7 1.72627e-007 0.0183322 708094 798267 167760
1.852 806751 898.193 91036.4 1.80173e-007 0.0186246 711210 802247 4504.54
1.854 863953 929.491 92783 1.9625e-007 0.0192231 717442 810225 53728.6
1.855 890357 943.587 93667.1 2.04809e-007 0.0195292 720557 814224 76132.9
1.856 899459 948.398 94558.4 2.13735e-007 0.0198401 723671 818230 81228.9
1.858 945767 972.506 96362.9 2.32747e-007 0.0204763 729898 826261 119507
1.859 929212 963.956 97276.1 2.42866e-007 0.0208018 733009 830286 98926.3
1.861 960087 979.84 99125 2.64419e-007 0.0214678 739229 838354 121733
1.862 974088 986.959 100061 2.75889e-007 0.0218085 742337 842397 131691
1.863 955390 977.441 101004 2.87847e-007 0.0221544 745443 846447 108943
1.865 934054 966.465 102913 3.13311e-007 0.0228622 751650 854563 79490.7
1.866 991140 995.56 103879 3.2686e-007 0.0232243 754751 858630 132510
1.867 961095 980.354 104853 3.40984e-007 0.0235919 757849 862703 98392
1.869 1.06778e+006 1033.34 106825 3.71053e-007 0.024344 764040 870865 196917
1.87 1.02448e+006 1012.17 107822 3.87049e-007 0.0247288 767132 874954 149531
1.871 1.00991e+006 1004.94 108828 4.03721e-007 0.0251194 770221 879048 130864
1.873 1.17091e+006 1082.08 110862 4.3921e-007 0.0259185 776390 887253 283655
1.874 902870 950.195 111892 4.58085e-007 0.0263273 779471 891363 11507.7
1.876 828701 910.33 113976 4.98256e-007 0.0271636 785622 899597 -70896.7
1.877 815211 902.891 115030 5.19619e-007 0.0275913 788692 903722 -88510.6
1.878 840427 916.748 116092 5.41881e-007 0.0280255 791759 907852 -67424.2
1.88 840778 916.939 118242 5.89249e-007 0.0289138 797882 916124 -75346.8
1.881 879087 937.596 119329 6.14434e-007 0.0293682 800938 920268 -41180.8
1.883 933259 966.054 121530 6.68015e-007 0.0302976 807037 928567 4692.45
1.884 1.0572e+006 1028.2 122643 6.965e-007 0.0307729 810080 932723 124474
1.885 1.08187e+006 1040.13 123765 7.26176e-007 0.0312554 813119 936884 144984
1.887 1.17918e+006 1085.9 126034 7.89299e-007 0.0322425 819182 945216 233962
1.888 1.34158e+006 1158.27 127182 8.22849e-007 0.0327472 822206 949389 392194
1.89 924085 961.293 129505 8.94203e-007 0.0337798 828239 957744 -33659.8
1.891 957599 978.57 130680 9.32122e-007 0.0343078 831248 961928 -4328.8
1.892 969216 984.487 131863 9.71619e-007 0.0348437 834251 966115 3100.69
1.894 1.03439e+006 1017.05 134258 1.0556e-006 0.03594 840241 974499 59890.8
1.895 1.1651e+006 1079.4 135469 1.10022e-006 0.0365006 843227 978696 186400
1.897 1.22888e+006 1108.55 137918 1.19509e-006 0.0376472 849182 987100 241778
1.898 970313 985.045 139157 1.24549e-006 0.0382334 852150 991307 -20993.9
1.899 1.00759e+006 1003.79 140405 1.29798e-006 0.0388285 855111 995516 12075.2
1.901 1.02956e+006 1014.67 142929 1.40953e-006 0.0400456 861014 1.00394e+006 25616.3
1.902 972969 986.392 144206 1.46879e-006 0.0406679 863955 1.00816e+006 -35192.1
1.904 984606 992.273 146787 1.59472e-006 0.0419406 869817 1.0166e+006 -31998.4
1.905 995653 997.824 148093 1.6616e-006 0.0425913 872737 1.02083e+006 -25177.1
1.907 1.0294e+006 1014.6 150732 1.80371e-006 0.0439221 878555 1.02929e+006 117.071
1.908 1.10126e+006 1049.41 152067 1.87917e-006 0.0446025 881452 1.03352e+006 67736.8
1.91 1.11321e+006 1055.09 154766 2.0395e-006 0.0459938 887224 1.04199e+006 71223.5
1.911 1.03726e+006 1018.46 156130 2.12462e-006 0.0467052 890097 1.04623e+006 -8971.73
1.912 1.05828e+006 1028.73 157505 2.21323e-006 0.0474271 892963 1.05047e+006 7812.68
1.914 1.01263e+006 1006.3 160284 2.40144e-006 0.0489034 898669 1.05895e+006 -46319.5
1.915 1.02586e+006 1012.85 161689 2.50134e-006 0.0496581 901509 1.0632e+006 -37337.8
1.917 1.07084e+006 1034.81 164529 2.71354e-006 0.0512013 907162 1.07169e+006 -852.066
1.918 1.14256e+006 1068.91 165965 2.82615e-006 0.0519902 909975 1.07594e+006 66623.7
1.92 1.23091e+006 1109.46 168868 3.06531e-006 0.0536034 915574 1.08444e+006 146463
1.921 1.18139e+006 1086.92 170335 3.19222e-006 0.0544279 918360 1.0887e+006 92694.2
1.923 1.15977e+006 1076.93 173302 3.46168e-006 0.056114 923901 1.0972e+006 62566.6
1.924 1.05884e+006 1029 174801 3.60466e-006 0.0569758 926657 1.10146e+006 -42620.1
1.925 996849 998.423 176311 3.75341e-006 0.0578503 929403 1.10571e+006 -108865
1.927 1.03362e+006 1016.67 179363 4.0692e-006 0.0596385 934865 1.11423e+006 -80608.4
1.928 1.1354e+006 1065.55 180906 4.23672e-006 0.0605525 937580 1.11849e+006 16909.6
1.93 1.23954e+006 1113.35 184023 4.59229e-006 0.0624211 942979 1.127e+006 112535
1.931 1.19057e+006 1091.13 185599 4.78088e-006 0.0633762 945662 1.13126e+006 59313.3
1.933 1.12172e+006 1059.11 188784 5.18112e-006 0.0653288 950995 1.13978e+006 -18053.9
1.934 1.17984e+006 1086.21 190393 5.39337e-006 0.0663267 953644 1.14404e+006 35807.7
1.936 1.33567e+006 1155.71 193645 5.84376e-006 0.0683669 958910 1.15255e+006 183114
1.937 1.09798e+006 1047.85 195288 6.08257e-006 0.0694096 961525 1.15681e+006 -58829.9
1.939 1.1447e+006 1069.91 198609 6.58924e-006 0.0715411 966720 1.16533e+006 -20629.8
1.94 1.10235e+006 1049.93 200286 6.85786e-006 0.0726304 969299 1.16959e+006 -67232.4
1.942 1.035e+006 1017.35 203677 7.42767e-006 0.0748572 974421 1.1781e+006 -143094
1.943 1.08368e+006 1041 205389 7.72973e-006 0.0759951 976964 1.18235e+006 -98668.7
1.945 1.03118e+006 1015.47 208850 8.37037e-006 0.0783212 982011 1.19086e+006 -159677
1.946 970613 985.197 210598 8.70992e-006 0.0795099 984515 1.19511e+006 -224500
1.948 1.11569e+006 1056.26 214131 9.42999e-006 0.0819396 989485 1.20362e+006 -87921.9
1.949 1.23651e+006 1111.99 215915 9.81157e-006 0.0831811 991950 1.20786e+006 28649
1.951 1.2913e+006 1136.35 219520 1.06207e-005 0.0857188 996839 1.21636e+006 74942.2
1.952 1.37709e+006 1173.5 221341 1.10494e-005 0.0870155 999264 1.2206e+006 156486
1.954 1.36282e+006 1167.4 225020 1.19582e-005 0.0896658 1.00407e+006 1.22909e+006 133732
1.955 1.36097e+006 1166.61 226877 1.24397e-005 0.09102 1.00645e+006 1.23333e+006 127643
1.957 1.19856e+006 1094.79 230631 1.34603e-005 0.0937877 1.01118e+006 1.24181e+006 -43248.9
1.958 1.17578e+006 1084.33 232526 1.4001e-005 0.0952018 1.01352e+006 1.24604e+006 -70263.7
1.96 1.3678e+006 1169.53 236355 1.51468e-005 0.0980919 1.01815e+006 1.25451e+006 113294
1.961 1.18356e+006 1087.92 238288 1.57536e-005 0.0995685 1.02045e+006 1.25874e+006 -75174.6
1.963 1.3412e+006 1158.1 242193 1.70396e-005 0.102586 1.025e+006 1.26719e+006 74005.5
1.964 1.44044e+006 1200.18 244165 1.77205e-005 0.104128 1.02725e+006 1.27141e+006 169029
1.966 1.41399e+006 1189.11 248148 1.91633e-005 0.107278 1.0317e+006 1.27985e+006 134141
1.968 1.27543e+006 1129.35 252183 2.0721e-005 0.110521 1.0361e+006 1.28828e+006 -12855.5
1.969 1.15552e+006 1074.95 254220 2.15456e-005 0.112177 1.03827e+006 1.29249e+006 -136968
1.971 1.28749e+006 1134.68 258335 2.32923e-005 0.115562 1.04257e+006 1.30091e+006 -13415.9
1.972 1.11678e+006 1056.78 260412 2.4217e-005 0.117291 1.0447e+006 1.30511e+006 -188328
1.974 1.1246e+006 1060.47 264606 2.61752e-005 0.120824 1.0489e+006 1.31351e+006 -188909
1.975 1.21532e+006 1102.41 266724 2.72117e-005 0.122629 1.05098e+006 1.3177e+006 -102384
1.977 1.335e+006 1155.42 270999 2.94065e-005 0.126317 1.05508e+006 1.32608e+006 8916.58
1.978 1.39513e+006 1181.16 273158 3.05679e-005 0.128201 1.05711e+006 1.33026e+006 64863.7
1.98 1.42984e+006 1195.76 277515 3.3027e-005 0.13205 1.06111e+006 1.33863e+006 91212.8
1.981 1.28968e+006 1135.64 279715 3.43281e-005 0.134016 1.06309e+006 1.3428e+006 -53115.8
1.983 1.26118e+006 1123.02 284156 3.70826e-005 0.138032 1.06698e+006 1.35114e+006 -89956.3
1.985 1.2744e+006 1128.89 288653 4.00529e-005 0.142165 1.07081e+006 1.35947e+006 -85064.7
1.986 1.25865e+006 1121.89 290922 4.16242e-005 0.144276 1.0727e+006 1.36363e+006 -104977
1.988 1.25977e+006 1122.39 295504 4.49496e-005 0.148588 1.07643e+006 1.37193e+006 -112162
1.989 1.35636e+006 1164.63 297816 4.67084e-005 0.15079 1.07826e+006 1.37608e+006 -19714
1.991 1.19451e+006 1092.94 302483 5.04303e-005 0.15529 1.08188e+006 1.38436e+006 -189849
1.992 1.19963e+006 1095.28 304838 5.23985e-005 0.157588 1.08366e+006 1.3885e+006 -188865
1.994 1.51476e+006 1230.75 309592 5.6563e-005 0.162282 1.08716e+006 1.39676e+006 118000
1.996 1.79818e+006 1340.96 314404 6.10505e-005 0.167111 1.09059e+006 1.405e+006 393181
1.997 1.45752e+006 1207.28 316832 6.3423e-005 0.169577 1.09228e+006 1.40912e+006 48406.5
1.999 1.50702e+006 1227.61 321733 6.84416e-005 0.174614 1.0956e+006 1.41733e+006 89681.3
2 1.51395e+006 1230.43 324205 7.10945e-005 0.177186 1.09723e+006 1.42144e+006 92517.9
2.002 1.40315e+006 1184.55 329195 7.67053e-005 0.182441 1.10044e+006 1.42963e+006 -26480.2
2.004 1.33317e+006 1154.63 334244 8.27484e-005 0.187845 1.10356e+006 1.43781e+006 -104633
2.005 1.28972e+006 1135.66 336791 8.5942e-005 0.190604 1.1051e+006 1.44189e+006 -152165
2.007 1.31313e+006 1145.92 341931 9.26948e-005 0.196241 1.10811e+006 1.45004e+006 -136905
2.008 1.33156e+006 1153.93 344524 9.6263e-005 0.199119 1.10958e+006 1.45411e+006 -122548
2.01 1.37114e+006 1170.96 349756 0.000103807 0.204997 1.11247e+006 1.46223e+006 -91091.2
2.012 1.5033e+006 1226.09 355049 0.000111927 0.211042 1.11528e+006 1.47033e+006 32970.9
2.013 1.51344e+006 1230.22 357719 0.000116217 0.214128 1.11666e+006 1.47438e+006 39062
2.015 1.65681e+006 1287.17 363105 0.000125285 0.220431 1.11935e+006 1.48245e+006 174361
2.017 1.44098e+006 1200.41 368554 0.000135042 0.226913 1.12196e+006 1.49051e+006 -49525.6
2.018 1.38484e+006 1176.79 371302 0.000140195 0.230222 1.12323e+006 1.49453e+006 -109692
2.02 1.40989e+006 1187.39 376845 0.000151085 0.23698 1.12571e+006 1.50256e+006 -92664
2.021 1.35881e+006 1165.68 379640 0.000156835 0.24043 1.12692e+006 1.50656e+006 -147754
2.023 1.37231e+006 1171.46 385279 0.000168984 0.247475 1.12928e+006 1.51456e+006 -142250
2.025 1.32231e+006 1149.92 390981 0.000182051 0.254719 1.13156e+006 1.52254e+006 -200236
2.026 1.4222e+006 1192.56 393857 0.00018895 0.258417 1.13267e+006 1.52652e+006 -104322
2.028 1.48673e+006 1219.31 399656 0.000203522 0.265968 1.13482e+006 1.53447e+006 -47744.9
2.03 1.45901e+006 1207.89 405520 0.000219189 0.27373 1.13688e+006 1.5424e+006 -83390.6
2.031 1.43435e+006 1197.64 408477 0.000227458 0.277693 1.13788e+006 1.54636e+006 -112006
2.033 1.43318e+006 1197.15 414439 0.000244921 0.285784 1.13981e+006 1.55425e+006 -121078
2.035 1.26398e+006 1124.27 420467 0.000263691 0.294101 1.14166e+006 1.56213e+006 -298151
2.036 1.20877e+006 1099.44 423506 0.000273595 0.298346 1.14255e+006 1.56606e+006 -357289
2.038 1.29479e+006 1137.89 429634 0.000294505 0.307014 1.14427e+006 1.57391e+006 -279113
2.039 1.46517e+006 1210.44 432722 0.000305537 0.311438 1.1451e+006 1.57782e+006 -112655
2.041 1.60284e+006 1266.03 438950 0.000328826 0.320471 1.14669e+006 1.58564e+006 17202.7
2.043 1.53455e+006 1238.77 445245 0.000353843 0.329754 1.14819e+006 1.59343e+006 -58879.1
2.044 1.47943e+006 1216.32 448418 0.000367039 0.334492 1.1489e+006 1.59732e+006 -117892
2.046 1.46081e+006 1208.64 454814 0.000394888 0.344166 1.15027e+006 1.60508e+006 -144275
2.048 1.54752e+006 1243.99 461278 0.000424795 0.354107 1.15155e+006 1.61283e+006 -65311.8
2.05 1.76783e+006 1329.6 467810 0.000456909 0.364324 1.15274e+006 1.62055e+006 147281
2.051 1.73773e+006 1318.23 471102 0.000473842 0.369538 1.1533e+006 1.6244e+006 113332
2.053 1.87942e+006 1370.92 477738 0.000509565 0.380181 1.15435e+006 1.63209e+006 247327
2.055 1.97354e+006 1404.83 484442 0.000547911 0.391118 1.15532e+006 1.63976e+006 333777
2.056 1.8997e+006 1378.3 487821 0.000568125 0.3967 1.15577e+006 1.64359e+006 256111
2.058 1.68898e+006 1299.61 494629 0.00061076 0.408092 1.1566e+006 1.65123e+006 37749.7
2.06 1.48647e+006 1219.21 501507 0.00065651 0.419798 1.15734e+006 1.65885e+006 -172375
2.061 1.58525e+006 1259.07 504973 0.000680622 0.425771 1.15768e+006 1.66265e+006 -77396.9
2.063 1.63088e+006 1277.06 511956 0.000731464 0.437963 1.15828e+006 1.67024e+006 -39354.2
2.065 1.58472e+006 1258.86 519010 0.000786002 0.45049 1.15879e+006 1.6778e+006 -93083.2
2.066 1.55276e+006 1246.1 522563 0.000814739 0.456881 1.15902e+006 1.68158e+006 -128816
2.068 1.56694e+006 1251.78 529723 0.000875318 0.469926 1.15939e+006 1.68912e+006 -122176
2.07 1.55862e+006 1248.45 536954 0.000940281 0.483327 1.15968e+006 1.69664e+006 -138015
2.072 1.62487e+006 1274.7 544256 0.00100993 0.497094 1.15988e+006 1.70413e+006 -79262.1
2.073 1.67321e+006 1293.53 547934 0.00104662 0.504118 1.15994e+006 1.70787e+006 -34664.9
2.075 1.60274e+006 1265.99 555344 0.00112394 0.518452 1.16e+006 1.71534e+006 -112606
2.077 1.53163e+006 1237.59 562825 0.00120681 0.533177 1.15997e+006 1.72279e+006 -191161
2.079 1.67366e+006 1293.7 570378 0.00129562 0.548302 1.15984e+006 1.73022e+006 -56560.3
2.08 1.60189e+006 1265.66 574182 0.00134239 0.556018 1.15975e+006 1.73393e+006 -132041
2.082 1.63667e+006 1279.32 581844 0.0014409 0.571763 1.15949e+006 1.74133e+006 -104666
2.084 1.79668e+006 1340.4 589578 0.00154645 0.587934 1.15914e+006 1.74872e+006 47959.1
2.085 1.94871e+006 1395.96 593472 0.00160201 0.596184 1.15893e+006 1.7524e+006 196304
2.087 1.74777e+006 1322.03 601316 0.00171902 0.613016 1.15844e+006 1.75976e+006 -11991
2.089 1.73366e+006 1316.69 609232 0.00184435 0.630303 1.15787e+006 1.7671e+006 -33437.6
2.091 1.65292e+006 1285.66 617221 0.00197856 0.648057 1.1572e+006 1.77442e+006 -121501
2.092 1.73647e+006 1317.75 621243 0.00204918 0.657113 1.15683e+006 1.77807e+006 -41606.2
2.094 1.85054e+006 1360.35 629343 0.00219787 0.675589 1.15603e+006 1.78537e+006 65168.3
2.096 1.84578e+006 1358.6 637515 0.00235705 0.694562 1.15513e+006 1.79265e+006 53133.5
2.098 1.68275e+006 1297.21 645761 0.00252742 0.714044 1.15415e+006 1.79991e+006 -117160
2.1 1.66431e+006 1290.08 654081 0.00270977 0.734049 1.15308e+006 1.80716e+006 -142849
2.101 1.58566e+006 1259.23 658269 0.00280568 0.744252 1.15251e+006 1.81078e+006 -225114
2.103 1.70036e+006 1303.98 666700 0.00300752 0.765066 1.1513e+006 1.818e+006 -117642
2.105 1.76336e+006 1327.92 675204 0.00322347 0.786437 1.15e+006 1.82521e+006 -61846.2
2.107 1.52861e+006 1236.37 683783 0.00345448 0.808378 1.14862e+006 1.8324e+006 -303795
2.108 1.48242e+006 1217.55 688100 0.00357595 0.819567 1.14789e+006 1.83599e+006 -353579
2.11 1.49833e+006 1224.06 696789 0.00383148 0.842392 1.14638e+006 1.84317e+006 -344837
2.112 1.7881e+006 1337.2 705553 0.00410474 0.865824 1.14477e+006 1.85033e+006 -62230.2
2.114 2.12868e+006 1459 714391 0.00439692 0.889879 1.14308e+006 1.85747e+006 271213
2.116 1.96092e+006 1400.33 723303 0.0047093 0.914573 1.1413e+006 1.8646e+006 96317.8
2.117 1.59327e+006 1262.25 727787 0.00487348 0.927164 1.14038e+006 1.86817e+006 -274894
2.119 1.51182e+006 1229.56 736811 0.00521871 0.952846 1.13847e+006 1.87528e+006 -363462
2.121 1.52819e+006 1236.2 745909 0.00558768 0.979208 1.13647e+006 1.88238e+006 -354188
2.123 1.78025e+006 1334.26 755081 0.00598196 1.00627 1.13439e+006 1.88947e+006 -109221
2.125 2.14037e+006 1463 764328 0.00640324 1.03404 1.13223e+006 1.89655e+006 243814
2.126 2.16992e+006 1473.06 768979 0.00662456 1.0482 1.13111e+006 1.90009e+006 269829
2.128 2.02599e+006 1423.37 778336 0.00708973 1.07707 1.12882e+006 1.90716e+006 118830
2.13 1.91227e+006 1382.85 787768 0.00758659 1.10671 1.12644e+006 1.91421e+006 -1944.9
2.132 1.62546e+006 1274.94 797274 0.00811723 1.13713 1.12398e+006 1.92126e+006 -295797
2.134 1.48213e+006 1217.43 806854 0.00868386 1.16834 1.12144e+006 1.9283e+006 -446168
2.136 1.62055e+006 1273.01 816508 0.00928886 1.20037 1.11882e+006 1.93533e+006 -314780
2.137 1.71614e+006 1310.02 821363 0.00960652 1.2167 1.11747e+006 1.93884e+006 -222693
2.139 2.05233e+006 1432.6 831127 0.0102738 1.24999 1.11473e+006 1.94586e+006 106473
2.141 2.25949e+006 1503.16 840966 0.0109861 1.28416 1.1119e+006 1.95287e+006 306623
2.143 2.22353e+006 1491.15 850877 0.0117462 1.31921 1.10899e+006 1.95987e+006 263657
2.145 2.01538e+006 1419.64 860863 0.0125572 1.35518 1.10601e+006 1.96687e+006 48503.8
2.147 1.83954e+006 1356.3 870921 0.0134226 1.39209 1.10294e+006 1.97387e+006 -134321
2.149 1.8369e+006 1355.32 881053 0.0143457 1.42995 1.0998e+006 1.98086e+006 -143957
2.15 1.98784e+006 1409.91 886146 0.0148301 1.44925 1.0982e+006 1.98435e+006 3488.11
2.152 2.19479e+006 1481.48 896387 0.015847 1.48859 1.09494e+006 1.99133e+006 203457
2.154 2.14103e+006 1463.23 906700 0.0169315 1.52896 1.09161e+006 1.99831e+006 142717
2.156 1.96958e+006 1403.42 917086 0.0180878 1.57036 1.0882e+006 2.00529e+006 -35706.7
2.158 1.88812e+006 1374.09 927544 0.0193206 1.61284 1.08472e+006 2.01226e+006 -124142
2.16 1.95814e+006 1399.34 938074 0.0206348 1.65641 1.08116e+006 2.01924e+006 -61096.8
2.162 2.02613e+006 1423.42 948676 0.0220356 1.7011 1.07753e+006 2.02621e+006 -73.6867
2.163 2.1403e+006 1462.98 954004 0.0227701 1.72388 1.07569e+006 2.02969e+006 110604
2.165 2.28592e+006 1511.93 964713 0.0243111 1.77031 1.07195e+006 2.03666e+006 249255
2.167 2.14421e+006 1464.31 975493 0.0259531 1.81792 1.06814e+006 2.04364e+006 100573
2.169 2.09466e+006 1447.29 986343 0.0277024 1.86676 1.06426e+006 2.05061e+006 44049
2.171 2.08058e+006 1442.42 997264 0.0295658 1.91685 1.06031e+006 2.05758e+006 23002.5
2.173 2.2082e+006 1486 1.00826e+006 0.0315505 1.96822 1.0563e+006 2.06456e+006 143647
2.175 2.26755e+006 1505.84 1.01932e+006 0.0336641 2.0209 1.05221e+006 2.07153e+006 196014
2.177 2.0335e+006 1426.01 1.03045e+006 0.0359147 2.07492 1.04806e+006 2.07851e+006 -45015.8
2.179 2.05249e+006 1432.65 1.04165e+006 0.0383108 2.13031 1.04385e+006 2.0855e+006 -33007.9
2.181 2.10172e+006 1449.73 1.05291e+006 0.0408615 2.18712 1.03957e+006 2.09248e+006 9237.41
2.183 2.2419e+006 1497.3 1.06425e+006 0.0435765 2.24536 1.03522e+006 2.09948e+006 142421
2.184 2.30333e+006 1517.67 1.06994e+006 0.0449987 2.27504 1.03303e+006 2.10297e+006 200358
2.186 2.17309e+006 1474.14 1.08138e+006 0.0479793 2.33551 1.02859e+006 2.10997e+006 63116.7
2.188 2.17763e+006 1475.68 1.09288e+006 0.0511507 2.39752 1.02409e+006 2.11698e+006 60646.7
2.19 2.06912e+006 1438.44 1.10446e+006 0.0545248 2.46108 1.01953e+006 2.12399e+006 -54868
2.192 2.05703e+006 1434.24 1.11609e+006 0.0581139 2.52626 1.01491e+006 2.13101e+006 -73977.5
2.194 2.09821e+006 1448.52 1.1278e+006 0.0619313 2.59307 1.01024e+006 2.13804e+006 -39828.2
2.196 2.3268e+006 1525.39 1.13957e+006 0.0659911 2.66157 1.0055e+006 2.14507e+006 181734
2.198 2.38222e+006 1543.44 1.1514e+006 0.0703079 2.73178 1.00071e+006 2.15211e+006 230103
2.2 2.15289e+006 1467.27 1.1633e+006 0.0748974 2.80376 995866 2.15916e+006 -6272.74
2.202 2.1525e+006 1467.14 1.17526e+006 0.0797763 2.87754 990965 2.16623e+006 -13722.9
2.204 2.22492e+006 1491.62 1.18728e+006 0.0849621 2.95316 986012 2.1733e+006 51627.3
2.206 2.23948e+006 1496.49 1.19937e+006 0.0904734 3.03068 981006 2.18038e+006 59104
2.208 2.4021e+006 1549.87 1.21152e+006 0.0963298 3.11012 975948 2.18747e+006 214631
2.21 2.75874e+006 1660.94 1.22373e+006 0.102552 3.19155 970841 2.19457e+006 564166
2.212 2.58009e+006 1606.27 1.236e+006 0.109162 3.275 965685 2.20169e+006 378408
2.214 2.44045e+006 1562.19 1.24833e+006 0.116184 3.36053 960480 2.20881e+006 231635
2.216 2.36668e+006 1538.4 1.26072e+006 0.123641 3.44817 955229 2.21595e+006 150727
2.218 2.22186e+006 1490.59 1.27317e+006 0.131559 3.53799 949932 2.2231e+006 -1243.01
2.22 2.282e+006 1510.63 1.28568e+006 0.139967 3.63003 944590 2.23027e+006 51729
2.222 2.5786e+006 1605.8 1.29824e+006 0.148893 3.72434 939204 2.23745e+006 341150
2.224 2.50392e+006 1582.38 1.31086e+006 0.158368 3.82098 933776 2.24464e+006 259274
2.226 2.4565e+006 1567.32 1.32354e+006 0.168425 3.91999 928306 2.25185e+006 204654
2.228 2.38249e+006 1543.53 1.33627e+006 0.179097 4.02145 922796 2.25907e+006 123420
2.23 2.26615e+006 1505.37 1.34906e+006 0.19042 4.12539 917247 2.26631e+006 -162.092
2.232 2.43395e+006 1560.11 1.3619e+006 0.202434 4.23189 911659 2.27356e+006 160391
2.234 2.42318e+006 1556.66 1.37479e+006 0.215177 4.34099 906034 2.28083e+006 142345
2.236 2.31886e+006 1522.78 1.38774e+006 0.228694 4.45276 900374 2.28812e+006 30747.3
2.238 2.29716e+006 1515.64 1.40074e+006 0.243028 4.56726 894678 2.29542e+006 1743.18
2.24 2.28837e+006 1512.74 1.41378e+006 0.258228 4.68455 888949 2.30274e+006 -14366.5
2.242 2.33128e+006 1526.85 1.42688e+006 0.274343 4.8047 883187 2.31007e+006 21209.7
2.244 2.44105e+006 1562.39 1.44003e+006 0.291426 4.92777 877394 2.31742e+006 123624
2.246 2.46787e+006 1570.95 1.45322e+006 0.309534 5.05383 871570 2.32479e+006 143081
2.248 2.33186e+006 1527.04 1.46646e+006 0.328724 5.18294 865717 2.33218e+006 -318.061
2.25 2.20673e+006 1485.51 1.47975e+006 0.349059 5.31518 859836 2.33959e+006 -132858
2.252 2.23298e+006 1494.32 1.49308e+006 0.370604 5.45062 853927 2.34701e+006 -114027
2.254 2.40453e+006 1550.65 1.50645e+006 0.393428 5.58932 847993 2.35445e+006 50078.6
2.256 2.43534e+006 1560.56 1.51987e+006 0.417605 5.73137 842034 2.36191e+006 73428.5
2.258 2.37213e+006 1540.17 1.53333e+006 0.44321 5.87684 836051 2.36939e+006 2738.06
2.26 2.32332e+006 1524.24 1.54683e+006 0.470325 6.02581 830045 2.37689e+006 -53564.8
2.262 2.34309e+006 1530.72 1.56038e+006 0.499034 6.17835 824018 2.3844e+006 -41313.1
2.265 2.21704e+006 1488.97 1.58076e+006 0.545286 6.41404 814940 2.39571e+006 -178666
2.267 2.50604e+006 1583.05 1.5944e+006 0.578385 6.57587 808863 2.40327e+006 102769
2.269 2.72248e+006 1649.99 1.60808e+006 0.613415 6.74157 802770 2.41085e+006 311630
2.271 2.91574e+006 1707.55 1.62179e+006 0.650482 6.91122 796659 2.41845e+006 497282
2.273 2.88882e+006 1699.65 1.63553e+006 0.689701 7.0849 790533 2.42607e+006 462748
2.275 2.69324e+006 1641.11 1.64931e+006 0.73119 7.26272 784393 2.43371e+006 259530
2.277 2.66404e+006 1632.19 1.66312e+006 0.775076 7.44476 778239 2.44137e+006 222673
2.279 2.41858e+006 1555.18 1.67696e+006 0.82149 7.63111 772073 2.44904e+006 -30458.9
2.281 2.39182e+006 1546.55 1.69083e+006 0.870571 7.82187 765895 2.45674e+006 -64919.4
2.283 2.66844e+006 1633.53 1.70473e+006 0.922466 8.01714 759708 2.46445e+006 203985
2.286 2.96161e+006 1720.93 1.72564e+006 1.00592 8.31872 750409 2.47605e+006 485554
2.288 2.81855e+006 1678.85 1.7396e+006 1.06554 8.5257 744201 2.48381e+006 334739
2.29 3.06327e+006 1750.22 1.75359e+006 1.12855 8.73755 737986 2.49159e+006 571678
2.292 2.96047e+006 1720.6 1.76761e+006 1.19514 8.95437 731765 2.49938e+006 461089
2.294 2.73534e+006 1653.89 1.78165e+006 1.26548 9.17627 725540 2.5072e+006 228144
2.296 2.62048e+006 1618.79 1.7957e+006 1.3398 9.40337 719311 2.51503e+006 105451
2.298 2.62901e+006 1621.42 1.80978e+006 1.4183 9.63577 713080 2.52287e+006 106142
2.301 2.56493e+006 1601.54 1.83093e+006 1.54438 9.99459 703731 2.53467e+006 30255.2
2.303 2.51429e+006 1585.65 1.84505e+006 1.63434 10.2408 697497 2.54256e+006 -28268.3
2.305 2.5431e+006 1594.71 1.85919e+006 1.72932 10.4927 691265 2.55047e+006 -7370.75
2.307 2.58692e+006 1608.39 1.87334e+006 1.82958 10.7504 685035 2.55839e+006 28531.5
2.309 2.50726e+006 1583.43 1.8875e+006 1.9354 11.0142 678808 2.56632e+006 -59062.1
2.311 2.74893e+006 1657.99 1.90168e+006 2.04709 11.284 672584 2.57427e+006 174659
2.313 2.7617e+006 1661.84 1.91586e+006 2.16494 11.5601 666365 2.58224e+006 179460
2.316 2.72404e+006 1650.47 1.93715e+006 2.35399 11.9861 657048 2.59421e+006 129826
2.318 2.59911e+006 1612.18 1.95135e+006 2.4887 12.2784 650845 2.60221e+006 -3100.82
2.32 2.50612e+006 1583.07 1.96556e+006 2.63079 12.5773 644651 2.61023e+006 -104107
2.322 2.49183e+006 1578.55 1.97977e+006 2.78064 12.8832 638464 2.61825e+006 -126418
2.324 2.66935e+006 1633.81 1.99398e+006 2.93864 13.196 632288 2.62629e+006 43060.6
2.327 2.80817e+006 1675.76 2.0153e+006 3.19186 13.6787 623044 2.63836e+006 169805
2.329 2.79954e+006 1673.18 2.02952e+006 3.37215 14.0097 616896 2.64643e+006 153107
2.331 2.75551e+006 1659.97 2.04373e+006 3.56216 14.3483 610760 2.6545e+006 101005
2.333 2.84301e+006 1686.12 2.05793e+006 3.76239 14.6945 604638 2.66259e+006 180428
2.335 2.85499e+006 1689.67 2.07213e+006 3.97337 15.0487 598531 2.67068e+006 184310
2.338 3.09324e+006 1758.76 2.09341e+006 4.31118 15.595 589398 2.68283e+006 410411
2.34 2.91939e+006 1708.62 2.10759e+006 4.55147 15.9695 583330 2.69094e+006 228444
2.342 2.80728e+006 1675.5 2.12176e+006 4.80453 16.3525 577279 2.69906e+006 108224
2.344 2.87833e+006 1696.56 2.13591e+006 5.07101 16.7441 571246 2.70718e+006 171145
2.347 3.00314e+006 1732.96 2.15712e+006 5.49737 17.3482 562232 2.71938e+006 283762
2.349 3.15595e+006 1776.5 2.17124e+006 5.80042 17.7622 556247 2.72751e+006 428437
2.351 3.01915e+006 1737.57 2.18534e+006 6.11938 18.1855 550283 2.73564e+006 283502
2.353 2.72188e+006 1649.81 2.19942e+006 6.45505 18.6183 544340 2.74378e+006 -21903.4
2.356 2.41814e+006 1555.04 2.2205e+006 6.99171 19.2858 535466 2.75599e+006 -337850
2.358 2.64921e+006 1627.64 2.23452e+006 7.37287 19.7432 529579 2.76413e+006 -114919
2.36 2.88175e+006 1697.57 2.24852e+006 7.7738 20.2107 523716 2.77227e+006 109485
2.362 2.68476e+006 1638.52 2.2625e+006 8.19549 20.6887 517877 2.7804e+006 -95643.7
2.365 2.57289e+006 1604.02 2.2834e+006 8.86915 21.4257 509165 2.7926e+006 -219706
2.367 2.70373e+006 1644.3 2.2973e+006 9.34724 21.9306 503389 2.80072e+006 -96992.1
2.369 2.67008e+006 1634.04 2.31117e+006 9.84984 22.4467 497640 2.80884e+006 -138763
2.372 2.56992e+006 1603.1 2.33191e+006 10.6523 23.2423 489067 2.82101e+006 -251090
2.374 2.86252e+006 1691.9 2.34569e+006 11.2215 23.7874 483387 2.82911e+006 33406.9
2.376 2.8423e+006 1685.91 2.35944e+006 11.8195 24.3444 477735 2.83721e+006 5095.55
2.378 2.90009e+006 1702.97 2.37314e+006 12.4479 24.9137 472112 2.84529e+006 54803.5
2.381 2.89245e+006 1700.72 2.39362e+006 13.4503 25.7911 463733 2.8574e+006 35057.7
2.383 2.76115e+006 1661.67 2.40722e+006 14.1608 26.392 458185 2.86545e+006 -104295
2.385 3.02562e+006 1739.43 2.42078e+006 14.9069 27.0061 452667 2.87349e+006 152128
2.388 2.9908e+006 1729.39 2.44102e+006 16.0964 27.9524 444450 2.88552e+006 105286
2.39 2.69352e+006 1641.2 2.45446e+006 16.9391 28.6004 439012 2.89352e+006 -199996
2.392 2.68745e+006 1639.34 2.46785e+006 17.8235 29.2626 433607 2.9015e+006 -214054
2.395 2.835e+006 1683.74 2.48783e+006 19.2329 30.2828 425560 2.91344e+006 -78440.4
2.397 2.74874e+006 1657.93 2.50108e+006 20.2306 30.9814 420238 2.92137e+006 -172630
2.399 2.8186e+006 1678.87 2.51428e+006 21.2773 31.695 414950 2.92928e+006 -110677
2.402 3.02322e+006 1738.74 2.53396e+006 22.9443 32.7944 407082 2.9411e+006 82118.5
2.404 3.10442e+006 1761.94 2.54701e+006 24.1237 33.5471 401880 2.94895e+006 155471
2.407 2.97988e+006 1726.23 2.56647e+006 26.0012 34.7065 394144 2.96067e+006 19209.4
2.409 2.90803e+006 1705.29 2.57936e+006 27.3289 35.5002 389031 2.96845e+006 -60423.7
2.411 2.70737e+006 1645.41 2.59218e+006 28.7207 36.3109 383954 2.9762e+006 -268833
2.414 2.88255e+006 1697.81 2.61129e+006 30.9351 37.5594 376408 2.98777e+006 -105220
2.416 3.09616e+006 1759.59 2.62394e+006 32.5001 38.414 371424 2.99544e+006 100718
2.418 3.15101e+006 1775.11 2.63653e+006 34.14 39.2867 366476 3.00307e+006 147934
2.421 3.17337e+006 1781.4 2.65526e+006 36.7473 40.6307 359125 3.01446e+006 158912
2.423 2.96683e+006 1722.45 2.66765e+006 38.589 41.5504 354272 3.02201e+006 -55179.9
2.426 2.86785e+006 1693.47 2.6861e+006 41.5161 42.9665 347064 3.03325e+006 -165403
2.428 2.85813e+006 1690.6 2.6983e+006 43.5829 43.9355 342307 3.04069e+006 -182568
2.43 2.92233e+006 1709.48 2.71042e+006 45.7466 44.925 337588 3.0481e+006 -125768
2.433 3.21061e+006 1791.82 2.72844e+006 49.1835 46.4482 330583 3.05912e+006 151489
2.435 3.05487e+006 1747.82 2.74034e+006 51.6087 47.4903 325962 3.06641e+006 -11537.2
2.438 2.97461e+006 1724.71 2.75804e+006 55.4592 49.0945 319105 3.07725e+006 -102642
2.44 3.01764e+006 1737.14 2.76973e+006 58.1751 50.192 314582 3.08442e+006 -66775.2
2.443 3.21211e+006 1792.24 2.78709e+006 62.4854 51.8811 307874 3.09508e+006 117030
2.445 3.15818e+006 1777.13 2.79855e+006 65.5244 53.0366 303451 3.10212e+006 56065.6
2.447 3.1091e+006 1763.26 2.80991e+006 68.7024 54.216 299068 3.1091e+006 -1.96162
2.45 2.83134e+006 1682.66 2.82677e+006 73.7429 56.031 292570 3.11947e+006 -288136
2.452 2.83733e+006 1684.44 2.83789e+006 77.2946 57.2723 288288 3.12631e+006 -288981
2.455 2.69342e+006 1641.16 2.85438e+006 82.9255 59.1824 281940 3.13647e+006 -443050
2.457 2.72343e+006 1650.28 2.86525e+006 86.8916 60.4887 277759 3.14316e+006 -419726
2.46 2.9704e+006 1723.49 2.88136e+006 93.1767 62.4985 271564 3.15308e+006 -182673
2.462 2.97164e+006 1723.84 2.89196e+006 97.6017 63.8727 267484 3.15961e+006 -187970
2.465 2.75882e+006 1660.97 2.90767e+006 104.611 65.9869 261441 3.16928e+006 -410455
2.467 2.89835e+006 1702.46 2.918e+006 109.544 67.4323 257463 3.17564e+006 -277287
2.47 3.11558e+006 1765.1 2.93329e+006 117.354 69.6559 251572 3.18505e+006 -69473.9
2.472 3.27419e+006 1809.47 2.94335e+006 122.848 71.1759 247696 3.19124e+006 82952.2
2.475 3.09526e+006 1759.34 2.95821e+006 131.544 73.5139 241957 3.20037e+006 -105115
2.477 2.89395e+006 1701.16 2.96798e+006 137.658 75.112 238182 3.20637e+006 -312419
2.48 2.73094e+006 1652.56 2.9824e+006 147.331 77.5699 232596 3.21522e+006 -484282
2.482 2.7424e+006 1656.02 2.99187e+006 154.13 79.2497 228922 3.22103e+006 -478625
2.485 2.78041e+006 1667.46 3.00585e+006 164.88 81.833 223486 3.22958e+006 -449167
2.487 2.79361e+006 1671.41 3.01501e+006 172.433 83.5984 219913 3.23518e+006 -441570
2.49 3.13846e+006 1771.57 3.02852e+006 184.372 86.3129 214629 3.24342e+006 -104953
2.492 2.96038e+006 1720.58 3.03736e+006 192.756 88.1678 211156 3.2488e+006 -288417
2.495 2.74617e+006 1657.16 3.0504e+006 206.002 91.0196 206021 3.25671e+006 -510549
2.498 2.87517e+006 1695.63 3.06314e+006 220.095 93.9567 200975 3.26443e+006 -389253
2.5 3.09728e+006 1759.91 3.07147e+006 229.985 95.9634 197661 3.26945e+006 -172178
2.503 3.16126e+006 1777.99 3.08371e+006 245.6 99.048 192764 3.27682e+006 -115561
2.505 3.36407e+006 1834.14 3.09171e+006 256.554 101.155 189548 3.28161e+006 82455.2
2.508 3.4771e+006 1864.7 3.10345e+006 273.841 104.394 184797 3.28862e+006 188480
2.51 2.88233e+006 1697.74 3.1111e+006 285.962 106.606 181679 3.29317e+006 -410842
2.513 2.6898e+006 1640.06 3.12232e+006 305.084 110.006 177073 3.29981e+006 -610014
2.516 3.10194e+006 1761.23 3.13323e+006 325.39 113.506 172554 3.30622e+006 -204282
2.518 3.27824e+006 1810.59 3.14033e+006 339.618 115.897 169588 3.31037e+006 -32127.4
2.521 3.10792e+006 1762.93 3.1507e+006 362.048 119.569 165211 3.31639e+006 -208479
2.523 2.99803e+006 1731.48 3.15744e+006 377.758 122.078 162340 3.32028e+006 -322244
2.526 2.65829e+006 1630.43 3.16727e+006 402.513 125.931 158104 3.3259e+006 -667608
2.529 2.33238e+006 1527.21 3.17677e+006 428.766 129.896 153951 3.33128e+006 -998899
2.531 1.99339e+006 1411.87 3.18292e+006 447.141 132.604 151228 3.33473e+006 -1.34134e+006
2.534 2.30067e+006 1516.8 3.19187e+006 476.075 136.763 147212 3.33969e+006 -1.03902e+006
2.537 2.35337e+006 1534.07 3.20047e+006 506.736 141.042 143278 3.3444e+006 -991026
2.539 2.40798e+006 1551.77 3.20602e+006 528.18 143.963 140699 3.34739e+006 -939408
2.542 3.32722e+006 1824.07 3.21406e+006 561.925 148.449 136899 3.35167e+006 -24452.3
2.544 4.62117e+006 2149.69 3.21923e+006 585.517 151.512 134409 3.35437e+006 1.2668e+006
2.547 4.84395e+006 2200.9 3.22669e+006 622.625 156.214 130740 3.3582e+006 1.48574e+006
2.55 4.30699e+006 2075.33 3.2338e+006 661.894 161.051 127148 3.36177e+006 945224
2.552 3.59289e+006 1895.49 3.23834e+006 689.328 164.352 124796 3.36399e+006 228899
2.555 3.28779e+006 1813.23 3.24486e+006 732.45 169.42 121332 3.3671e+006 -79311.9
2.558 3.20683e+006 1790.76 3.25103e+006 778.045 174.631 117944 3.36993e+006 -163094
2.561 3.37823e+006 1838 3.25684e+006 826.238 179.99 114629 3.37248e+006 5753
2.563 3.57209e+006 1890 3.26051e+006 859.877 183.646 112461 3.37402e+006 198069
2.566 2.99589e+006 1730.86 3.26572e+006 912.699 189.258 109268 3.37609e+006 -380203
2.569 2.9281e+006 1711.17 3.27057e+006 968.487 195.028 106148 3.37788e+006 -449777
2.571 3.59571e+006 1896.23 3.27359e+006 1007.4 198.963 104107 3.37891e+006 216800
2.574 3.90134e+006 1975.18 3.27783e+006 1068.46 205.004 101104 3.38021e+006 521131
2.577 2.99553e+006 1730.76 3.2817e+006 1132.89 211.212 98170.5 3.38122e+006 -385682
2.58 3.26194e+006 1806.08 3.2852e+006 1200.86 217.593 95305.2 3.38193e+006 -119987
2.582 3.37496e+006 1837.11 3.28733e+006 1248.23 221.944 93432.4 3.38224e+006 -7273.8
2.585 3.06347e+006 1750.28 3.29022e+006 1322.48 228.621 90678.7 3.38245e+006 -318981
2.588 2.66529e+006 1632.57 3.29273e+006 1400.75 235.481 87990.6 3.38236e+006 -717066
2.591 2.62794e+006 1621.09 3.29488e+006 1483.22 242.53 85367.1 3.38197e+006 -754025
2.593 2.49683e+006 1580.13 3.2961e+006 1540.63 247.335 83653.5 3.38154e+006 -884713
2.596 2.83531e+006 1683.84 3.29762e+006 1630.55 254.708 81135.5 3.38064e+006 -545330
2.599 3.17075e+006 1780.66 3.29877e+006 1725.22 262.281 78679.3 3.37943e+006 -208681
2.602 3.81235e+006 1952.52 3.29954e+006 1824.86 270.059 76284 3.37792e+006 434432
2.604 4.20052e+006 2049.52 3.29985e+006 1894.15 275.361 74720.5 3.37674e+006 823783
2.607 3.36701e+006 1834.94 3.3e+006 2002.58 283.493 72424.4 3.37471e+006 -7697.69
2.61 3.26897e+006 1808.03 3.29977e+006 2116.6 291.843 70186.5 3.37237e+006 -103402
2.613 3.38077e+006 1838.69 3.29917e+006 2236.47 300.418 68005.7 3.36972e+006 11053.5
2.616 3.52393e+006 1877.21 3.2982e+006 2362.44 309.222 65881.1 3.36675e+006 157177
2.618 3.82857e+006 1956.67 3.29734e+006 2449.95 315.221 64495.3 3.36461e+006 463966
2.621 3.68935e+006 1920.77 3.29575e+006 2586.7 324.419 62461.9 3.36112e+006 328228
2.624 3.40207e+006 1844.47 3.29378e+006 2730.29 333.861 60482 3.35733e+006 44739.5
2.627 3.61764e+006 1902.01 3.29144e+006 2881.02 343.553 58554.5 3.35322e+006 264418
2.63 3.16025e+006 1777.71 3.28873e+006 3039.19 353.5 56678.4 3.3488e+006 -188546
2.633 2.49666e+006 1580.08 3.28564e+006 3205.12 363.709 54852.7 3.34406e+006 -847402
2.636 2.90855e+006 1705.45 3.28219e+006 3379.13 374.185 53076.4 3.33902e+006 -430471
2.638 3.0484e+006 1745.97 3.27968e+006 3499.79 381.321 51919.3 3.33548e+006 -287080
2.641 2.61887e+006 1618.29 3.27562e+006 3688.02 392.256 50223.2 3.32992e+006 -711048
2.644 2.62146e+006 1619.09 3.27118e+006 3885.26 403.476 48574 3.32405e+006 -702591
2.647 3.59993e+006 1897.35 3.26639e+006 4091.85 414.986 46970.6 3.31787e+006 282070
2.65 2.79031e+006 1670.42 3.26123e+006 4308.18 426.794 45412.2 3.31137e+006 -521065
2.653 2.72429e+006 1650.54 3.25571e+006 4534.64 438.905 43897.7 3.30458e+006 -580292
2.656 2.92445e+006 1710.1 3.24983e+006 4771.63 451.327 42426.2 3.29747e+006 -373020
2.659 3.32615e+006 1823.77 3.24359e+006 5019.54 464.067 40996.8 3.29007e+006 36081.4
2.662 3.60956e+006 1899.88 3.23699e+006 5278.82 477.131 39608.6 3.28236e+006 327197
2.664 3.40486e+006 1845.23 3.2324e+006 5458.18 486.025 38705.5 3.27705e+006 127808
2.667 3.24843e+006 1802.34 3.22522e+006 5737.34 499.647 37383.9 3.26884e+006 -20410.4
2.67 3.02846e+006 1740.25 3.21769e+006 6029.04 513.612 36101 3.26034e+006 -231877
2.673 3.28311e+006 1811.93 3.20981e+006 6333.73 527.93 34855.9 3.25153e+006 31575.2
2.676 3.39464e+006 1842.46 3.20159e+006 6651.9 542.607 33647.9 3.24244e+006 152208
2.679 3.12811e+006 1768.65 3.19303e+006 6984.03 557.652 32476 3.23305e+006 -104936
2.682 2.70429e+006 1644.47 3.18413e+006 7330.62 573.071 31339.4 3.22338e+006 -519082
2.685 2.35678e+006 1535.18 3.1749e+006 7692.19 588.874 30237.2 3.21341e+006 -856632
2.688 2.97278e+006 1724.18 3.16533e+006 8069.26 605.069 29168.6 3.20317e+006 -230387
2.691 3.50165e+006 1871.27 3.15543e+006 8462.36 621.663 28132.9 3.19265e+006 309000
2.694 3.24167e+006 1800.46 3.14521e+006 8872.05 638.666 27129.1 3.18185e+006 59820.2
2.697 2.30473e+006 1518.14 3.13466e+006 9298.88 656.086 26156.5 3.17077e+006 -866039
2.7 2.48619e+006 1576.77 3.1238e+006 9743.42 673.931 25214.3 3.15943e+006 -673239
2.703 2.39147e+006 1546.44 3.11262e+006 10206.3 692.212 24301.8 3.14782e+006 -756351
2.706 2.72789e+006 1651.63 3.10112e+006 10688 710.936 23418.1 3.13594e+006 -408051
2.709 2.90572e+006 1704.62 3.08932e+006 11189.3 730.114 22562.7 3.12381e+006 -218089
2.712 2.57713e+006 1605.34 3.07722e+006 11710.6 749.754 21734.6 3.11141e+006 -534283
2.715 3.32117e+006 1822.41 3.06481e+006 12252.7 769.866 20933.2 3.09877e+006 222404
2.718 3.39744e+006 1843.21 3.05211e+006 12816.2 790.459 20157.8 3.08588e+006 311563
2.721 2.96846e+006 1722.92 3.03912e+006 13401.8 811.545 19407.7 3.07274e+006 -104281
2.724 2.78834e+006 1669.83 3.02584e+006 14010 833.131 18682.2 3.05936e+006 -271022
2.727 2.68968e+006 1640.03 3.01227e+006 14641.6 855.23 17980.6 3.04575e+006 -356065
2.731 2.38261e+006 1543.57 2.99375e+006 15521.3 885.508 17081.4 3.02724e+006 -644626
2.734 2.38016e+006 1542.78 2.97954e+006 16210.1 908.841 16433.2 3.01309e+006 -632936
2.737 2.87818e+006 1696.52 2.96506e+006 16924.6 932.72 15806.8 2.99872e+006 -120541
2.74 2.87337e+006 1695.1 2.95032e+006 17665.4 957.157 15201.5 2.98414e+006 -110770
2.743 2.98433e+006 1727.52 2.93531e+006 18433.4 982.162 14616.9 2.96935e+006 14980.4
2.746 3.22867e+006 1796.85 2.92005e+006 19229.2 1007.75 14052.3 2.95434e+006 274326
2.749 2.71558e+006 1647.9 2.90455e+006 20053.5 1033.92 13507.1 2.93914e+006 -223556
2.752 3.05537e+006 1747.96 2.88879e+006 20907.1 1060.7 12980.8 2.92374e+006 131628
2.755 2.66221e+006 1631.63 2.8728e+006 21790.8 1088.09 12472.8 2.90815e+006 -245939
2.759 2.57402e+006 1604.38 2.8511e+006 23017 1125.59 11822.9 2.88707e+006 -313044
2.762 2.51637e+006 1586.31 2.83457e+006 23973.6 1154.46 11355.6 2.87105e+006 -354682
2.765 2.50056e+006 1581.32 2.81781e+006 24962.8 1183.99 10904.7 2.85486e+006 -354294
2.768 2.26365e+006 1504.54 2.80083e+006 25985.3 1214.18 10469.9 2.8385e+006 -574849
2.771 2.18593e+006 1478.49 2.78363e+006 27041.8 1245.05 10050.7 2.82197e+006 -636039
2.774 2.57722e+006 1605.37 2.76623e+006 28133.1 1276.61 9646.55 2.80529e+006 -228063
2.778 3.19472e+006 1787.38 2.74271e+006 29643.8 1319.79 9130.34 2.78281e+006 411910
2.781 2.94458e+006 1715.98 2.72485e+006 30819.3 1353.01 8759.59 2.76578e+006 178803
2.784 2.56249e+006 1600.78 2.70679e+006 32032.2 1386.97 8402.42 2.74861e+006 -186123
2.787 2.73212e+006 1652.91 2.68855e+006 33283.3 1421.68 8058.38 2.73131e+006 814.052
2.79 2.97882e+006 1725.93 2.67012e+006 34573.1 1457.15 7727.06 2.71388e+006 264937
2.794 2.89063e+006 1700.18 2.64529e+006 36354.7 1505.65 7304.4 2.69045e+006 200174
2.797 2.54623e+006 1595.69 2.62647e+006 37738.2 1542.96 7001.2 2.67275e+006 -126514
2.8 3.23862e+006 1799.62 2.60748e+006 39162.9 1581.07 6709.4 2.65494e+006 583681
2.803 3.27096e+006 1808.58 2.58834e+006 40629.7 1620 6428.62 2.63702e+006 633943
2.807 2.69695e+006 1642.24 2.56259e+006 42652 1673.22 6070.78 2.61298e+006 83968
2.81 2.59921e+006 1612.21 2.5431e+006 44219.7 1714.13 5814.33 2.59485e+006 4356.81
2.813 3.11331e+006 1764.46 2.52348e+006 45831.6 1755.91 5567.74 2.57663e+006 536673
2.816 2.98243e+006 1726.97 2.50372e+006 47488.6 1798.58 5330.66 2.55834e+006 424090
2.82 2.60877e+006 1615.17 2.47719e+006 49769.1 1856.88 5028.8 2.53384e+006 74928.6
2.823 2.39173e+006 1546.52 2.45714e+006 51533.7 1901.68 4812.69 2.51539e+006 -123662
2.826 2.62901e+006 1621.42 2.43698e+006 53345.4 1947.42 4605.05 2.49688e+006 132129
2.83 3.24157e+006 1800.44 2.40994e+006 55835.4 2009.89 4340.87 2.47212e+006 769444
2.833 2.50061e+006 1581.33 2.38953e+006 57759.3 2057.87 4151.88 2.4535e+006 47105.3
2.836 2.1753e+006 1474.89 2.36904e+006 59732.3 2106.85 3970.41 2.43484e+006 -259541
2.84 2.23265e+006 1494.21 2.34156e+006 62440 2173.73 3739.7 2.40992e+006 -177266
2.843 2.26174e+006 1503.91 2.32086e+006 64529.3 2225.09 3574.78 2.39119e+006 -129446
2.846 2.26643e+006 1505.47 2.30008e+006 66669.2 2277.5 3416.52 2.37244e+006 -106014
2.85 2.38751e+006 1545.16 2.27226e+006 69601.9 2349.03 3215.47 2.34743e+006 40085.6
2.853 2.73096e+006 1652.56 2.25132e+006 71861.5 2403.94 3071.86 2.32866e+006 402304
2.856 2.3707e+006 1539.71 2.23032e+006 74173 2459.96 2934.14 2.30988e+006 60815.8
2.86 1.83681e+006 1355.29 2.20223e+006 77336.3 2536.4 2759.31 2.28486e+006 -448053
2.863 2.02346e+006 1422.48 2.18111e+006 79770 2595.06 2634.52 2.26611e+006 -242651
2.867 2.99318e+006 1730.08 2.15288e+006 83097.2 2675.08 2476.18 2.24113e+006 752051
2.87 3.33752e+006 1826.89 2.13167e+006 85654.5 2736.49 2363.22 2.22242e+006 1.1151e+006
2.874 2.94559e+006 1716.27 2.10334e+006 89146.8 2820.23 2219.97 2.19753e+006 748066
2.877 2.99383e+006 1730.27 2.08206e+006 91828.2 2884.47 2117.82 2.1789e+006 814932
2.88 2.61599e+006 1617.4 2.06077e+006 94563 2949.96 2020.02 2.1603e+006 455686
2.884 2.21461e+006 1488.16 2.03236e+006 98292.1 3039.26 1896.08 2.13559e+006 79021.6
2.887 2.50122e+006 1581.52 2.01104e+006 101151 3107.73 1807.78 2.11711e+006 384111
2.891 2.39373e+006 1547.17 1.98261e+006 105045 3201.07 1695.93 2.09256e+006 301177
2.894 1.7866e+006 1336.64 1.9613e+006 108028 3272.63 1616.28 2.07421e+006 -287609
2.898 1.84524e+006 1358.39 1.93289e+006 112086 3370.16 1515.45 2.04986e+006 -204626
2.901 2.25509e+006 1501.7 1.9116e+006 115191 3444.91 1443.68 2.03168e+006 223410
2.905 1.73495e+006 1317.18 1.88325e+006 119411 3546.76 1352.87 2.00756e+006 -272611
2.908 1.70384e+006 1305.31 1.86202e+006 122635 3624.81 1288.27 1.98957e+006 -285728
2.912 1.97283e+006 1404.57 1.83375e+006 127014 3731.14 1206.57 1.96571e+006 7122.45
2.915 2.0475e+006 1430.91 1.8126e+006 130356 3812.59 1148.48 1.94792e+006 99584.6
2.919 2.12388e+006 1457.35 1.78446e+006 134888 3923.53 1075.06 1.92434e+006 199536
2.922 2.07603e+006 1440.84 1.7634e+006 138344 4008.51 1022.88 1.90678e+006 169252
2.926 1.77354e+006 1331.74 1.73541e+006 143025 4124.21 956.965 1.88352e+006 -109978
2.929 2.0783e+006 1441.63 1.71448e+006 146590 4212.81 910.142 1.86619e+006 212111
2.933 1.87376e+006 1368.85 1.68667e+006 151415 4333.42 851.022 1.84327e+006 30488
2.937 2.05953e+006 1435.11 1.65897e+006 156317 4456.91 795.493 1.82054e+006 238985
2.94 2.30452e+006 1518.06 1.63829e+006 160044 4551.44 756.081 1.80364e+006 500882
2.944 1.84912e+006 1359.82 1.61082e+006 165077 4680.07 706.358 1.78128e+006 67838.6
2.947 1.95474e+006 1398.12 1.59031e+006 168899 4778.52 671.086 1.76466e+006 190088
2.951 1.72655e+006 1313.98 1.56309e+006 174054 4912.46 626.608 1.74268e+006 -16136.2
2.955 1.46122e+006 1208.81 1.53603e+006 179275 5049.49 584.895 1.72094e+006 -259720
2.958 1.55385e+006 1246.54 1.51584e+006 183231 5154.32 555.328 1.70478e+006 -150929
2.962 1.98958e+006 1410.52 1.48907e+006 188556 5296.9 518.075 1.68344e+006 306136
2.965 1.8147e+006 1347.11 1.46911e+006 192587 5405.95 491.684 1.6676e+006 147106
2.969 1.57035e+006 1253.14 1.44266e+006 198007 5554.22 458.448 1.64668e+006 -76328.3
2.973 1.37001e+006 1170.47 1.4164e+006 203474 5705.81 427.325 1.62601e+006 -255998
2.977 1.35631e+006 1164.61 1.39033e+006 208985 5860.79 398.19 1.60558e+006 -249272
2.98 1.55343e+006 1246.36 1.37092e+006 213144 5979.26 377.572 1.59042e+006 -36995.5
2.984 1.70837e+006 1307.05 1.34522e+006 218720 6140.26 351.636 1.57043e+006 137938
2.988 1.53803e+006 1240.17 1.31973e+006 224326 6304.78 327.378 1.55069e+006 -12659
2.991 1.47205e+006 1213.28 1.30076e+006 228548 6430.5 310.226 1.53605e+006 -64002.3
2.995 1.72709e+006 1314.19 1.27567e+006 234196 6601.29 288.667 1.51675e+006 210335
2.999 1.88335e+006 1372.35 1.2508e+006 239859 6775.74 268.521 1.49771e+006 385648
3.003 2.08988e+006 1445.64 1.22618e+006 245534 6953.89 249.703 1.47891e+006 610969
3.006 1.62646e+006 1275.33 1.20787e+006 249793 7089.97 236.412 1.46499e+006 161473
3.01 1.52117e+006 1233.36 1.18367e+006 255472 7274.73 219.723 1.44663e+006 74538.2
3.014 1.48438e+006 1218.35 1.15972e+006 261147 7463.34 204.149 1.42853e+006 55845.8
3.018 1.47439e+006 1214.25 1.13603e+006 266810 7655.84 189.618 1.41068e+006 63711.6
3.021 1.45711e+006 1207.11 1.11843e+006 271046 7802.8 179.367 1.39746e+006 59654.6
3.025 1.43532e+006 1198.05 1.09519e+006 276675 8002.23 166.509 1.38004e+006 55278.9
3.029 1.43883e+006 1199.51 1.07222e+006 282275 8205.7 154.524 1.36286e+006 75974.2
3.033 1.38513e+006 1176.91 1.04953e+006 287841 8413.24 143.357 1.34592e+006 39204.9
3.037 1.50626e+006 1227.3 1.0271e+006 293365 8624.92 132.956 1.32922e+006 177033
3.041 1.50769e+006 1227.88 1.00495e+006 298842 8840.77 123.27 1.31276e+006 194937
3.044 1.53174e+006 1237.64 988522 302915 9005.42 116.447 1.30056e+006 231183
3.048 1.69582e+006 1302.24 966863 308292 9228.7 107.905 1.28449e+006 411324
3.052 1.65308e+006 1285.72 945488 313604 9456.28 99.9579 1.26865e+006 384430
3.056 1.58353e+006 1258.38 924399 318843 9688.21 92.5669 1.25302e+006 330505
3.06 1.46025e+006 1208.41 903599 324004 9924.54 85.6956 1.23761e+006 222642
3.064 1.23342e+006 1110.59 883088 329078 10165.3 79.3094 1.22241e+006 11008.5
3.068 1.37122e+006 1170.99 862868 334061 10410.6 73.3761 1.20741e+006 163805
3.072 1.18727e+006 1089.62 842942 338944 10660.4 67.8654 1.19261e+006 -5340.98
3.076 1.0196e+006 1009.75 823310 343722 10914.7 62.7488 1.17801e+006 -158405
3.079 1.04382e+006 1021.67 808779 347232 11108.5 59.154 1.16718e+006 -123363
3.083 1.13399e+006 1064.89 789663 351810 11371 54.6642 1.1529e+006 -18907.8
3.087 1.01581e+006 1007.88 770844 356266 11638.2 50.4993 1.1388e+006 -122986
3.091 1.05387e+006 1026.58 752322 360592 11910.1 46.637 1.12487e+006 -71000.8
3.095 1.05042e+006 1024.9 734096 364783 12186.7 43.0567 1.11111e+006 -60691.3
3.099 1.16019e+006 1077.12 716168 368833 12468.2 39.7387 1.09751e+006 62684.5
3.103 1.39164e+006 1179.68 698536 372736 12754.5 36.6649 1.08406e+006 307574
3.107 1.31178e+006 1145.33 681201 376488 13045.7 33.8182 1.07077e+006 241007
3.111 1.17154e+006 1082.38 664163 380081 13341.8 31.1828 1.05762e+006 113925
3.115 1.21474e+006 1102.15 647420 383511 13642.9 28.7437 1.0446e+006 170133
3.12 1.27543e+006 1129.35 626905 387563 14026.2 25.9499 1.02852e+006 246915
3.124 1.27378e+006 1128.62 610824 390608 14338.5 23.9033 1.01579e+006 257986
3.128 1.15448e+006 1074.47 595035 393476 14655.8 22.0111 1.00319e+006 151293
3.132 1.10275e+006 1050.12 579538 396160 14978.3 20.2624 990697 112053
3.136 1.04342e+006 1021.48 564330 398658 15305.8 18.6467 978313 65106.5
3.14 1.08798e+006 1043.06 549410 400966 15638.5 17.1545 966032 121948
3.144 1.02145e+006 1010.67 534777 403080 15976.3 15.7767 953849 67600.9
3.148 882570 939.452 520429 404996 16319.3 14.5051 941759 -59188.9
3.152 1.09438e+006 1046.13 506364 406712 16667.4 13.3317 929757 164625
3.156 1.16287e+006 1078.37 492579 408226 17020.9 12.2495 917838 245037
3.161 1.0298e+006 1014.79 475740 409830 17470 11.0145 903051 126750
3.165 898787 948.044 462579 410879 17835.2 10.1132 891304 7483.43
3.169 840808 916.956 449691 411720 18205.6 9.28269 879626 -38818.5
3.173 765273 874.799 437075 412350 18581.4 8.51774 868015 -102741
3.177 860037 927.382 424726 412769 18962.4 7.81338 856466 3571.01
3.182 844870 919.168 409664 412995 19446.2 7.01117 842112 2758.2
3.186 849228 921.536 397909 412936 19839.1 6.42685 830691 18537.1
3.19 837960 915.401 386414 412666 20237.4 5.88938 819323 18636.7
3.194 791175 889.48 375175 412183 20641 5.39516 808005 -16829.4
3.199 803549 896.409 361483 411283 21153 4.83316 793924 9625.13
3.203 747079 864.337 350809 410328 21568.5 4.42445 782710 -35631.4
3.207 710914 843.157 340383 409164 21989.4 4.04903 771540 -60625.8
3.211 718727 847.778 330200 407793 22415.5 3.7043 760412 -41685
3.216 814438 902.462 317808 405793 22955.6 3.31291 746560 67878
3.22 785778 886.441 308160 403966 23393.7 3.02871 735523 50255.2
3.224 599175 774.064 298745 401941 23837 2.76803 724526 -125351
3.229 572863 756.877 287298 399135 24398.5 2.4724 710834 -137971
3.233 627483 792.138 278394 396675 24853.5 2.258 699924 -72441.8
3.238 679632 824.398 267574 393337 25429.6 2.01507 686343 -6710.9
3.242 659110 811.856 259164 390460 25896.4 1.83903 675522 -16412.2
3.246 729918 854.353 250967 387406 26368.2 1.67784 664743 65175.5
3.251 584182 764.318 241016 383344 26965.2 1.49542 651327 -67145.3
3.255 747940 864.835 233288 379905 27448.5 1.36338 640643 107297
3.26 1.09112e+006 1044.57 223911 375379 28059.7 1.21408 627350 463768
3.264 746280 863.875 216632 371581 28554.3 1.1061 616769 129512
3.268 568631 754.077 209548 367633 29053.8 1.00741 606236 -37604.5
3.273 475069 689.253 200961 362495 29685.1 0.895944 593141 -118072
3.277 478610 691.817 194301 358229 30195.5 0.81543 582726 -104115
3.282 455071 674.589 186232 352711 30840.3 0.724565 569785 -114714
3.286 451321 671.805 179979 348157 31361.5 0.658986 559498 -108177
3.291 470706 686.08 172407 342300 32019.5 0.585037 546727 -76021.5
3.295 466315 682.872 166542 337490 32551 0.531711 536584 -70268.9
3.3 532875 729.983 159446 331332 33221.8 0.471627 524000 8875.17
3.305 572526 756.655 152604 325026 33899.6 0.418128 511529 60997
3.309 537961 733.459 147308 319882 34446.7 0.379598 501637 36324
3.314 489014 699.295 140907 313340 35136.6 0.336241 489384 -369.726
3.318 534296 730.955 135956 308025 35693.2 0.305042 479674 54621.7
3.323 503110 709.303 129974 301289 36394.7 0.269962 467658 35452.2
3.328 494497 703.204 124216 294465 37102.5 0.238799 455783 38713.1
3.332 554203 744.448 119767 288949 37673.1 0.216403 446389 107813
3.337 513183 716.368 114396 281996 38391.7 0.191254 434784 78399.6
3.342 377791 614.647 109232 274989 39116.1 0.168945 423337 -45546.3
3.346 376467 613.569 105245 269353 39699.6 0.152932 414298 -37830.9
3.351 403957 635.576 100437 262280 40433.9 0.134974 403151 805.803
3.356 371657 609.637 95818.4 255189 41173.4 0.119066 392181 -20523.5
3.36 324612 569.747 92256 249509 41768.6 0.107662 383534 -58921.7
3.365 317373 563.359 87963.7 242412 42517 0.0948892 372892 -55519.1
3.37 372272 610.141 83844.6 235327 43269.9 0.0835906 362442 9829.8
3.375 382649 618.586 79893.2 228266 44027.3 0.0736013 352187 30462.2
3.379 333970 577.902 76849.2 222641 44636.2 0.0664529 344127 -10156.6
3.384 326460 571.367 73186 215649 45400.9 0.05846 334236 -7776.15
3.389 317354 563.342 69675.4 208708 46169.3 0.0514032 324553 -7199.59
3.394 303062 550.511 66312.4 201829 46941.2 0.045176 315083 -12020.3
3.399 324992 570.081 63091.7 195020 47716.2 0.0396838 305828 19164.2
3.403 318802 564.626 60614.4 189628 48338.4 0.0357622 298581 20221.2
3.408 318883 564.697 57637.8 182966 49118.6 0.0313867 289722 29160.8
3.413 345390 587.699 54790.1 176396 49901.3 0.0275331 281087 64302.5
3.418 325905 570.881 52066.7 169925 50686.1 0.0241407 272678 53227.5
3.423 287356 536.056 49463 163560 51472.9 0.0211559 264496 22860.3
3.428 256424 506.383 46974.8 157307 52261.2 0.0185311 256543 -119.36
3.433 263520 513.342 44597.6 151172 53050.8 0.016224 248820 14700.1
3.438 289240 537.811 42327.5 145159 53841.4 0.0141972 241328 47912.4
3.443 247510 497.504 40160.2 139273 54632.7 0.0124174 234066 13444.3
3.448 223282 472.527 38091.8 133519 55424.4 0.0108555 227035 -3753.25
3.453 199357 446.494 36118.6 127900 56216.1 0.00948536 220235 -20877.5
3.458 218599 467.546 34236.9 122419 57007.6 0.0082841 213663 4935.77
3.463 279021 528.224 32442.9 117078 57798.4 0.00723142 207320 71701.3
3.468 266900 516.624 30733.3 111881 58588.3 0.00630941 201203 65697.8
3.473 237152 486.982 29104.6 106829 59377 0.00550226 195310 41841.4
3.478 193177 439.519 27553.5 101922 60164.1 0.00479601 189640 3537.24
3.483 197296 444.18 26076.8 97163.4 60949.2 0.00417836 184189 13106.9
3.488 208231 456.323 24671.5 92552.3 61732 0.00363847 178956 29274.8
3.493 189707 435.554 23334.6 88089.2 62512.2 0.00316679 173936 15771.1
3.498 204338 452.038 22063.2 83774 63289.4 0.0027549 169126 35211.6
3.503 200519 447.794 20854.4 79606.1 64063.2 0.00239541 164524 35995.4
3.508 179578 423.766 19705.7 75584.9 64833.3 0.00208181 160124 19453.5
3.514 181872 426.465 18402.8 70951.4 65752.1 0.00175805 155106 26766
3.519 203431 451.033 17377.1 67248.4 66512.8 0.00152625 151138 52292.9
3.524 199155 446.268 16403.4 63687.5 67268.7 0.00132435 147360 51795.2
3.529 161776 402.214 15479.3 60266.7 68019.3 0.0011486 143765 18010.8
3.534 136131 368.96 14602.7 56983.9 68764.3 0.000995686 140351 -4219.57
3.54 139446 373.425 13610.4 53223.2 69650.4 0.000838272 136484 2962.01
3.545 154165 392.638 12830.8 50235.1 70381.9 0.000725887 133448 20717
3.55 143293 378.54 12092 47376.8 71106.6 0.000628261 130575 12717.4
3.556 131766 362.996 11256.6 44113.8 71966.7 0.00052794 127337 4429.21
3.561 161089 401.359 10601.1 41530.2 72675.3 0.000456444 124807 36282.2
3.566 164621 405.736 9980.62 39066.6 73375.9 0.000394436 122423 42198.2
3.572 144334 379.913 9279.92 36263.9 74205.6 0.000330829 119749 24584.6
3.577 133392 365.229 8730.7 34052.5 74887.5 0.000285577 117671 15721.6
3.582 132206 363.601 8211.39 31950.2 75560.3 0.000246395 115722 16483.8
3.588 153370 391.625 7625.66 29566.7 76355.1 0.000206272 113548 39822.4
3.593 135423 367.999 7167.12 27692.4 77006.7 0.000177778 111866 23557.2
3.599 125010 353.567 6650.34 25572.2 77775.1 0.000148636 109998 15011.9
3.604 132580 364.115 6246.11 23908.8 78403.7 0.000127966 108559 24021
3.609 132128 363.494 5864.6 22335.7 79021.4 0.000110116 107222 24906.1
3.615 102778 320.591 5435.16 20562.1 79747.7 9.18924e-005 105745 -2966.47
3.62 104423 323.145 5099.65 19175.2 80340.1 7.89893e-005 104615 -191.974
3.626 114648 338.596 4722.29 17615.2 81035 6.58315e-005 103372 11275.1
3.631 128852 358.96 4427.71 16398.1 81600.4 5.65267e-005 102426 26426
3.637 144272 379.831 4096.66 15032.1 82262.1 4.70496e-005 101391 42881.1
3.643 152551 390.577 3788.65 13764 82905 3.91338e-005 100458 52093
3.648 120198 346.696 3548.5 12778 83425.9 3.35465e-005 99752.4 20445.5
3.654 98324.1 313.567 3278.97 11675.2 84032.7 2.78664e-005 98986.9 -662.815
3.659 93790.5 306.252 3069.01 10819.7 84522.9 2.38621e-005 98411.7 -4621.18
3.665 102698 320.465 2833.54 9865.04 85092.1 1.97961e-005 97790.7 4907.15
3.671 97570.1 312.362 2614.95 8984.17 85640.1 1.64113e-005 97239.2 330.907
3.676 94303.2 307.088 2444.88 8303.16 86080.2 1.40296e-005 96828.2 -2525.01
3.682 98109.9 313.225 2254.4 7545.73 86588.1 1.16158e-005 96388.2 1721.68
3.688 102828 320.668 2077.81 6849.47 87073.5 9.61043e-006 96000.8 6827
3.693 116801 341.762 1940.6 6313 87460.6 8.20202e-006 95714.2 21087.1
3.699 115626 340.038 1787.1 5718.35 87903.8 6.77725e-006 95409.2 20216.8
3.705 105308 324.512 1645 5173.72 88323.4 5.59602e-006 95142.1 10166.2
3.711 88838 298.057 1513.52 4675.55 88719 4.61741e-006 94908.1 -6070.11
3.716 97461.8 312.189 1411.52 4293.45 89030.2 3.93185e-006 94735.2 2726.59
3.722 103931 322.383 1297.61 3871.82 89381.1 3.24006e-006 94550.5 9380.05
3.728 108378 329.209 1192.36 3487.56 89707.1 2.6681e-006 94387 13991.4
3.734 109705 331.218 1095.14 3137.8 90008 2.19556e-006 94241 15464.3
3.74 97504.3 312.257 1005.4 2819.85 90283.5 1.80544e-006 94108.8 3395.58
3.746 104714 323.596 922.591 2531.19 90533.4 1.48358e-006 93987.1 10727.2
3.752 101459 318.526 846.218 2269.45 90757.4 1.21824e-006 93873 7586
3.758 94479.2 307.375 775.815 2032.43 90955.3 9.99655e-007 93763.6 715.679
3.763 89850.6 299.751 721.391 1852.29 91100.2 8.47317e-007 93673.9 -3823.38
3.769 87497 295.799 660.824 1655.32 91250 6.94383e-007 93566.2 -6069.12
3.775 90550.6 300.916 605.067 1477.59 91373.3 5.68651e-007 93455.9 -2905.37
3.781 103575 321.831 553.763 1317.41 91470 4.65356e-007 93341.2 10234
3.787 129058 359.247 506.579 1173.24 91540 3.80556e-007 93219.8 35838.3
3.793 92566.2 304.247 463.205 1043.64 91583.3 3.10989e-007 93090.1 -523.923
3.8 71131.9 266.706 417.034 909.087 91600 2.45511e-007 92926.1 -21794.2
3.806 73886 271.82 380.952 806.641 91585.2 2.00324e-007 92772.8 -18886.8
3.812 72464.6 269.192 347.834 714.911 91543.7 1.63338e-007 92606.5 -20141.9
3.818 77166.6 277.789 317.451 632.881 91475.5 1.33087e-007 92425.8 -15259.2
3.824 80298.6 283.37 289.591 559.615 91380.6 1.08362e-007 92229.8 -11931.2
3.83 113443 336.812 264.056 494.259 91259.1 8.81682e-008 92017.4 21425.3
3.836 124096 352.273 240.663 436.03 91111.1 7.16869e-008 91787.7 32308.2
3.843 93506.6 305.789 215.854 376.159 90905.1 5.62601e-008 91497.1 2009.53
3.849 81269 285.077 196.538 331.013 90700.2 4.56734e-008 91227.7 -9958.73
3.855 78569.1 280.302 178.869 290.949 90469.3 3.70527e-008 90939.1 -12370
3.861 81127.7 284.829 162.715 255.438 90212.5 3.00379e-008 90630.7 -9502.97
3.868 85113.1 291.742 145.619 219.128 89880.7 2.3493e-008 90245.5 -5132.37
3.874 80775.3 284.21 132.338 191.902 89568.9 1.90162e-008 89893.2 -9117.81
3.88 60484.6 245.936 120.213 167.864 89232.1 1.53816e-008 89520.2 -29035.5
3.887 59224 243.36 107.403 143.388 88807.9 1.19988e-008 89058.7 -29834.7
3.893 68386.9 261.509 97.467 125.113 88417.9 9.69063e-009 88640.4 -20253.5
3.899 84343.6 290.42 88.41 109.041 88003.8 7.82093e-009 88201.3 -3857.69
3.906 75396.3 274.584 78.8564 92.7447 87490.9 6.08501e-009 87662.5 -12266.2
3.912 51825.8 227.653 71.4585 80.6283 87026 4.90347e-009 87178.1 -35352.3
3.919 53567.4 231.446 63.6635 68.3782 86454.8 3.8083e-009 86586.9 -33019.4
3.925 66995.2 258.834 57.6342 59.2963 85941 3.06414e-009 86057.9 -19062.7
3.932 62461.2 249.922 51.2884 50.1403 85313.9 2.37553e-009 85415.3 -22954.1
3.938 59527.5 243.983 46.3855 43.3719 84753.1 1.90841e-009 84842.9 -25315.3
3.945 66819.2 258.494 41.2309 36.5678 84072.4 1.47689e-009 84150.2 -17331.1
3.951 83607.6 289.15 37.2528 31.5523 83466.9 1.18467e-009 83535.7 71.8365
3.958 89802.9 299.671 33.0751 26.5247 82735.4 9.15163e-010 82795 7007.91
3.964 54702.6 233.886 29.8545 22.8294 82087.5 7.32962e-010 82140.2 -27437.6
3.971 53328.6 230.93 26.4761 19.1357 81308 5.65206e-010 81353.6 -28025
3.978 72779.5 269.777 23.4655 16.0144 80503.8 4.35427e-010 80543.3 -7763.71
3.984 99130 314.849 21.1486 13.7303 79795.5 3.47917e-010 79830.4 19299.6
3.991 59095.9 243.096 18.7223 11.4571 78947.9 2.67552e-010 78978.1 -19882.2
3.998 60909.8 246.799 16.5641 9.54528 78078.2 2.05553e-010 78104.3 -17194.5
4.004 56488.4 237.673 14.906 8.15236 77315.9 1.63856e-010 77338.9 -20850.5
4.011 59877.2 244.698 13.1726 6.77213 76407.6 1.25661e-010 76427.6 -16550.4
4.018 71337.5 267.091 11.6336 5.61673 75480 9.62771e-011 75497.3 -4159.75
4.025 113314 336.622 10.2681 4.65112 74534 7.36932e-011 74548.9 38765.3
4.032 76195.2 276.035 9.05725 3.84546 73570.6 5.63527e-011 73583.5 2611.71
4.038 70565.6 265.642 8.12969 3.26284 72731.6 4.47418e-011 72743 -2177.41
4.045 48877.5 221.083 7.16279 2.68978 71738.4 3.41527e-011 71748.3 -22870.8
4.052 42534.9 206.24 6.30698 2.21388 70730.6 2.60447e-011 70739.1 -28204.2
4.059 44341.9 210.575 5.55 1.81931 69709.2 1.98425e-011 69716.6 -25374.7
4.066 55540 235.669 4.88086 1.49271 68675.2 1.51027e-011 68681.6 -13141.6
4.073 83609.6 289.153 4.28974 1.22281 67629.6 1.14841e-011 67635.1 15974.4
4.08 69599.6 263.817 3.76788 1.00014 66573.5 8.72407e-012 66578.2 3021.34
4.087 62122.6 249.244 3.30747 0.81673 65507.7 6.62102e-012 65511.8 -3389.27
4.094 52238.1 228.557 2.90152 0.665905 64433.4 5.02011e-012 64436.9 -12198.8
4.101 41754.7 204.34 2.54382 0.542078 63351.4 3.80263e-012 63354.5 -21599.8
4.108 55505.3 235.596 2.22885 0.440583 62262.8 2.87765e-012 62265.5 -6760.21
4.116 82108.1 286.545 1.91489 0.346972 61011.9 2.0902e-012 61014.2 21093.9
4.123 65242.7 255.426 1.67557 0.281057 59912.4 1.57851e-012 59914.4 5328.33
4.13 54351.6 233.134 1.46525 0.227306 58809.3 1.19093e-012 58811 -4459.44
4.137 63719 252.426 1.28054 0.183546 57703.6 8.97657e-013 57705 6013.94
4.144 62290.1 249.58 1.11843 0.147977 56596.1 6.75953e-013 56597.3 5692.78
4.152 48669.5 220.612 0.957403 0.115462 55329.4 4.88216e-013 55330.4 -6660.91
4.159 49968.2 223.536 0.83509 0.0927734 54221.2 3.66879e-013 54222.1 -4253.94
4.166 46340 215.267 0.727953 0.0744257 53114 2.75433e-013 53114.8 -6774.83
4.173 48687.5 220.652 0.63417 0.0596127 52008.8 2.06582e-013 52009.5 -3321.96
4.181 41637.4 204.052 0.54128 0.0461688 50749 1.48529e-013 50749.6 -9112.2
4.188 42099.7 205.182 0.470922 0.0368552 49650.6 1.11171e-013 49651.1 -7551.4
4.196 54908.7 234.326 0.401337 0.0284337 48400.8 7.97421e-014 48401.2 6507.55
4.203 56496.6 237.69 0.348707 0.0226213 47312.8 5.95627e-014 47313.2 9183.39
4.211 49078.4 221.536 0.296732 0.0173851 46076.9 4.26233e-014 46077.2 3001.15
4.218 48990.4 221.338 0.257479 0.0137847 45002.8 3.17716e-014 45003 3987.35
4.226 41704.2 204.216 0.218769 0.0105532 43784.5 2.26824e-014 43784.7 -2080.55
4.233 39861 199.652 0.189578 0.00833943 42727.3 1.68728e-014 42727.5 -2866.54
4.241 36862.9 191.997 0.160834 0.00635985 41530.1 1.20175e-014 41530.3 -4667.44
4.248 34759.7 186.44 0.139189 0.00500882 40492.9 8.92105e-015 40493 -5733.3
4.256 47965 219.009 0.117906 0.00380514 39319.9 6.33901e-015 39320.1 8644.94
4.264 52259 228.602 0.099797 0.00288479 38161.1 4.49864e-015 38161.2 14097.7
4.271 56960.7 238.664 0.0861913 0.00226024 37159.4 3.32898e-015 37159.5 19801.2
4.279 46229.6 215.011 0.0728429 0.00170696 36029.1 2.35694e-015 36029.2 10200.4
4.287 32243 179.563 0.0615121 0.00128646 34915.1 1.66664e-015 34915.1 -2672.13
4.294 31570 177.679 0.0530182 0.00100275 33954.1 1.22942e-015 33954.1 -2384.16
4.302 37540 193.753 0.0447035 0.000752821 32872.2 8.67297e-016 32872.2 4667.84
4.31 42125.8 205.246 0.0376624 0.000564025 31808.1 6.11071e-016 31808.2 10317.6
4.318 35766.5 189.12 0.0317047 0.000421708 30762.6 4.30002e-016 30762.6 5003.87
4.326 30079.6 173.435 0.0266679 0.000314653 29735.9 3.02206e-016 29735.9 343.633
4.334 23927 154.684 0.0224132 0.000234293 28728.6 2.12125e-016 28728.6 -4801.56
4.342 40231.6 200.578 0.0188221 0.000174097 27740.9 1.48708e-016 27740.9 12490.7
4.35 50191.1 224.034 0.0157936 0.000129102 26773.3 1.04119e-016 26773.3 23417.8
4.358 45349.8 212.955 0.0132418 9.55388e-005 25826 7.28085e-017 25826 19523.7
4.366 34332.4 185.29 0.0110933 7.0556e-005 24899.3 5.08497e-017 24899.3 9433.06
4.374 29392.4 171.442 0.00928585 5.1999e-005 23993.4 3.5469e-017 23993.4 5399
4.382 23792.4 154.248 0.00776665 3.82439e-005 23108.4 2.47095e-017 23108.4 684.054
4.39 30175.2 173.71 0.00649076 2.80697e-005 22244.4 1.71923e-017 22244.4 7930.74
4.398 46433 215.483 0.0054201 2.05598e-005 21401.7 1.1947e-017 21401.7 25031.3
4.406 67515.2 259.837 0.00452239 1.50282e-005 20580.1 8.29159e-018 20580.1 46935
4.414 94079.8 306.724 0.00377033 1.09623e-005 19779.9 5.7474e-018 19779.9 74299.9
4.423 96735 311.023 0.00306971 7.66837e-006 18904.9 3.79977e-018 18904.9 77830.1
