1.772 2.11614e+011 460015 1.6592e+007 931428 7.00609e+010 1.49596e+011 2.19675e+011 -8.06096e+009
1.773 2.20137e+011 469188 1.67182e+007 949981 7.05981e+010 1.50601e+011 2.21216e+011 -1.079e+009
1.774 2.22213e+011 471395 1.68452e+007 968889 7.11386e+010 1.51607e+011 2.22763e+011 -5.49879e+008
1.775 2.31173e+011 480804 1.69731e+007 988157 7.16825e+010 1.52614e+011 2.24315e+011 6.85805e+009
1.777 2.26108e+011 475508 1.72317e+007 1.0278e+006 7.27803e+010 1.54633e+011 2.27432e+011 -1.32372e+009
1.778 2.29824e+011 479399 1.73623e+007 1.04819e+006 7.33344e+010 1.55645e+011 2.28998e+011 8.25923e+008
1.779 2.36131e+011 485933 1.74939e+007 1.06897e+006 7.38918e+010 1.56658e+011 2.30568e+011 5.56249e+009
1.78 2.32733e+011 482424 1.76264e+007 1.09014e+006 7.44527e+010 1.57672e+011 2.32144e+011 5.88954e+008
1.781 2.32882e+011 482579 1.77598e+007 1.11172e+006 7.50171e+010 1.58687e+011 2.33723e+011 -8.41274e+008
1.783 2.368e+011 486621 1.80295e+007 1.1561e+006 7.61561e+010 1.60721e+011 2.36896e+011 -9.60162e+007
1.784 2.43296e+011 493250 1.81658e+007 1.17892e+006 7.67309e+010 1.61739e+011 2.3849e+011 4.80578e+009
1.785 2.42488e+011 492430 1.83031e+007 1.20218e+006 7.73092e+010 1.62759e+011 2.40087e+011 2.40034e+009
1.786 2.49919e+011 499919 1.84413e+007 1.22588e+006 7.7891e+010 1.63779e+011 2.41689e+011 8.23012e+009
1.788 2.49814e+011 499814 1.87206e+007 1.27462e+006 7.90651e+010 1.65821e+011 2.44906e+011 4.90759e+009
1.789 2.57404e+011 507350 1.88617e+007 1.29968e+006 7.96575e+010 1.66843e+011 2.46521e+011 1.08834e+010
1.79 2.70376e+011 519977 1.90039e+007 1.32521e+006 8.02535e+010 1.67866e+011 2.4814e+011 2.2236e+010
1.791 2.76307e+011 525649 1.9147e+007 1.35122e+006 8.08531e+010 1.68889e+011 2.49763e+011 2.65446e+010
1.793 2.71101e+011 520673 1.94363e+007 1.40473e+006 8.20631e+010 1.70937e+011 2.5302e+011 1.80802e+010
1.794 2.6551e+011 515277 1.95824e+007 1.43223e+006 8.26735e+010 1.71961e+011 2.54655e+011 1.08548e+010
1.795 2.82119e+011 531149 1.97296e+007 1.46026e+006 8.32875e+010 1.72985e+011 2.56294e+011 2.58249e+010
1.796 2.67745e+011 517441 1.98778e+007 1.4888e+006 8.39052e+010 1.7401e+011 2.57937e+011 9.80868e+009
1.798 2.83619e+011 532559 2.01773e+007 1.54751e+006 8.51517e+010 1.76059e+011 2.61233e+011 2.23866e+010
1.799 2.84239e+011 533141 2.03287e+007 1.57769e+006 8.57804e+010 1.77084e+011 2.62886e+011 2.1353e+010
1.8 2.93276e+011 541549 2.04811e+007 1.60843e+006 8.64129e+010 1.78109e+011 2.64544e+011 2.8732e+010
1.801 2.88656e+011 537267 2.06345e+007 1.63974e+006 8.70491e+010 1.79133e+011 2.66204e+011 2.24511e+010
1.803 2.86705e+011 535449 2.09447e+007 1.70413e+006 8.83327e+010 1.81181e+011 2.69536e+011 1.71691e+010
1.804 2.89191e+011 537765 2.11013e+007 1.73723e+006 8.89801e+010 1.82204e+011 2.71207e+011 1.79837e+010
1.805 2.98832e+011 546656 2.12591e+007 1.77094e+006 8.96313e+010 1.83227e+011 2.72882e+011 2.59508e+010
1.807 3.05806e+011 552998 2.1578e+007 1.84025e+006 9.09451e+010 1.85271e+011 2.7624e+011 2.95667e+010
1.808 3.10886e+011 557571 2.1739e+007 1.87587e+006 9.16077e+010 1.86292e+011 2.77924e+011 3.2962e+010
1.809 3.17919e+011 563843 2.19012e+007 1.91215e+006 9.22742e+010 1.87312e+011 2.7961e+011 3.83085e+010
1.81 3.01005e+011 548639 2.20646e+007 1.9491e+006 9.29445e+010 1.88332e+011 2.813e+011 1.97049e+010
1.812 3.06812e+011 553906 2.23946e+007 2.02507e+006 9.42966e+010 1.90368e+011 2.84689e+011 2.21228e+010
1.813 3.00079e+011 547795 2.25614e+007 2.0641e+006 9.49786e+010 1.91384e+011 2.86387e+011 1.36918e+010
1.814 3.18783e+011 564608 2.27293e+007 2.10386e+006 9.56644e+010 1.92399e+011 2.88088e+011 3.06942e+010
1.816 3.03558e+011 550961 2.30686e+007 2.18558e+006 9.70477e+010 1.94426e+011 2.91499e+011 1.20586e+010
1.817 3.12937e+011 559408 2.324e+007 2.22757e+006 9.77453e+010 1.95437e+011 2.93208e+011 1.97288e+010
1.818 3.17768e+011 563709 2.34126e+007 2.27033e+006 9.84468e+010 1.96447e+011 2.9492e+011 2.28487e+010
1.819 3.15589e+011 561773 2.35863e+007 2.31387e+006 9.91523e+010 1.97456e+011 2.96634e+011 1.89549e+010
1.821 3.28703e+011 573326 2.39375e+007 2.40337e+006 1.00575e+011 1.99467e+011 3.00069e+011 2.86341e+010
1.822 3.29672e+011 574171 2.41149e+007 2.44935e+006 1.01293e+011 2.00471e+011 3.0179e+011 2.78821e+010
1.823 3.37541e+011 580983 2.42935e+007 2.49617e+006 1.02014e+011 2.01472e+011 3.03513e+011 3.40277e+010
1.825 3.2998e+011 574439 2.46544e+007 2.59239e+006 1.03469e+011 2.03469e+011 3.06966e+011 2.30142e+010
1.826 3.39131e+011 582349 2.48367e+007 2.64182e+006 1.04203e+011 2.04465e+011 3.08695e+011 3.04356e+010
1.827 3.39565e+011 582722 2.50203e+007 2.69215e+006 1.04941e+011 2.05458e+011 3.10426e+011 2.91387e+010
1.829 3.49195e+011 590927 2.53913e+007 2.79558e+006 1.06428e+011 2.07438e+011 3.13894e+011 3.53007e+010
1.83 3.44368e+011 586829 2.55786e+007 2.8487e+006 1.07178e+011 2.08424e+011 3.15631e+011 2.87377e+010
1.831 3.59775e+011 599813 2.57673e+007 2.90279e+006 1.07932e+011 2.09408e+011 3.17369e+011 4.24066e+010
1.832 3.50407e+011 591952 2.59572e+007 2.95786e+006 1.0869e+011 2.10389e+011 3.19109e+011 3.12981e+010
1.834 3.47436e+011 589437 2.63411e+007 3.07101e+006 1.10219e+011 2.12344e+011 3.22593e+011 2.48435e+010
1.835 3.50719e+011 592215 2.65349e+007 3.12912e+006 1.1099e+011 2.13317e+011 3.24337e+011 2.63821e+010
1.836 3.5311e+011 594231 2.67301e+007 3.18829e+006 1.11765e+011 2.14288e+011 3.26082e+011 2.70276e+010
1.838 3.57559e+011 597962 2.71245e+007 3.30983e+006 1.13327e+011 2.1622e+011 3.29577e+011 2.79815e+010
1.839 3.66465e+011 605363 2.73237e+007 3.37225e+006 1.14114e+011 2.17181e+011 3.31326e+011 3.51385e+010
1.84 3.81763e+011 617870 2.75243e+007 3.43579e+006 1.14906e+011 2.18139e+011 3.33076e+011 4.86867e+010
1.842 3.96204e+011 629447 2.79296e+007 3.56632e+006 1.16502e+011 2.20046e+011 3.36579e+011 5.96245e+010
1.843 3.81225e+011 617434 2.81343e+007 3.63335e+006 1.17307e+011 2.20994e+011 3.38332e+011 4.28931e+010
1.844 3.80966e+011 617224 2.83403e+007 3.70158e+006 1.18116e+011 2.21938e+011 3.40086e+011 4.08799e+010
1.846 3.79066e+011 615683 2.87567e+007 3.84172e+006 1.19746e+011 2.23817e+011 3.43595e+011 3.5471e+010
1.847 3.83883e+011 619583 2.8967e+007 3.91368e+006 1.20568e+011 2.2475e+011 3.45351e+011 3.85323e+010
1.848 3.85523e+011 620905 2.91788e+007 3.98692e+006 1.21394e+011 2.2568e+011 3.47107e+011 3.8416e+010
1.85 4.0722e+011 638138 2.96065e+007 4.13735e+006 1.23058e+011 2.27528e+011 3.5062e+011 5.66001e+010
1.851 4.19152e+011 647419 2.98226e+007 4.21458e+006 1.23897e+011 2.28446e+011 3.52377e+011 6.67743e+010
1.852 4.21846e+011 649497 3.00401e+007 4.29318e+006 1.24741e+011 2.2936e+011 3.54135e+011 6.77113e+010
1.854 4.18052e+011 646569 3.04796e+007 4.4546e+006 1.26441e+011 2.31174e+011 3.5765e+011 6.04016e+010
1.855 4.18159e+011 646652 3.07015e+007 4.53746e+006 1.27297e+011 2.32075e+011 3.59408e+011 5.87508e+010
1.856 4.13574e+011 643097 3.0925e+007 4.6218e+006 1.28158e+011 2.32972e+011 3.61166e+011 5.24085e+010
1.858 4.14751e+011 644012 3.13764e+007 4.79497e+006 1.29894e+011 2.34751e+011 3.64681e+011 5.00702e+010
1.859 4.22433e+011 649948 3.16044e+007 4.88386e+006 1.30768e+011 2.35634e+011 3.66438e+011 5.59949e+010
1.861 4.39564e+011 662996 3.2065e+007 5.06637e+006 1.3253e+011 2.37384e+011 3.69952e+011 6.96126e+010
1.862 4.23701e+011 650923 3.22977e+007 5.16004e+006 1.33418e+011 2.38252e+011 3.71708e+011 5.19936e+010
1.863 4.1756e+011 646189 3.25319e+007 5.25537e+006 1.3431e+011 2.39116e+011 3.73463e+011 4.4097e+010
1.865 4.20527e+011 648480 3.3005e+007 5.45107e+006 1.36108e+011 2.40826e+011 3.76973e+011 4.35537e+010
1.866 4.21575e+011 649288 3.32439e+007 5.55151e+006 1.37014e+011 2.41674e+011 3.78727e+011 4.28483e+010
1.867 4.25423e+011 652245 3.34845e+007 5.65371e+006 1.37924e+011 2.42516e+011 3.8048e+011 4.49436e+010
1.869 4.29935e+011 655694 3.39704e+007 5.86351e+006 1.39759e+011 2.44185e+011 3.83983e+011 4.59519e+010
1.87 4.37414e+011 661373 3.42158e+007 5.97117e+006 1.40683e+011 2.45011e+011 3.85733e+011 5.16811e+010
1.871 4.30173e+011 655875 3.44628e+007 6.08071e+006 1.41611e+011 2.45831e+011 3.87483e+011 4.269e+010
1.873 4.0132e+011 633498 3.49618e+007 6.30557e+006 1.43482e+011 2.47454e+011 3.90978e+011 1.03418e+010
1.874 3.91881e+011 626004 3.52138e+007 6.42094e+006 1.44424e+011 2.48257e+011 3.92724e+011 -8.42564e+008
1.876 3.83085e+011 618939 3.57229e+007 6.65774e+006 1.46323e+011 2.49846e+011 3.96211e+011 -1.31263e+010
1.877 4.27043e+011 653486 3.598e+007 6.77924e+006 1.47279e+011 2.50631e+011 3.97953e+011 2.90904e+010
1.878 4.40674e+011 663833 3.62388e+007 6.90284e+006 1.4824e+011 2.5141e+011 3.99693e+011 4.09805e+010
1.88 4.08659e+011 639264 3.67615e+007 7.15652e+006 1.50176e+011 2.52949e+011 4.03169e+011 5.48952e+009
1.881 4.48744e+011 669883 3.70255e+007 7.28666e+006 1.51151e+011 2.53709e+011 4.04905e+011 4.3839e+010
1.883 4.02929e+011 634767 3.75587e+007 7.55372e+006 1.53115e+011 2.5521e+011 4.0837e+011 -5.44149e+009
1.884 4.17303e+011 645990 3.7828e+007 7.69072e+006 1.54104e+011 2.55951e+011 4.101e+011 7.20206e+009
1.885 4.36854e+011 660949 3.80991e+007 7.83008e+006 1.55098e+011 2.56685e+011 4.11829e+011 2.50254e+010
1.887 4.67141e+011 683477 3.86466e+007 8.11604e+006 1.57099e+011 2.58133e+011 4.15279e+011 5.1862e+010
1.888 4.4867e+011 669829 3.8923e+007 8.26271e+006 1.58107e+011 2.58847e+011 4.17001e+011 3.1669e+010
1.89 4.51675e+011 672067 3.94815e+007 8.56366e+006 1.60137e+011 2.60254e+011 4.20439e+011 3.12355e+010
1.891 4.27498e+011 653834 3.97634e+007 8.71802e+006 1.61159e+011 2.60947e+011 4.22155e+011 5.34379e+009
1.892 4.67341e+011 683623 4.00473e+007 8.87501e+006 1.62186e+011 2.61633e+011 4.23868e+011 4.34729e+010
1.894 4.66164e+011 682762 4.06206e+007 9.1971e+006 1.64254e+011 2.62983e+011 4.27287e+011 3.88768e+010
1.895 4.5899e+011 677488 4.091e+007 9.36228e+006 1.65296e+011 2.63647e+011 4.28993e+011 2.99969e+010
1.897 4.68713e+011 684626 4.14947e+007 9.70114e+006 1.67393e+011 2.64953e+011 4.32397e+011 3.63154e+010
1.898 4.45722e+011 667624 4.17899e+007 9.87491e+006 1.68448e+011 2.65595e+011 4.34095e+011 1.16269e+010
1.899 4.30325e+011 655992 4.20871e+007 1.00516e+007 1.69509e+011 2.6623e+011 4.35791e+011 -5.46531e+009
1.901 4.34251e+011 658977 4.26873e+007 1.04141e+007 1.71645e+011 2.67475e+011 4.39173e+011 -4.92217e+009
1.902 4.39533e+011 662972 4.29903e+007 1.06e+007 1.7272e+011 2.68087e+011 4.4086e+011 -1.32747e+009
1.904 4.53961e+011 673767 4.36024e+007 1.09812e+007 1.74884e+011 2.69286e+011 4.44225e+011 9.73636e+009
1.905 4.53379e+011 673334 4.39114e+007 1.11767e+007 1.75974e+011 2.69874e+011 4.45903e+011 7.47608e+009
1.907 4.63674e+011 680936 4.45356e+007 1.15776e+007 1.78168e+011 2.71026e+011 4.4925e+011 1.44247e+010
1.908 4.63809e+011 681035 4.48507e+007 1.17831e+007 1.79272e+011 2.71589e+011 4.50918e+011 1.28904e+010
1.91 4.65717e+011 682435 4.54871e+007 1.22046e+007 1.81496e+011 2.72692e+011 4.54246e+011 1.14712e+010
1.911 4.62926e+011 680387 4.58084e+007 1.24206e+007 1.82615e+011 2.73232e+011 4.55905e+011 7.02133e+009
1.912 4.57492e+011 676382 4.61319e+007 1.26403e+007 1.83739e+011 2.73763e+011 4.5756e+011 -6.76012e+007
1.914 4.54799e+011 674388 4.6785e+007 1.30908e+007 1.86001e+011 2.74799e+011 4.60861e+011 -6.06188e+009
1.915 4.61752e+011 679523 4.71148e+007 1.33217e+007 1.8714e+011 2.75305e+011 4.62506e+011 -7.539e+008
1.917 4.67597e+011 683811 4.77808e+007 1.37952e+007 1.89432e+011 2.76291e+011 4.65785e+011 1.81194e+009
1.918 4.81174e+011 693667 4.8117e+007 1.40378e+007 1.90586e+011 2.76771e+011 4.67419e+011 1.37548e+010
1.92 4.6503e+011 681931 4.8796e+007 1.45354e+007 1.92908e+011 2.77705e+011 4.70677e+011 -5.64712e+009
1.921 4.74073e+011 688530 4.91388e+007 1.47904e+007 1.94076e+011 2.78159e+011 4.723e+011 1.77354e+009
1.923 4.68059e+011 684149 4.98311e+007 1.53131e+007 1.96428e+011 2.79041e+011 4.75534e+011 -7.47503e+009
1.924 4.82518e+011 694635 5.01806e+007 1.5581e+007 1.97611e+011 2.79469e+011 4.77146e+011 5.37253e+009
1.925 4.87137e+011 697952 5.05323e+007 1.58534e+007 1.988e+011 2.79887e+011 4.78754e+011 8.38359e+009
1.927 4.8148e+011 693888 5.12426e+007 1.64117e+007 2.01191e+011 2.80698e+011 4.81957e+011 -4.7691e+008
1.928 4.7709e+011 690717 5.16012e+007 1.66977e+007 2.02395e+011 2.8109e+011 4.83552e+011 -6.46208e+009
1.93 4.86826e+011 697729 5.23253e+007 1.72841e+007 2.04816e+011 2.81846e+011 4.86731e+011 9.44444e+007
1.931 4.91811e+011 701292 5.26909e+007 1.75845e+007 2.06034e+011 2.8221e+011 4.88315e+011 3.496e+009
1.933 4.90221e+011 700158 5.34291e+007 1.82003e+007 2.08486e+011 2.82911e+011 4.91469e+011 -1.24762e+009
1.934 4.89665e+011 699760 5.38017e+007 1.85158e+007 2.09719e+011 2.83248e+011 4.9304e+011 -3.375e+009
1.936 4.96587e+011 704690 5.45542e+007 1.91624e+007 2.12201e+011 2.83893e+011 4.96168e+011 4.19407e+008
1.937 5.0722e+011 712194 5.49341e+007 1.94937e+007 2.13449e+011 2.84202e+011 4.97726e+011 9.49429e+009
1.939 4.97456e+011 705305 5.57011e+007 2.01725e+007 2.15961e+011 2.84791e+011 5.00828e+011 -3.37288e+009
1.94 5.01074e+011 707866 5.60883e+007 2.05202e+007 2.17225e+011 2.85072e+011 5.02373e+011 -1.29933e+009
1.942 4.98632e+011 706138 5.68701e+007 2.12328e+007 2.19767e+011 2.85604e+011 5.05449e+011 -6.81747e+009
1.943 5.19434e+011 720718 5.72647e+007 2.15978e+007 2.21045e+011 2.85856e+011 5.0698e+011 1.24542e+010
1.945 5.23794e+011 723736 5.80616e+007 2.23457e+007 2.23618e+011 2.86331e+011 5.10029e+011 1.37646e+010
1.946 5.15095e+011 717701 5.84639e+007 2.27288e+007 2.24911e+011 2.86554e+011 5.11547e+011 3.54806e+009
1.948 5.07542e+011 712419 5.9276e+007 2.35136e+007 2.27514e+011 2.86972e+011 5.14568e+011 -7.02698e+009
1.949 5.10829e+011 714723 5.9686e+007 2.39155e+007 2.28822e+011 2.87166e+011 5.16072e+011 -5.24354e+009
1.951 5.20822e+011 721680 6.05137e+007 2.4739e+007 2.31455e+011 2.87526e+011 5.19066e+011 1.75622e+009
1.952 5.21089e+011 721865 6.09316e+007 2.51607e+007 2.32779e+011 2.87691e+011 5.20556e+011 5.32606e+008
1.954 5.26087e+011 725319 6.17752e+007 2.60245e+007 2.35442e+011 2.87992e+011 5.23522e+011 2.5654e+009
1.955 5.0587e+011 711245 6.2201e+007 2.64669e+007 2.36781e+011 2.88128e+011 5.24998e+011 -1.91276e+010
1.957 5.36682e+011 732586 6.30607e+007 2.7373e+007 2.39474e+011 2.8837e+011 5.27935e+011 8.74738e+009
1.958 5.2577e+011 725100 6.34946e+007 2.7837e+007 2.40829e+011 2.88477e+011 5.29396e+011 -3.62639e+009
1.96 5.30135e+011 728104 6.43707e+007 2.87873e+007 2.43552e+011 2.8866e+011 5.32305e+011 -2.16968e+009
1.961 5.18109e+011 719798 6.48129e+007 2.92739e+007 2.44921e+011 2.88737e+011 5.33752e+011 -1.56429e+010
1.963 5.44918e+011 738186 6.57057e+007 3.02704e+007 2.47675e+011 2.88861e+011 5.36632e+011 8.28575e+009
1.964 5.50109e+011 741693 6.61563e+007 3.07805e+007 2.49059e+011 2.88909e+011 5.38065e+011 1.20435e+010
1.966 5.50666e+011 742069 6.7066e+007 3.18253e+007 2.51843e+011 2.88974e+011 5.40916e+011 9.74983e+009
1.968 5.43526e+011 737242 6.79871e+007 3.29035e+007 2.54647e+011 2.89e+011 5.43748e+011 -2.21712e+008
1.969 5.2288e+011 723104 6.8452e+007 3.34554e+007 2.56057e+011 2.88998e+011 5.45156e+011 -2.22768e+010
1.971 5.47337e+011 739823 6.93906e+007 3.45855e+007 2.58891e+011 2.88964e+011 5.47959e+011 -6.21655e+008
1.972 5.64896e+011 751596 6.98643e+007 3.5164e+007 2.60316e+011 2.88932e+011 5.49353e+011 1.55431e+010
1.974 5.5912e+011 747743 7.08207e+007 3.63484e+007 2.6318e+011 2.8884e+011 5.52127e+011 6.99328e+009
1.975 5.51891e+011 742893 7.13033e+007 3.69546e+007 2.64619e+011 2.88778e+011 5.53506e+011 -1.61557e+009
1.977 5.48357e+011 740511 7.22776e+007 3.81957e+007 2.67514e+011 2.88626e+011 5.56251e+011 -7.89351e+009
1.978 5.61099e+011 749065 7.27694e+007 3.88309e+007 2.68968e+011 2.88536e+011 5.57616e+011 3.48341e+009
1.98 5.76991e+011 759599 7.3762e+007 4.01312e+007 2.71892e+011 2.88325e+011 5.60331e+011 1.66601e+010
1.981 5.67546e+011 753357 7.4263e+007 4.07966e+007 2.73362e+011 2.88205e+011 5.61682e+011 5.86482e+009
1.983 5.74716e+011 758100 7.52743e+007 4.21588e+007 2.76316e+011 2.87935e+011 5.64368e+011 1.0348e+010
1.985 5.88831e+011 767353 7.62982e+007 4.35637e+007 2.7929e+011 2.87626e+011 5.67036e+011 2.17948e+010
1.986 5.89078e+011 767514 7.68149e+007 4.42826e+007 2.80784e+011 2.87457e+011 5.68362e+011 2.07155e+010
1.988 5.92633e+011 769826 7.78579e+007 4.57539e+007 2.83788e+011 2.8709e+011 5.71001e+011 2.16316e+010
1.989 5.73772e+011 757477 7.83842e+007 4.65067e+007 2.85297e+011 2.86892e+011 5.72314e+011 1.45853e+009
1.991 5.50574e+011 742007 7.94467e+007 4.80474e+007 2.8833e+011 2.86466e+011 5.74924e+011 -2.43503e+010
1.992 5.59709e+011 748137 7.99829e+007 4.88356e+007 2.89854e+011 2.86239e+011 5.76222e+011 -1.65129e+010
1.994 5.71702e+011 756110 8.10652e+007 5.04487e+007 2.92917e+011 2.85756e+011 5.78805e+011 -7.10259e+009
1.996 5.91227e+011 768913 8.21608e+007 5.21118e+007 2.95999e+011 2.85235e+011 5.81369e+011 9.85802e+009
1.997 5.68456e+011 753960 8.27137e+007 5.29625e+007 2.97547e+011 2.84961e+011 5.82644e+011 -1.41875e+010
1.999 5.48045e+011 740301 8.38297e+007 5.47033e+007 3.00659e+011 2.84383e+011 5.8518e+011 -3.71349e+010
2 5.6445e+011 751299 8.43929e+007 5.55937e+007 3.02222e+011 2.8408e+011 5.86441e+011 -2.19909e+010
2.002 5.83626e+011 763954 8.55295e+007 5.74155e+007 3.05362e+011 2.83445e+011 5.88951e+011 -5.32421e+009
2.004 5.82526e+011 763234 8.66802e+007 5.92933e+007 3.08522e+011 2.82774e+011 5.91442e+011 -8.91542e+009
2.005 5.69569e+011 754698 8.72608e+007 6.02537e+007 3.10109e+011 2.82424e+011 5.92681e+011 -2.31118e+010
2.007 5.66527e+011 752680 8.84326e+007 6.22185e+007 3.13298e+011 2.81697e+011 5.95146e+011 -2.86193e+010
2.008 5.91726e+011 769237 8.90239e+007 6.32232e+007 3.14899e+011 2.8132e+011 5.96372e+011 -4.64604e+009
2.01 5.85139e+011 764944 9.02174e+007 6.52786e+007 3.18116e+011 2.80539e+011 5.98811e+011 -1.36715e+010
2.012 6.106e+011 781409 9.14255e+007 6.73966e+007 3.21353e+011 2.79721e+011 6.01233e+011 9.36711e+009
2.013 5.93495e+011 770386 9.2035e+007 6.84796e+007 3.22978e+011 2.79299e+011 6.02437e+011 -8.94263e+009
2.015 5.90144e+011 768208 9.32652e+007 7.06947e+007 3.26242e+011 2.78428e+011 6.04834e+011 -1.46897e+010
2.017 5.86187e+011 765629 9.45104e+007 7.29769e+007 3.29526e+011 2.77521e+011 6.07214e+011 -2.10275e+010
2.018 5.80722e+011 762051 9.51387e+007 7.41437e+007 3.31174e+011 2.77055e+011 6.08399e+011 -2.76766e+010
2.02 5.92164e+011 769522 9.64067e+007 7.653e+007 3.34486e+011 2.76097e+011 6.10755e+011 -1.85914e+010
2.021 5.91467e+011 769069 9.70464e+007 7.775e+007 3.36148e+011 2.75604e+011 6.11927e+011 -2.04605e+010
2.023 5.89313e+011 767667 9.83375e+007 8.02447e+007 3.39487e+011 2.74595e+011 6.1426e+011 -2.49474e+010
2.025 5.92072e+011 769462 9.96443e+007 8.28143e+007 3.42844e+011 2.73551e+011 6.16578e+011 -2.45057e+010
2.026 6.2985e+011 793631 1.00304e+008 8.41278e+007 3.4453e+011 2.73017e+011 6.17731e+011 1.21187e+010
2.028 6.20756e+011 787881 1.01634e+008 8.68136e+007 3.47914e+011 2.71924e+011 6.20027e+011 7.29373e+008
2.03 6.1319e+011 783064 1.02981e+008 8.95794e+007 3.51317e+011 2.70798e+011 6.22307e+011 -9.11759e+009
2.031 5.83979e+011 764185 1.0366e+008 9.0993e+007 3.53025e+011 2.70223e+011 6.23443e+011 -3.94633e+010
2.033 5.98752e+011 773790 1.05031e+008 9.38831e+007 3.56455e+011 2.69049e+011 6.25702e+011 -2.69507e+010
2.035 6.07563e+011 779463 1.06419e+008 9.68589e+007 3.59902e+011 2.67843e+011 6.27948e+011 -2.03852e+010
2.036 6.12846e+011 782845 1.07118e+008 9.83797e+007 3.61632e+011 2.67229e+011 6.29066e+011 -1.62201e+010
2.038 6.07834e+011 779637 1.08531e+008 1.01488e+008 3.65106e+011 2.65977e+011 6.31293e+011 -2.34585e+010
2.039 6.31717e+011 794807 1.09244e+008 1.03077e+008 3.66849e+011 2.65339e+011 6.32401e+011 -6.83688e+008
2.041 6.50276e+011 806397 1.10682e+008 1.06324e+008 3.70349e+011 2.64042e+011 6.34608e+011 1.56675e+010
2.043 6.25298e+011 790758 1.12137e+008 1.09667e+008 3.73866e+011 2.62715e+011 6.36803e+011 -1.1505e+010
2.044 6.10655e+011 781444 1.12871e+008 1.11374e+008 3.75631e+011 2.62041e+011 6.37896e+011 -2.72416e+010
2.046 6.00647e+011 775014 1.14352e+008 1.14865e+008 3.79174e+011 2.60671e+011 6.40074e+011 -3.94271e+010
2.048 6.27507e+011 792153 1.15851e+008 1.18457e+008 3.82733e+011 2.59272e+011 6.4224e+011 -1.47329e+010
2.05 6.82618e+011 826207 1.17368e+008 1.22154e+008 3.8631e+011 2.57846e+011 6.44395e+011 3.82235e+010
2.051 6.70293e+011 818714 1.18133e+008 1.24043e+008 3.88104e+011 2.57123e+011 6.45469e+011 2.48246e+010
2.053 6.41227e+011 800767 1.19677e+008 1.27902e+008 3.91705e+011 2.55656e+011 6.47608e+011 -6.38078e+009
2.055 6.19111e+011 786836 1.21239e+008 1.31873e+008 3.95322e+011 2.54162e+011 6.49738e+011 -3.06271e+010
2.056 6.40474e+011 800296 1.22027e+008 1.33901e+008 3.97137e+011 2.53406e+011 6.50799e+011 -1.03253e+010
2.058 6.52421e+011 807726 1.23617e+008 1.38045e+008 4.00779e+011 2.51874e+011 6.52915e+011 -4.93848e+008
2.06 6.58335e+011 811379 1.25226e+008 1.42309e+008 4.04436e+011 2.50318e+011 6.55021e+011 3.31428e+009
2.061 6.73665e+011 820771 1.26038e+008 1.44486e+008 4.06271e+011 2.4953e+011 6.56071e+011 1.7594e+010
2.063 7.03218e+011 838581 1.27675e+008 1.48934e+008 4.09952e+011 2.47937e+011 6.58165e+011 4.50527e+010
2.065 7.24883e+011 851401 1.29331e+008 1.5351e+008 4.13648e+011 2.4632e+011 6.60251e+011 6.46322e+010
2.066 7.15012e+011 845584 1.30167e+008 1.55846e+008 4.15502e+011 2.45503e+011 6.61291e+011 5.3721e+010
2.068 6.65771e+011 815948 1.31853e+008 1.60619e+008 4.19221e+011 2.43853e+011 6.63366e+011 2.40417e+009
2.07 6.56126e+011 810016 1.33559e+008 1.65527e+008 4.22956e+011 2.4218e+011 6.65435e+011 -9.3085e+009
2.072 6.4568e+011 803542 1.35284e+008 1.70575e+008 4.26705e+011 2.40486e+011 6.67496e+011 -2.18164e+010
2.073 6.30257e+011 793888 1.36155e+008 1.73152e+008 4.28585e+011 2.39631e+011 6.68525e+011 -3.82676e+010
2.075 6.39179e+011 799486 1.37911e+008 1.78416e+008 4.32356e+011 2.37906e+011 6.70578e+011 -3.13994e+010
2.077 6.76898e+011 822738 1.39687e+008 1.83827e+008 4.36141e+011 2.36161e+011 6.72626e+011 4.27245e+009
2.079 6.76105e+011 822256 1.41484e+008 1.89391e+008 4.39941e+011 2.34397e+011 6.74668e+011 1.43638e+009
2.08 6.55284e+011 809496 1.42391e+008 1.92232e+008 4.41846e+011 2.33507e+011 6.75688e+011 -2.04041e+010
2.082 6.68207e+011 817439 1.44219e+008 1.98031e+008 4.45666e+011 2.31716e+011 6.77724e+011 -9.51665e+009
2.084 7.31477e+011 855264 1.46069e+008 2.03993e+008 4.495e+011 2.29906e+011 6.79756e+011 5.17215e+010
2.085 8.1452e+011 902508 1.47002e+008 2.07036e+008 4.51422e+011 2.28995e+011 6.8077e+011 1.3375e+011
2.087 7.52165e+011 867274 1.48884e+008 2.13248e+008 4.55276e+011 2.2716e+011 6.82798e+011 6.9367e+010
2.089 7.19719e+011 848362 1.50788e+008 2.19633e+008 4.59143e+011 2.25309e+011 6.84822e+011 3.48969e+010
2.091 6.50434e+011 806495 1.52713e+008 2.26196e+008 4.63022e+011 2.23442e+011 6.86843e+011 -3.64098e+010
2.092 6.42686e+011 801677 1.53685e+008 2.29544e+008 4.64967e+011 2.22503e+011 6.87854e+011 -4.5168e+010
2.094 6.60979e+011 813006 1.55644e+008 2.3638e+008 4.68866e+011 2.20615e+011 6.89872e+011 -2.88936e+010
2.096 6.64585e+011 815221 1.57626e+008 2.43404e+008 4.72776e+011 2.18712e+011 6.9189e+011 -2.73048e+010
2.098 6.38638e+011 799148 1.5963e+008 2.50621e+008 4.76699e+011 2.16797e+011 6.93906e+011 -5.52683e+010
2.1 6.46157e+011 803839 1.61657e+008 2.58036e+008 4.80634e+011 2.14869e+011 6.95922e+011 -4.97652e+010
2.101 6.51693e+011 807275 1.6268e+008 2.61819e+008 4.82606e+011 2.139e+011 6.9693e+011 -4.52367e+010
2.103 7.20795e+011 848996 1.64742e+008 2.6954e+008 4.86557e+011 2.11954e+011 6.98946e+011 2.1849e+010
2.105 7.39461e+011 859919 1.66828e+008 2.7747e+008 4.9052e+011 2.09997e+011 7.00962e+011 3.84988e+010
2.107 6.97994e+011 835460 1.68938e+008 2.85617e+008 4.94494e+011 2.0803e+011 7.02979e+011 -4.98475e+009
2.108 6.75156e+011 821679 1.70002e+008 2.89772e+008 4.96485e+011 2.07042e+011 7.03988e+011 -2.88314e+010
2.11 6.92708e+011 832291 1.72148e+008 2.98251e+008 5.00475e+011 2.05061e+011 7.06006e+011 -1.32986e+010
2.112 7.64681e+011 874461 1.74318e+008 3.06959e+008 5.04475e+011 2.0307e+011 7.08027e+011 5.66544e+010
2.114 7.97777e+011 893184 1.76513e+008 3.15901e+008 5.08485e+011 2.01072e+011 7.10049e+011 8.77276e+010
2.116 7.43777e+011 862425 1.78733e+008 3.25083e+008 5.12505e+011 1.99065e+011 7.12074e+011 3.17028e+010
2.117 6.32427e+011 795253 1.79852e+008 3.29766e+008 5.14518e+011 1.9806e+011 7.13088e+011 -8.06613e+010
2.119 5.65698e+011 752129 1.8211e+008 3.39319e+008 5.18552e+011 1.96043e+011 7.15117e+011 -1.49419e+011
2.121 5.75888e+011 758873 1.84393e+008 3.49127e+008 5.22595e+011 1.94021e+011 7.1715e+011 -1.41261e+011
2.123 6.92044e+011 831892 1.86701e+008 3.59195e+008 5.26647e+011 1.91993e+011 7.19186e+011 -2.71417e+010
2.125 8.02465e+011 895804 1.89036e+008 3.69531e+008 5.30707e+011 1.89961e+011 7.21226e+011 8.12383e+010
2.126 8.69614e+011 932531 1.90213e+008 3.74801e+008 5.3274e+011 1.88943e+011 7.22248e+011 1.47366e+011
2.128 8.13113e+011 901728 1.92587e+008 3.85549e+008 5.36812e+011 1.86904e+011 7.24295e+011 8.88178e+010
2.13 7.40488e+011 860516 1.94988e+008 3.96581e+008 5.40893e+011 1.84863e+011 7.26347e+011 1.4141e+010
2.132 6.78136e+011 823490 1.97416e+008 4.07902e+008 5.4498e+011 1.82818e+011 7.28403e+011 -5.02676e+010
2.134 6.80459e+011 824899 1.99871e+008 4.1952e+008 5.49075e+011 1.80771e+011 7.30466e+011 -5.00068e+010
2.136 6.5821e+011 811302 2.02353e+008 4.31442e+008 5.53176e+011 1.78723e+011 7.32533e+011 -7.43231e+010
2.137 7.04648e+011 839433 2.03605e+008 4.37519e+008 5.55229e+011 1.77699e+011 7.33569e+011 -2.8921e+010
2.139 7.90652e+011 889186 2.06128e+008 4.4991e+008 5.59341e+011 1.7565e+011 7.35646e+011 5.50056e+010
2.141 8.23144e+011 907273 2.0868e+008 4.62623e+008 5.63458e+011 1.736e+011 7.37729e+011 8.54147e+010
2.143 8.114e+011 900778 2.1126e+008 4.75665e+008 5.67581e+011 1.71551e+011 7.39819e+011 7.1581e+010
2.145 7.61918e+011 872879 2.13869e+008 4.89043e+008 5.7171e+011 1.69503e+011 7.41916e+011 2.00023e+010
2.147 7.29196e+011 853930 2.16507e+008 5.02767e+008 5.75843e+011 1.67457e+011 7.44019e+011 -1.48235e+010
2.149 7.16524e+011 846478 2.19174e+008 5.16842e+008 5.79982e+011 1.65412e+011 7.4613e+011 -2.9606e+010
2.15 7.56012e+011 869490 2.20518e+008 5.24015e+008 5.82053e+011 1.64391e+011 7.47189e+011 8.82363e+009
2.152 8.18682e+011 904811 2.23229e+008 5.38635e+008 5.86198e+011 1.62351e+011 7.49311e+011 6.93713e+010
2.154 8.26214e+011 908963 2.2597e+008 5.53627e+008 5.90347e+011 1.60314e+011 7.51441e+011 7.47725e+010
2.156 8.19733e+011 905391 2.28741e+008 5.69002e+008 5.945e+011 1.58281e+011 7.53579e+011 6.61543e+010
2.158 7.6508e+011 874688 2.31542e+008 5.84766e+008 5.98656e+011 1.56253e+011 7.55725e+011 9.3542e+009
2.16 7.39889e+011 860168 2.34374e+008 6.00929e+008 6.02816e+011 1.54229e+011 7.5788e+011 -1.79907e+010
2.162 7.80709e+011 883577 2.37237e+008 6.175e+008 6.06977e+011 1.52211e+011 7.60043e+011 2.06658e+010
2.163 8.2088e+011 906024 2.38681e+008 6.25941e+008 6.09059e+011 1.51204e+011 7.61128e+011 5.97519e+010
2.165 8.37672e+011 915244 2.41591e+008 6.43141e+008 6.13224e+011 1.49195e+011 7.63304e+011 7.43677e+010
2.167 8.38815e+011 915868 2.44532e+008 6.60772e+008 6.17391e+011 1.47192e+011 7.65489e+011 7.33256e+010
2.169 8.63186e+011 929078 2.47506e+008 6.78843e+008 6.2156e+011 1.45197e+011 7.67683e+011 9.55029e+010
2.171 8.8539e+011 940951 2.50512e+008 6.97365e+008 6.25729e+011 1.43209e+011 7.69886e+011 1.15504e+011
2.173 8.76928e+011 936444 2.53551e+008 7.16347e+008 6.299e+011 1.41228e+011 7.72098e+011 1.0483e+011
2.175 8.58076e+011 926324 2.56622e+008 7.35799e+008 6.3407e+011 1.39257e+011 7.74319e+011 8.37568e+010
2.177 8.30131e+011 911115 2.59727e+008 7.55732e+008 6.38241e+011 1.37293e+011 7.7655e+011 5.35812e+010
2.179 8.3962e+011 916308 2.62865e+008 7.76155e+008 6.42412e+011 1.3534e+011 7.7879e+011 6.083e+010
2.181 8.47529e+011 920614 2.66037e+008 7.97081e+008 6.46581e+011 1.33395e+011 7.8104e+011 6.64898e+010
2.183 8.36123e+011 914398 2.69243e+008 8.18519e+008 6.5075e+011 1.31461e+011 7.83299e+011 5.28246e+010
2.184 8.19985e+011 905530 2.70859e+008 8.29434e+008 6.52834e+011 1.30497e+011 7.84432e+011 3.55531e+010
2.186 8.2269e+011 907023 2.74117e+008 8.51661e+008 6.57e+011 1.28579e+011 7.86705e+011 3.59855e+010
2.188 8.65334e+011 930233 2.7741e+008 8.7443e+008 6.61164e+011 1.26671e+011 7.88987e+011 7.63468e+010
2.19 8.36614e+011 914666 2.80738e+008 8.9775e+008 6.65326e+011 1.24774e+011 7.91279e+011 4.53348e+010
2.192 8.81008e+011 938620 2.84101e+008 9.21634e+008 6.69486e+011 1.22889e+011 7.93581e+011 8.74267e+010
2.194 8.82282e+011 939299 2.875e+008 9.46094e+008 6.73642e+011 1.21016e+011 7.95892e+011 8.63903e+010
2.196 8.67652e+011 931479 2.90936e+008 9.71142e+008 6.77795e+011 1.19155e+011 7.98212e+011 6.94402e+010
2.198 8.42451e+011 917851 2.94408e+008 9.9679e+008 6.81943e+011 1.17307e+011 8.00542e+011 4.19093e+010
2.2 8.60947e+011 927872 2.97917e+008 1.02305e+009 6.86088e+011 1.15472e+011 8.02881e+011 5.80662e+010
2.202 8.93182e+011 945083 3.01463e+008 1.04994e+009 6.90228e+011 1.1365e+011 8.05229e+011 8.79528e+010
2.204 9.38156e+011 968585 3.05046e+008 1.07746e+009 6.94363e+011 1.11841e+011 8.07586e+011 1.3057e+011
2.206 9.37698e+011 968348 3.08667e+008 1.10564e+009 6.98492e+011 1.10046e+011 8.09953e+011 1.27746e+011
2.208 9.25542e+011 962051 3.12327e+008 1.13448e+009 7.02616e+011 1.08265e+011 8.12328e+011 1.13214e+011
2.21 9.24645e+011 961585 3.16025e+008 1.16401e+009 7.06733e+011 1.06498e+011 8.14712e+011 1.09933e+011
2.212 9.00292e+011 948837 3.19762e+008 1.19422e+009 7.10844e+011 1.04746e+011 8.17104e+011 8.31878e+010
2.214 8.79827e+011 937991 3.23538e+008 1.22514e+009 7.14948e+011 1.03009e+011 8.19505e+011 6.03219e+010
2.216 8.98847e+011 948075 3.27353e+008 1.25678e+009 7.19044e+011 1.01286e+011 8.21915e+011 7.69319e+010
2.218 8.95606e+011 946365 3.31209e+008 1.28916e+009 7.23133e+011 9.9579e+010 8.24333e+011 7.12738e+010
2.22 9.07619e+011 952691 3.35104e+008 1.32229e+009 7.27214e+011 9.78871e+010 8.26758e+011 8.08611e+010
2.222 9.03034e+011 950281 3.3904e+008 1.35619e+009 7.31286e+011 9.62108e+010 8.29192e+011 7.38421e+010
2.224 8.95795e+011 946465 3.43017e+008 1.39087e+009 7.35349e+011 9.45502e+010 8.31633e+011 6.41624e+010
2.226 9.14013e+011 956041 3.47036e+008 1.42634e+009 7.39402e+011 9.29057e+010 8.34081e+011 7.99322e+010
2.228 8.95851e+011 946494 3.51096e+008 1.46263e+009 7.43446e+011 9.12772e+010 8.36537e+011 5.93141e+010
2.23 8.80985e+011 938608 3.55198e+008 1.49974e+009 7.4748e+011 8.96651e+010 8.39e+011 4.19855e+010
2.232 8.81898e+011 939094 3.59342e+008 1.5377e+009 7.51503e+011 8.80694e+010 8.41469e+011 4.04293e+010
2.234 9.03649e+011 950605 3.63529e+008 1.57652e+009 7.55515e+011 8.64902e+010 8.43945e+011 5.97041e+010
2.236 9.22327e+011 960378 3.6776e+008 1.61622e+009 7.59515e+011 8.49278e+010 8.46427e+011 7.58996e+010
2.238 9.24166e+011 961336 3.72033e+008 1.65682e+009 7.63504e+011 8.33822e+010 8.48915e+011 7.52511e+010
2.24 9.26814e+011 962712 3.76351e+008 1.69833e+009 7.67481e+011 8.18535e+010 8.51409e+011 7.5405e+010
2.242 9.1194e+011 954956 3.80713e+008 1.74077e+009 7.71445e+011 8.03418e+010 8.53908e+011 5.80322e+010
2.244 8.96445e+011 946808 3.85119e+008 1.78415e+009 7.75395e+011 7.88473e+010 8.56412e+011 4.00325e+010
2.246 8.96724e+011 946955 3.8957e+008 1.8285e+009 7.79333e+011 7.73701e+010 8.58921e+011 3.7803e+010
2.248 8.80568e+011 938386 3.94067e+008 1.87384e+009 7.83257e+011 7.59101e+010 8.61435e+011 1.91332e+010
2.25 8.73836e+011 934792 3.9861e+008 1.92018e+009 7.87166e+011 7.44675e+010 8.63952e+011 9.8839e+009
2.252 8.98849e+011 948076 4.03198e+008 1.96754e+009 7.9106e+011 7.30423e+010 8.66474e+011 3.23753e+010
2.254 9.26965e+011 962790 4.07833e+008 2.01594e+009 7.9494e+011 7.16346e+010 8.68998e+011 5.79666e+010
2.256 9.38893e+011 968965 4.12515e+008 2.0654e+009 7.98804e+011 7.02444e+010 8.71526e+011 6.73669e+010
2.258 9.44605e+011 971908 4.17245e+008 2.11595e+009 8.02652e+011 6.88718e+010 8.74057e+011 7.05474e+010
2.26 9.48775e+011 974051 4.22022e+008 2.16759e+009 8.06484e+011 6.75168e+010 8.76591e+011 7.2184e+010
2.262 9.53329e+011 976386 4.26847e+008 2.22035e+009 8.10299e+011 6.61794e+010 8.79126e+011 7.42031e+010
2.265 9.03081e+011 950306 4.34175e+008 2.30165e+009 8.1599e+011 6.42063e+010 8.82932e+011 2.01494e+010
2.267 9.44325e+011 971764 4.39122e+008 2.3573e+009 8.19761e+011 6.2913e+010 8.85471e+011 5.8854e+010
2.269 9.72621e+011 986216 4.44119e+008 2.41415e+009 8.23515e+011 6.16373e+010 8.8801e+011 8.46111e+010
2.271 9.86014e+011 992982 4.49165e+008 2.47221e+009 8.27249e+011 6.03792e+010 8.9055e+011 9.54644e+010
2.273 9.76451e+011 988155 4.54262e+008 2.53151e+009 8.30965e+011 5.91387e+010 8.9309e+011 8.33611e+010
2.275 9.87273e+011 993616 4.5941e+008 2.59207e+009 8.34662e+011 5.79157e+010 8.95629e+011 9.16438e+010
2.277 9.73597e+011 986710 4.64608e+008 2.65392e+009 8.38338e+011 5.67103e+010 8.98167e+011 7.54296e+010
2.279 9.77856e+011 988866 4.69858e+008 2.71706e+009 8.41995e+011 5.55224e+010 9.00704e+011 7.71524e+010
2.281 9.66819e+011 983270 4.75161e+008 2.78153e+009 8.4563e+011 5.4352e+010 9.03239e+011 6.35801e+010
2.283 9.61197e+011 980406 4.80515e+008 2.84736e+009 8.49245e+011 5.31989e+010 9.05772e+011 5.54245e+010
2.286 9.69206e+011 984483 4.88646e+008 2.94868e+009 8.54627e+011 5.15019e+010 9.09566e+011 5.96398e+010
2.288 1.00195e+012 1.00097e+006 4.94134e+008 3.01798e+009 8.58188e+011 5.0392e+010 9.12092e+011 8.98576e+010
2.29 9.69132e+011 984445 4.99675e+008 3.08872e+009 8.61726e+011 4.92994e+010 9.14614e+011 5.45181e+010
2.292 1.0027e+012 1.00135e+006 5.05271e+008 3.16091e+009 8.65241e+011 4.82239e+010 9.17131e+011 8.55693e+010
2.294 1.01088e+012 1.00542e+006 5.10921e+008 3.23459e+009 8.68733e+011 4.71653e+010 9.19644e+011 9.12328e+010
2.296 9.82e+011 990959 5.16627e+008 3.30978e+009 8.72202e+011 4.61238e+010 9.22152e+011 5.98479e+010
2.298 1.01451e+012 1.00723e+006 5.22388e+008 3.3865e+009 8.75647e+011 4.5099e+010 9.24654e+011 8.98566e+010
2.301 1.0082e+012 1.00409e+006 5.31135e+008 3.50452e+009 8.80768e+011 4.35932e+010 9.28396e+011 7.98018e+010
2.303 9.74422e+011 987128 5.37038e+008 3.58519e+009 8.8415e+011 4.26101e+010 9.30883e+011 4.35393e+010
2.305 9.58802e+011 979184 5.42997e+008 3.66749e+009 8.87508e+011 4.16435e+010 9.33362e+011 2.54404e+010
2.307 9.77129e+011 988499 5.49014e+008 3.75144e+009 8.9084e+011 4.06932e+010 9.35833e+011 4.1296e+010
2.309 1.00551e+012 1.00275e+006 5.5509e+008 3.83707e+009 8.94145e+011 3.97592e+010 9.38297e+011 6.72093e+010
2.311 9.91155e+011 995568 5.61223e+008 3.9244e+009 8.97424e+011 3.88413e+010 9.40751e+011 5.04041e+010
2.313 1.00227e+012 1.00113e+006 5.67416e+008 4.01347e+009 9.00676e+011 3.79395e+010 9.43197e+011 5.90723e+010
2.316 1.03076e+012 1.01526e+006 5.76817e+008 4.1504e+009 9.05503e+011 3.66164e+010 9.46847e+011 8.39157e+010
2.318 1.0202e+012 1.01005e+006 5.83159e+008 4.24393e+009 9.08687e+011 3.57539e+010 9.49268e+011 7.09333e+010
2.32 1.01293e+012 1.00644e+006 5.89562e+008 4.3393e+009 9.11842e+011 3.4907e+010 9.51678e+011 6.12502e+010
2.322 9.91116e+011 995548 5.96026e+008 4.43653e+009 9.14968e+011 3.40755e+010 9.54076e+011 3.70394e+010
2.324 1.02542e+012 1.01263e+006 6.02552e+008 4.53565e+009 9.18066e+011 3.32593e+010 9.56463e+011 6.89585e+010
2.327 1.01723e+012 1.00858e+006 6.12457e+008 4.68795e+009 9.22657e+011 3.20632e+010 9.6002e+011 5.72142e+010
2.329 9.99139e+011 999569 6.19138e+008 4.79193e+009 9.2568e+011 3.12845e+010 9.62376e+011 3.67628e+010
2.331 9.95135e+011 997565 6.25883e+008 4.89791e+009 9.28674e+011 3.05205e+010 9.64718e+011 3.04172e+010
2.333 9.9112e+011 995550 6.32691e+008 5.00593e+009 9.31636e+011 2.97711e+010 9.67046e+011 2.40742e+010
2.335 1.00234e+012 1.00117e+006 6.39564e+008 5.116e+009 9.34568e+011 2.90361e+010 9.6936e+011 3.29759e+010
2.338 1.0423e+012 1.02093e+006 6.49994e+008 5.28503e+009 9.38907e+011 2.79604e+010 9.72802e+011 6.94931e+010
2.34 1.01494e+012 1.00744e+006 6.57029e+008 5.40039e+009 9.4176e+011 2.72608e+010 9.75078e+011 3.9857e+010
2.342 1.01292e+012 1.00644e+006 6.6413e+008 5.51791e+009 9.44581e+011 2.65751e+010 9.77338e+011 3.55867e+010
2.344 1.01217e+012 1.00607e+006 6.71298e+008 5.63764e+009 9.47369e+011 2.59031e+010 9.79581e+011 3.25916e+010
2.347 1.00039e+012 1.00019e+006 6.82174e+008 5.82144e+009 9.51489e+011 2.49204e+010 9.82913e+011 1.74725e+010
2.349 1.03306e+012 1.0164e+006 6.8951e+008 5.94681e+009 9.54195e+011 2.42819e+010 9.85113e+011 4.79515e+010
2.351 1.00688e+012 1.00344e+006 6.96913e+008 6.07451e+009 9.56867e+011 2.36566e+010 9.87295e+011 1.95892e+010
2.353 1.01567e+012 1.0078e+006 7.04385e+008 6.20455e+009 9.59505e+011 2.30442e+010 9.89458e+011 2.62128e+010
2.356 9.7565e+011 987750 7.15723e+008 6.40411e+009 9.63397e+011 2.21495e+010 9.92666e+011 -1.70166e+010
2.358 1.00685e+012 1.00342e+006 7.23369e+008 6.54018e+009 9.65949e+011 2.15688e+010 9.94781e+011 1.2074e+010
2.36 1.01433e+012 1.00714e+006 7.31085e+008 6.67872e+009 9.68465e+011 2.10004e+010 9.96875e+011 1.7452e+010
2.362 1.03522e+012 1.01746e+006 7.38872e+008 6.81976e+009 9.70946e+011 2.04442e+010 9.98949e+011 3.62749e+010
2.365 1.00664e+012 1.00332e+006 7.50687e+008 7.03611e+009 9.746e+011 1.96323e+010 1.00202e+012 4.62336e+009
2.367 1.01241e+012 1.00619e+006 7.58654e+008 7.18357e+009 9.76992e+011 1.91058e+010 1.00404e+012 8.37533e+009
2.369 1.00655e+012 1.00327e+006 7.66693e+008 7.33366e+009 9.79346e+011 1.85909e+010 1.00604e+012 5.16676e+008
2.372 9.87289e+011 993624 7.78889e+008 7.5638e+009 9.82809e+011 1.78398e+010 1.00899e+012 -2.17027e+010
2.374 1.00353e+012 1.00177e+006 7.87113e+008 7.72062e+009 9.85072e+011 1.73531e+010 1.01093e+012 -7.39884e+009
2.376 9.78217e+011 989049 7.9541e+008 7.88019e+009 9.87296e+011 1.68773e+010 1.01285e+012 -3.4632e+010
2.378 9.94758e+011 997376 8.03783e+008 8.04255e+009 9.89483e+011 1.64124e+010 1.01474e+012 -1.9984e+010
2.381 1.01193e+012 1.00595e+006 8.16484e+008 8.29141e+009 9.92693e+011 1.57348e+010 1.01754e+012 -5.60692e+009
2.383 1.03045e+012 1.01511e+006 8.25047e+008 8.46091e+009 9.94784e+011 1.52961e+010 1.01937e+012 1.10879e+010
2.385 1.03006e+012 1.01492e+006 8.33687e+008 8.63334e+009 9.96837e+011 1.48675e+010 1.02117e+012 8.88812e+009
2.388 1.03174e+012 1.01575e+006 8.46792e+008 8.89753e+009 9.99843e+011 1.42435e+010 1.02383e+012 7.91038e+009
2.39 1.01949e+012 1.0097e+006 8.55626e+008 9.07742e+009 1.0018e+012 1.38398e+010 1.02557e+012 -6.07636e+009
2.392 1.05005e+012 1.02472e+006 8.64539e+008 9.26036e+009 1.00371e+012 1.34456e+010 1.02728e+012 2.27704e+010
2.395 9.98303e+011 999151 8.78057e+008 9.54059e+009 1.00651e+012 1.2872e+010 1.0298e+012 -3.15003e+010
2.397 1.00611e+012 1.00305e+006 8.8717e+008 9.73133e+009 1.00833e+012 1.25011e+010 1.03145e+012 -2.5334e+010
2.399 1.05176e+012 1.02555e+006 8.96363e+008 9.92527e+009 1.0101e+012 1.21393e+010 1.03306e+012 1.86932e+010
2.402 1.03617e+012 1.01793e+006 9.10305e+008 1.02222e+010 1.01269e+012 1.16131e+010 1.03544e+012 7.38745e+008
2.404 1.03239e+012 1.01606e+006 9.19703e+008 1.04243e+010 1.01436e+012 1.12731e+010 1.03698e+012 -4.59217e+009
2.407 1.03696e+012 1.01831e+006 9.33954e+008 1.07337e+010 1.0168e+012 1.07789e+010 1.03924e+012 -2.28558e+009
2.409 1.01533e+012 1.00764e+006 9.43559e+008 1.09441e+010 1.01837e+012 1.04598e+010 1.04071e+012 -2.53815e+010
2.411 1.04045e+012 1.02002e+006 9.53248e+008 1.1158e+010 1.01989e+012 1.01487e+010 1.04215e+012 -1.70782e+009
2.414 1.03019e+012 1.01498e+006 9.6794e+008 1.14853e+010 1.02211e+012 9.69686e+009 1.04426e+012 -1.40693e+010
2.416 1.05499e+012 1.02713e+006 9.77842e+008 1.17079e+010 1.02353e+012 9.40525e+009 1.04562e+012 9.36948e+009
2.418 1.04614e+012 1.02281e+006 9.87829e+008 1.19341e+010 1.02491e+012 9.12116e+009 1.04696e+012 -8.17329e+008
2.421 1.04557e+012 1.02253e+006 1.00297e+009 1.22801e+010 1.0269e+012 8.70881e+009 1.0489e+012 -3.33099e+009
2.423 1.05286e+012 1.02609e+006 1.01318e+009 1.25154e+010 1.02818e+012 8.44287e+009 1.05015e+012 2.70959e+009
2.426 9.79789e+011 989843 1.02865e+009 1.28752e+010 1.03001e+012 8.05705e+009 1.05197e+012 -7.21824e+010
2.428 1.02294e+012 1.0114e+006 1.03908e+009 1.31198e+010 1.03118e+012 7.80835e+009 1.05314e+012 -3.02061e+010
2.43 1.03868e+012 1.01916e+006 1.04959e+009 1.33682e+010 1.0323e+012 7.56629e+009 1.05428e+012 -1.56032e+010
2.433 1.0459e+012 1.02269e+006 1.06554e+009 1.3748e+010 1.0339e+012 7.21534e+009 1.05593e+012 -1.00374e+010
2.435 1.04148e+012 1.02053e+006 1.07628e+009 1.40061e+010 1.03492e+012 6.98928e+009 1.05699e+012 -1.55066e+010
2.438 1.0618e+012 1.03044e+006 1.09256e+009 1.44006e+010 1.03636e+012 6.66168e+009 1.05851e+012 3.28312e+009
2.44 1.03047e+012 1.01512e+006 1.10353e+009 1.46687e+010 1.03726e+012 6.45076e+009 1.05949e+012 -2.90134e+010
2.443 1.07167e+012 1.03521e+006 1.12016e+009 1.50783e+010 1.03854e+012 6.14525e+009 1.06088e+012 1.0783e+010
2.445 1.05342e+012 1.02636e+006 1.13137e+009 1.53565e+010 1.03933e+012 5.94864e+009 1.06177e+012 -8.34915e+009
2.447 1.04713e+012 1.02329e+006 1.14267e+009 1.56389e+010 1.04008e+012 5.75754e+009 1.06262e+012 -1.54941e+010
2.45 1.02529e+012 1.01257e+006 1.1598e+009 1.60703e+010 1.04113e+012 5.48093e+009 1.06384e+012 -3.85438e+010
2.452 1.02616e+012 1.013e+006 1.17133e+009 1.63632e+010 1.04177e+012 5.30304e+009 1.0646e+012 -3.8444e+010
2.455 1.01413e+012 1.00704e+006 1.18882e+009 1.68106e+010 1.04264e+012 5.04568e+009 1.06569e+012 -5.15568e+010
2.457 1.02058e+012 1.01024e+006 1.2006e+009 1.71143e+010 1.04317e+012 4.88024e+009 1.06636e+012 -4.57816e+010
2.46 1.04268e+012 1.02112e+006 1.21846e+009 1.75781e+010 1.04388e+012 4.64102e+009 1.06731e+012 -2.46319e+010
2.462 1.0821e+012 1.04024e+006 1.23048e+009 1.78928e+010 1.04429e+012 4.48732e+009 1.0679e+012 1.41972e+010
2.465 1.05452e+012 1.0269e+006 1.24871e+009 1.83734e+010 1.04483e+012 4.26517e+009 1.06872e+012 -1.4198e+010
2.467 1.06117e+012 1.03013e+006 1.26099e+009 1.86994e+010 1.04513e+012 4.12251e+009 1.06921e+012 -8.04332e+009
2.47 1.0436e+012 1.02157e+006 1.27959e+009 1.91971e+010 1.0455e+012 3.91641e+009 1.06989e+012 -2.62916e+010
2.472 1.03152e+012 1.01564e+006 1.29212e+009 1.95346e+010 1.04569e+012 3.78412e+009 1.0703e+012 -3.87771e+010
2.475 1.00394e+012 1.00197e+006 1.31111e+009 2.00498e+010 1.04589e+012 3.5931e+009 1.07084e+012 -6.69085e+010
2.477 1.00418e+012 1.00209e+006 1.3239e+009 2.03992e+010 1.04597e+012 3.47055e+009 1.07116e+012 -6.698e+010
2.48 9.83605e+011 991769 1.34327e+009 2.09322e+010 1.046e+012 3.29366e+009 1.07157e+012 -8.79619e+010
2.482 9.82709e+011 991317 1.35632e+009 2.12935e+010 1.04596e+012 3.18023e+009 1.07179e+012 -8.9083e+010
2.485 9.96938e+011 998468 1.37609e+009 2.18447e+010 1.04582e+012 3.0166e+009 1.07206e+012 -7.51218e+010
2.487 1.00566e+012 1.00282e+006 1.38941e+009 2.22184e+010 1.04567e+012 2.91172e+009 1.07219e+012 -6.65367e+010
2.49 1.06246e+012 1.03076e+006 1.40958e+009 2.27881e+010 1.04537e+012 2.76049e+009 1.07232e+012 -9.86201e+009
2.492 1.07517e+012 1.0369e+006 1.42316e+009 2.31743e+010 1.0451e+012 2.6636e+009 1.07236e+012 2.80524e+009
2.495 1.02861e+012 1.0142e+006 1.44374e+009 2.37629e+010 1.04463e+012 2.52396e+009 1.07236e+012 -4.37493e+010
2.498 1.01626e+012 1.0081e+006 1.46456e+009 2.43631e+010 1.04405e+012 2.3909e+009 1.07227e+012 -5.60037e+010
2.5 9.79853e+011 989875 1.47858e+009 2.47696e+010 1.0436e+012 2.30573e+009 1.07216e+012 -9.23062e+010
2.503 1.03695e+012 1.01831e+006 1.49982e+009 2.53892e+010 1.04286e+012 2.18306e+009 1.07193e+012 -3.498e+010
2.505 1.02717e+012 1.0135e+006 1.51412e+009 2.58088e+010 1.0423e+012 2.10456e+009 1.07173e+012 -4.45563e+010
2.508 1.04921e+012 1.02431e+006 1.53579e+009 2.64481e+010 1.04139e+012 1.99157e+009 1.07136e+012 -2.21512e+010
2.51 1.01747e+012 1.0087e+006 1.55037e+009 2.6881e+010 1.04072e+012 1.91931e+009 1.07107e+012 -5.35998e+010
2.513 1.05007e+012 1.02473e+006 1.57246e+009 2.75404e+010 1.03964e+012 1.81534e+009 1.07057e+012 -2.04977e+010
2.516 1.02557e+012 1.0127e+006 1.59481e+009 2.82119e+010 1.03846e+012 1.71647e+009 1.06998e+012 -4.44106e+010
2.518 9.91965e+011 995974 1.60985e+009 2.86664e+010 1.03761e+012 1.65328e+009 1.06954e+012 -7.75788e+010
2.521 1.01618e+012 1.00806e+006 1.63264e+009 2.93585e+010 1.03627e+012 1.56244e+009 1.06882e+012 -5.2636e+010
2.523 1.00295e+012 1.00147e+006 1.64797e+009 2.98268e+010 1.03531e+012 1.50441e+009 1.06829e+012 -6.53431e+010
2.526 9.12303e+011 955145 1.6712e+009 3.05397e+010 1.0338e+012 1.42101e+009 1.06743e+012 -1.5513e+011
2.529 9.16213e+011 957190 1.6947e+009 3.12651e+010 1.03219e+012 1.34183e+009 1.06649e+012 -1.50279e+011
2.531 8.81415e+011 938837 1.71051e+009 3.17558e+010 1.03106e+012 1.29129e+009 1.06582e+012 -1.84405e+011
2.534 9.56197e+011 977853 1.73446e+009 3.25025e+010 1.02929e+012 1.21871e+009 1.06474e+012 -1.08548e+011
2.537 9.02062e+011 949770 1.75868e+009 3.3262e+010 1.02742e+012 1.14986e+009 1.06359e+012 -1.61527e+011
2.539 9.6087e+011 980240 1.77498e+009 3.37755e+010 1.02612e+012 1.10594e+009 1.06278e+012 -1.01905e+011
2.542 1.16732e+012 1.08043e+006 1.79967e+009 3.45566e+010 1.02409e+012 1.04292e+009 1.06149e+012 1.05835e+011
2.544 1.29578e+012 1.13832e+006 1.81628e+009 3.50845e+010 1.02268e+012 1.00275e+009 1.06059e+012 2.35195e+011
2.547 1.14342e+012 1.06931e+006 1.84143e+009 3.58874e+010 1.02049e+012 9.45125e+008 1.05917e+012 8.42486e+010
2.55 1.27682e+012 1.12996e+006 1.86686e+009 3.67034e+010 1.01821e+012 8.9054e+008 1.05767e+012 2.1915e+011
2.552 1.13903e+012 1.06725e+006 1.88398e+009 3.72548e+010 1.01664e+012 8.55767e+008 1.05663e+012 8.24008e+010
2.555 1.14924e+012 1.07203e+006 1.90989e+009 3.80929e+010 1.0142e+012 8.0593e+008 1.05501e+012 9.42317e+010
2.558 1.09457e+012 1.04621e+006 1.93609e+009 3.89444e+010 1.01167e+012 7.58762e+008 1.05331e+012 4.12598e+010
2.561 1.07239e+012 1.03556e+006 1.96258e+009 3.98092e+010 1.00904e+012 7.14134e+008 1.05153e+012 2.08634e+010
2.563 1.0732e+012 1.03596e+006 1.98041e+009 4.03932e+010 1.00724e+012 6.85733e+008 1.0503e+012 2.29022e+010
2.566 1.0854e+012 1.04182e+006 2.00739e+009 4.12805e+010 1.00447e+012 6.4507e+008 1.0484e+012 3.69945e+010
2.569 1.10018e+012 1.0489e+006 2.03467e+009 4.21813e+010 1.0016e+012 6.06632e+008 1.04643e+012 5.37552e+010
2.571 1.11501e+012 1.05594e+006 2.05302e+009 4.27893e+010 9.99646e+011 5.82188e+008 1.04507e+012 6.9939e+010
2.574 1.1347e+012 1.06522e+006 2.0808e+009 4.37126e+010 9.96633e+011 5.47216e+008 1.04297e+012 9.1726e+010
2.577 1.12984e+012 1.06294e+006 2.10888e+009 4.46496e+010 9.93534e+011 5.14187e+008 1.04081e+012 8.90334e+010
2.58 1.15636e+012 1.07534e+006 2.13726e+009 4.56002e+010 9.90348e+011 4.83003e+008 1.03857e+012 1.1779e+011
2.582 1.13236e+012 1.06412e+006 2.15635e+009 4.62414e+010 9.88176e+011 4.63192e+008 1.03704e+012 9.53221e+010
2.585 1.11752e+012 1.05713e+006 2.18525e+009 4.72147e+010 9.84847e+011 4.34877e+008 1.03468e+012 8.28353e+010
2.588 1.11156e+012 1.05431e+006 2.21446e+009 4.82017e+010 9.81434e+011 4.08168e+008 1.03226e+012 7.93013e+010
2.591 1.07664e+012 1.03761e+006 2.24398e+009 4.92022e+010 9.77938e+011 3.82981e+008 1.02977e+012 4.68739e+010
2.593 1.00973e+012 1.00486e+006 2.26383e+009 4.98769e+010 9.75561e+011 3.66997e+008 1.02807e+012 -1.8334e+010
2.596 1.06465e+012 1.03182e+006 2.29388e+009 5.09002e+010 9.71928e+011 3.44174e+008 1.02547e+012 3.91801e+010
2.599 1.05826e+012 1.02872e+006 2.32424e+009 5.19372e+010 9.68215e+011 3.22672e+008 1.0228e+012 3.54607e+010
2.602 1.12744e+012 1.06181e+006 2.35492e+009 5.29877e+010 9.64422e+011 3.02419e+008 1.02007e+012 1.07375e+011
2.604 1.05918e+012 1.02917e+006 2.37556e+009 5.36957e+010 9.61849e+011 2.8958e+008 1.01821e+012 4.09729e+010
2.607 1.05584e+012 1.02754e+006 2.40678e+009 5.47689e+010 9.57926e+011 2.71265e+008 1.01537e+012 4.04645e+010
2.61 1.04361e+012 1.02157e+006 2.43832e+009 5.58556e+010 9.53926e+011 2.54031e+008 1.01247e+012 3.11369e+010
2.613 1.04691e+012 1.02319e+006 2.4702e+009 5.69558e+010 9.4985e+011 2.37819e+008 1.00951e+012 3.73979e+010
2.616 1.08853e+012 1.04333e+006 2.5024e+009 5.80694e+010 9.457e+011 2.22572e+008 1.00649e+012 8.20358e+010
2.618 1.03477e+012 1.01724e+006 2.52405e+009 5.88193e+010 9.42892e+011 2.12919e+008 1.00445e+012 3.03254e+010
2.621 9.96441e+011 998219 2.55681e+009 5.99552e+010 9.3862e+011 1.99167e+008 1.00133e+012 -4.89005e+009
2.624 9.7846e+011 989171 2.5899e+009 6.11044e+010 9.34276e+011 1.86246e+008 9.98157e+011 -1.96973e+010
2.627 9.75295e+011 987570 2.62333e+009 6.22667e+010 9.29862e+011 1.74109e+008 9.94927e+011 -1.96313e+010
2.63 9.30907e+011 964835 2.6571e+009 6.34422e+010 9.25379e+011 1.62713e+008 9.91641e+011 -6.07347e+010
2.633 9.30275e+011 964508 2.69121e+009 6.46307e+010 9.20828e+011 1.52017e+008 9.88302e+011 -5.80275e+010
2.636 9.18206e+011 958231 2.72566e+009 6.58321e+010 9.16211e+011 1.4198e+008 9.8491e+011 -6.67044e+010
2.638 9.45213e+011 972221 2.74882e+009 6.66402e+010 9.13096e+011 1.35636e+008 9.8262e+011 -3.74077e+010
2.641 9.72959e+011 986387 2.78385e+009 6.78629e+010 9.0837e+011 1.26616e+008 9.79143e+011 -6.18414e+009
2.644 9.15936e+011 957045 2.81922e+009 6.90983e+010 9.0358e+011 1.18159e+008 9.75616e+011 -5.968e+010
2.647 9.22188e+011 960306 2.85495e+009 7.03462e+010 8.98728e+011 1.10233e+008 9.7204e+011 -4.98515e+010
2.65 9.58139e+011 978846 2.89103e+009 7.16065e+010 8.93816e+011 1.02807e+008 9.68416e+011 -1.02772e+010
2.653 1.05019e+012 1.02479e+006 2.92746e+009 7.2879e+010 8.88844e+011 9.58519e+007 9.64746e+011 8.54415e+010
2.656 1.09428e+012 1.04608e+006 2.96425e+009 7.41636e+010 8.83813e+011 8.93398e+007 9.6103e+011 1.33255e+011
2.659 1.09079e+012 1.04441e+006 3.00139e+009 7.54601e+010 8.78726e+011 8.32446e+007 9.57271e+011 1.33524e+011
2.662 1.052e+012 1.02567e+006 3.0389e+009 7.67684e+010 8.73583e+011 7.75413e+007 9.53468e+011 9.85301e+010
2.664 1.07615e+012 1.03737e+006 3.06411e+009 7.76471e+010 8.70124e+011 7.39452e+007 9.50909e+011 1.25237e+011
2.667 1.07305e+012 1.03588e+006 3.10222e+009 7.89747e+010 8.64891e+011 6.88438e+007 9.47037e+011 1.26013e+011
2.67 1.01691e+012 1.00842e+006 3.14069e+009 8.03136e+010 8.59606e+011 6.40745e+007 9.43124e+011 7.37879e+010
2.673 9.91282e+011 995632 3.17953e+009 8.16635e+010 8.5427e+011 5.96173e+007 9.39173e+011 5.21096e+010
2.676 9.40037e+011 969555 3.21874e+009 8.30245e+010 8.48885e+011 5.54532e+007 9.35183e+011 4.85325e+009
2.679 9.1296e+011 955490 3.25832e+009 8.43961e+010 8.43451e+011 5.1564e+007 9.31157e+011 -1.81972e+010
2.682 9.61325e+011 980472 3.29827e+009 8.57782e+010 8.37971e+011 4.79328e+007 9.27096e+011 3.42295e+010
2.685 9.29821e+011 964273 3.3386e+009 8.71706e+010 8.32446e+011 4.45437e+007 9.23e+011 6.82177e+009
2.688 9.64458e+011 982068 3.3793e+009 8.8573e+010 8.26877e+011 4.13814e+007 9.1887e+011 4.55874e+010
2.691 9.44277e+011 971739 3.42038e+009 8.99852e+010 8.21265e+011 3.84318e+007 9.14709e+011 2.95686e+010
2.694 9.83822e+011 991878 3.46183e+009 9.14069e+010 8.15612e+011 3.56815e+007 9.10516e+011 7.33065e+010
2.697 9.36318e+011 967635 3.50367e+009 9.2838e+010 8.09919e+011 3.31178e+007 9.06293e+011 3.00242e+010
2.7 9.97044e+011 998521 3.54589e+009 9.42781e+010 8.04187e+011 3.07289e+007 9.02042e+011 9.50027e+010
2.703 9.2857e+011 963623 3.58849e+009 9.5727e+010 7.98418e+011 2.85035e+007 8.97762e+011 3.08075e+010
2.706 9.29076e+011 963886 3.63148e+009 9.71843e+010 7.92614e+011 2.64311e+007 8.93456e+011 3.56193e+010
2.709 9.16047e+011 957103 3.67486e+009 9.86498e+010 7.86776e+011 2.45019e+007 8.89125e+011 2.69222e+010
2.712 8.89988e+011 943392 3.71862e+009 1.00123e+011 7.80904e+011 2.27065e+007 8.84769e+011 5.2198e+009
2.715 8.90385e+011 943602 3.76278e+009 1.01604e+011 7.75001e+011 2.10362e+007 8.80389e+011 9.99565e+009
2.718 9.54215e+011 976840 3.80733e+009 1.03093e+011 7.69068e+011 1.94828e+007 8.75987e+011 7.82283e+010
2.721 9.12589e+011 955295 3.85227e+009 1.04588e+011 7.63106e+011 1.80385e+007 8.71564e+011 4.10256e+010
2.724 8.75866e+011 935877 3.8976e+009 1.0609e+011 7.57116e+011 1.66962e+007 8.6712e+011 8.74584e+009
2.727 8.52291e+011 923196 3.94333e+009 1.07598e+011 7.51101e+011 1.5449e+007 8.62658e+011 -1.03662e+010
2.731 8.5828e+011 926434 4.00493e+009 1.09618e+011 7.43042e+011 1.39231e+007 8.56679e+011 1.60116e+009
2.734 8.43271e+011 918298 4.05159e+009 1.1114e+011 7.36971e+011 1.28738e+007 8.52176e+011 -8.90424e+009
2.737 9.52691e+011 976059 4.09865e+009 1.12667e+011 7.30879e+011 1.18999e+007 8.47656e+011 1.05035e+011
2.74 9.01536e+011 949493 4.14612e+009 1.14198e+011 7.24766e+011 1.09963e+007 8.43122e+011 5.84146e+010
2.743 8.90459e+011 943642 4.19399e+009 1.15734e+011 7.18635e+011 1.01582e+007 8.38573e+011 5.18861e+010
2.746 8.51523e+011 922780 4.24226e+009 1.17274e+011 7.12487e+011 9.38113e+006 8.34012e+011 1.75112e+010
2.749 7.90574e+011 889142 4.29094e+009 1.18818e+011 7.06322e+011 8.6608e+006 8.29439e+011 -3.88647e+010
2.752 8.08546e+011 899192 4.34003e+009 1.20364e+011 7.00142e+011 7.99333e+006 8.24855e+011 -1.63092e+010
2.755 8.02736e+011 895956 4.38952e+009 1.21914e+011 6.93949e+011 7.37503e+006 8.2026e+011 -1.75241e+010
2.759 8.92068e+011 944494 4.45616e+009 1.23984e+011 6.85674e+011 6.6212e+006 8.14121e+011 7.79479e+010
2.762 8.37926e+011 915383 4.50661e+009 1.25539e+011 6.79455e+011 6.10466e+006 8.09506e+011 2.84196e+010
2.765 8.41055e+011 917090 4.55748e+009 1.27095e+011 6.73226e+011 5.62667e+006 8.04885e+011 3.61702e+010
2.768 8.39959e+011 916493 4.60876e+009 1.28652e+011 6.66991e+011 5.18452e+006 8.00257e+011 3.9702e+010
2.771 8.58284e+011 926436 4.66046e+009 1.3021e+011 6.60748e+011 4.77565e+006 7.95623e+011 6.26606e+010
2.774 8.83402e+011 939895 4.71257e+009 1.31768e+011 6.545e+011 4.39766e+006 7.90986e+011 9.24163e+010
2.778 8.49082e+011 921457 4.7827e+009 1.33845e+011 6.46164e+011 3.93792e+006 7.84796e+011 6.42865e+010
2.781 8.4251e+011 917883 4.83579e+009 1.35402e+011 6.39909e+011 3.62364e+006 7.8015e+011 6.23593e+010
2.784 8.21429e+011 906327 4.8893e+009 1.36957e+011 6.33653e+011 3.33342e+006 7.75503e+011 4.59259e+010
2.787 8.92412e+011 944676 4.94322e+009 1.38511e+011 6.27397e+011 3.0655e+006 7.70854e+011 1.21558e+011
2.79 8.90201e+011 943505 4.99757e+009 1.40062e+011 6.21143e+011 2.81824e+006 7.66205e+011 1.23996e+011
2.794 8.83383e+011 939884 5.07069e+009 1.42126e+011 6.12808e+011 2.51811e+006 7.60007e+011 1.23376e+011
2.797 8.90285e+011 943549 5.12602e+009 1.43671e+011 6.06561e+011 2.31334e+006 7.5536e+011 1.34925e+011
2.8 9.17034e+011 957619 5.18177e+009 1.45211e+011 6.0032e+011 2.12457e+006 7.50715e+011 1.66319e+011
2.803 9.50126e+011 974744 5.23795e+009 1.46747e+011 5.94085e+011 1.95061e+006 7.46072e+011 2.04055e+011
2.807 8.95055e+011 946073 5.31352e+009 1.48788e+011 5.85783e+011 1.73978e+006 7.39887e+011 1.55168e+011
2.81 8.49919e+011 921911 5.37069e+009 1.50312e+011 5.79568e+011 1.59617e+006 7.35252e+011 1.14667e+011
2.813 8.42757e+011 918018 5.42829e+009 1.51831e+011 5.73363e+011 1.46398e+006 7.30623e+011 1.12134e+011
2.816 8.20841e+011 906003 5.48632e+009 1.53343e+011 5.67169e+011 1.34231e+006 7.25999e+011 9.48422e+010
2.82 8.37268e+011 915024 5.56435e+009 1.55348e+011 5.58929e+011 1.1951e+006 7.19843e+011 1.17426e+011
2.823 8.47686e+011 920699 5.62337e+009 1.56843e+011 5.52766e+011 1.095e+006 7.15233e+011 1.32453e+011
2.826 8.26312e+011 909017 5.68282e+009 1.5833e+011 5.46617e+011 1.00297e+006 7.10631e+011 1.15682e+011
2.83 8.68369e+011 931863 5.76276e+009 1.60299e+011 5.38444e+011 891755 7.04506e+011 1.63863e+011
2.833 8.44834e+011 919149 5.82321e+009 1.61765e+011 5.32333e+011 816221 6.99923e+011 1.44912e+011
2.836 8.17535e+011 904177 5.88409e+009 1.63222e+011 5.26241e+011 746856 6.95348e+011 1.22188e+011
2.84 8.11859e+011 901032 5.96593e+009 1.65148e+011 5.18149e+011 663134 6.89263e+011 1.22597e+011
2.843 8.02414e+011 895776 6.02782e+009 1.66579e+011 5.12103e+011 606343 6.8471e+011 1.17704e+011
2.846 7.89851e+011 888735 6.09013e+009 1.68e+011 5.06078e+011 554246 6.80169e+011 1.09682e+011
2.85 7.95836e+011 892097 6.17388e+009 1.69875e+011 4.9808e+011 491443 6.74129e+011 1.21707e+011
2.853 8.03294e+011 896266 6.2372e+009 1.71267e+011 4.92109e+011 448895 6.69613e+011 1.3368e+011
2.856 7.31231e+011 855120 6.30095e+009 1.72646e+011 4.86162e+011 409905 6.65109e+011 6.61223e+010
2.86 6.88114e+011 829526 6.38662e+009 1.74463e+011 4.78272e+011 362961 6.59121e+011 2.89924e+010
2.863 7.2089e+011 849053 6.45137e+009 1.75809e+011 4.72385e+011 331198 6.54645e+011 6.62451e+010
2.867 7.15373e+011 845797 6.53837e+009 1.77581e+011 4.64578e+011 292987 6.48697e+011 6.66758e+010
2.87 7.41142e+011 860896 6.60412e+009 1.78892e+011 4.58755e+011 267155 6.44252e+011 9.68907e+010
2.874 7.89691e+011 888645 6.69246e+009 1.80615e+011 4.51037e+011 236107 6.38345e+011 1.51346e+011
2.877 7.881e+011 887750 6.75921e+009 1.81889e+011 4.45283e+011 215136 6.33931e+011 1.54169e+011
2.88 7.55768e+011 869349 6.8264e+009 1.83145e+011 4.3956e+011 195967 6.29532e+011 1.26236e+011
2.884 7.04505e+011 839348 6.91664e+009 1.84793e+011 4.31978e+011 172955 6.23688e+011 8.08176e+010
2.887 7.08368e+011 841646 6.98482e+009 1.86008e+011 4.26329e+011 157432 6.19322e+011 8.90459e+010
2.891 6.96496e+011 834564 7.07639e+009 1.87598e+011 4.18849e+011 138812 6.13524e+011 8.29729e+010
2.894 7.05678e+011 840047 7.14556e+009 1.88769e+011 4.13278e+011 126263 6.09192e+011 9.64858e+010
2.898 6.46108e+011 803808 7.23846e+009 1.903e+011 4.05903e+011 111223 6.03441e+011 4.26661e+010
2.901 6.36284e+011 797674 7.30862e+009 1.91424e+011 4.00414e+011 101095 5.99146e+011 3.7138e+010
2.905 6.02565e+011 776251 7.40283e+009 1.92891e+011 3.9315e+011 88968.3 5.93443e+011 9.12142e+009
2.908 6.0678e+011 778961 7.47399e+009 1.93966e+011 3.87745e+011 80808.7 5.89185e+011 1.75953e+010
2.912 6.36822e+011 798011 7.56951e+009 1.95366e+011 3.80596e+011 71047.3 5.83531e+011 5.32908e+010
2.915 5.90357e+011 768347 7.64164e+009 1.9639e+011 3.75278e+011 64485.1 5.7931e+011 1.10476e+010
2.919 5.95672e+011 771798 7.73847e+009 1.97721e+011 3.68247e+011 56641.3 5.73706e+011 2.19659e+010
2.922 6.14783e+011 784081 7.81158e+009 1.98691e+011 3.6302e+011 51372.7 5.69523e+011 4.52607e+010
2.926 5.86819e+011 766041 7.90971e+009 1.99949e+011 3.56111e+011 45080.7 5.6397e+011 2.28497e+010
2.929 6.25791e+011 791069 7.98379e+009 2.00864e+011 3.50976e+011 40858.2 5.59824e+011 6.59667e+010
2.933 6.19625e+011 787163 8.0832e+009 2.02046e+011 3.44192e+011 35819.7 5.54322e+011 6.53031e+010
2.937 6.14087e+011 783637 8.18335e+009 2.03184e+011 3.37481e+011 31385.3 5.48849e+011 6.52381e+010
2.94 5.86092e+011 765566 8.25894e+009 2.04008e+011 3.32497e+011 28413.5 5.44764e+011 4.1328e+010
2.944 5.60382e+011 748587 8.36035e+009 2.05067e+011 3.25915e+011 24872.2 5.39342e+011 2.104e+010
2.947 5.61653e+011 749435 8.43689e+009 2.0583e+011 3.21028e+011 22500.9 5.35295e+011 2.63574e+010
2.951 5.45231e+011 738397 8.53957e+009 2.06807e+011 3.14579e+011 19677.7 5.29925e+011 1.53056e+010
2.955 5.271e+011 726016 8.64296e+009 2.07736e+011 3.08205e+011 17199.3 5.24584e+011 2.5158e+009
2.958 5.35447e+011 731742 8.72098e+009 2.08401e+011 3.03476e+011 15542 5.20597e+011 1.48493e+010
2.962 5.22311e+011 722711 8.82561e+009 2.09244e+011 2.97237e+011 13571.5 5.15307e+011 7.00342e+009
2.965 5.27993e+011 726631 8.90455e+009 2.09845e+011 2.9261e+011 12255 5.11359e+011 1.66339e+010
2.969 5.2641e+011 725541 9.01041e+009 2.10601e+011 2.86508e+011 10691 5.0612e+011 2.02902e+010
2.973 5.1476e+011 717468 9.11697e+009 2.11307e+011 2.80485e+011 9321.51 5.00909e+011 1.38502e+010
2.977 4.99484e+011 706742 9.22421e+009 2.11962e+011 2.74541e+011 8123.01 4.95728e+011 3.75586e+009
2.98 5.04389e+011 710203 9.3051e+009 2.1242e+011 2.70136e+011 7323.75 4.91861e+011 1.25281e+010
2.984 5.10458e+011 714464 9.41354e+009 2.12984e+011 2.64331e+011 6376 4.86729e+011 2.37293e+010
2.988 5.26364e+011 725509 9.52265e+009 2.13496e+011 2.58607e+011 5547.86 4.81626e+011 4.47377e+010
2.991 4.96479e+011 704613 9.60493e+009 2.13846e+011 2.54366e+011 4996.35 4.77817e+011 1.86621e+010
2.995 5.10522e+011 714508 9.71521e+009 2.14266e+011 2.48782e+011 4343.25 4.72763e+011 3.77591e+010
2.999 4.72202e+011 687170 9.82615e+009 2.14632e+011 2.43279e+011 3773.45 4.67737e+011 4.46527e+009
3.003 4.72985e+011 687739 9.93774e+009 2.14945e+011 2.37856e+011 3276.61 4.62738e+011 1.02468e+010
3.006 4.62238e+011 679881 1.00219e+010 2.15144e+011 2.33842e+011 2946.35 4.59008e+011 3.23061e+009
3.01 4.7777e+011 691209 1.01346e+010 2.15362e+011 2.2856e+011 2555.97 4.54057e+011 2.37128e+010
3.014 4.78795e+011 691950 1.02479e+010 2.15527e+011 2.23359e+011 2216.1 4.49134e+011 2.96612e+010
3.018 4.7718e+011 690782 1.03619e+010 2.15637e+011 2.18239e+011 1920.37 4.44238e+011 3.29421e+010
3.021 4.61663e+011 679458 1.04478e+010 2.15684e+011 2.14452e+011 1724.15 4.40583e+011 2.10798e+010
3.025 4.51435e+011 671889 1.05628e+010 2.15699e+011 2.09472e+011 1492.65 4.35734e+011 1.5701e+010
3.029 4.35517e+011 659937 1.06785e+010 2.15659e+011 2.04573e+011 1291.52 4.30911e+011 4.6066e+009
3.033 4.07446e+011 638315 1.07948e+010 2.15565e+011 1.99754e+011 1116.88 4.26114e+011 -1.86683e+010
3.037 4.37537e+011 661466 1.09116e+010 2.15417e+011 1.95015e+011 965.324 4.21344e+011 1.61932e+010
3.041 4.3327e+011 658232 1.10291e+010 2.15215e+011 1.90355e+011 833.88 4.16599e+011 1.66705e+010
3.044 4.50923e+011 671508 1.11175e+010 2.15028e+011 1.86912e+011 746.914 4.13058e+011 3.78656e+010
3.048 4.41604e+011 664533 1.1236e+010 2.14731e+011 1.82391e+011 644.593 4.08358e+011 3.32461e+010
3.052 4.37028e+011 661081 1.13549e+010 2.14381e+011 1.77948e+011 555.985 4.03684e+011 3.33442e+010
3.056 4.27152e+011 653569 1.14745e+010 2.13977e+011 1.73583e+011 479.295 3.99035e+011 2.81169e+010
3.06 4.23076e+011 650443 1.15946e+010 2.13521e+011 1.69296e+011 412.958 3.94412e+011 2.86644e+010
3.064 4.12214e+011 642039 1.17152e+010 2.13011e+011 1.65087e+011 355.607 3.89813e+011 2.24008e+010
3.068 4.05102e+011 636476 1.18363e+010 2.12449e+011 1.60954e+011 306.054 3.8524e+011 1.98615e+010
3.072 3.7328e+011 610967 1.1958e+010 2.11836e+011 1.56898e+011 263.262 3.80692e+011 -7.41133e+009
3.076 3.69751e+011 608071 1.20801e+010 2.1117e+011 1.52918e+011 226.329 3.76168e+011 -6.41717e+009
3.079 3.74055e+011 611601 1.21721e+010 2.10638e+011 1.49982e+011 201.999 3.72792e+011 1.26368e+009
3.083 3.62199e+011 601829 1.22951e+010 2.09884e+011 1.46132e+011 173.495 3.68311e+011 -6.11253e+009
3.087 3.65328e+011 604424 1.24186e+010 2.0908e+011 1.42357e+011 148.931 3.63855e+011 1.47242e+009
3.091 3.58581e+011 598817 1.25425e+010 2.08226e+011 1.38656e+011 127.775 3.59424e+011 -8.42879e+008
3.095 3.82965e+011 618841 1.26669e+010 2.07324e+011 1.35027e+011 109.565 3.55018e+011 2.7947e+010
3.099 4.01318e+011 633497 1.27918e+010 2.06373e+011 1.31471e+011 93.8985 3.50636e+011 5.06823e+010
3.103 3.91791e+011 625932 1.29171e+010 2.05375e+011 1.27986e+011 80.4282 3.46278e+011 4.55124e+010
3.107 3.96068e+011 629339 1.30428e+010 2.04331e+011 1.24572e+011 68.8526 3.41945e+011 5.41227e+010
3.111 3.74186e+011 611707 1.31689e+010 2.0324e+011 1.21228e+011 58.9108 3.37637e+011 3.65489e+010
3.115 3.515e+011 592874 1.32954e+010 2.02104e+011 1.17953e+011 50.3769 3.33353e+011 1.81469e+010
3.12 3.32251e+011 576412 1.34541e+010 2.00622e+011 1.13957e+011 41.3946 3.28033e+011 4.21778e+009
3.124 3.35845e+011 579521 1.35814e+010 1.99388e+011 1.10835e+011 35.3547 3.23805e+011 1.20397e+010
3.128 3.14394e+011 560709 1.37091e+010 1.98112e+011 1.07781e+011 30.1795 3.19602e+011 -5.20754e+009
3.132 3.13535e+011 559942 1.38372e+010 1.96794e+011 1.04793e+011 25.7478 3.15423e+011 -1.88795e+009
3.136 3.19055e+011 564849 1.39656e+010 1.95435e+011 1.0187e+011 21.9548 3.1127e+011 7.78474e+009
3.14 3.10269e+011 557018 1.40943e+010 1.94037e+011 9.90109e+010 18.7104 3.07142e+011 3.12677e+009
3.144 3.0619e+011 553344 1.42233e+010 1.926e+011 9.62158e+010 15.9367 3.03039e+011 3.15029e+009
3.148 3.19271e+011 565041 1.43526e+010 1.91126e+011 9.34835e+010 13.5667 2.98962e+011 2.03091e+010
3.152 3.02921e+011 550383 1.44822e+010 1.89615e+011 9.0813e+010 11.5429 2.9491e+011 8.01047e+009
3.156 3.02333e+011 549849 1.4612e+010 1.88069e+011 8.82036e+010 9.81563 2.90885e+011 1.14487e+010
3.161 2.76601e+011 525928 1.47747e+010 1.86088e+011 8.50264e+010 8.00917 2.85889e+011 -9.28845e+009
3.165 2.71856e+011 521398 1.49051e+010 1.84466e+011 8.25511e+010 6.80231 2.81922e+011 -1.00662e+010
3.169 2.96315e+011 544348 1.50357e+010 1.82812e+011 8.0134e+010 5.77414 2.77981e+011 1.83337e+010
3.173 2.73211e+011 522696 1.51666e+010 1.81127e+011 7.77743e+010 4.8987 2.74068e+011 -8.56388e+008
3.177 2.7125e+011 520816 1.52976e+010 1.79412e+011 7.5471e+010 4.15371 2.70181e+011 1.06904e+009
3.182 2.59407e+011 509320 1.54616e+010 1.77229e+011 7.26699e+010 3.37713 2.6536e+011 -5.95366e+009
3.186 2.60048e+011 509949 1.5593e+010 1.75451e+011 7.04904e+010 2.86002 2.61535e+011 -1.48658e+009
3.19 2.62459e+011 512307 1.57245e+010 1.73648e+011 6.83644e+010 2.42077 2.57737e+011 4.72183e+009
3.194 2.57396e+011 507342 1.58562e+010 1.7182e+011 6.62911e+010 2.04786 2.53967e+011 3.42861e+009
3.199 2.32116e+011 481784 1.6021e+010 1.69502e+011 6.37721e+010 1.66016 2.49295e+011 -1.71789e+010
3.203 2.38615e+011 488482 1.61529e+010 1.67622e+011 6.1814e+010 1.40269 2.45589e+011 -6.97423e+009
3.207 2.35004e+011 484772 1.62848e+010 1.65722e+011 5.99056e+010 1.1845 2.41912e+011 -6.9081e+009
3.211 2.21868e+011 471029 1.64169e+010 1.63801e+011 5.80462e+010 0.999709 2.38264e+011 -1.63961e+010
3.216 2.18176e+011 467093 1.6582e+010 1.61375e+011 5.57892e+010 0.808093 2.33746e+011 -1.55704e+010
3.22 2.13099e+011 461626 1.67141e+010 1.59415e+011 5.40365e+010 0.681183 2.30165e+011 -1.70668e+010
3.224 2.2228e+011 471466 1.68463e+010 1.57438e+011 5.23298e+010 0.573891 2.26615e+011 -4.33454e+009
3.229 2.00321e+011 447573 1.70115e+010 1.54948e+011 5.02598e+010 0.462863 2.22219e+011 -2.18978e+010
3.233 1.95306e+011 441935 1.71436e+010 1.5294e+011 4.86535e+010 0.389479 2.18737e+011 -2.34308e+010
3.238 2.0422e+011 451907 1.73086e+010 1.50414e+011 4.67062e+010 0.313645 2.14428e+011 -1.02087e+010
3.242 1.87946e+011 433527 1.74406e+010 1.48381e+011 4.51959e+010 0.263594 2.11017e+011 -2.30711e+010
3.246 1.7732e+011 421094 1.75725e+010 1.46338e+011 4.37268e+010 0.221409 2.07637e+011 -3.03174e+010
3.251 1.87481e+011 432991 1.77373e+010 1.43773e+011 4.19472e+010 0.177904 2.03458e+011 -1.59765e+010
3.255 2.00935e+011 448258 1.78689e+010 1.41714e+011 4.0568e+010 0.149248 2.00151e+011 7.84382e+008
3.26 1.88405e+011 434056 1.80333e+010 1.39131e+011 3.88981e+010 0.119738 1.96063e+011 -7.65821e+009
3.264 1.85574e+011 430783 1.81646e+010 1.37061e+011 3.76044e+010 0.100328 1.9283e+011 -7.25584e+009
3.268 1.76336e+011 419924 1.82958e+010 1.34987e+011 3.63475e+010 0.0840186 1.8963e+011 -1.32937e+010
3.273 1.68777e+011 410825 1.84594e+010 1.32391e+011 3.48269e+010 0.0672563 1.85678e+011 -1.69005e+010
3.277 1.76105e+011 419649 1.85901e+010 1.30314e+011 3.36497e+010 0.0562538 1.82554e+011 -6.44892e+009
3.282 1.64154e+011 405159 1.87532e+010 1.27718e+011 3.22263e+010 0.0449615 1.78697e+011 -1.45436e+010
3.286 1.57403e+011 396741 1.88833e+010 1.25642e+011 3.11249e+010 0.03756 1.75651e+011 -1.82476e+010
3.291 1.56276e+011 395318 1.90456e+010 1.23052e+011 2.97938e+010 0.0299742 1.71891e+011 -1.56154e+010
3.295 1.57076e+011 396328 1.91751e+010 1.20984e+011 2.87644e+010 0.0250091 1.68923e+011 -1.18478e+010
3.3 1.59085e+011 398855 1.93366e+010 1.18406e+011 2.75208e+010 0.0199274 1.65263e+011 -6.17792e+009
3.305 1.58149e+011 397679 1.94975e+010 1.15837e+011 2.63238e+010 0.0158648 1.61658e+011 -3.50911e+009
3.309 1.57191e+011 396473 1.96258e+010 1.13789e+011 2.5399e+010 0.0132115 1.58814e+011 -1.62307e+009
3.314 1.51252e+011 388911 1.97857e+010 1.11241e+011 2.42825e+010 0.0105019 1.5531e+011 -4.05787e+009
3.318 1.39308e+011 373240 1.99131e+010 1.09213e+011 2.34202e+010 0.00873477 1.52547e+011 -1.3239e+010
3.323 1.40916e+011 375388 2.00719e+010 1.06692e+011 2.23799e+010 0.00693263 1.49144e+011 -8.22762e+009
3.328 1.37067e+011 370226 2.02299e+010 1.04188e+011 2.13799e+010 0.00549761 1.45798e+011 -8.73132e+009
3.332 1.33281e+011 365077 2.03558e+010 1.02199e+011 2.06083e+010 0.0045638 1.43163e+011 -9.88137e+009
3.337 1.35045e+011 367484 2.05125e+010 9.97296e+010 1.96779e+010 0.00361355 1.3992e+011 -4.87543e+009
3.342 1.23815e+011 351874 2.06684e+010 9.72818e+010 1.87845e+010 0.00285872 1.36735e+011 -1.29197e+010
3.346 1.28373e+011 358292 2.07926e+010 9.53398e+010 1.80956e+010 0.00236861 1.34228e+011 -5.85498e+009
3.351 1.29186e+011 359425 2.0947e+010 9.29337e+010 1.72656e+010 0.00187095 1.31146e+011 -1.95986e+009
3.356 1.20198e+011 346696 2.11005e+010 9.05528e+010 1.64692e+010 0.00147659 1.28122e+011 -7.92462e+009
3.36 1.11894e+011 334506 2.12226e+010 8.86668e+010 1.58556e+010 0.0012211 1.25745e+011 -1.3851e+010
3.365 1.09019e+011 330180 2.13744e+010 8.63339e+010 1.51169e+010 0.000962233 1.22825e+011 -1.38061e+010
3.37 1.116e+011 334065 2.15252e+010 8.40293e+010 1.44088e+010 0.000757598 1.19963e+011 -8.3637e+009
3.375 1.138e+011 337343 2.1675e+010 8.17539e+010 1.37301e+010 0.000595972 1.17159e+011 -3.35873e+009
3.379 1.05809e+011 325283 2.17941e+010 7.99554e+010 1.32077e+010 0.000491574 1.14957e+011 -9.14833e+009
3.384 1.08556e+011 329478 2.19419e+010 7.77353e+010 1.25795e+010 0.000386108 1.12257e+011 -3.70057e+009
3.389 1.06255e+011 325968 2.20886e+010 7.5547e+010 1.19779e+010 0.00030301 1.09613e+011 -3.35837e+009
3.394 1.02236e+011 319744 2.22341e+010 7.33914e+010 1.1402e+010 0.000237593 1.07027e+011 -4.79152e+009
3.399 1.01609e+011 318762 2.23784e+010 7.12692e+010 1.08509e+010 0.00018614 1.04498e+011 -2.88931e+009
3.403 1.00101e+011 316388 2.2493e+010 6.9596e+010 1.04272e+010 0.000153031 1.02516e+011 -2.41505e+009
3.408 9.54193e+010 308900 2.26351e+010 6.75356e+010 9.91832e+009 0.000119706 1.00089e+011 -4.66971e+009
3.413 9.53293e+010 308754 2.27758e+010 6.55105e+010 9.43177e+009 9.35588e-005 9.77181e+010 -2.38877e+009
3.418 9.25637e+010 304243 2.29153e+010 6.3521e+010 8.96666e+009 7.30602e-005 9.54029e+010 -2.83919e+009
3.423 9.17386e+010 302884 2.30533e+010 6.15677e+010 8.52218e+009 5.70041e-005 9.31432e+010 -1.40457e+009
3.428 8.22673e+010 286823 2.31899e+010 5.9651e+010 8.09755e+009 4.44386e-005 9.09385e+010 -8.67121e+009
3.433 7.9423e+010 281821 2.33251e+010 5.77711e+010 7.692e+009 3.46133e-005 8.87883e+010 -9.36529e+009
3.438 8.00838e+010 282991 2.34589e+010 5.59285e+010 7.30479e+009 2.69374e-005 8.66922e+010 -6.60834e+009
3.443 7.83405e+010 279894 2.35911e+010 5.41233e+010 6.93519e+009 2.09458e-005 8.46496e+010 -6.30909e+009
3.448 7.86257e+010 280403 2.37217e+010 5.23558e+010 6.58252e+009 1.62729e-005 8.266e+010 -4.03427e+009
3.453 7.45069e+010 272959 2.38508e+010 5.0626e+010 6.2461e+009 1.26318e-005 8.07229e+010 -6.21599e+009
3.458 7.05938e+010 265695 2.39782e+010 4.89341e+010 5.92527e+009 9.79698e-006 7.88376e+010 -8.24377e+009
3.463 6.80957e+010 260951 2.4104e+010 4.72801e+010 5.6194e+009 7.59187e-006 7.70035e+010 -8.90785e+009
3.468 7.47644e+010 273431 2.42282e+010 4.5664e+010 5.32788e+009 5.87806e-006 7.52201e+010 -4.55634e+008
3.473 6.77155e+010 260222 2.43506e+010 4.40858e+010 5.05011e+009 4.54725e-006 7.34865e+010 -5.77098e+009
3.478 6.73468e+010 259513 2.44712e+010 4.25454e+010 4.78554e+009 3.51473e-006 7.18021e+010 -4.45534e+009
3.483 6.91574e+010 262978 2.45901e+010 4.10426e+010 4.5336e+009 2.71434e-006 7.01663e+010 -1.00891e+009
3.488 6.64054e+010 257693 2.47072e+010 3.95773e+010 4.29377e+009 2.09443e-006 6.85783e+010 -2.17282e+009
3.493 6.10346e+010 247052 2.48224e+010 3.81493e+010 4.06553e+009 1.61471e-006 6.70372e+010 -6.0026e+009
3.498 6.05821e+010 246134 2.49358e+010 3.67583e+010 3.84837e+009 1.24381e-006 6.55425e+010 -4.96034e+009
3.503 6.1765e+010 248526 2.50472e+010 3.54041e+010 3.64184e+009 9.57288e-007 6.40932e+010 -2.32817e+009
3.508 5.89983e+010 242896 2.51568e+010 3.40863e+010 3.44546e+009 7.36139e-007 6.26886e+010 -3.69022e+009
3.514 5.93907e+010 243702 2.52856e+010 3.25527e+010 3.22257e+009 5.36501e-007 6.10609e+010 -1.67013e+009
3.519 5.60098e+010 236664 2.53908e+010 3.13139e+010 3.04699e+009 4.11785e-007 5.97517e+010 -3.74186e+009
3.524 5.61272e+010 236912 2.54939e+010 3.01104e+010 2.88019e+009 3.15791e-007 5.84845e+010 -2.35729e+009
3.529 5.52075e+010 234963 2.5595e+010 2.89418e+010 2.72179e+009 2.41968e-007 5.72586e+010 -2.05106e+009
3.534 4.93273e+010 222097 2.5694e+010 2.78075e+010 2.57141e+009 1.85245e-007 5.60729e+010 -6.74568e+009
3.54 5.00997e+010 223830 2.581e+010 2.64912e+010 2.40102e+009 1.34289e-007 5.47022e+010 -4.60255e+009
3.545 5.25311e+010 229197 2.59043e+010 2.54309e+010 2.26701e+009 1.02615e-007 5.36023e+010 -1.0712e+009
3.55 4.95675e+010 222638 2.59965e+010 2.44035e+010 2.1399e+009 7.83451e-008 5.25399e+010 -2.97238e+009
3.556 4.62243e+010 214998 2.61042e+010 2.32131e+010 1.99603e+009 5.66085e-008 5.13133e+010 -5.08904e+009
3.561 4.84436e+010 220099 2.61915e+010 2.2256e+010 1.883e+009 4.31385e-008 5.03305e+010 -1.88686e+009
3.566 4.81723e+010 219482 2.62765e+010 2.13299e+010 1.77589e+009 3.28457e-008 4.93823e+010 -1.21008e+009
3.572 4.90863e+010 221554 2.63756e+010 2.02588e+010 1.65477e+009 2.3655e-008 4.82892e+010 7.97101e+008
3.577 4.88309e+010 220977 2.64556e+010 1.9399e+010 1.55972e+009 1.79771e-008 4.74143e+010 1.41653e+009
3.582 4.57331e+010 213853 2.65333e+010 1.85684e+010 1.46972e+009 1.36504e-008 4.65714e+010 -8.38335e+008
3.588 4.77719e+010 218568 2.66234e+010 1.76093e+010 1.36807e+009 9.79861e-009 4.56008e+010 2.1711e+009
3.593 4.50586e+010 212270 2.66959e+010 1.68407e+010 1.28837e+009 7.42631e-009 4.4825e+010 2.33571e+008
3.599 4.58817e+010 214200 2.67798e+010 1.59543e+010 1.19841e+009 5.3188e-009 4.39325e+010 1.94927e+009
3.604 4.49247e+010 211955 2.6847e+010 1.52447e+010 1.12792e+009 4.02352e-009 4.32197e+010 1.70508e+009
3.609 4.09664e+010 202402 2.69118e+010 1.4561e+010 1.06129e+009 3.04108e-009 4.25341e+010 -1.56763e+009
3.615 4.02334e+010 200583 2.69863e+010 1.37737e+010 9.86158e+008 2.17092e-009 4.17462e+010 -1.51271e+009
3.62 4.28235e+010 206938 2.70457e+010 1.31445e+010 9.27353e+008 1.63775e-009 4.11176e+010 1.70594e+009
3.626 3.94781e+010 198691 2.71137e+010 1.24209e+010 8.61089e+008 1.1665e-009 4.03956e+010 -9.1749e+008
3.631 4.04335e+010 201081 2.71676e+010 1.18432e+010 8.0926e+008 8.78359e-010 3.982e+010 6.13428e+008
3.637 3.8894e+010 197216 2.72289e+010 1.11796e+010 7.50899e+008 6.24207e-010 3.91594e+010 -2.65384e+008
3.643 3.98523e+010 199631 2.72866e+010 1.05471e+010 6.96476e+008 4.43048e-010 3.85302e+010 1.32217e+009
3.648 3.83211e+010 195758 2.73318e+010 1.00432e+010 6.53954e+008 3.32642e-010 3.80289e+010 2.92224e+008
3.654 3.92701e+010 198167 2.73827e+010 9.46517e+009 6.06125e+008 2.3557e-010 3.7454e+010 1.81607e+009
3.659 4.50368e+010 212219 2.74223e+010 9.0051e+009 5.68782e+008 1.76535e-010 3.69961e+010 8.04063e+009
3.665 4.26166e+010 206438 2.74663e+010 8.47802e+009 5.26806e+008 1.24736e-010 3.64711e+010 6.14545e+009
3.671 3.8949e+010 197355 2.75066e+010 7.97727e+009 4.87738e+008 8.80281e-011 3.59716e+010 2.97739e+009
3.676 3.62706e+010 190449 2.75373e+010 7.57936e+009 4.57268e+008 6.57764e-011 3.55739e+010 6.9669e+008
3.682 3.65019e+010 191055 2.75707e+010 7.12427e+009 4.23056e+008 4.63147e-011 3.5118e+010 1.38394e+009
3.688 3.51197e+010 187403 2.76002e+010 6.69271e+009 3.91251e+008 3.25712e-011 3.46842e+010 4.35519e+008
3.693 3.82954e+010 195692 2.7622e+010 6.35036e+009 3.66472e+008 2.42673e-011 3.43388e+010 3.95656e+009
3.699 3.51263e+010 187420 2.76445e+010 5.95948e+009 3.38679e+008 1.70277e-011 3.39427e+010 1.18363e+009
3.705 3.58255e+010 189276 2.76633e+010 5.58949e+009 3.12873e+008 1.19332e-011 3.35656e+010 2.25991e+009
3.711 3.49621e+010 186981 2.76782e+010 5.23949e+009 2.8892e+008 8.35261e-012 3.32066e+010 1.75551e+009
3.716 3.49146e+010 186854 2.76876e+010 4.96248e+009 2.70286e+008 6.19873e-012 3.29204e+010 1.99416e+009
3.722 3.53566e+010 188034 2.76955e+010 4.64691e+009 2.49416e+008 4.32901e-012 3.25918e+010 2.76482e+009
3.728 3.45149e+010 185782 2.76995e+010 4.34893e+009 2.30068e+008 3.01954e-012 3.22785e+010 2.23648e+009
3.734 3.71013e+010 192617 2.76996e+010 4.06776e+009 2.12138e+008 2.10358e-012 3.19795e+010 5.12182e+009
3.74 3.4954e+010 186960 2.76959e+010 3.80261e+009 1.95529e+008 1.46367e-012 3.1694e+010 3.26003e+009
3.746 3.6527e+010 191120 2.76883e+010 3.55273e+009 1.80151e+008 1.01716e-012 3.14212e+010 5.10588e+009
3.752 3.4933e+010 186904 2.76768e+010 3.31738e+009 1.65917e+008 7.06002e-013 3.11601e+010 3.77287e+009
3.758 3.47194e+010 186331 2.76616e+010 3.09587e+009 1.52749e+008 4.89425e-013 3.09102e+010 3.80918e+009
3.763 3.34737e+010 182958 2.76459e+010 2.92135e+009 1.42535e+008 3.60312e-013 3.07098e+010 2.76392e+009
3.769 3.38806e+010 184067 2.76236e+010 2.72345e+009 1.31129e+008 2.49218e-013 3.04782e+010 3.40239e+009
3.775 3.37899e+010 183820 2.75975e+010 2.53751e+009 1.20589e+008 1.72165e-013 3.02556e+010 3.53437e+009
3.781 3.74254e+010 193457 2.75675e+010 2.36293e+009 1.10853e+008 1.18789e-013 3.00413e+010 7.38415e+009
3.787 3.29818e+010 181609 2.75338e+010 2.19911e+009 1.01863e+008 8.18607e-014 2.98347e+010 3.14708e+009
3.793 3.69423e+010 192204 2.74962e+010 2.04549e+009 9.3566e+007 5.63428e-014 2.96353e+010 7.30704e+009
3.8 3.4014e+010 184429 2.74477e+010 1.87843e+009 8.46947e+007 3.63821e-014 2.94108e+010 4.6032e+009
3.806 3.4636e+010 186108 2.7402e+010 1.74506e+009 7.77305e+007 2.49743e-014 2.92248e+010 5.41123e+009
3.812 2.99692e+010 173116 2.73526e+010 1.62024e+009 7.13112e+007 1.71224e-014 2.90442e+010 9.2509e+008
3.818 3.01052e+010 173509 2.72995e+010 1.5035e+009 6.53966e+007 1.17247e-014 2.88684e+010 1.23684e+009
3.824 3.24382e+010 180106 2.72427e+010 1.39438e+009 5.99493e+007 8.01869e-015 2.8697e+010 3.74125e+009
3.83 3.18042e+010 178337 2.71822e+010 1.29244e+009 5.49343e+007 5.47737e-015 2.85296e+010 3.27461e+009
3.836 3.31915e+010 182185 2.71181e+010 1.19728e+009 5.03193e+007 3.73685e-015 2.83657e+010 4.82581e+009
3.843 3.10145e+010 176109 2.70387e+010 1.09429e+009 4.54005e+007 2.38829e-015 2.81784e+010 2.83614e+009
3.849 3.03049e+010 174083 2.69668e+010 1.01247e+009 4.15513e+007 1.62503e-015 2.80208e+010 2.28409e+009
3.855 3.02943e+010 174052 2.68913e+010 9.3624e+008 3.80138e+007 1.10434e-015 2.78656e+010 2.42867e+009
3.861 3.01577e+010 173660 2.68124e+010 8.65257e+008 3.47638e+007 7.4957e-016 2.77124e+010 2.44528e+009
3.868 2.70075e+010 164340 2.67158e+010 7.8865e+008 3.13063e+007 4.76206e-016 2.75358e+010 -5.28253e+008
3.874 2.80966e+010 167620 2.66293e+010 7.27961e+008 2.86057e+007 3.22363e-016 2.73859e+010 7.10686e+008
3.88 2.49772e+010 158042 2.65394e+010 6.71561e+008 2.61279e+007 2.17952e-016 2.72371e+010 -2.25984e+009
3.887 2.61178e+010 161610 2.64302e+010 6.10822e+008 2.34956e+007 1.37838e-016 2.70645e+010 -9.467e+008
3.893 2.35467e+010 153449 2.6333e+010 5.62806e+008 2.14423e+007 9.29452e-017 2.69173e+010 -3.37059e+009
3.899 2.33626e+010 152848 2.62326e+010 5.1827e+008 1.95609e+007 6.25965e-017 2.67704e+010 -3.40782e+009
3.906 2.45595e+010 156715 2.61112e+010 4.70408e+008 1.75649e+007 3.94081e-017 2.65992e+010 -2.0397e+009
3.912 2.28796e+010 151260 2.60038e+010 4.32651e+008 1.60102e+007 2.64698e-017 2.64524e+010 -3.57283e+009
3.919 2.61885e+010 161829 2.58744e+010 3.92134e+008 1.43624e+007 1.66125e-017 2.62809e+010 -9.23795e+007
3.925 2.44704e+010 156430 2.57601e+010 3.60217e+008 1.30801e+007 1.11287e-017 2.61334e+010 -1.66298e+009
3.932 2.63821e+010 162426 2.56229e+010 3.26015e+008 1.17223e+007 6.96268e-018 2.59607e+010 4.21407e+008
3.938 2.58746e+010 160856 2.55021e+010 2.99111e+008 1.06668e+007 4.65186e-018 2.58118e+010 6.27057e+007
3.945 2.1529e+010 146728 2.53573e+010 2.70323e+008 9.55009e+006 2.90141e-018 2.56372e+010 -4.10822e+009
3.951 2.23781e+010 149593 2.52301e+010 2.47711e+008 8.68282e+006 1.93331e-018 2.54865e+010 -3.10838e+009
3.958 2.07424e+010 144022 2.50781e+010 2.23549e+008 7.76621e+006 1.20208e-018 2.53094e+010 -4.56707e+009
3.964 2.23795e+010 149598 2.49448e+010 2.04598e+008 7.05499e+006 7.98856e-019 2.51564e+010 -2.77696e+009
3.971 2.00024e+010 141430 2.47858e+010 1.84377e+008 6.30402e+006 4.95165e-019 2.49764e+010 -4.974e+009
3.978 2.24169e+010 149723 2.46231e+010 1.66026e+008 5.63001e+006 3.06411e-019 2.47947e+010 -2.37783e+009
3.984 2.33306e+010 152744 2.44808e+010 1.51664e+008 5.10779e+006 2.02795e-019 2.46376e+010 -1.30698e+009
3.991 2.49763e+010 158039 2.43116e+010 1.36373e+008 4.55719e+006 1.25101e-019 2.44525e+010 5.23744e+008
3.998 2.47855e+010 157434 2.4139e+010 1.2253e+008 4.0638e+006 7.70437e-020 2.42656e+010 5.19969e+008
4.004 2.05295e+010 143281 2.39884e+010 1.11719e+008 3.68208e+006 5.07819e-020 2.41038e+010 -3.57431e+009
4.011 2.06872e+010 143830 2.38097e+010 1.00234e+008 3.2802e+006 3.1177e-020 2.39132e+010 -3.22602e+009
4.018 2.27386e+010 150793 2.36278e+010 8.98605e+007 2.92064e+006 1.91088e-020 2.37206e+010 -9.82007e+008
4.025 2.62836e+010 162122 2.34429e+010 8.04983e+007 2.59912e+006 1.16924e-020 2.3526e+010 2.75766e+009
4.032 2.06113e+010 143566 2.3255e+010 7.20558e+007 2.31176e+006 7.14245e-021 2.33294e+010 -2.71812e+009
4.038 2.46415e+010 156976 2.30917e+010 6.54876e+007 2.09e+006 4.67511e-021 2.31593e+010 1.48219e+009
4.045 1.86551e+010 136584 2.28986e+010 5.85354e+007 1.85711e+006 2.84698e-021 2.2959e+010 -4.30389e+009
4.052 2.14877e+010 146587 2.27028e+010 5.22809e+007 1.6493e+006 1.73081e-021 2.27567e+010 -1.26904e+009
4.059 2.37535e+010 154122 2.25044e+010 4.66587e+007 1.46396e+006 1.05048e-021 2.25525e+010 1.20097e+009
4.066 2.14301e+010 146390 2.23035e+010 4.16089e+007 1.29877e+006 6.36501e-022 2.23464e+010 -9.16387e+008
4.073 2.13219e+010 146020 2.21003e+010 3.7077e+007 1.1516e+006 3.8502e-022 2.21385e+010 -8.1663e+008
4.08 1.99528e+010 141254 2.18947e+010 3.30132e+007 1.02057e+006 2.32509e-022 2.19287e+010 -1.97591e+009
4.087 2.25966e+010 150322 2.16869e+010 2.93721e+007 903970 1.40174e-022 2.17172e+010 8.79348e+008
4.094 2.13674e+010 146176 2.14771e+010 2.61124e+007 800268 8.43665e-023 2.1504e+010 -1.36567e+008
4.101 2.41961e+010 155551 2.12652e+010 2.31966e+007 708087 5.06926e-023 2.12891e+010 2.90703e+009
4.108 2.15556e+010 146818 2.10515e+010 2.05905e+007 626193 3.04083e-023 2.10727e+010 4.8294e+008
4.116 2.17405e+010 147447 2.0805e+010 1.79516e+007 543779 1.69216e-023 2.08235e+010 9.17085e+008
4.123 2.19681e+010 148217 2.05875e+010 1.59084e+007 480343 1.01141e-023 2.06039e+010 1.36429e+009
4.13 2.16885e+010 147270 2.03684e+010 1.40869e+007 424083 6.03518e-024 2.03829e+010 1.30565e+009
4.137 2.25452e+010 150151 2.01478e+010 1.24643e+007 374213 3.59521e-024 2.01607e+010 2.38455e+009
4.144 2.00668e+010 141657 1.99259e+010 1.10201e+007 330034 2.13812e-024 1.99372e+010 1.29566e+008
4.152 1.93804e+010 139213 1.96706e+010 9.56422e+006 285707 1.17816e-024 1.96805e+010 -3.00118e+008
4.159 2.22489e+010 149161 1.94461e+010 8.44205e+006 251691 6.98158e-025 1.94547e+010 2.7942e+009
4.166 1.69861e+010 130331 1.92204e+010 7.4458e+006 221607 4.13023e-025 1.92281e+010 -2.24192e+009
4.173 1.5311e+010 123738 1.89937e+010 6.56204e+006 195016 2.43932e-025 1.90005e+010 -3.68947e+009
4.181 1.792e+010 133865 1.87336e+010 5.67436e+006 168401 1.33352e-025 1.87395e+010 -8.19517e+008
4.188 2.10497e+010 145085 1.85052e+010 4.9926e+006 148026 7.84754e-026 1.85104e+010 2.53929e+009
4.196 2.02022e+010 142134 1.82433e+010 4.30907e+006 127659 4.27251e-026 1.82478e+010 1.95441e+009
4.203 1.7038e+010 130530 1.80136e+010 3.78507e+006 112086 2.5053e-026 1.80175e+010 -9.7946e+008
4.211 1.34657e+010 116042 1.77504e+010 3.26069e+006 96538.2 1.3584e-026 1.77538e+010 -4.28805e+009
4.218 1.64797e+010 128373 1.75198e+010 2.85944e+006 84665.7 7.93681e-027 1.75227e+010 -1.04301e+009
4.226 1.64926e+010 128424 1.72558e+010 2.45865e+006 72827 4.28581e-027 1.72583e+010 -7.65711e+008
4.233 1.58482e+010 125889 1.70247e+010 2.15253e+006 63798.2 2.49513e-027 1.70269e+010 -1.17872e+009
4.241 1.7203e+010 131160 1.67604e+010 1.84732e+006 54806.3 1.34183e-027 1.67623e+010 4.40696e+008
4.248 1.57582e+010 125532 1.65292e+010 1.61465e+006 47957.2 7.78395e-028 1.65308e+010 -7.72647e+008
4.256 1.67958e+010 129599 1.6265e+010 1.38309e+006 41144.6 4.16893e-028 1.62665e+010 5.29344e+008
4.264 1.63551e+010 127887 1.60012e+010 1.18354e+006 35275.3 2.22792e-028 1.60024e+010 3.52702e+008
4.271 1.63778e+010 127976 1.57706e+010 1.03185e+006 30813.3 1.28532e-028 1.57717e+010 6.06133e+008
4.279 1.6596e+010 128826 1.55076e+010 881310 26383.6 6.84076e-029 1.55085e+010 1.08756e+009
4.287 1.45157e+010 120481 1.52451e+010 751975 22575.1 3.63286e-029 1.52459e+010 -7.30176e+008
4.294 1.72505e+010 131341 1.50161e+010 653935 19685.3 2.08435e-029 1.50168e+010 2.23368e+009
4.302 1.32194e+010 114976 1.47552e+010 556914 16821.8 1.10238e-029 1.47557e+010 -1.53633e+009
4.31 1.46466e+010 121023 1.44952e+010 473809 14365 5.81762e-030 1.44956e+010 1.50987e+008
4.318 1.33282e+010 115448 1.42362e+010 402699 12258.5 3.06343e-030 1.42366e+010 -9.08465e+008
4.326 1.56522e+010 125109 1.39784e+010 341917 10453.7 1.60961e-030 1.39788e+010 1.67338e+009
4.334 1.45394e+010 120579 1.37219e+010 290016 8908.4 8.43886e-031 1.37222e+010 8.17177e+008
4.342 1.62289e+010 127393 1.34668e+010 245745 7586.3 4.41465e-031 1.3467e+010 2.76192e+009
4.35 1.60303e+010 126611 1.32131e+010 208023 6455.96 2.30441e-031 1.32133e+010 2.817e+009
4.358 1.4339e+010 119746 1.2961e+010 175913 5490.23 1.20025e-031 1.29612e+010 1.3778e+009
4.366 1.42154e+010 119228 1.27106e+010 148610 4665.74 6.23786e-032 1.27107e+010 1.50461e+009
4.374 1.26044e+010 112270 1.24619e+010 125418 3962.32 3.23481e-032 1.2462e+010 1.42397e+008
4.382 1.33547e+010 115562 1.22151e+010 105738 3362.63 1.67383e-032 1.22152e+010 1.13946e+009
4.39 1.50092e+010 122512 1.19702e+010 89056.9 2851.73 8.64221e-033 1.19703e+010 3.03896e+009
4.398 1.33525e+010 115553 1.17273e+010 74931.6 2416.78 4.45234e-033 1.17274e+010 1.6251e+009
4.406 1.4288e+010 119533 1.14865e+010 62983.2 2046.75 2.28877e-033 1.14865e+010 2.8015e+009
4.414 1.43676e+010 119865 1.12478e+010 52886.6 1732.18 1.17399e-033 1.12479e+010 3.11967e+009
4.423 1.50034e+010 122488 1.0982e+010 43396.9 1434.51 5.52523e-034 1.09821e+010 4.02133e+009
