1.772 2.23304e+011 472550 5.93453e+010 1.82171e+011 677682 2.05129e+006 2.41519e+011 -1.82153e+010
1.773 2.22996e+011 472225 5.97922e+010 1.83204e+011 691241 2.07081e+006 2.42999e+011 -2.00025e+010
1.774 2.24592e+011 473912 6.02417e+010 1.84238e+011 705061 2.09051e+006 2.44483e+011 -1.98902e+010
1.775 2.23095e+011 472329 6.0694e+010 1.85273e+011 719146 2.11038e+006 2.4597e+011 -2.28754e+010
1.777 2.28718e+011 478245 6.16069e+010 1.87347e+011 748131 2.15067e+006 2.48957e+011 -2.02384e+010
1.778 2.34799e+011 484561 6.20675e+010 1.88385e+011 763040 2.17109e+006 2.50455e+011 -1.56561e+010
1.779 2.34711e+011 484470 6.25309e+010 1.89424e+011 778235 2.19169e+006 2.51958e+011 -1.72468e+010
1.78 2.38876e+011 488749 6.2997e+010 1.90464e+011 793719 2.21247e+006 2.53464e+011 -1.45886e+010
1.781 2.40197e+011 490099 6.3466e+010 1.91505e+011 809499 2.23344e+006 2.54974e+011 -1.47777e+010
1.783 2.45047e+011 495022 6.44124e+010 1.93589e+011 841966 2.27595e+006 2.58005e+011 -1.29575e+010
1.784 2.43766e+011 493727 6.48898e+010 1.94632e+011 858664 2.29749e+006 2.59525e+011 -1.57592e+010
1.785 2.48597e+011 498595 6.53701e+010 1.95676e+011 875680 2.31922e+006 2.61049e+011 -1.24525e+010
1.786 2.52746e+011 502739 6.58533e+010 1.9672e+011 893019 2.34115e+006 2.62577e+011 -9.83074e+009
1.788 2.55018e+011 504993 6.68282e+010 1.9881e+011 928689 2.38559e+006 2.65642e+011 -1.06238e+010
1.789 2.60068e+011 509968 6.732e+010 1.99856e+011 947033 2.40811e+006 2.6718e+011 -7.11165e+009
1.79 2.7382e+011 523278 6.78147e+010 2.00902e+011 965724 2.43083e+006 2.6872e+011 5.09959e+009
1.791 2.82363e+011 531379 6.83123e+010 2.01949e+011 984768 2.45376e+006 2.70264e+011 1.20988e+010
1.793 2.79197e+011 528391 6.93162e+010 2.04042e+011 1.02394e+006 2.50022e+006 2.73362e+011 5.83471e+009
1.794 2.78678e+011 527899 6.98226e+010 2.0509e+011 1.04409e+006 2.52376e+006 2.74916e+011 3.76215e+009
1.795 2.85081e+011 533930 7.0332e+010 2.06137e+011 1.06461e+006 2.54751e+006 2.76472e+011 8.60843e+009
1.796 2.792e+011 528393 7.08443e+010 2.07184e+011 1.08552e+006 2.57147e+006 2.78032e+011 1.16753e+009
1.798 2.84105e+011 533015 7.18779e+010 2.09279e+011 1.12852e+006 2.62003e+006 2.8116e+011 2.94516e+009
1.799 2.877e+011 536377 7.23992e+010 2.10326e+011 1.15063e+006 2.64464e+006 2.82729e+011 4.97098e+009
1.8 3.0296e+011 550418 7.29235e+010 2.11373e+011 1.17316e+006 2.66946e+006 2.843e+011 1.86603e+010
1.801 2.92921e+011 541222 7.34508e+010 2.1242e+011 1.1961e+006 2.6945e+006 2.85874e+011 7.04702e+009
1.803 2.822e+011 531225 7.45145e+010 2.14513e+011 1.24329e+006 2.74526e+006 2.89031e+011 -6.83137e+009
1.804 2.97824e+011 545732 7.50509e+010 2.15558e+011 1.26755e+006 2.77097e+006 2.90613e+011 7.21015e+009
1.805 2.99566e+011 547326 7.55904e+010 2.16604e+011 1.29226e+006 2.79692e+006 2.92198e+011 7.36755e+009
1.807 3.11511e+011 558132 7.66786e+010 2.18693e+011 1.34308e+006 2.84949e+006 2.95376e+011 1.61347e+010
1.808 3.17194e+011 563200 7.72274e+010 2.19737e+011 1.3692e+006 2.87613e+006 2.96969e+011 2.02253e+010
1.809 3.19173e+011 564954 7.77792e+010 2.2078e+011 1.3958e+006 2.903e+006 2.98564e+011 2.06086e+010
1.81 3.04591e+011 551898 7.83342e+010 2.21823e+011 1.4229e+006 2.93011e+006 3.00161e+011 4.43001e+009
1.812 3.06812e+011 553906 7.94535e+010 2.23906e+011 1.47862e+006 2.98504e+006 3.03364e+011 3.44797e+009
1.813 3.06316e+011 553458 8.00179e+010 2.24946e+011 1.50726e+006 3.01287e+006 3.04968e+011 1.34815e+009
1.814 3.13764e+011 560147 8.05854e+010 2.25985e+011 1.53643e+006 3.04095e+006 3.06575e+011 7.18962e+009
1.816 3.25223e+011 570284 8.17299e+010 2.2806e+011 1.59639e+006 3.09784e+006 3.09795e+011 1.54287e+010
1.817 3.18381e+011 564253 8.2307e+010 2.29096e+011 1.6272e+006 3.12666e+006 3.11408e+011 6.97346e+009
1.818 3.09668e+011 556478 8.28872e+010 2.30131e+011 1.65859e+006 3.15574e+006 3.13023e+011 -3.35508e+009
1.819 3.20957e+011 566531 8.34707e+010 2.31165e+011 1.69055e+006 3.18507e+006 3.1464e+011 6.31728e+009
1.821 3.35186e+011 578952 8.46473e+010 2.33228e+011 1.75625e+006 3.24451e+006 3.1788e+011 1.73056e+010
1.822 3.38698e+011 581977 8.52404e+010 2.34258e+011 1.79001e+006 3.27461e+006 3.19503e+011 1.91945e+010
1.823 3.27627e+011 572387 8.58368e+010 2.35286e+011 1.82439e+006 3.30499e+006 3.21128e+011 6.49923e+009
1.825 3.3591e+011 579578 8.70393e+010 2.37338e+011 1.89506e+006 3.36653e+006 3.24382e+011 1.15283e+010
1.826 3.427e+011 585406 8.76455e+010 2.38361e+011 1.93137e+006 3.39771e+006 3.26012e+011 1.66885e+010
1.827 3.53882e+011 594880 8.8255e+010 2.39383e+011 1.96834e+006 3.42915e+006 3.27643e+011 2.62392e+010
1.829 3.52077e+011 593360 8.94838e+010 2.41421e+011 2.04432e+006 3.49287e+006 3.3091e+011 2.11662e+010
1.83 3.49066e+011 590818 9.01032e+010 2.42437e+011 2.08336e+006 3.52515e+006 3.32546e+011 1.65202e+010
1.831 3.62948e+011 602452 9.0726e+010 2.43452e+011 2.1231e+006 3.55771e+006 3.34183e+011 2.8765e+010
1.832 3.48988e+011 590752 9.1352e+010 2.44464e+011 2.16357e+006 3.59055e+006 3.35822e+011 1.31661e+010
1.834 3.56448e+011 597033 9.26142e+010 2.46483e+011 2.24674e+006 3.6571e+006 3.39103e+011 1.73452e+010
1.835 3.5731e+011 597754 9.32503e+010 2.47489e+011 2.28946e+006 3.69081e+006 3.40745e+011 1.65644e+010
1.836 3.48069e+011 589974 9.38898e+010 2.48493e+011 2.33296e+006 3.72481e+006 3.42389e+011 5.68009e+009
1.838 3.54085e+011 595050 9.5179e+010 2.50494e+011 2.42233e+006 3.79369e+006 3.45679e+011 8.40593e+009
1.839 3.66465e+011 605363 9.58287e+010 2.51491e+011 2.46823e+006 3.82859e+006 3.47326e+011 1.91391e+010
1.84 3.7803e+011 614841 9.64818e+010 2.52485e+011 2.51497e+006 3.86378e+006 3.48973e+011 2.90568e+010
1.842 3.93669e+011 627430 9.77983e+010 2.54466e+011 2.61098e+006 3.93509e+006 3.52271e+011 4.13981e+010
1.843 3.78304e+011 615064 9.84617e+010 2.55453e+011 2.66029e+006 3.9712e+006 3.53921e+011 2.43831e+010
1.844 3.79278e+011 615855 9.91285e+010 2.56437e+011 2.71049e+006 4.00763e+006 3.55572e+011 2.37061e+010
1.846 3.78121e+011 614915 1.00473e+011 2.58396e+011 2.81362e+006 4.08144e+006 3.58875e+011 1.92454e+010
1.847 3.8944e+011 624051 1.0115e+011 2.59371e+011 2.86658e+006 4.11882e+006 3.60528e+011 2.89114e+010
1.848 3.95527e+011 628909 1.01831e+011 2.60344e+011 2.92049e+006 4.15652e+006 3.62181e+011 3.33454e+010
1.85 4.03763e+011 635424 1.03203e+011 2.62279e+011 3.03122e+006 4.2329e+006 3.65489e+011 3.82737e+010
1.851 4.18657e+011 647037 1.03894e+011 2.63243e+011 3.08808e+006 4.27159e+006 3.67144e+011 5.15127e+010
1.852 4.21102e+011 648924 1.04589e+011 2.64203e+011 3.14596e+006 4.31061e+006 3.68799e+011 5.23029e+010
1.854 4.25251e+011 652113 1.05989e+011 2.66113e+011 3.26483e+006 4.38966e+006 3.72109e+011 5.31417e+010
1.855 4.12622e+011 642357 1.06694e+011 2.67063e+011 3.32586e+006 4.42969e+006 3.73765e+011 3.8857e+010
1.856 4.22119e+011 649707 1.07403e+011 2.6801e+011 3.38798e+006 4.47007e+006 3.75421e+011 4.66986e+010
1.858 4.15958e+011 644948 1.08832e+011 2.69892e+011 3.51556e+006 4.55186e+006 3.78732e+011 3.7226e+010
1.859 4.2829e+011 654439 1.09552e+011 2.70828e+011 3.58105e+006 4.59329e+006 3.80388e+011 4.79021e+010
1.861 4.38051e+011 661854 1.11002e+011 2.72689e+011 3.71554e+006 4.6772e+006 3.83699e+011 5.43522e+010
1.862 4.30887e+011 656420 1.11732e+011 2.73614e+011 3.78458e+006 4.7197e+006 3.85354e+011 4.55327e+010
1.863 4.21915e+011 649550 1.12466e+011 2.74534e+011 3.85485e+006 4.76256e+006 3.87009e+011 3.49058e+010
1.865 4.17643e+011 646253 1.13945e+011 2.76364e+011 3.99912e+006 4.84938e+006 3.90318e+011 2.73245e+010
1.866 4.30143e+011 655853 1.1469e+011 2.77273e+011 4.07317e+006 4.89335e+006 3.91972e+011 3.8171e+010
1.867 4.25906e+011 652615 1.15439e+011 2.78178e+011 4.14853e+006 4.9377e+006 3.93626e+011 3.22801e+010
1.869 4.2872e+011 654767 1.16947e+011 2.79975e+011 4.30326e+006 5.02752e+006 3.96932e+011 3.17888e+010
1.87 4.29968e+011 655719 1.17707e+011 2.80867e+011 4.38267e+006 5.073e+006 3.98583e+011 3.13846e+010
1.871 4.25639e+011 652410 1.1847e+011 2.81755e+011 4.46347e+006 5.11888e+006 4.00235e+011 2.54047e+010
1.873 4.0221e+011 634201 1.20008e+011 2.83517e+011 4.62936e+006 5.21179e+006 4.03535e+011 -1.32461e+009
1.874 3.83827e+011 619538 1.20782e+011 2.84392e+011 4.71449e+006 5.25885e+006 4.05184e+011 -2.13568e+010
1.876 3.81823e+011 617919 1.22342e+011 2.86127e+011 4.88924e+006 5.35415e+006 4.08479e+011 -2.66558e+010
1.877 4.24503e+011 651539 1.23128e+011 2.86987e+011 4.97891e+006 5.40241e+006 4.10125e+011 1.43774e+010
1.878 4.41385e+011 664368 1.23917e+011 2.87843e+011 5.07015e+006 5.45108e+006 4.11771e+011 2.96147e+010
1.88 4.04733e+011 636187 1.25507e+011 2.8954e+011 5.25743e+006 5.54965e+006 4.15058e+011 -1.03244e+010
1.881 4.54824e+011 674407 1.26308e+011 2.90381e+011 5.35352e+006 5.59957e+006 4.167e+011 3.81245e+010
1.883 3.99027e+011 631686 1.2792e+011 2.92048e+011 5.55074e+006 5.70066e+006 4.1998e+011 -2.09527e+010
1.884 4.10702e+011 640860 1.28732e+011 2.92874e+011 5.65192e+006 5.75185e+006 4.21618e+011 -1.09161e+010
1.885 4.35766e+011 660126 1.29548e+011 2.93695e+011 5.75486e+006 5.80347e+006 4.23254e+011 1.25119e+010
1.887 4.60487e+011 678592 1.3119e+011 2.95321e+011 5.96611e+006 5.90802e+006 4.26523e+011 3.39639e+010
1.888 4.36195e+011 660451 1.32017e+011 2.96126e+011 6.07448e+006 5.96096e+006 4.28156e+011 8.03962e+009
1.89 4.52563e+011 672728 1.33683e+011 2.97721e+011 6.29688e+006 6.06817e+006 4.31416e+011 2.11478e+010
1.891 4.23396e+011 650689 1.34521e+011 2.98509e+011 6.41095e+006 6.12246e+006 4.33043e+011 -9.64722e+009
1.892 4.56995e+011 676014 1.35363e+011 2.99293e+011 6.527e+006 6.1772e+006 4.34669e+011 2.23266e+010
1.894 4.55625e+011 675000 1.37059e+011 3.00842e+011 6.7651e+006 6.28806e+006 4.37915e+011 1.77104e+010
1.895 4.49841e+011 670702 1.37913e+011 3.01609e+011 6.88723e+006 6.34419e+006 4.39535e+011 1.03062e+010
1.897 4.67328e+011 683614 1.39632e+011 3.03124e+011 7.1378e+006 6.45786e+006 4.4277e+011 2.45578e+010
1.898 4.44631e+011 666806 1.40498e+011 3.03873e+011 7.26632e+006 6.51541e+006 4.44385e+011 2.46246e+008
1.899 4.39454e+011 662913 1.41367e+011 3.04616e+011 7.39703e+006 6.57344e+006 4.45997e+011 -6.54284e+009
1.901 4.4056e+011 663747 1.43117e+011 3.06084e+011 7.66518e+006 6.69096e+006 4.49215e+011 -8.65581e+009
1.902 4.32392e+011 657566 1.43998e+011 3.06809e+011 7.8027e+006 6.75046e+006 4.50821e+011 -1.84289e+010
1.904 4.41381e+011 664365 1.45771e+011 3.0824e+011 8.0848e+006 6.87095e+006 4.54027e+011 -1.26457e+010
1.905 4.56832e+011 675893 1.46664e+011 3.08947e+011 8.22946e+006 6.93195e+006 4.55626e+011 1.20595e+009
1.907 4.65653e+011 682388 1.48461e+011 3.10341e+011 8.52618e+006 7.05547e+006 4.58817e+011 6.83617e+009
1.908 4.57358e+011 676282 1.49365e+011 3.11028e+011 8.67832e+006 7.11801e+006 4.60409e+011 -3.05093e+009
1.91 4.61437e+011 679291 1.51185e+011 3.12384e+011 8.99038e+006 7.24464e+006 4.63585e+011 -2.14861e+009
1.911 4.58689e+011 677266 1.52101e+011 3.13052e+011 9.15038e+006 7.30875e+006 4.65169e+011 -6.48081e+009
1.912 4.58947e+011 677457 1.53021e+011 3.13713e+011 9.31307e+006 7.37339e+006 4.66751e+011 -7.80366e+009
1.914 4.52937e+011 673006 1.54873e+011 3.15016e+011 9.64674e+006 7.50427e+006 4.69906e+011 -1.6969e+010
1.915 4.59067e+011 677545 1.55805e+011 3.15658e+011 9.8178e+006 7.57053e+006 4.7148e+011 -1.24127e+010
1.917 4.68013e+011 684115 1.5768e+011 3.1692e+011 1.01686e+007 7.7047e+006 4.74618e+011 -6.60536e+009
1.918 4.65942e+011 682599 1.58624e+011 3.17541e+011 1.03484e+007 7.77261e+006 4.76183e+011 -1.02415e+010
1.92 4.71437e+011 686612 1.60523e+011 3.18763e+011 1.07171e+007 7.91013e+006 4.79304e+011 -7.86768e+009
1.921 4.58217e+011 676917 1.61478e+011 3.19363e+011 1.09062e+007 7.97974e+006 4.8086e+011 -2.26437e+010
1.923 4.67451e+011 683704 1.63401e+011 3.20542e+011 1.12937e+007 8.12069e+006 4.83963e+011 -1.65119e+010
1.924 4.70215e+011 685722 1.64369e+011 3.21122e+011 1.14923e+007 8.19204e+006 4.8551e+011 -1.52953e+010
1.925 4.75335e+011 689446 1.6534e+011 3.21693e+011 1.16943e+007 8.26397e+006 4.87053e+011 -1.17183e+010
1.927 4.68678e+011 684600 1.67295e+011 3.22816e+011 1.21083e+007 8.40962e+006 4.90131e+011 -2.14531e+010
1.928 4.74508e+011 688846 1.68278e+011 3.23366e+011 1.23205e+007 8.48334e+006 4.91665e+011 -1.71564e+010
1.93 4.71135e+011 686393 1.70257e+011 3.24444e+011 1.27555e+007 8.63261e+006 4.94722e+011 -2.35875e+010
1.931 4.75358e+011 689462 1.71252e+011 3.24972e+011 1.29784e+007 8.70816e+006 4.96246e+011 -2.08884e+010
1.933 4.69516e+011 685212 1.73255e+011 3.26006e+011 1.34354e+007 8.86112e+006 4.99283e+011 -2.97671e+010
1.934 4.78369e+011 691642 1.74262e+011 3.26512e+011 1.36695e+007 8.93855e+006 5.00796e+011 -2.24272e+010
1.936 4.86584e+011 697556 1.76289e+011 3.275e+011 1.41495e+007 9.0953e+006 5.03812e+011 -1.72286e+010
1.937 5.0222e+011 708675 1.77308e+011 3.27983e+011 1.43954e+007 9.17463e+006 5.05315e+011 -3.09486e+009
1.939 4.88095e+011 698638 1.79359e+011 3.28926e+011 1.48994e+007 9.33526e+006 5.08309e+011 -2.02136e+010
1.94 4.93769e+011 702687 1.8039e+011 3.29386e+011 1.51576e+007 9.41655e+006 5.098e+011 -1.60316e+010
1.942 4.98826e+011 706276 1.82465e+011 3.30282e+011 1.56869e+007 9.58113e+006 5.12772e+011 -1.39462e+010
1.943 5.10644e+011 714594 1.83508e+011 3.30719e+011 1.5958e+007 9.66443e+006 5.14252e+011 -3.60829e+009
1.945 5.11957e+011 715511 1.85607e+011 3.31568e+011 1.65136e+007 9.83306e+006 5.17201e+011 -5.24439e+009
1.946 5.00787e+011 707663 1.86662e+011 3.3198e+011 1.67982e+007 9.9184e+006 5.1867e+011 -1.78828e+010
1.948 5.00706e+011 707606 1.88785e+011 3.32782e+011 1.73815e+007 1.00912e+007 5.21595e+011 -2.08888e+010
1.949 4.97973e+011 705672 1.89853e+011 3.33171e+011 1.76802e+007 1.01786e+007 5.23051e+011 -2.50784e+010
1.951 5.09121e+011 713527 1.92e+011 3.33924e+011 1.82924e+007 1.03556e+007 5.25952e+011 -1.68318e+010
1.952 5.19552e+011 720799 1.93079e+011 3.34289e+011 1.86059e+007 1.04452e+007 5.27397e+011 -7.84538e+009
1.954 5.1172e+011 715346 1.9525e+011 3.34993e+011 1.92483e+007 1.06265e+007 5.30273e+011 -1.8553e+010
1.955 4.93761e+011 702681 1.96342e+011 3.35333e+011 1.95772e+007 1.07183e+007 5.31705e+011 -3.79446e+010
1.957 5.15817e+011 718204 1.98537e+011 3.35989e+011 2.02512e+007 1.09041e+007 5.34557e+011 -1.87404e+010
1.958 4.98474e+011 706027 1.99641e+011 3.36304e+011 2.05964e+007 1.09981e+007 5.35976e+011 -3.75023e+010
1.96 5.04717e+011 710434 2.0186e+011 3.3691e+011 2.13034e+007 1.11883e+007 5.38802e+011 -3.40853e+010
1.961 5.14286e+011 717138 2.02975e+011 3.372e+011 2.16655e+007 1.12846e+007 5.40209e+011 -2.59222e+010
1.963 5.24935e+011 724524 2.05219e+011 3.37756e+011 2.24072e+007 1.14796e+007 5.43009e+011 -1.80739e+010
1.964 5.29596e+011 727733 2.06346e+011 3.38021e+011 2.27869e+007 1.15782e+007 5.44402e+011 -1.48059e+010
1.966 5.40234e+011 735006 2.08613e+011 3.38527e+011 2.35647e+007 1.17778e+007 5.47175e+011 -6.94162e+009
1.968 5.27428e+011 726243 2.10897e+011 3.38998e+011 2.43675e+007 1.19807e+007 5.49931e+011 -2.25029e+010
1.969 5.07593e+011 712455 2.12044e+011 3.39221e+011 2.47786e+007 1.20834e+007 5.51302e+011 -4.37096e+010
1.971 5.27591e+011 726354 2.14351e+011 3.39642e+011 2.56203e+007 1.22911e+007 5.54031e+011 -2.64402e+010
1.972 5.47322e+011 739812 2.15511e+011 3.39839e+011 2.60513e+007 1.23962e+007 5.55389e+011 -8.06623e+009
1.974 5.43589e+011 737285 2.17842e+011 3.40208e+011 2.69337e+007 1.2609e+007 5.5809e+011 -1.45012e+010
1.975 5.34496e+011 731092 2.19014e+011 3.4038e+011 2.73854e+007 1.27167e+007 5.59434e+011 -2.49381e+010
1.977 5.3818e+011 733607 2.21368e+011 3.40698e+011 2.83104e+007 1.29346e+007 5.62108e+011 -2.39279e+010
1.978 5.40505e+011 735190 2.22552e+011 3.40844e+011 2.87839e+007 1.30449e+007 5.63437e+011 -2.29324e+010
1.98 5.57095e+011 746388 2.2493e+011 3.4111e+011 2.97532e+007 1.3268e+007 5.66083e+011 -8.98826e+009
1.981 5.4739e+011 739858 2.26126e+011 3.4123e+011 3.02494e+007 1.33809e+007 5.67399e+011 -2.00095e+010
1.983 5.64724e+011 751481 2.28528e+011 3.41444e+011 3.12652e+007 1.36094e+007 5.70017e+011 -5.2924e+009
1.985 5.70971e+011 755626 2.30946e+011 3.41623e+011 3.23131e+007 1.38416e+007 5.72615e+011 -1.64442e+009
1.986 5.73892e+011 757556 2.32161e+011 3.417e+011 3.28493e+007 1.39591e+007 5.73908e+011 -1.58785e+007
1.988 5.75532e+011 758639 2.34603e+011 3.41827e+011 3.39471e+007 1.41968e+007 5.76478e+011 -9.45274e+008
1.989 5.5884e+011 747556 2.35829e+011 3.41878e+011 3.45088e+007 1.4317e+007 5.77756e+011 -1.89157e+010
1.991 5.34294e+011 730954 2.38294e+011 3.41953e+011 3.56587e+007 1.45604e+007 5.80297e+011 -4.60028e+010
1.992 5.34645e+011 731194 2.39533e+011 3.41977e+011 3.62471e+007 1.46835e+007 5.81561e+011 -4.69151e+010
1.994 5.57493e+011 746655 2.42021e+011 3.42e+011 3.74513e+007 1.49327e+007 5.84073e+011 -2.65798e+010
1.996 5.62904e+011 750270 2.44525e+011 3.41987e+011 3.86931e+007 1.51858e+007 5.86566e+011 -2.36618e+010
1.997 5.40762e+011 735365 2.45783e+011 3.41968e+011 3.93284e+007 1.53139e+007 5.87806e+011 -4.70434e+010
1.999 5.2519e+011 724700 2.4831e+011 3.41904e+011 4.06287e+007 1.5573e+007 5.9027e+011 -6.50791e+010
2 5.39615e+011 734585 2.49579e+011 3.41858e+011 4.12938e+007 1.57041e+007 5.91494e+011 -5.18791e+010
2.002 5.67378e+011 753245 2.52129e+011 3.41742e+011 4.2655e+007 1.59694e+007 5.93929e+011 -2.65509e+010
2.004 5.66669e+011 752774 2.54694e+011 3.4159e+011 4.40582e+007 1.62388e+007 5.96345e+011 -2.96759e+010
2.005 5.43864e+011 737471 2.55983e+011 3.41501e+011 4.4776e+007 1.63751e+007 5.97545e+011 -5.36814e+010
2.007 5.49443e+011 741244 2.58571e+011 3.41298e+011 4.62447e+007 1.66509e+007 5.99931e+011 -5.04883e+010
2.008 5.65167e+011 751776 2.5987e+011 3.41183e+011 4.69959e+007 1.67904e+007 6.01117e+011 -3.59503e+010
2.01 5.72315e+011 756515 2.62481e+011 3.40927e+011 4.85328e+007 1.70727e+007 6.03474e+011 -3.11586e+010
2.012 5.90166e+011 768223 2.65107e+011 3.40637e+011 5.01168e+007 1.73595e+007 6.05812e+011 -1.56456e+010
2.013 5.66582e+011 752716 2.66425e+011 3.40479e+011 5.09269e+007 1.75045e+007 6.06973e+011 -4.03914e+010
2.015 5.70524e+011 755331 2.69074e+011 3.40137e+011 5.2584e+007 1.7798e+007 6.09281e+011 -3.87569e+010
2.017 5.63226e+011 750484 2.71736e+011 3.39761e+011 5.42917e+007 1.8096e+007 6.1157e+011 -4.83439e+010
2.018 5.65488e+011 751989 2.73073e+011 3.3956e+011 5.51649e+007 1.82468e+007 6.12707e+011 -4.72196e+010
2.02 5.55004e+011 744986 2.75758e+011 3.39133e+011 5.69511e+007 1.85518e+007 6.14967e+011 -5.99628e+010
2.021 5.65249e+011 751831 2.77106e+011 3.38907e+011 5.78643e+007 1.87061e+007 6.1609e+011 -5.08402e+010
2.023 5.69437e+011 754610 2.79813e+011 3.38428e+011 5.97322e+007 1.90182e+007 6.1832e+011 -4.88836e+010
2.025 5.73793e+011 757491 2.82535e+011 3.37916e+011 6.16565e+007 1.93352e+007 6.20532e+011 -4.67389e+010
2.026 5.91649e+011 769187 2.83901e+011 3.37648e+011 6.26403e+007 1.94955e+007 6.2163e+011 -2.99814e+010
2.028 5.98603e+011 773694 2.86644e+011 3.37085e+011 6.46522e+007 1.98199e+007 6.23813e+011 -2.52107e+010
2.03 5.83467e+011 763850 2.89401e+011 3.36489e+011 6.67245e+007 2.01493e+007 6.25977e+011 -4.25104e+010
2.031 5.62518e+011 750012 2.90785e+011 3.36179e+011 6.77838e+007 2.03158e+007 6.27052e+011 -6.45341e+010
2.033 5.74515e+011 757967 2.93563e+011 3.35533e+011 6.99499e+007 2.06529e+007 6.29187e+011 -5.46724e+010
2.035 5.83284e+011 763730 2.96355e+011 3.34855e+011 7.21806e+007 2.09951e+007 6.31304e+011 -4.80196e+010
2.036 5.81437e+011 762520 2.97757e+011 3.34503e+011 7.33208e+007 2.11682e+007 6.32355e+011 -5.09179e+010
2.038 5.88474e+011 767120 3.0057e+011 3.33776e+011 7.56519e+007 2.15183e+007 6.34443e+011 -4.59695e+010
2.039 6.01566e+011 775607 3.01982e+011 3.334e+011 7.68432e+007 2.16954e+007 6.3548e+011 -3.39148e+010
2.041 6.21128e+011 788116 3.04815e+011 3.32624e+011 7.92788e+007 2.20536e+007 6.37541e+011 -1.64134e+010
2.043 6.0121e+011 775377 3.07663e+011 3.31816e+011 8.17865e+007 2.24173e+007 6.39583e+011 -3.83736e+010
2.044 5.84342e+011 764423 3.09091e+011 3.314e+011 8.30679e+007 2.26012e+007 6.40597e+011 -5.62556e+010
2.046 5.78945e+011 760884 3.11959e+011 3.30545e+011 8.56873e+007 2.29733e+007 6.42612e+011 -6.36675e+010
2.048 5.99727e+011 774421 3.14839e+011 3.29658e+011 8.83838e+007 2.3351e+007 6.44609e+011 -4.48817e+010
2.05 6.53038e+011 808108 3.17733e+011 3.2874e+011 9.11593e+007 2.37345e+007 6.46588e+011 6.44983e+009
2.051 6.36395e+011 797744 3.19185e+011 3.28269e+011 9.25775e+007 2.39285e+007 6.47571e+011 -1.11754e+010
2.053 6.0491e+011 777760 3.22098e+011 3.27305e+011 9.54757e+007 2.43208e+007 6.49523e+011 -4.46128e+010
2.055 5.92858e+011 769973 3.25024e+011 3.2631e+011 9.84585e+007 2.4719e+007 6.51458e+011 -5.86003e+010
2.056 6.04609e+011 777566 3.26492e+011 3.25802e+011 9.99823e+007 2.49204e+007 6.52419e+011 -4.78094e+010
2.058 6.26585e+011 791571 3.29437e+011 3.24762e+011 1.03096e+008 2.53277e+007 6.54328e+011 -2.77426e+010
2.06 6.32313e+011 795181 3.32395e+011 3.23692e+011 1.063e+008 2.57412e+007 6.56219e+011 -2.39063e+010
2.061 6.43686e+011 802301 3.33878e+011 3.23147e+011 1.07937e+008 2.59503e+007 6.57159e+011 -1.34725e+010
2.063 6.74262e+011 821134 3.36855e+011 3.22033e+011 1.11281e+008 2.63732e+007 6.59025e+011 1.52365e+010
2.065 6.85774e+011 828115 3.39843e+011 3.20891e+011 1.14721e+008 2.68025e+007 6.60875e+011 2.48986e+010
2.066 6.78753e+011 823865 3.41341e+011 3.20309e+011 1.16478e+008 2.70195e+007 6.61794e+011 1.69595e+010
2.068 6.35332e+011 797077 3.44348e+011 3.19124e+011 1.20068e+008 2.74585e+007 6.63619e+011 -2.82867e+010
2.07 6.21832e+011 788563 3.47366e+011 3.17911e+011 1.23761e+008 2.79041e+007 6.65428e+011 -4.3596e+010
2.072 6.0884e+011 780282 3.50395e+011 3.1667e+011 1.27559e+008 2.83564e+007 6.67221e+011 -5.83812e+010
2.073 6.02561e+011 776248 3.51914e+011 3.16039e+011 1.29499e+008 2.85851e+007 6.68112e+011 -6.55508e+010
2.075 6.08815e+011 780266 3.54961e+011 3.14758e+011 1.3346e+008 2.90476e+007 6.69881e+011 -6.10661e+010
2.077 6.50481e+011 806524 3.58019e+011 3.13449e+011 1.37534e+008 2.9517e+007 6.71635e+011 -2.11541e+010
2.079 6.4244e+011 801524 3.61088e+011 3.12115e+011 1.41724e+008 2.99934e+007 6.73374e+011 -3.0934e+010
2.08 6.19953e+011 787371 3.62626e+011 3.11438e+011 1.43863e+008 3.02343e+007 6.74238e+011 -5.42851e+010
2.082 6.32186e+011 795101 3.65711e+011 3.10064e+011 1.48232e+008 3.07214e+007 6.75954e+011 -4.37686e+010
2.084 6.94769e+011 833528 3.68807e+011 3.08665e+011 1.52723e+008 3.12158e+007 6.77656e+011 1.7113e+010
2.085 7.71966e+011 878616 3.70359e+011 3.07956e+011 1.55016e+008 3.14657e+007 6.78502e+011 9.34643e+010
2.087 7.16975e+011 846744 3.73471e+011 3.0652e+011 1.59698e+008 3.19711e+007 6.80182e+011 3.67927e+010
2.089 6.77174e+011 822906 3.76592e+011 3.05059e+011 1.64511e+008 3.2484e+007 6.81848e+011 -4.67384e+009
2.091 6.0914e+011 780474 3.79724e+011 3.03574e+011 1.69458e+008 3.30045e+007 6.83501e+011 -7.43604e+010
2.092 6.12382e+011 782548 3.81294e+011 3.02823e+011 1.71983e+008 3.32677e+007 6.84322e+011 -7.194e+010
2.094 6.23198e+011 789429 3.8444e+011 3.01303e+011 1.77139e+008 3.37997e+007 6.85954e+011 -6.27556e+010
2.096 6.22605e+011 789053 3.87596e+011 2.9976e+011 1.82437e+008 3.43397e+007 6.87573e+011 -6.49676e+010
2.098 5.99272e+011 774127 3.90761e+011 2.98194e+011 1.87882e+008 3.48876e+007 6.89178e+011 -8.99059e+010
2.1 6.00891e+011 775171 3.93936e+011 2.96607e+011 1.93478e+008 3.54435e+007 6.90771e+011 -8.98806e+010
2.101 6.0995e+011 780993 3.95526e+011 2.95805e+011 1.96333e+008 3.57246e+007 6.91563e+011 -8.16133e+010
2.103 6.80972e+011 825210 3.98714e+011 2.94185e+011 2.02161e+008 3.62928e+007 6.93138e+011 -1.21658e+010
2.105 6.94546e+011 833394 4.0191e+011 2.92545e+011 2.08149e+008 3.68694e+007 6.947e+011 -1.53756e+008
2.107 6.63076e+011 814295 4.05115e+011 2.90883e+011 2.14301e+008 3.74544e+007 6.96251e+011 -3.31747e+010
2.108 6.33244e+011 795766 4.06721e+011 2.90045e+011 2.17439e+008 3.77501e+007 6.97021e+011 -6.37771e+010
2.11 6.51495e+011 807152 4.09938e+011 2.88354e+011 2.23845e+008 3.8348e+007 6.98555e+011 -4.70594e+010
2.112 7.18556e+011 847677 4.13164e+011 2.86643e+011 2.30424e+008 3.89546e+007 7.00076e+011 1.84795e+010
2.114 7.50027e+011 866041 4.16397e+011 2.84914e+011 2.37182e+008 3.95701e+007 7.01587e+011 4.84397e+010
2.116 6.96208e+011 834391 4.19637e+011 2.83166e+011 2.44122e+008 4.01945e+007 7.03088e+011 -6.87978e+009
2.117 5.94369e+011 770953 4.2126e+011 2.82285e+011 2.47663e+008 4.05101e+007 7.03834e+011 -1.09465e+011
2.119 5.23521e+011 723547 4.24512e+011 2.80511e+011 2.54886e+008 4.11481e+007 7.05318e+011 -1.81798e+011
2.121 5.3686e+011 732707 4.2777e+011 2.78719e+011 2.62304e+008 4.17954e+007 7.06793e+011 -1.69933e+011
2.123 6.29485e+011 793401 4.31035e+011 2.7691e+011 2.6992e+008 4.24521e+007 7.08258e+011 -7.87729e+010
2.125 7.50472e+011 866298 4.34307e+011 2.75085e+011 2.7774e+008 4.31182e+007 7.09713e+011 4.07589e+010
2.126 8.22862e+011 907117 4.35945e+011 2.74167e+011 2.81728e+008 4.34549e+007 7.10437e+011 1.12425e+011
2.128 7.62798e+011 873383 4.39226e+011 2.72318e+011 2.89863e+008 4.41355e+007 7.11878e+011 5.09196e+010
2.13 6.92898e+011 832405 4.42513e+011 2.70454e+011 2.98213e+008 4.48259e+007 7.13311e+011 -2.04127e+010
2.132 6.45759e+011 803591 4.45806e+011 2.68576e+011 3.06786e+008 4.55262e+007 7.14734e+011 -6.89757e+010
2.134 6.30356e+011 793949 4.49104e+011 2.66683e+011 3.15584e+008 4.62366e+007 7.1615e+011 -8.5794e+010
2.136 6.10136e+011 781112 4.52408e+011 2.64777e+011 3.24615e+008 4.69572e+007 7.17557e+011 -1.0742e+011
2.137 6.50012e+011 806233 4.54062e+011 2.63819e+011 3.29219e+008 4.73214e+007 7.18257e+011 -6.82448e+010
2.139 7.39961e+011 860210 4.57372e+011 2.61893e+011 3.38608e+008 4.80575e+007 7.19652e+011 2.03085e+010
2.141 7.7127e+011 878220 4.60688e+011 2.59955e+011 3.48242e+008 4.88041e+007 7.2104e+011 5.02296e+010
2.143 7.50376e+011 866243 4.64008e+011 2.58005e+011 3.58128e+008 4.95613e+007 7.22421e+011 2.79558e+010
2.145 7.03126e+011 838526 4.67332e+011 2.56043e+011 3.68272e+008 5.03294e+007 7.23794e+011 -2.06677e+010
2.147 6.78002e+011 823409 4.7066e+011 2.54071e+011 3.78679e+008 5.11083e+007 7.2516e+011 -4.71581e+010
2.149 6.68763e+011 817780 4.73992e+011 2.52087e+011 3.89356e+008 5.18984e+007 7.2652e+011 -5.77569e+010
2.15 6.84237e+011 827186 4.75659e+011 2.51092e+011 3.94797e+008 5.22976e+007 7.27198e+011 -4.29612e+010
2.152 7.51895e+011 867119 4.78995e+011 2.49094e+011 4.0589e+008 5.31044e+007 7.28548e+011 2.33463e+010
2.154 7.69751e+011 877354 4.82335e+011 2.47087e+011 4.17268e+008 5.39227e+007 7.29893e+011 3.98579e+010
2.156 7.56514e+011 869778 4.85677e+011 2.45071e+011 4.28939e+008 5.47526e+007 7.31231e+011 2.52824e+010
2.158 7.02855e+011 838365 4.89022e+011 2.43046e+011 4.40908e+008 5.55941e+007 7.32565e+011 -2.97092e+010
2.16 6.85968e+011 828232 4.92369e+011 2.41014e+011 4.53182e+008 5.64475e+007 7.33892e+011 -4.79239e+010
2.162 7.17799e+011 847230 4.95718e+011 2.38974e+011 4.65768e+008 5.73129e+007 7.35215e+011 -1.74155e+010
2.163 7.55254e+011 869053 4.97393e+011 2.37952e+011 4.72181e+008 5.77502e+007 7.35874e+011 1.93793e+010
2.165 7.73747e+011 879629 5.00744e+011 2.35902e+011 4.8525e+008 5.86339e+007 7.3719e+011 3.65578e+010
2.167 7.67735e+011 876205 5.04096e+011 2.33846e+011 4.98649e+008 5.95299e+007 7.385e+011 2.92346e+010
2.169 7.98966e+011 893849 5.0745e+011 2.31784e+011 5.12385e+008 6.04385e+007 7.39807e+011 5.91594e+010
2.171 8.05816e+011 897672 5.10804e+011 2.29717e+011 5.26467e+008 6.13598e+007 7.41109e+011 6.4707e+010
2.173 8.08799e+011 899332 5.14158e+011 2.27645e+011 5.40902e+008 6.22939e+007 7.42407e+011 6.63918e+010
2.175 7.85043e+011 886027 5.17513e+011 2.25569e+011 5.55697e+008 6.32411e+007 7.43701e+011 4.13422e+010
2.177 7.69419e+011 877166 5.20867e+011 2.23489e+011 5.70862e+008 6.42014e+007 7.44992e+011 2.44279e+010
2.179 7.67036e+011 875806 5.24221e+011 2.21406e+011 5.86403e+008 6.5175e+007 7.46279e+011 2.07578e+010
2.181 7.71121e+011 878135 5.27574e+011 2.1932e+011 6.0233e+008 6.61622e+007 7.47563e+011 2.35582e+010
2.183 7.64687e+011 874464 5.30927e+011 2.17231e+011 6.1865e+008 6.71629e+007 7.48843e+011 1.58438e+010
2.184 7.45388e+011 863358 5.32602e+011 2.16186e+011 6.2696e+008 6.76685e+007 7.49483e+011 -4.09499e+009
2.186 7.52846e+011 867667 5.35952e+011 2.14094e+011 6.43887e+008 6.86901e+007 7.50759e+011 2.08681e+009
2.188 7.87801e+011 887582 5.39301e+011 2.12001e+011 6.61229e+008 6.97258e+007 7.52033e+011 3.57687e+010
2.19 7.69352e+011 877127 5.42647e+011 2.09907e+011 6.78995e+008 7.07758e+007 7.53304e+011 1.60486e+010
2.192 8.09471e+011 899706 5.45991e+011 2.07812e+011 6.97195e+008 7.18401e+007 7.54572e+011 5.48982e+010
2.194 7.96416e+011 892421 5.49332e+011 2.05718e+011 7.15837e+008 7.29191e+007 7.55839e+011 4.05771e+010
2.196 7.9404e+011 891089 5.5267e+011 2.03624e+011 7.34932e+008 7.40129e+007 7.57103e+011 3.6937e+010
2.198 7.7871e+011 882446 5.56006e+011 2.0153e+011 7.54489e+008 7.51216e+007 7.58365e+011 2.0345e+010
2.2 7.67509e+011 876076 5.59337e+011 1.99438e+011 7.74517e+008 7.62455e+007 7.59626e+011 7.88333e+009
2.202 8.07582e+011 898656 5.62665e+011 1.97347e+011 7.95027e+008 7.73847e+007 7.60884e+011 4.66977e+010
2.204 8.57326e+011 925919 5.65988e+011 1.95258e+011 8.16029e+008 7.85394e+007 7.62141e+011 9.5185e+010
2.206 8.60965e+011 927882 5.69307e+011 1.93172e+011 8.37532e+008 7.97098e+007 7.63397e+011 9.75688e+010
2.208 8.44119e+011 918760 5.72621e+011 1.91089e+011 8.59549e+008 8.08961e+007 7.64651e+011 7.94688e+010
2.21 8.36318e+011 914504 5.75931e+011 1.89008e+011 8.82088e+008 8.20985e+007 7.65903e+011 7.04146e+010
2.212 8.06611e+011 898115 5.79234e+011 1.86932e+011 9.05162e+008 8.33172e+007 7.67155e+011 3.94568e+010
2.214 8.05745e+011 897633 5.82532e+011 1.84859e+011 9.2878e+008 8.45523e+007 7.68405e+011 3.73398e+010
2.216 8.19525e+011 905276 5.85824e+011 1.82791e+011 9.52955e+008 8.58041e+007 7.69654e+011 4.98716e+010
2.218 8.1121e+011 900672 5.8911e+011 1.80727e+011 9.77698e+008 8.70727e+007 7.70902e+011 4.03079e+010
2.22 8.19726e+011 905387 5.92389e+011 1.78668e+011 1.00302e+009 8.83584e+007 7.72149e+011 4.75776e+010
2.222 8.17299e+011 904046 5.95661e+011 1.76615e+011 1.02893e+009 8.96614e+007 7.73395e+011 4.39036e+010
2.224 8.20613e+011 905877 5.98926e+011 1.74568e+011 1.05545e+009 9.09818e+007 7.7464e+011 4.59733e+010
2.226 8.29925e+011 911002 6.02183e+011 1.72527e+011 1.08258e+009 9.23199e+007 7.75885e+011 5.40406e+010
2.228 8.13603e+011 901999 6.05432e+011 1.70492e+011 1.11034e+009 9.36759e+007 7.77128e+011 3.64748e+010
2.23 8.01303e+011 895155 6.08673e+011 1.68464e+011 1.13874e+009 9.505e+007 7.78371e+011 2.29321e+010
2.232 7.89235e+011 888389 6.11906e+011 1.66443e+011 1.16779e+009 9.64424e+007 7.79613e+011 9.62143e+009
2.234 8.2252e+011 906929 6.15129e+011 1.6443e+011 1.19751e+009 9.78533e+007 7.80855e+011 4.16659e+010
2.236 8.34744e+011 913643 6.18344e+011 1.62424e+011 1.2279e+009 9.92829e+007 7.82095e+011 5.26486e+010
2.238 8.40334e+011 916697 6.21548e+011 1.60427e+011 1.25899e+009 1.00732e+008 7.83335e+011 5.69987e+010
2.24 8.34556e+011 913540 6.24743e+011 1.58438e+011 1.29079e+009 1.02199e+008 7.84575e+011 4.99814e+010
2.242 8.19907e+011 905487 6.27928e+011 1.56458e+011 1.3233e+009 1.03686e+008 7.85813e+011 3.4094e+010
2.244 8.03955e+011 896636 6.31103e+011 1.54486e+011 1.35655e+009 1.05193e+008 7.87051e+011 1.69043e+010
2.246 8.06048e+011 897802 6.34266e+011 1.52524e+011 1.39054e+009 1.0672e+008 7.88288e+011 1.77604e+010
2.248 7.97193e+011 892857 6.37419e+011 1.50572e+011 1.4253e+009 1.08267e+008 7.89524e+011 7.66865e+009
2.25 7.92151e+011 890028 6.4056e+011 1.48629e+011 1.46084e+009 1.09834e+008 7.9076e+011 1.3908e+009
2.252 8.02136e+011 895621 6.43689e+011 1.46697e+011 1.49716e+009 1.11421e+008 7.91994e+011 1.01421e+010
2.254 8.30813e+011 911490 6.46806e+011 1.44775e+011 1.53429e+009 1.13029e+008 7.93228e+011 3.75853e+010
2.256 8.45968e+011 919765 6.49911e+011 1.42863e+011 1.57225e+009 1.14659e+008 7.94461e+011 5.15077e+010
2.258 8.49164e+011 921501 6.53002e+011 1.40963e+011 1.61104e+009 1.16309e+008 7.95692e+011 5.34712e+010
2.26 8.50224e+011 922076 6.56081e+011 1.39073e+011 1.65069e+009 1.17981e+008 7.96923e+011 5.3301e+010
2.262 8.66534e+011 930878 6.59147e+011 1.37195e+011 1.6912e+009 1.19675e+008 7.98153e+011 6.83818e+010
2.265 8.22591e+011 906968 6.63719e+011 1.34399e+011 1.75364e+009 1.22257e+008 7.99994e+011 2.25962e+010
2.267 8.56719e+011 925591 6.6675e+011 1.3255e+011 1.7964e+009 1.24007e+008 8.01221e+011 5.5498e+010
2.269 8.72915e+011 934299 6.69766e+011 1.30714e+011 1.84009e+009 1.25779e+008 8.02445e+011 7.04693e+010
2.271 8.87191e+011 941908 6.72767e+011 1.28889e+011 1.88472e+009 1.27573e+008 8.03668e+011 8.3523e+010
2.273 8.81869e+011 939079 6.75753e+011 1.27077e+011 1.93031e+009 1.29391e+008 8.0489e+011 7.69791e+010
2.275 8.91843e+011 944374 6.78724e+011 1.25278e+011 1.97687e+009 1.31232e+008 8.0611e+011 8.5733e+010
2.277 8.6883e+011 932110 6.81678e+011 1.23492e+011 2.02444e+009 1.33097e+008 8.07327e+011 6.15023e+010
2.279 8.73494e+011 934609 6.84617e+011 1.21718e+011 2.07302e+009 1.34986e+008 8.08543e+011 6.49503e+010
2.281 8.74315e+011 935048 6.87539e+011 1.19958e+011 2.12263e+009 1.36899e+008 8.09757e+011 6.45577e+010
2.283 8.62915e+011 928932 6.90445e+011 1.18211e+011 2.17329e+009 1.38837e+008 8.10968e+011 5.19468e+010
2.286 8.5971e+011 927205 6.94771e+011 1.15617e+011 2.25129e+009 1.41789e+008 8.12781e+011 4.69291e+010
2.288 8.94712e+011 945892 6.97633e+011 1.13904e+011 2.30466e+009 1.43789e+008 8.13986e+011 8.07264e+010
2.29 8.77436e+011 936715 7.00477e+011 1.12206e+011 2.35915e+009 1.45814e+008 8.15188e+011 6.22477e+010
2.292 8.95455e+011 946285 7.03303e+011 1.10521e+011 2.41477e+009 1.47865e+008 8.16387e+011 7.90682e+010
2.294 8.93182e+011 945083 7.06111e+011 1.08851e+011 2.47155e+009 1.49942e+008 8.17583e+011 7.55987e+010
2.296 8.81584e+011 938927 7.089e+011 1.07195e+011 2.5295e+009 1.52045e+008 8.18776e+011 6.28078e+010
2.298 9.01759e+011 949610 7.11669e+011 1.05553e+011 2.58865e+009 1.54174e+008 8.19965e+011 8.1794e+010
2.301 8.89068e+011 942904 7.15787e+011 1.03118e+011 2.67967e+009 1.57419e+008 8.21742e+011 6.73257e+010
2.303 8.67115e+011 931190 7.18508e+011 1.01513e+011 2.7419e+009 1.59616e+008 8.22922e+011 4.41925e+010
2.305 8.40212e+011 916631 7.21208e+011 9.99228e+010 2.80539e+009 1.61841e+008 8.24098e+011 1.61138e+010
2.307 8.73472e+011 934597 7.23888e+011 9.83474e+010 2.87018e+009 1.64094e+008 8.2527e+011 4.82025e+010
2.309 8.86196e+011 941380 7.26547e+011 9.6787e+010 2.93628e+009 1.66374e+008 8.26437e+011 5.97592e+010
2.311 8.84991e+011 940739 7.29185e+011 9.52417e+010 3.00371e+009 1.68684e+008 8.27599e+011 5.73916e+010
2.313 8.81653e+011 938964 7.31801e+011 9.37114e+010 3.0725e+009 1.71022e+008 8.28756e+011 5.28964e+010
2.316 9.19977e+011 959154 7.35685e+011 9.14445e+010 3.17827e+009 1.74583e+008 8.30483e+011 8.9494e+010
2.318 9.079e+011 952838 7.38247e+011 8.99524e+010 3.25055e+009 1.76994e+008 8.31627e+011 7.62731e+010
2.32 8.94706e+011 945889 7.40786e+011 8.84755e+010 3.32426e+009 1.79436e+008 8.32766e+011 6.19402e+010
2.322 8.72508e+011 934082 7.43303e+011 8.70141e+010 3.39942e+009 1.81907e+008 8.33898e+011 3.861e+010
2.324 9.11375e+011 954660 7.45796e+011 8.5568e+010 3.47607e+009 1.84409e+008 8.35025e+011 7.63505e+010
2.327 8.92935e+011 944952 7.49493e+011 8.34279e+010 3.59387e+009 1.88219e+008 8.36703e+011 5.62316e+010
2.329 8.80222e+011 938202 7.51928e+011 8.20206e+010 3.67432e+009 1.90799e+008 8.37813e+011 4.2409e+010
2.331 8.7825e+011 937150 7.54338e+011 8.06287e+010 3.75634e+009 1.9341e+008 8.38917e+011 3.93334e+010
2.333 8.80611e+011 938409 7.56725e+011 7.92524e+010 3.83994e+009 1.96053e+008 8.40013e+011 4.05979e+010
2.335 8.82586e+011 939460 7.59086e+011 7.78916e+010 3.92516e+009 1.98728e+008 8.41102e+011 4.14837e+010
2.338 9.18546e+011 958408 7.62582e+011 7.58797e+010 4.05607e+009 2.02803e+008 8.42721e+011 7.58257e+010
2.34 8.92365e+011 944651 7.64881e+011 7.45578e+010 4.14544e+009 2.0556e+008 8.4379e+011 4.85748e+010
2.342 8.98423e+011 947852 7.67155e+011 7.32515e+010 4.2365e+009 2.08351e+008 8.44851e+011 5.3572e+010
2.344 8.85666e+011 941098 7.69402e+011 7.19608e+010 4.32929e+009 2.11176e+008 8.45904e+011 3.97622e+010
2.347 8.84054e+011 940241 7.72725e+011 7.00538e+010 4.47178e+009 2.15478e+008 8.47466e+011 3.65877e+010
2.349 9.11106e+011 954519 7.74907e+011 6.88018e+010 4.56901e+009 2.18389e+008 8.48496e+011 6.26096e+010
2.351 8.88969e+011 942852 7.77062e+011 6.75654e+010 4.66806e+009 2.21335e+008 8.49517e+011 3.94525e+010
2.353 8.79785e+011 937968 7.7919e+011 6.63444e+010 4.76895e+009 2.24317e+008 8.50528e+011 2.92566e+010
2.356 8.50728e+011 922349 7.82332e+011 6.45418e+010 4.92382e+009 2.28856e+008 8.52026e+011 -1.29783e+009
2.358 8.75026e+011 935428 7.84391e+011 6.33592e+010 5.02945e+009 2.31928e+008 8.53012e+011 2.20144e+010
2.36 8.95244e+011 946173 7.86423e+011 6.21921e+010 5.13703e+009 2.35037e+008 8.53987e+011 4.12569e+010
2.362 9.11827e+011 954896 7.88427e+011 6.10401e+010 5.24657e+009 2.38182e+008 8.54951e+011 5.68754e+010
2.365 8.86748e+011 941673 7.91379e+011 5.93408e+010 5.41465e+009 2.42971e+008 8.56377e+011 3.03704e+010
2.367 8.91333e+011 944104 7.93311e+011 5.82268e+010 5.52924e+009 2.46211e+008 8.57313e+011 3.40193e+010
2.369 8.81224e+011 938736 7.95214e+011 5.7128e+010 5.64591e+009 2.49489e+008 8.58238e+011 2.29866e+010
2.372 8.71393e+011 933484 7.98015e+011 5.55078e+010 5.82485e+009 2.5448e+008 8.59602e+011 1.17912e+010
2.374 8.74057e+011 934910 7.99845e+011 5.44464e+010 5.94681e+009 2.57856e+008 8.60496e+011 1.3561e+010
2.376 8.46129e+011 919852 8.01645e+011 5.33998e+010 6.07095e+009 2.61272e+008 8.61377e+011 -1.52484e+010
2.378 8.69257e+011 932339 8.03415e+011 5.2368e+010 6.19729e+009 2.64728e+008 8.62245e+011 7.01159e+009
2.381 8.86236e+011 941401 8.06014e+011 5.08479e+010 6.39099e+009 2.69988e+008 8.63523e+011 2.27138e+010
2.383 8.86998e+011 941806 8.07708e+011 4.98526e+010 6.52297e+009 2.73546e+008 8.64357e+011 2.26403e+010
2.385 8.9284e+011 944902 8.09372e+011 4.88719e+010 6.65724e+009 2.77146e+008 8.65178e+011 2.76618e+010
2.388 8.9673e+011 946958 8.1181e+011 4.74279e+010 6.86305e+009 2.82625e+008 8.66383e+011 3.0347e+010
2.39 8.88882e+011 942805 8.13396e+011 4.6483e+010 7.00323e+009 2.8633e+008 8.67168e+011 2.17134e+010
2.392 9.15658e+011 956900 8.1495e+011 4.55523e+010 7.14582e+009 2.90079e+008 8.67938e+011 4.77192e+010
2.395 8.76907e+011 936433 8.17223e+011 4.41827e+010 7.3643e+009 2.95783e+008 8.69066e+011 7.84136e+009
2.397 8.7345e+011 934585 8.18698e+011 4.3287e+010 7.51306e+009 2.99641e+008 8.69798e+011 3.65193e+009
2.399 9.21789e+011 960098 8.20141e+011 4.24052e+010 7.66434e+009 3.03543e+008 8.70515e+011 5.12744e+010
2.402 9.03729e+011 950647 8.22246e+011 4.11082e+010 7.89607e+009 3.09481e+008 8.71559e+011 3.21694e+010
2.404 8.88672e+011 942694 8.23608e+011 4.02605e+010 8.05379e+009 3.13497e+008 8.72236e+011 1.64364e+010
2.407 9.00772e+011 949090 8.2559e+011 3.90141e+010 8.29533e+009 3.19606e+008 8.73219e+011 2.75523e+010
2.409 8.71568e+011 933578 8.26871e+011 3.81998e+010 8.4597e+009 3.23738e+008 8.73854e+011 -2.28612e+009
2.411 8.87891e+011 942280 8.28118e+011 3.73988e+010 8.62679e+009 3.27916e+008 8.74471e+011 1.34196e+010
2.414 8.98734e+011 948016 8.29926e+011 3.62216e+010 8.88257e+009 3.34273e+008 8.75365e+011 2.33696e+010
2.416 9.06074e+011 951879 8.3109e+011 3.5453e+010 9.05659e+009 3.38571e+008 8.75938e+011 3.01361e+010
2.418 9.08583e+011 953196 8.32221e+011 3.46971e+010 9.23343e+009 3.42918e+008 8.76494e+011 3.20892e+010
2.421 9.1142e+011 954683 8.33853e+011 3.3587e+010 9.50406e+009 3.4953e+008 8.77293e+011 3.41264e+010
2.423 9.15145e+011 956632 8.34898e+011 3.28626e+010 9.68811e+009 3.54001e+008 8.77803e+011 3.73421e+010
2.426 8.39593e+011 916293 8.36403e+011 3.1799e+010 9.96972e+009 3.60801e+008 8.78532e+011 -3.89398e+010
2.428 8.82027e+011 939163 8.37363e+011 3.11052e+010 1.01612e+010 3.65398e+008 8.78995e+011 3.03227e+009
2.43 8.98116e+011 947690 8.38289e+011 3.04234e+010 1.03557e+010 3.70047e+008 8.79438e+011 1.86779e+010
2.433 8.97695e+011 947468 8.39613e+011 2.9423e+010 1.06532e+010 3.77118e+008 8.80066e+011 1.76287e+010
2.435 8.93443e+011 945221 8.40452e+011 2.87707e+010 1.08554e+010 3.81897e+008 8.8046e+011 1.29828e+010
2.438 9.04983e+011 951306 8.41646e+011 2.78141e+010 1.11646e+010 3.89166e+008 8.81014e+011 2.39692e+010
2.44 8.79075e+011 937590 8.42398e+011 2.71905e+010 1.13747e+010 3.94079e+008 8.81358e+011 -2.28251e+009
2.443 9.12301e+011 955144 8.43461e+011 2.62764e+010 1.16959e+010 4.01551e+008 8.81835e+011 3.0466e+010
2.445 9.00345e+011 948865 8.44125e+011 2.56808e+010 1.19142e+010 4.06601e+008 8.82127e+011 1.82176e+010
2.447 8.91343e+011 944110 8.44755e+011 2.50961e+010 1.21357e+010 4.11706e+008 8.82398e+011 8.94496e+009
2.45 8.84193e+011 940315 8.45632e+011 2.42394e+010 1.24744e+010 4.1947e+008 8.82765e+011 1.42732e+009
2.452 8.68119e+011 931729 8.46173e+011 2.36815e+010 1.27043e+010 4.24717e+008 8.82984e+011 -1.48649e+010
2.455 8.60751e+011 927767 8.46918e+011 2.28643e+010 1.30557e+010 4.32695e+008 8.8327e+011 -2.25191e+010
2.457 8.75233e+011 935539 8.4737e+011 2.23324e+010 1.32943e+010 4.38086e+008 8.83434e+011 -8.20158e+009
2.46 8.69253e+011 932337 8.47981e+011 2.15535e+010 1.36588e+010 4.46283e+008 8.83639e+011 -1.4386e+010
2.462 9.22606e+011 960524 8.48343e+011 2.10467e+010 1.39062e+010 4.51822e+008 8.83748e+011 3.88583e+010
2.465 8.9031e+011 943562 8.4882e+011 2.03049e+010 1.42841e+010 4.60243e+008 8.8387e+011 6.44046e+009
2.467 8.99493e+011 948416 8.49093e+011 1.98224e+010 1.45406e+010 4.65932e+008 8.83922e+011 1.55711e+010
2.47 8.80674e+011 938442 8.49436e+011 1.91164e+010 1.49322e+010 4.74582e+008 8.83959e+011 -3.28553e+009
2.472 8.72725e+011 934198 8.49619e+011 1.86574e+010 1.51979e+010 4.80426e+008 8.83955e+011 -1.12298e+010
2.475 8.53352e+011 923771 8.49827e+011 1.79861e+010 1.56035e+010 4.89309e+008 8.83906e+011 -3.05538e+010
2.477 8.60802e+011 927794 8.49921e+011 1.75498e+010 1.58787e+010 4.95311e+008 8.83844e+011 -2.30425e+010
2.48 8.35832e+011 914238 8.49994e+011 1.69118e+010 1.62986e+010 5.04433e+008 8.83708e+011 -4.78767e+010
2.482 8.29601e+011 910825 8.49997e+011 1.64973e+010 1.65835e+010 5.10596e+008 8.83588e+011 -5.3987e+010
2.485 8.42699e+011 917986 8.49935e+011 1.58915e+010 1.7018e+010 5.19962e+008 8.83365e+011 -4.0666e+010
2.487 8.402e+011 916624 8.49849e+011 1.54981e+010 1.73127e+010 5.26289e+008 8.83186e+011 -4.29853e+010
2.49 9.04081e+011 950832 8.49652e+011 1.49233e+010 1.77622e+010 5.35905e+008 8.82873e+011 2.12082e+010
2.492 9.03801e+011 950684 8.49475e+011 1.45501e+010 1.80668e+010 5.424e+008 8.82635e+011 2.11658e+010
2.495 8.77968e+011 936999 8.49144e+011 1.40051e+010 1.85315e+010 5.5227e+008 8.82233e+011 -4.2648e+009
2.498 8.64265e+011 929659 8.48731e+011 1.34774e+010 1.90055e+010 5.62296e+008 8.81777e+011 -1.7511e+010
2.5 8.2639e+011 909060 8.48412e+011 1.31351e+010 1.93266e+010 5.69067e+008 8.81442e+011 -5.50527e+010
2.503 8.80574e+011 938389 8.47865e+011 1.26353e+010 1.98162e+010 5.79356e+008 8.80896e+011 -3.2162e+008
2.505 8.74964e+011 935395 8.47456e+011 1.23112e+010 2.01479e+010 5.86304e+008 8.80501e+011 -5.53672e+009
2.508 8.89822e+011 943304 8.46775e+011 1.18383e+010 2.06535e+010 5.96861e+008 8.79864e+011 9.95842e+009
2.51 8.59039e+011 926844 8.46277e+011 1.15317e+010 2.09959e+010 6.03991e+008 8.79408e+011 -2.03693e+010
2.513 8.83522e+011 939959 8.45463e+011 1.10845e+010 2.15176e+010 6.14822e+008 8.7868e+011 4.84241e+009
2.516 8.61619e+011 928234 8.4457e+011 1.06522e+010 2.20491e+010 6.25821e+008 8.77897e+011 -1.62776e+010
2.518 8.42998e+011 918149 8.4393e+011 1.03721e+010 2.2409e+010 6.33248e+008 8.77344e+011 -3.43458e+010
2.521 8.61759e+011 928310 8.42904e+011 9.96373e+009 2.29572e+010 6.4453e+008 8.76469e+011 -1.47102e+010
2.523 8.54338e+011 924304 8.42176e+011 9.69924e+009 2.33283e+010 6.52147e+008 8.75856e+011 -2.15178e+010
2.526 7.68475e+011 876627 8.41019e+011 9.31383e+009 2.38933e+010 6.63718e+008 8.7489e+011 -1.06415e+011
2.529 7.67839e+011 876264 8.39784e+011 8.94168e+009 2.44685e+010 6.75465e+008 8.73869e+011 -1.0603e+011
2.531 7.36735e+011 858333 8.38916e+011 8.70077e+009 2.48577e+010 6.83396e+008 8.73158e+011 -1.36424e+011
2.534 8.01222e+011 895110 8.37551e+011 8.34993e+009 2.54502e+010 6.95441e+008 8.72047e+011 -7.08244e+010
2.537 7.68361e+011 876562 8.36108e+011 8.01139e+009 2.6053e+010 7.07668e+008 8.7088e+011 -1.02519e+011
2.539 8.10249e+011 900138 8.35103e+011 7.79237e+009 2.64608e+010 7.15922e+008 8.70072e+011 -5.98236e+010
2.542 9.92754e+011 996370 8.33532e+011 7.47358e+009 2.70812e+010 7.28457e+008 8.68816e+011 1.23938e+011
2.544 1.08375e+012 1.04104e+006 8.32443e+011 7.26741e+009 2.75007e+010 7.36917e+008 8.67948e+011 2.15807e+011
2.547 9.58896e+011 979232 8.30745e+011 6.96743e+009 2.81389e+010 7.49765e+008 8.66601e+011 9.22955e+010
2.55 1.0767e+012 1.03764e+006 8.28971e+011 6.67831e+009 2.87878e+010 7.62805e+008 8.652e+011 2.11495e+011
2.552 9.61117e+011 980366 8.27747e+011 6.49142e+009 2.92264e+010 7.71605e+008 8.64237e+011 9.68804e+010
2.555 9.58335e+011 978946 8.25849e+011 6.21967e+009 2.98933e+010 7.84968e+008 8.62747e+011 9.55883e+010
2.558 9.12332e+011 955161 8.23877e+011 5.95793e+009 3.05711e+010 7.98528e+008 8.61204e+011 5.11277e+010
2.561 9.09427e+011 953639 8.21831e+011 5.70589e+009 3.12598e+010 8.12286e+008 8.59609e+011 4.98186e+010
2.563 8.92082e+011 944501 8.20426e+011 5.54311e+009 3.17251e+010 8.21571e+008 8.58516e+011 3.35658e+010
2.566 9.12291e+011 955139 8.18259e+011 5.30659e+009 3.24322e+010 8.35666e+008 8.56833e+011 5.54572e+010
2.569 9.19778e+011 959051 8.1602e+011 5.079e+009 3.31503e+010 8.49967e+008 8.55099e+011 6.46795e+010
2.571 9.38823e+011 968929 8.14487e+011 4.93209e+009 3.36352e+010 8.59616e+008 8.53914e+011 8.49085e+010
2.574 9.58549e+011 979055 8.12129e+011 4.71876e+009 3.43719e+010 8.74264e+008 8.52094e+011 1.06455e+011
2.577 9.41938e+011 970535 8.09701e+011 4.51361e+009 3.51197e+010 8.89123e+008 8.50224e+011 9.17141e+010
2.58 9.75707e+011 987779 8.07203e+011 4.3164e+009 3.58788e+010 9.04195e+008 8.48303e+011 1.27405e+011
2.582 9.45283e+011 972257 8.055e+011 4.1892e+009 3.6391e+010 9.14363e+008 8.46994e+011 9.82892e+010
2.585 9.47678e+011 973487 8.02887e+011 4.00463e+009 3.71687e+010 9.29796e+008 8.4499e+011 1.02687e+011
2.588 9.23996e+011 961247 8.00207e+011 3.82731e+009 3.79577e+010 9.45449e+008 8.42938e+011 8.10583e+010
2.591 8.96856e+011 947025 7.9746e+011 3.657e+009 3.87579e+010 9.61324e+008 8.40836e+011 5.60197e+010
2.593 8.37017e+011 914886 7.95592e+011 3.54725e+009 3.92976e+010 9.72032e+008 8.39409e+011 -2.3915e+009
2.596 8.81661e+011 938968 7.92734e+011 3.38811e+009 4.01167e+010 9.88282e+008 8.37227e+011 4.4433e+010
2.599 8.95865e+011 946501 7.89812e+011 3.23536e+009 4.09469e+010 1.00476e+009 8.34999e+011 6.08656e+010
2.602 9.4899e+011 974161 7.86826e+011 3.0888e+009 4.17885e+010 1.02147e+009 8.32725e+011 1.16266e+011
2.604 8.91651e+011 944273 7.848e+011 2.99441e+009 4.23557e+010 1.03274e+009 8.31183e+011 6.04685e+010
2.607 8.9308e+011 945029 7.81708e+011 2.85767e+009 4.3216e+010 1.04984e+009 8.28832e+011 6.42482e+010
2.61 8.76625e+011 936283 7.78555e+011 2.72655e+009 4.40875e+010 1.06717e+009 8.26436e+011 5.01892e+010
2.613 8.71927e+011 933770 7.7534e+011 2.60084e+009 4.49702e+010 1.08475e+009 8.23996e+011 4.79312e+010
2.616 8.98241e+011 947756 7.72065e+011 2.48037e+009 4.58641e+010 1.10256e+009 8.21512e+011 7.67285e+010
2.618 8.66841e+011 931043 7.69849e+011 2.40286e+009 4.64663e+010 1.11458e+009 8.19832e+011 4.70085e+010
2.621 8.33495e+011 912959 7.66475e+011 2.29067e+009 4.73787e+010 1.1328e+009 8.17278e+011 1.62172e+010
2.624 8.11659e+011 900921 7.63044e+011 2.18323e+009 4.83022e+010 1.15128e+009 8.14681e+011 -3.02157e+009
2.627 8.22108e+011 906701 7.59556e+011 2.08034e+009 4.92368e+010 1.17e+009 8.12043e+011 1.00648e+010
2.63 7.77473e+011 881744 7.56011e+011 1.98185e+009 5.01823e+010 1.18898e+009 8.09364e+011 -3.18914e+010
2.633 7.70463e+011 877760 7.52412e+011 1.88759e+009 5.11388e+010 1.20821e+009 8.06646e+011 -3.61835e+010
2.636 7.71652e+011 878437 7.48758e+011 1.79741e+009 5.2106e+010 1.2277e+009 8.03889e+011 -3.2237e+010
2.638 7.79399e+011 882836 7.46292e+011 1.73946e+009 5.27569e+010 1.24084e+009 8.0203e+011 -2.26302e+010
2.641 8.11766e+011 900980 7.4255e+011 1.65572e+009 5.37421e+010 1.26077e+009 7.99209e+011 1.25567e+010
2.644 7.50168e+011 866123 7.38757e+011 1.57564e+009 5.47379e+010 1.28096e+009 7.96351e+011 -4.61831e+010
2.647 7.72727e+011 879049 7.34913e+011 1.4991e+009 5.57444e+010 1.30142e+009 7.93458e+011 -2.07306e+010
2.65 7.94094e+011 891120 7.31019e+011 1.42594e+009 5.67612e+010 1.32214e+009 7.90528e+011 3.56612e+009
2.653 8.76786e+011 936369 7.27076e+011 1.35605e+009 5.77885e+010 1.34314e+009 7.87564e+011 8.9222e+010
2.656 8.97852e+011 947550 7.23086e+011 1.28928e+009 5.8826e+010 1.36442e+009 7.84566e+011 1.13286e+011
2.659 8.98856e+011 948080 7.1905e+011 1.22552e+009 5.98736e+010 1.38597e+009 7.81535e+011 1.17322e+011
2.662 8.77718e+011 936866 7.14967e+011 1.16465e+009 6.09313e+010 1.4078e+009 7.78471e+011 9.92467e+010
2.664 8.95647e+011 946386 7.12221e+011 1.12561e+009 6.16419e+010 1.42251e+009 7.76411e+011 1.19236e+011
2.667 8.91633e+011 944263 7.08065e+011 1.06929e+009 6.2716e+010 1.44482e+009 7.73295e+011 1.18338e+011
2.67 8.3708e+011 914921 7.03866e+011 1.01556e+009 6.37998e+010 1.46741e+009 7.70149e+011 6.69306e+010
2.673 8.29649e+011 910851 6.99626e+011 9.64301e+008 6.48931e+010 1.49028e+009 7.66973e+011 6.26757e+010
2.676 7.77224e+011 881603 6.95345e+011 9.15422e+008 6.59958e+010 1.51345e+009 7.63769e+011 1.3455e+010
2.679 7.41031e+011 860831 6.91024e+011 8.68822e+008 6.71077e+010 1.53692e+009 7.60537e+011 -1.95064e+010
2.682 8.02489e+011 895818 6.86664e+011 8.24404e+008 6.82287e+010 1.56068e+009 7.57278e+011 4.52109e+010
2.685 7.66099e+011 875271 6.82267e+011 7.82078e+008 6.93586e+010 1.58474e+009 7.53993e+011 1.21065e+010
2.688 7.92511e+011 890231 6.77834e+011 7.41754e+008 7.04973e+010 1.60909e+009 7.50682e+011 4.18285e+010
2.691 7.82819e+011 884770 6.73365e+011 7.03349e+008 7.16444e+010 1.63376e+009 7.47347e+011 3.54716e+010
2.694 8.12835e+011 901573 6.68863e+011 6.66778e+008 7.28e+010 1.65873e+009 7.43988e+011 6.88466e+010
2.697 7.60385e+011 872001 6.64326e+011 6.31965e+008 7.39637e+010 1.68401e+009 7.40606e+011 1.97792e+010
2.7 8.2337e+011 907397 6.59758e+011 5.98831e+008 7.51353e+010 1.7096e+009 7.37202e+011 8.61676e+010
2.703 7.66559e+011 875533 6.55159e+011 5.67305e+008 7.63147e+010 1.7355e+009 7.33777e+011 3.2782e+010
2.706 7.64515e+011 874366 6.5053e+011 5.37315e+008 7.75016e+010 1.76172e+009 7.30331e+011 3.41848e+010
2.709 7.47853e+011 864785 6.45872e+011 5.08793e+008 7.86959e+010 1.78826e+009 7.26865e+011 2.09879e+010
2.712 7.2579e+011 851933 6.41186e+011 4.81676e+008 7.98972e+010 1.81512e+009 7.2338e+011 2.40993e+009
2.715 7.36454e+011 858169 6.36474e+011 4.55898e+008 8.11054e+010 1.84231e+009 7.19878e+011 1.65766e+010
2.718 7.80048e+011 883203 6.31736e+011 4.31402e+008 8.23202e+010 1.86982e+009 7.16358e+011 6.36903e+010
2.721 7.48241e+011 865009 6.26974e+011 4.08128e+008 8.35414e+010 1.89766e+009 7.12821e+011 3.542e+010
2.724 7.15226e+011 845710 6.22188e+011 3.86021e+008 8.47686e+010 1.92583e+009 7.09269e+011 5.95673e+009
2.727 6.94393e+011 833302 6.1738e+011 3.65027e+008 8.60018e+010 1.95434e+009 7.05701e+011 -1.13089e+010
2.731 7.12554e+011 844129 6.10937e+011 3.38681e+008 8.76545e+010 1.99287e+009 7.00923e+011 1.16306e+010
2.734 6.89605e+011 830424 6.06081e+011 3.2009e+008 8.89003e+010 2.02216e+009 6.97324e+011 -7.71881e+009
2.737 7.66943e+011 875753 6.01207e+011 3.02451e+008 9.01509e+010 2.05179e+009 6.93712e+011 7.32312e+010
2.74 7.3434e+011 856936 5.96315e+011 2.85719e+008 9.14062e+010 2.08177e+009 6.90088e+011 4.42514e+010
2.743 7.30779e+011 854856 5.91406e+011 2.6985e+008 9.26658e+010 2.1121e+009 6.86454e+011 4.43251e+010
2.746 6.96196e+011 834383 5.86482e+011 2.54804e+008 9.39295e+010 2.14278e+009 6.82809e+011 1.33864e+010
2.749 6.456e+011 803492 5.81544e+011 2.40542e+008 9.5197e+010 2.1738e+009 6.79155e+011 -3.35548e+010
2.752 6.63832e+011 814759 5.76592e+011 2.27026e+008 9.64679e+010 2.20518e+009 6.75492e+011 -1.16598e+010
2.755 6.529e+011 808023 5.71628e+011 2.1422e+008 9.77419e+010 2.23692e+009 6.71821e+011 -1.89203e+010
2.759 7.18396e+011 847582 5.64992e+011 1.98191e+008 9.94449e+010 2.2798e+009 6.66914e+011 5.14815e+010
2.762 6.81943e+011 825798 5.60003e+011 1.86912e+008 1.00725e+011 2.31238e+009 6.63227e+011 1.87155e+010
2.765 6.86678e+011 828660 5.55005e+011 1.76234e+008 1.02007e+011 2.34532e+009 6.59534e+011 2.71439e+010
2.768 6.87977e+011 829444 5.5e+011 1.66128e+008 1.03291e+011 2.37863e+009 6.55836e+011 3.21415e+010
2.771 7.14262e+011 845140 5.44988e+011 1.56566e+008 1.04576e+011 2.41231e+009 6.52133e+011 6.21295e+010
2.774 7.16709e+011 846587 5.3997e+011 1.4752e+008 1.05862e+011 2.44636e+009 6.48426e+011 6.82834e+010
2.778 6.7573e+011 822028 5.33272e+011 1.36218e+008 1.07578e+011 2.49234e+009 6.43478e+011 3.22517e+010
2.781 6.76072e+011 822236 5.28245e+011 1.28279e+008 1.08865e+011 2.52726e+009 6.39765e+011 3.63068e+010
2.784 6.80636e+011 825007 5.23215e+011 1.20775e+008 1.10151e+011 2.56256e+009 6.3605e+011 4.45861e+010
2.787 7.36859e+011 858405 5.18184e+011 1.13684e+008 1.11438e+011 2.59825e+009 6.32333e+011 1.04526e+011
2.79 7.27573e+011 852979 5.13152e+011 1.06985e+008 1.12723e+011 2.63431e+009 6.28616e+011 9.89571e+010
2.794 7.26082e+011 852105 5.06444e+011 9.86272e+007 1.14435e+011 2.683e+009 6.2366e+011 1.02423e+011
2.797 7.31209e+011 855108 5.01414e+011 9.27655e+007 1.15716e+011 2.71997e+009 6.19943e+011 1.11266e+011
2.8 7.50368e+011 866238 4.96388e+011 8.72322e+007 1.16996e+011 2.75733e+009 6.16228e+011 1.3414e+011
2.803 7.86211e+011 886685 4.91364e+011 8.20102e+007 1.18272e+011 2.79508e+009 6.12514e+011 1.73697e+011
2.807 7.31531e+011 855296 4.84674e+011 7.55035e+007 1.1997e+011 2.84603e+009 6.07566e+011 1.23966e+011
2.81 6.86353e+011 828464 4.79663e+011 7.09456e+007 1.21239e+011 2.88471e+009 6.03858e+011 8.2495e+010
2.813 6.80601e+011 824986 4.74658e+011 6.66475e+007 1.22504e+011 2.92378e+009 6.00153e+011 8.0448e+010
2.816 6.7248e+011 820049 4.69661e+011 6.25955e+007 1.23765e+011 2.96326e+009 5.96452e+011 7.60275e+010
2.82 6.77097e+011 822859 4.63012e+011 5.75528e+007 1.25439e+011 3.01652e+009 5.91525e+011 8.55719e+010
2.823 6.9107e+011 831306 4.58035e+011 5.40248e+007 1.26688e+011 3.05694e+009 5.87834e+011 1.03235e+011
2.826 6.66437e+011 816356 4.53069e+011 5.07014e+007 1.27932e+011 3.09777e+009 5.8415e+011 8.22875e+010
2.83 7.18222e+011 847480 4.46465e+011 4.65694e+007 1.2958e+011 3.15284e+009 5.79245e+011 1.38977e+011
2.833 6.98818e+011 835953 4.41527e+011 4.36812e+007 1.30809e+011 3.19463e+009 5.75574e+011 1.23244e+011
2.836 6.81456e+011 825504 4.36601e+011 4.09628e+007 1.32031e+011 3.23683e+009 5.7191e+011 1.09547e+011
2.84 6.64661e+011 815267 4.30055e+011 3.75861e+007 1.33648e+011 3.29374e+009 5.67034e+011 9.76265e+010
2.843 6.51918e+011 807415 4.25163e+011 3.52281e+007 1.34852e+011 3.33692e+009 5.63387e+011 8.85319e+010
2.846 6.45572e+011 803475 4.20286e+011 3.30105e+007 1.36047e+011 3.38051e+009 5.59746e+011 8.58259e+010
2.85 6.44176e+011 802605 4.1381e+011 3.02585e+007 1.37627e+011 3.43929e+009 5.54906e+011 8.92699e+010
2.853 6.54734e+011 809157 4.08972e+011 2.83385e+007 1.388e+011 3.48387e+009 5.51285e+011 1.0345e+011
2.856 6.00823e+011 775128 4.04153e+011 2.65343e+007 1.39964e+011 3.52887e+009 5.47673e+011 5.31504e+010
2.86 5.64587e+011 751390 3.97757e+011 2.42974e+007 1.41501e+011 3.58954e+009 5.42871e+011 2.1716e+010
2.863 5.88107e+011 766881 3.92982e+011 2.27383e+007 1.4264e+011 3.63555e+009 5.39281e+011 4.88264e+010
2.867 5.90499e+011 768439 3.86648e+011 2.08066e+007 1.44142e+011 3.69755e+009 5.34509e+011 5.59904e+010
2.87 6.06537e+011 778805 3.81922e+011 1.9461e+007 1.45255e+011 3.74456e+009 5.30941e+011 7.5596e+010
2.874 6.46016e+011 803751 3.75655e+011 1.7795e+007 1.4672e+011 3.80792e+009 5.262e+011 1.19816e+011
2.877 6.48778e+011 805468 3.70981e+011 1.66353e+007 1.47804e+011 3.85594e+009 5.22657e+011 1.26121e+011
2.88 6.197e+011 787210 3.6633e+011 1.55476e+007 1.48875e+011 3.9044e+009 5.19124e+011 1.00576e+011
2.884 5.79517e+011 761260 3.60166e+011 1.42022e+007 1.50281e+011 3.9697e+009 5.14431e+011 6.50865e+010
2.887 5.83952e+011 764168 3.55571e+011 1.32665e+007 1.5132e+011 4.01919e+009 5.10924e+011 7.30283e+010
2.891 5.69677e+011 754769 3.49485e+011 1.21097e+007 1.52682e+011 4.08586e+009 5.06265e+011 6.34114e+010
2.894 5.77692e+011 760060 3.4495e+011 1.13058e+007 1.53687e+011 4.13637e+009 5.02785e+011 7.49066e+010
2.898 5.28303e+011 726845 3.38945e+011 1.03127e+007 1.55003e+011 4.20442e+009 4.98162e+011 3.0141e+010
2.901 5.224e+011 722772 3.34473e+011 9.62295e+006 1.55971e+011 4.25597e+009 4.94709e+011 2.7691e+010
2.905 4.88269e+011 698762 3.28553e+011 8.77138e+006 1.57237e+011 4.3254e+009 4.90123e+011 -1.85428e+009
2.908 4.98179e+011 705818 3.24145e+011 8.18034e+006 1.58166e+011 4.378e+009 4.86698e+011 1.14816e+010
2.912 5.11546e+011 715224 3.18314e+011 7.4511e+006 1.5938e+011 4.44883e+009 4.8215e+011 2.9396e+010
2.915 4.8653e+011 697517 3.13974e+011 6.94531e+006 1.60269e+011 4.50247e+009 4.78753e+011 7.77724e+009
2.919 4.83e+011 694982 3.08234e+011 6.32166e+006 1.61428e+011 4.57469e+009 4.74242e+011 8.75725e+009
2.922 5.06125e+011 711424 3.03964e+011 5.88938e+006 1.62275e+011 4.62939e+009 4.70874e+011 3.52504e+010
2.926 4.78174e+011 691501 2.98318e+011 5.35672e+006 1.63376e+011 4.70301e+009 4.66403e+011 1.17716e+010
2.929 5.20355e+011 721357 2.9412e+011 4.98775e+006 1.64179e+011 4.75876e+009 4.63064e+011 5.72918e+010
2.933 5.06013e+011 711346 2.88572e+011 4.53341e+006 1.6522e+011 4.8338e+009 4.58631e+011 4.73818e+010
2.937 4.94698e+011 703347 2.83081e+011 4.11877e+006 1.66226e+011 4.90964e+009 4.5422e+011 4.04772e+010
2.94 4.8475e+011 696240 2.79e+011 3.83184e+006 1.66957e+011 4.96705e+009 4.50927e+011 3.38231e+010
2.944 4.56662e+011 675768 2.73609e+011 3.47889e+006 1.67899e+011 5.0443e+009 4.46556e+011 1.01066e+010
2.947 4.56562e+011 675694 2.69605e+011 3.23481e+006 1.68581e+011 5.10278e+009 4.43292e+011 1.32703e+010
2.951 4.41847e+011 664716 2.64318e+011 2.93475e+006 1.69458e+011 5.18144e+009 4.3896e+011 2.88764e+009
2.955 4.353e+011 659773 2.5909e+011 2.66144e+006 1.70296e+011 5.26092e+009 4.3465e+011 6.50097e+008
2.958 4.40497e+011 663700 2.55209e+011 2.47263e+006 1.70899e+011 5.32106e+009 4.31432e+011 9.06496e+009
2.962 4.29605e+011 655443 2.50088e+011 2.24075e+006 1.71669e+011 5.40195e+009 4.27161e+011 2.444e+009
2.965 4.27981e+011 654203 2.46287e+011 2.08068e+006 1.7222e+011 5.46315e+009 4.23972e+011 4.00873e+009
2.969 4.35082e+011 659607 2.41273e+011 1.88421e+006 1.7292e+011 5.54546e+009 4.1974e+011 1.53415e+010
2.973 4.18407e+011 646844 2.36321e+011 1.7056e+006 1.73579e+011 5.62858e+009 4.1553e+011 2.87653e+009
2.977 4.09186e+011 639677 2.31432e+011 1.5433e+006 1.74196e+011 5.7125e+009 4.11342e+011 -2.15562e+009
2.98 4.13362e+011 642933 2.27806e+011 1.4314e+006 1.74632e+011 5.77597e+009 4.08215e+011 5.14762e+009
2.984 4.14722e+011 643989 2.23026e+011 1.29426e+006 1.75176e+011 5.8613e+009 4.04064e+011 1.06578e+010
2.988 4.27887e+011 654131 2.1831e+011 1.16979e+006 1.75677e+011 5.94744e+009 3.99936e+011 2.79514e+010
2.991 4.03085e+011 634889 2.14815e+011 1.08406e+006 1.76025e+011 6.01257e+009 3.96853e+011 6.23139e+009
2.995 4.18787e+011 647137 2.1021e+011 979100 1.76451e+011 6.10011e+009 3.92762e+011 2.60246e+010
2.999 3.87551e+011 622536 2.05669e+011 883942 1.76833e+011 6.18845e+009 3.88692e+011 -1.14072e+009
3.003 3.86701e+011 621853 2.01192e+011 797707 1.77172e+011 6.27758e+009 3.84643e+011 2.05821e+009
3.006 3.81776e+011 617880 1.97877e+011 738401 1.77397e+011 6.34495e+009 3.8162e+011 1.56407e+008
3.01 3.90436e+011 624849 1.93512e+011 665889 1.77659e+011 6.43548e+009 3.77607e+011 1.28288e+010
3.014 3.94496e+011 628090 1.89212e+011 600253 1.77876e+011 6.52679e+009 3.73615e+011 2.08815e+010
3.018 3.8958e+011 624163 1.84976e+011 540866 1.78048e+011 6.6189e+009 3.69643e+011 1.99364e+010
3.021 3.7543e+011 612724 1.81841e+011 500081 1.78148e+011 6.68849e+009 3.66678e+011 8.75218e+009
3.025 3.75385e+011 612687 1.77717e+011 450283 1.78243e+011 6.78196e+009 3.62742e+011 1.26434e+010
3.029 3.63352e+011 602787 1.73657e+011 405279 1.78292e+011 6.87621e+009 3.58826e+011 4.52631e+009
3.033 3.33138e+011 577181 1.69662e+011 364624 1.78296e+011 6.97124e+009 3.5493e+011 -2.17914e+010
3.037 3.58106e+011 598419 1.6573e+011 327914 1.78256e+011 7.06703e+009 3.51053e+011 7.05273e+009
3.041 3.56205e+011 596829 1.61862e+011 294779 1.78171e+011 7.16359e+009 3.47196e+011 9.00851e+009
3.044 3.69506e+011 607870 1.59002e+011 272071 1.78077e+011 7.23651e+009 3.44316e+011 2.51901e+010
3.048 3.64883e+011 604055 1.55245e+011 244405 1.77914e+011 7.3344e+009 3.40494e+011 2.43893e+010
3.052 3.58912e+011 599093 1.51551e+011 219462 1.77706e+011 7.43305e+009 3.3669e+011 2.2222e+010
3.056 3.494e+011 591101 1.4792e+011 196985 1.77453e+011 7.53244e+009 3.32906e+011 1.64946e+010
3.06 3.51449e+011 592831 1.44351e+011 176737 1.77156e+011 7.63258e+009 3.2914e+011 2.23084e+010
3.064 3.38071e+011 581439 1.40845e+011 158506 1.76815e+011 7.73345e+009 3.25394e+011 1.26772e+010
3.068 3.29872e+011 574345 1.37401e+011 142098 1.76431e+011 7.83506e+009 3.21666e+011 8.20608e+009
3.072 3.13535e+011 559942 1.34018e+011 127336 1.76002e+011 7.93738e+009 3.17957e+011 -4.42274e+009
3.076 3.07417e+011 554452 1.30696e+011 114061 1.75531e+011 8.04043e+009 3.14267e+011 -6.84997e+009
3.079 3.0793e+011 554915 1.28244e+011 104994 1.75149e+011 8.11819e+009 3.11512e+011 -3.58163e+009
3.083 2.94527e+011 542703 1.25029e+011 93981 1.74603e+011 8.22248e+009 3.07855e+011 -1.33278e+010
3.087 3.04177e+011 551523 1.21873e+011 84089.1 1.74015e+011 8.32747e+009 3.04216e+011 -3.82325e+007
3.091 2.99319e+011 547101 1.18777e+011 75207.7 1.73385e+011 8.43315e+009 3.00595e+011 -1.27599e+009
3.095 3.17077e+011 563096 1.1574e+011 67237 1.72714e+011 8.53952e+009 2.96994e+011 2.00832e+010
3.099 3.28673e+011 573300 1.12761e+011 60086.5 1.72003e+011 8.64657e+009 2.9341e+011 3.5263e+010
3.103 3.26567e+011 571460 1.0984e+011 53674.5 1.71251e+011 8.75428e+009 2.89845e+011 3.67211e+010
3.107 3.26174e+011 571116 1.06977e+011 47927.2 1.70459e+011 8.86266e+009 2.86299e+011 3.98743e+010
3.111 3.12666e+011 559165 1.04171e+011 42777.9 1.69629e+011 8.97169e+009 2.82772e+011 2.98942e+010
3.115 2.93522e+011 541777 1.01422e+011 38166.2 1.68759e+011 9.08136e+009 2.79263e+011 1.42595e+010
3.12 2.80328e+011 529460 9.80632e+010 33075.4 1.6762e+011 9.21935e+009 2.74903e+011 5.42575e+009
3.124 2.72957e+011 522453 9.54385e+010 29482.7 1.66667e+011 9.33044e+009 2.71436e+011 1.52181e+009
3.128 2.65425e+011 515194 9.28682e+010 26269.4 1.65677e+011 9.44214e+009 2.67988e+011 -2.5628e+009
3.132 2.63062e+011 512896 9.03519e+010 23396.9 1.64652e+011 9.55444e+009 2.64558e+011 -1.49642e+009
3.136 2.65201e+011 514977 8.78889e+010 20829.9 1.63592e+011 9.66734e+009 2.61148e+011 4.05252e+009
3.14 2.59153e+011 509071 8.54786e+010 18537.1 1.62498e+011 9.78082e+009 2.57757e+011 1.39594e+009
3.144 2.61441e+011 511313 8.31202e+010 16489.8 1.61371e+011 9.89488e+009 2.54386e+011 7.05526e+009
3.148 2.60877e+011 510761 8.08133e+010 14662.7 1.60211e+011 1.00095e+010 2.51033e+011 9.84312e+009
3.152 2.49376e+011 499376 7.8557e+010 13032.8 1.59019e+011 1.01247e+010 2.47701e+011 1.67565e+009
3.156 2.53175e+011 503165 7.63509e+010 11579.3 1.57796e+011 1.02404e+010 2.44388e+011 8.78689e+009
3.161 2.30329e+011 479926 7.36625e+010 9982.46 1.56226e+011 1.03857e+010 2.40275e+011 -9.94545e+009
3.165 2.24169e+011 473464 7.15666e+010 8861.01 1.54937e+011 1.05026e+010 2.37007e+011 -1.2838e+010
3.169 2.47024e+011 497015 6.95184e+010 7862.34 1.5362e+011 1.062e+010 2.33759e+011 1.32654e+010
3.173 2.30315e+011 479911 6.75175e+010 6973.38 1.52276e+011 1.07378e+010 2.30532e+011 -2.17054e+008
3.177 2.25792e+011 475176 6.5563e+010 6182.41 1.50906e+011 1.08562e+010 2.27325e+011 -1.53349e+009
3.182 2.18532e+011 467474 6.31843e+010 5315.59 1.49158e+011 1.10047e+010 2.23347e+011 -4.81486e+009
3.186 2.20659e+011 469744 6.13319e+010 4708.34 1.47732e+011 1.11241e+010 2.20188e+011 4.71466e+008
3.19 2.21834e+011 470992 5.95237e+010 4168.75 1.46283e+011 1.12439e+010 2.1705e+011 4.78324e+009
3.194 2.19346e+011 468344 5.77591e+010 3689.5 1.44811e+011 1.13641e+010 2.13934e+011 5.41157e+009
3.199 1.96296e+011 443053 5.56134e+010 3165.34 1.42942e+011 1.15149e+010 2.1007e+011 -1.37741e+010
3.203 1.9807e+011 445051 5.39441e+010 2798.88 1.41424e+011 1.1636e+010 2.07004e+011 -8.93412e+009
3.207 1.98818e+011 445890 5.23161e+010 2473.83 1.39887e+011 1.17574e+010 2.03961e+011 -5.14239e+009
3.211 1.83849e+011 428776 5.07286e+010 2185.64 1.38332e+011 1.18792e+010 2.0094e+011 -1.70912e+010
3.216 1.84212e+011 429199 4.88002e+010 1871.07 1.36364e+011 1.2032e+010 1.97196e+011 -1.29846e+010
3.22 1.80515e+011 424870 4.73013e+010 1651.58 1.34772e+011 1.21545e+010 1.94227e+011 -1.37128e+010
3.224 1.82883e+011 427649 4.58408e+010 1457.25 1.33164e+011 1.22774e+010 1.91282e+011 -8.39904e+009
3.229 1.74709e+011 417982 4.40678e+010 1245.45 1.31136e+011 1.24313e+010 1.87635e+011 -1.29255e+010
3.233 1.62175e+011 402710 4.26909e+010 1097.89 1.29498e+011 1.25548e+010 1.84744e+011 -2.25689e+010
3.238 1.72146e+011 414904 4.10202e+010 937.247 1.27435e+011 1.27096e+010 1.81165e+011 -9.01938e+009
3.242 1.58656e+011 398316 3.97233e+010 825.449 1.25773e+011 1.28336e+010 1.7833e+011 -1.9674e+010
3.246 1.50269e+011 387645 3.84609e+010 726.689 1.24101e+011 1.29578e+010 1.75519e+011 -2.52504e+010
3.251 1.58054e+011 397560 3.69304e+010 619.332 1.21999e+011 1.31134e+010 1.72043e+011 -1.39883e+010
3.255 1.64962e+011 406155 3.57431e+010 544.733 1.20309e+011 1.32381e+010 1.6929e+011 -4.32824e+009
3.26 1.61079e+011 401346 3.43044e+010 463.724 1.18187e+011 1.33942e+010 1.65886e+011 -4.80701e+009
3.264 1.5493e+011 393611 3.31889e+010 407.494 1.16484e+011 1.35192e+010 1.63192e+011 -8.26209e+009
3.268 1.54686e+011 393301 3.21042e+010 357.937 1.14776e+011 1.36443e+010 1.60525e+011 -5.83902e+009
3.273 1.48278e+011 385069 3.07907e+010 304.202 1.12637e+011 1.38008e+010 1.57229e+011 -8.95104e+009
3.277 1.48193e+011 384958 2.97731e+010 266.962 1.10923e+011 1.39261e+010 1.54622e+011 -6.42966e+009
3.282 1.43119e+011 378310 2.85414e+010 226.625 1.08779e+011 1.40829e+010 1.51403e+011 -8.28426e+009
3.286 1.3414e+011 366251 2.75876e+010 198.699 1.07063e+011 1.42083e+010 1.48859e+011 -1.47192e+010
3.291 1.3726e+011 370486 2.64338e+010 168.483 1.04919e+011 1.43651e+010 1.45718e+011 -8.45765e+009
3.295 1.33117e+011 364853 2.55407e+010 147.586 1.03205e+011 1.44905e+010 1.43236e+011 -1.01189e+010
3.3 1.34417e+011 366630 2.44608e+010 124.999 1.01067e+011 1.46473e+010 1.40175e+011 -5.75739e+009
3.305 1.3758e+011 370918 2.34203e+010 105.801 9.89335e+010 1.4804e+010 1.37158e+011 4.22526e+008
3.309 1.34978e+011 367393 2.26156e+010 92.5465 9.72319e+010 1.49292e+010 1.34777e+011 2.00747e+008
3.314 1.30199e+011 360831 2.16434e+010 78.2433 9.51124e+010 1.50857e+010 1.31841e+011 -1.64241e+009
3.318 1.1988e+011 346236 2.08917e+010 68.3782 9.34236e+010 1.52107e+010 1.29526e+011 -9.64648e+009
3.323 1.21598e+011 348710 1.99841e+010 57.744 9.13224e+010 1.53667e+010 1.26673e+011 -5.07466e+009
3.328 1.17633e+011 342977 1.91108e+010 48.7325 8.92333e+010 1.55225e+010 1.23867e+011 -6.23334e+009
3.332 1.14628e+011 338568 1.84362e+010 42.5274 8.75717e+010 1.56469e+010 1.21655e+011 -7.02671e+009
3.337 1.15379e+011 339675 1.76221e+010 35.8495 8.55078e+010 1.58022e+010 1.18932e+011 -3.55271e+009
3.342 1.11128e+011 333358 1.68396e+010 30.2009 8.34598e+010 1.5957e+010 1.16256e+011 -5.12858e+009
3.346 1.10966e+011 333116 1.62355e+010 26.3179 8.18335e+010 1.60806e+010 1.1415e+011 -3.18323e+009
3.351 1.16027e+011 340627 1.55071e+010 22.1457 7.98169e+010 1.62347e+010 1.11559e+011 4.46833e+009
3.356 1.02526e+011 320197 1.48075e+010 18.6231 7.78194e+010 1.63883e+010 1.09015e+011 -6.48902e+009
3.36 9.85663e+010 313953 1.42679e+010 16.2055 7.62358e+010 1.65107e+010 1.07014e+011 -8.44818e+009
3.365 9.84786e+010 313813 1.36177e+010 13.6121 7.42753e+010 1.66633e+010 1.04556e+011 -6.07775e+009
3.37 1.00234e+011 316598 1.29937e+010 11.4265 7.23368e+010 1.68153e+010 1.02146e+011 -1.91138e+009
3.375 9.76596e+010 312505 1.2395e+010 9.5857 7.04211e+010 1.69667e+010 9.97828e+010 -2.12317e+009
3.379 9.68739e+010 311246 1.19337e+010 8.32517 6.89056e+010 1.70872e+010 9.79265e+010 -1.05268e+009
3.384 9.77004e+010 312571 1.13784e+010 6.97598 6.70333e+010 1.72373e+010 9.5649e+010 2.0514e+009
3.389 9.79279e+010 312934 1.08461e+010 5.84172 6.51862e+010 1.73866e+010 9.34189e+010 4.50894e+009
3.394 9.05888e+010 300980 1.0336e+010 4.88877 6.33651e+010 1.75351e+010 9.12362e+010 -6.47332e+008
3.399 8.85615e+010 297593 9.84725e+009 4.08867 6.15706e+010 1.76827e+010 8.91006e+010 -5.39106e+008
3.403 8.70084e+010 294972 9.47113e+009 3.54232 6.01547e+010 1.78001e+010 8.74259e+010 -4.17535e+008
3.408 8.58944e+010 293077 9.01898e+009 2.95918 5.84097e+010 1.79461e+010 8.53748e+010 5.19571e+008
3.413 8.01224e+010 283059 8.58614e+009 2.47047 5.66931e+010 1.80911e+010 8.33704e+010 -3.24797e+009
3.418 8.21874e+010 286683 8.17192e+009 2.06115 5.50053e+010 1.82351e+010 8.14123e+010 7.75067e+008
3.423 7.95968e+010 282129 7.77561e+009 1.71855 5.33467e+010 1.8378e+010 7.95004e+010 9.63804e+007
3.428 7.65656e+010 276705 7.39657e+009 1.43199 5.17178e+010 1.85199e+010 7.76343e+010 -1.06869e+009
3.433 7.03461e+010 265228 7.03415e+009 1.19245 5.01189e+010 1.86605e+010 7.58136e+010 -5.46755e+009
3.438 7.33822e+010 270892 6.68771e+009 0.992344 4.85504e+010 1.88e+010 7.40381e+010 -6.55882e+008
3.443 7.21203e+010 268552 6.35665e+009 0.825294 4.70124e+010 1.89383e+010 7.23074e+010 -1.87038e+008
3.448 6.96059e+010 263829 6.04039e+009 0.685927 4.55052e+010 1.90753e+010 7.06209e+010 -1.01502e+009
3.453 6.66376e+010 258143 5.73834e+009 0.569732 4.40291e+010 1.9211e+010 6.89784e+010 -2.34076e+009
3.458 6.24929e+010 249986 5.44995e+009 0.472919 4.2584e+010 1.93453e+010 6.73793e+010 -4.88639e+009
3.463 6.1436e+010 247863 5.17468e+009 0.392307 4.11702e+010 1.94782e+010 6.58231e+010 -4.38716e+009
3.468 6.50662e+010 255081 4.91202e+009 0.325229 3.97877e+010 1.96097e+010 6.43094e+010 7.56798e+008
3.473 6.02481e+010 245455 4.66146e+009 0.269448 3.84365e+010 1.97397e+010 6.28376e+010 -2.58948e+009
3.478 6.34682e+010 251929 4.42251e+009 0.223092 3.71165e+010 1.98682e+010 6.14072e+010 2.061e+009
3.483 6.05357e+010 246040 4.19469e+009 0.184593 3.58278e+010 1.99951e+010 6.00176e+010 5.18078e+008
3.488 6.19784e+010 248955 3.97756e+009 0.152641 3.45702e+010 2.01204e+010 5.86682e+010 3.31023e+009
3.493 5.48452e+010 234191 3.77067e+009 0.126139 3.33437e+010 2.02441e+010 5.73584e+010 -2.5132e+009
3.498 5.49664e+010 234449 3.5736e+009 0.104172 3.2148e+010 2.0366e+010 5.60876e+010 -1.12126e+009
3.503 5.65276e+010 237755 3.38593e+009 0.0859759 3.0983e+010 2.04863e+010 5.48552e+010 1.67241e+009
3.508 5.22455e+010 228573 3.20727e+009 0.0709129 2.98485e+010 2.06048e+010 5.36605e+010 -1.415e+009
3.514 5.19669e+010 227963 3.00422e+009 0.0562312 2.85269e+010 2.07446e+010 5.22757e+010 -3.08833e+008
3.519 5.26528e+010 229462 2.84404e+009 0.0463145 2.74585e+010 2.08591e+010 5.11617e+010 1.4911e+009
3.524 5.13426e+010 226589 2.69169e+009 0.0381224 2.64198e+010 2.09717e+010 5.00832e+010 1.25946e+009
3.529 5.00202e+010 223652 2.54683e+009 0.0313592 2.54103e+010 2.10824e+010 4.90395e+010 9.80704e+008
3.534 4.75842e+010 218138 2.40912e+009 0.0257795 2.44298e+010 2.11911e+010 4.803e+010 -4.45783e+008
3.54 4.76212e+010 218223 2.25288e+009 0.0203611 2.32909e+010 2.13189e+010 4.68627e+010 7.58507e+008
3.545 4.67564e+010 216232 2.12983e+009 0.0167148 2.23729e+010 2.14232e+010 4.59259e+010 8.30517e+008
3.55 4.39183e+010 209567 2.01297e+009 0.0137127 2.14825e+010 2.15254e+010 4.50208e+010 -1.10257e+009
3.556 4.1941e+010 204795 1.88051e+009 0.0108041 2.04501e+010 2.16452e+010 4.39758e+010 -2.03487e+009
3.561 4.51885e+010 212576 1.77629e+009 0.00885118 1.96193e+010 2.17428e+010 4.31383e+010 2.0502e+009
3.566 4.52586e+010 212741 1.67741e+009 0.00724668 1.88148e+010 2.18381e+010 4.23303e+010 2.92832e+009
3.572 4.51594e+010 212507 1.56544e+009 0.00569559 1.78835e+010 2.19496e+010 4.13986e+010 3.76081e+009
3.577 4.1855e+010 204585 1.47743e+009 0.00465659 1.71354e+010 2.204e+010 4.06528e+010 1.20219e+009
3.582 3.97841e+010 199459 1.394e+009 0.0038047 1.64121e+010 2.21282e+010 3.99343e+010 -1.50186e+008
3.588 4.45055e+010 210963 1.29963e+009 0.00298303 1.55762e+010 2.22309e+010 3.91067e+010 5.39873e+009
3.593 4.40573e+010 209898 1.22553e+009 0.00243389 1.49058e+010 2.23139e+010 3.84453e+010 5.61206e+009
3.599 4.16743e+010 204143 1.14176e+009 0.00190505 1.4132e+010 2.24104e+010 3.76841e+010 3.99012e+009
3.604 4.03527e+010 200880 1.07603e+009 0.00155218 1.35121e+010 2.24881e+010 3.70762e+010 3.27653e+009
3.609 3.84543e+010 196098 1.01382e+009 0.00126386 1.29142e+010 2.25634e+010 3.64915e+010 1.96286e+009
3.615 3.64557e+010 190934 9.43567e+008 0.00098683 1.22253e+010 2.26506e+010 3.58194e+010 6.36231e+008
3.62 3.59103e+010 189500 8.88496e+008 0.0008024 1.16743e+010 2.27204e+010 3.52832e+010 6.27079e+008
3.626 3.66174e+010 191357 8.26348e+008 0.000625467 1.104e+010 2.28009e+010 3.46673e+010 1.95009e+009
3.631 3.74604e+010 193547 7.77666e+008 0.00050786 1.05333e+010 2.28652e+010 3.41762e+010 3.28421e+009
3.637 3.86903e+010 196699 7.22766e+008 0.000395208 9.95074e+009 2.29389e+010 3.36124e+010 5.07791e+009
3.643 3.71112e+010 192643 6.71485e+008 0.000307263 9.39503e+009 2.30089e+010 3.30755e+010 4.03573e+009
3.648 3.53116e+010 187914 6.31358e+008 0.000248948 8.95184e+009 2.30644e+010 3.26476e+010 2.66404e+009
3.654 3.50701e+010 187270 5.86153e+008 0.000193224 8.44314e+009 2.31275e+010 3.21568e+010 2.9133e+009
3.659 3.95501e+010 198872 5.50805e+008 0.000156333 8.0379e+009 2.31771e+010 3.17658e+010 7.78428e+009
3.665 3.82398e+010 195550 5.1101e+008 0.000121136 7.57327e+009 2.32331e+010 3.13174e+010 6.9224e+009
3.671 3.52908e+010 187859 4.7391e+008 9.37773e-005 7.13145e+009 2.32852e+010 3.08906e+010 4.40025e+009
3.676 3.31617e+010 182104 4.4493e+008 7.57088e-005 6.78009e+009 2.33256e+010 3.05507e+010 2.61106e+009
3.682 3.42897e+010 185175 4.1234e+008 5.85113e-005 6.37792e+009 2.33706e+010 3.01608e+010 4.12888e+009
3.688 3.37514e+010 183716 3.81991e+008 4.51788e-005 5.99621e+009 2.34115e+010 2.97897e+010 3.9617e+009
3.693 3.61938e+010 190247 3.58309e+008 3.6395e-005 5.69316e+009 2.34426e+010 2.94941e+010 6.6997e+009
3.699 3.46611e+010 186175 3.31705e+008 2.80547e-005 5.34687e+009 2.34763e+010 2.91548e+010 5.50623e+009
3.705 3.63e+010 190526 3.06959e+008 2.16059e-005 5.0188e+009 2.35059e+010 2.88317e+010 7.46838e+009
3.711 2.98402e+010 172743 2.83952e+008 1.66241e-005 4.70819e+009 2.35315e+010 2.85236e+010 1.3166e+009
3.716 3.2686e+010 180793 2.66024e+008 1.33528e-005 4.46216e+009 2.35498e+010 2.82779e+010 4.40803e+009
3.722 3.24506e+010 180140 2.45913e+008 1.02567e-005 4.18166e+009 2.35679e+010 2.79955e+010 4.45508e+009
3.728 3.33081e+010 182505 2.27235e+008 7.87131e-006 3.91657e+009 2.35821e+010 2.77259e+010 5.58226e+009
3.734 3.44512e+010 185610 2.09896e+008 6.03512e-006 3.6662e+009 2.35921e+010 2.74682e+010 6.98299e+009
3.74 2.99606e+010 173091 1.93806e+008 4.62303e-006 3.4299e+009 2.35981e+010 2.72218e+010 2.73879e+009
3.746 3.37598e+010 183738 1.78882e+008 3.53809e-006 3.20701e+009 2.36e+010 2.69859e+010 6.77394e+009
3.752 3.27325e+010 180921 1.65043e+008 2.70528e-006 2.99691e+009 2.35978e+010 2.67598e+010 5.97273e+009
3.758 3.20891e+010 179134 1.52218e+008 2.0666e-006 2.79899e+009 2.35916e+010 2.65428e+010 5.54633e+009
3.763 3.03838e+010 174310 1.42253e+008 1.65002e-006 2.64293e+009 2.35832e+010 2.63684e+010 4.01539e+009
3.769 3.02036e+010 173792 1.31107e+008 1.25836e-006 2.46582e+009 2.35695e+010 2.61665e+010 4.03715e+009
3.775 3.23702e+010 179917 1.20788e+008 9.58781e-007 2.29928e+009 2.35518e+010 2.59718e+010 6.39837e+009
3.781 2.95922e+010 172024 1.11239e+008 7.29855e-007 2.14277e+009 2.35299e+010 2.57839e+010 3.80829e+009
3.787 3.21433e+010 179286 1.02405e+008 5.55079e-007 1.99578e+009 2.3504e+010 2.56022e+010 6.54107e+009
3.793 3.4578e+010 185952 9.42376e+007 4.21769e-007 1.85782e+009 2.34741e+010 2.54262e+010 9.15182e+009
3.8 3.06684e+010 175124 8.54871e+007 3.05782e-007 1.70766e+009 2.34342e+010 2.52273e+010 5.44104e+009
3.806 3.34313e+010 182842 7.86038e+007 2.31882e-007 1.58767e+009 2.33956e+010 2.50619e+010 8.36942e+009
3.812 2.88489e+010 169850 7.22472e+007 1.75681e-007 1.47527e+009 2.33531e+010 2.49006e+010 3.94832e+009
3.818 2.64131e+010 162521 6.63794e+007 1.3298e-007 1.37006e+009 2.33066e+010 2.4743e+010 1.67006e+009
3.824 3.02757e+010 173999 6.09649e+007 1.00565e-007 1.27162e+009 2.32561e+010 2.45887e+010 5.68696e+009
3.83 2.78287e+010 166819 5.59707e+007 7.59815e-008 1.1796e+009 2.32018e+010 2.44374e+010 3.39127e+009
3.836 2.80355e+010 167438 5.13661e+007 5.73551e-008 1.09361e+009 2.31436e+010 2.42886e+010 3.74693e+009
3.843 2.4685e+010 157115 4.64482e+007 4.12644e-008 1.00046e+009 2.30709e+010 2.41178e+010 5.67262e+008
3.849 2.82619e+010 168113 4.25918e+007 3.10868e-008 9.26394e+008 2.30044e+010 2.39734e+010 4.28852e+009
3.855 2.62994e+010 162171 3.90407e+007 2.33979e-008 8.57324e+008 2.29341e+010 2.38305e+010 2.46892e+009
3.861 2.49581e+010 157981 3.57721e+007 1.75946e-008 7.92954e+008 2.28601e+010 2.36889e+010 1.2692e+009
3.868 2.21847e+010 148945 3.22873e+007 1.26022e-008 7.2342e+008 2.27691e+010 2.35249e+010 -1.34012e+009
3.874 2.50499e+010 158272 2.95597e+007 9.45772e-009 6.68284e+008 2.26872e+010 2.3385e+010 1.66491e+009
3.88 2.1775e+010 147564 2.70522e+007 7.09133e-009 6.17e+008 2.26016e+010 2.32457e+010 -1.47065e+009
3.887 2.31424e+010 152126 2.43825e+007 5.06199e-009 5.61718e+008 2.24973e+010 2.30834e+010 5.90024e+007
3.893 2.22385e+010 149126 2.22957e+007 3.7879e-009 5.17976e+008 2.2404e+010 2.29443e+010 -7.05772e+008
3.899 2.13883e+010 146247 2.03798e+007 2.8319e-009 4.77369e+008 2.23073e+010 2.28051e+010 -1.41681e+009
3.906 2.24544e+010 149848 1.83428e+007 2.01465e-009 4.3369e+008 2.21902e+010 2.26422e+010 -1.87819e+008
3.912 1.83681e+010 135529 1.67527e+007 1.50319e-009 3.99201e+008 2.20861e+010 2.25021e+010 -4.13397e+009
3.919 2.25e+010 150000 1.50637e+007 1.06691e-009 3.62155e+008 2.19606e+010 2.23378e+010 1.62199e+008
3.925 2.22116e+010 149036 1.37465e+007 7.94476e-010 3.32945e+008 2.18494e+010 2.21961e+010 1.55294e+007
3.932 2.06468e+010 143690 1.23487e+007 5.62584e-010 3.01615e+008 2.17157e+010 2.20296e+010 -1.3828e+009
3.938 2.1689e+010 147272 1.12596e+007 4.18096e-010 2.76949e+008 2.15977e+010 2.18859e+010 -1.96903e+008
3.945 2.03959e+010 142814 1.01049e+007 2.95376e-010 2.50529e+008 2.14561e+010 2.17167e+010 -1.32085e+009
3.951 1.87688e+010 136999 9.20614e+006 2.19079e-010 2.29758e+008 2.13315e+010 2.15705e+010 -2.80171e+009
3.958 1.852e+010 136088 8.2541e+006 1.54416e-010 2.07543e+008 2.11824e+010 2.13982e+010 -2.87828e+009
3.964 1.7977e+010 134078 7.51372e+006 1.14302e-010 1.90102e+008 2.10516e+010 2.12492e+010 -3.27222e+009
3.971 1.88702e+010 137369 6.73021e+006 8.0378e-011 1.71476e+008 2.08953e+010 2.10735e+010 -2.2033e+009
3.978 1.86808e+010 136678 6.02528e+006 5.6452e-011 1.54555e+008 2.07354e+010 2.08959e+010 -2.21518e+009
3.984 2.04143e+010 142879 5.47786e+006 4.16593e-011 1.413e+008 2.05954e+010 2.07422e+010 -3.2787e+008
3.991 1.98964e+010 141054 4.89938e+006 2.91908e-011 1.27174e+008 2.04288e+010 2.05609e+010 -6.64509e+008
3.998 2.00848e+010 141721 4.37971e+006 2.04286e-011 1.14373e+008 2.02588e+010 2.03775e+010 -2.92706e+008
4.004 1.67277e+010 129336 3.97674e+006 1.50294e-011 1.04367e+008 2.01104e+010 2.02188e+010 -3.49107e+009
4.011 1.86184e+010 136449 3.55152e+006 1.04937e-011 9.37267e+007 1.99344e+010 2.00316e+010 -1.4132e+009
4.018 2.06332e+010 143642 3.17012e+006 7.31761e-012 8.41066e+007 1.97552e+010 1.98425e+010 7.90685e+008
4.025 1.98205e+010 140785 2.82821e+006 5.09646e-012 7.54157e+007 1.9573e+010 1.96513e+010 1.6919e+008
4.032 1.71761e+010 131057 2.52187e+006 3.54508e-012 6.75707e+007 1.9388e+010 1.94581e+010 -2.28201e+009
4.038 2.15613e+010 146838 2.2849e+006 2.59461e-012 6.14615e+007 1.92272e+010 1.92909e+010 2.27039e+009
4.045 2.0775e+010 144135 2.03544e+006 1.80062e-012 5.49893e+007 1.90371e+010 1.90941e+010 1.68092e+009
4.052 1.71025e+010 130776 1.81228e+006 1.24804e-012 4.91607e+007 1.88444e+010 1.88954e+010 -1.79294e+009
4.059 1.87528e+010 136941 1.61275e+006 8.6396e-013 4.3916e+007 1.86493e+010 1.86949e+010 5.7911e+007
4.066 1.70566e+010 130601 1.43445e+006 5.97332e-013 3.92006e+007 1.84519e+010 1.84926e+010 -1.43598e+009
4.073 1.94678e+010 139527 1.2752e+006 4.12473e-013 3.49645e+007 1.82523e+010 1.82886e+010 1.17924e+009
4.08 1.91038e+010 138216 1.13303e+006 2.84468e-013 3.11622e+007 1.80506e+010 1.80829e+010 1.02086e+009
4.087 1.62013e+010 127284 1.0062e+006 1.95942e-013 2.77519e+007 1.7847e+010 1.78757e+010 -1.6744e+009
4.094 1.71777e+010 131064 893099 1.34797e-013 2.46958e+007 1.76414e+010 1.7667e+010 -4.89294e+008
4.101 2.00874e+010 141730 792301 9.26168e-014 2.19593e+007 1.74342e+010 1.74569e+010 2.63043e+009
4.108 1.56384e+010 125054 702515 6.35561e-014 1.9511e+007 1.72253e+010 1.72455e+010 -1.60714e+009
4.116 1.57725e+010 125589 611903 4.12666e-014 1.70293e+007 1.69848e+010 1.70024e+010 -1.22987e+009
4.123 1.49383e+010 122222 541958 2.82425e-014 1.51057e+007 1.67728e+010 1.67885e+010 -1.85014e+009
4.13 1.88596e+010 137330 479758 1.93048e-014 1.3389e+007 1.65596e+010 1.65735e+010 2.2861e+009
4.137 1.76825e+010 132976 424478 1.31791e-014 1.18583e+007 1.63453e+010 1.63576e+010 1.32493e+009
4.144 1.46642e+010 121096 375372 8.98594e-015 1.04944e+007 1.613e+010 1.61408e+010 -1.47664e+009
4.152 1.2791e+010 113098 325961 5.79184e-015 9.11816e+006 1.58827e+010 1.58922e+010 -3.10114e+009
4.159 1.55743e+010 124797 287932 3.93851e-015 8.05616e+006 1.56656e+010 1.56739e+010 -9.96764e+007
4.166 1.47213e+010 121331 254207 2.67488e-015 7.11236e+006 1.54478e+010 1.54551e+010 -7.33822e+008
4.173 1.38867e+010 117842 224317 1.81441e-015 6.27429e+006 1.52294e+010 1.52359e+010 -1.34916e+009
4.181 1.26933e+010 112665 194312 1.16257e-015 5.43159e+006 1.49793e+010 1.49849e+010 -2.29162e+009
4.188 1.6372e+010 127953 171273 7.86478e-016 4.78366e+006 1.47601e+010 1.47651e+010 1.60689e+009
4.196 1.5667e+010 125168 148175 5.02392e-016 4.13336e+006 1.45094e+010 1.45136e+010 1.15337e+009
4.203 1.27785e+010 113042 130462 3.38959e-016 3.63428e+006 1.42898e+010 1.42936e+010 -1.51509e+009
4.211 1.2152e+010 110236 112724 2.15862e-016 3.1343e+006 1.4039e+010 1.40422e+010 -1.89023e+009
4.218 1.34834e+010 116118 99138.6 1.45251e-016 2.7513e+006 1.38196e+010 1.38225e+010 -3.39073e+008
4.226 1.5743e+010 125471 85551 9.22183e-017 2.36832e+006 1.35692e+010 1.35716e+010 2.17132e+009
4.233 1.30307e+010 114152 75156.7 6.18867e-017 2.07549e+006 1.33504e+010 1.33526e+010 -3.21874e+008
4.241 1.03218e+010 101596 64773.7 3.91713e-017 1.78321e+006 1.3101e+010 1.31028e+010 -2.78102e+009
4.248 1.17348e+010 108327 56840.6 2.62172e-017 1.56015e+006 1.28833e+010 1.28849e+010 -1.15006e+009
4.256 1.29468e+010 113784 48925.8 1.65435e-017 1.33791e+006 1.26352e+010 1.26366e+010 3.10144e+008
4.264 1.25516e+010 112034 42084.5 1.04222e-017 1.14618e+006 1.23882e+010 1.23894e+010 1.62209e+008
4.271 1.16464e+010 107919 36867.4 6.94699e-018 1.00026e+006 1.21729e+010 1.2174e+010 -5.27517e+008
4.279 1.12994e+010 106299 31672 4.36316e-018 855299 1.1928e+010 1.19289e+010 -6.29491e+008
4.287 1.08024e+010 103935 27190.3 2.73589e-018 730608 1.16845e+010 1.16852e+010 -8.82834e+008
4.294 1.1117e+010 105437 23779 1.81615e-018 635985 1.14726e+010 1.14732e+010 -3.56264e+008
4.302 1.0649e+010 103194 20388.3 1.13532e-018 542242 1.12319e+010 1.12324e+010 -5.83456e+008
4.31 1.16422e+010 107899 17469.3 7.08563e-019 461852 1.09928e+010 1.09933e+010 6.48902e+008
4.318 1.06625e+010 103259 14958 4.41498e-019 392983 1.07555e+010 1.0756e+010 -9.34326e+007
4.326 1.18261e+010 108748 12799.1 2.74645e-019 334048 1.05202e+010 1.05205e+010 1.30555e+009
4.334 1.07465e+010 103665 10944.3 1.70571e-019 283665 1.02868e+010 1.02871e+010 4.59419e+008
4.342 1.25098e+010 111847 9352 1.05762e-019 240638 1.00555e+010 1.00557e+010 2.45407e+009
4.35 1.09298e+010 104546 7985.95 6.54707e-020 203933 9.82638e+009 9.82659e+009 1.10318e+009
4.358 1.27458e+010 112897 6814.82 4.04627e-020 172652 9.59953e+009 9.59971e+009 3.14606e+009
4.366 8.74791e+009 93530.3 5811.5 2.49663e-020 146022 9.37504e+009 9.3752e+009 -6.27285e+008
4.374 1.00094e+010 100047 4952.53 1.53796e-020 123375 9.15299e+009 9.15312e+009 8.56289e+008
4.382 1.05431e+010 102680 4217.67 9.45862e-021 104136 8.93346e+009 8.93356e+009 1.60958e+009
4.39 9.88413e+009 99419 3589.41 5.80767e-021 87808.4 8.71651e+009 8.7166e+009 1.16753e+009
4.398 8.66106e+009 93064.8 3052.67 3.56014e-021 73966.3 8.50221e+009 8.50229e+009 1.58766e+008
4.406 1.04264e+010 102110 2594.44 2.17883e-021 62243.5 8.29064e+009 8.29071e+009 2.1357e+009
4.414 1.0673e+010 103310 2203.49 1.33129e-021 52325.9 8.08185e+009 8.08191e+009 2.59113e+009
4.423 1.171e+010 108213 1832.15 7.63361e-022 42992.7 7.85036e+009 7.8504e+009 3.85956e+009
