1.772 1.61752e+011 402184 7.15506e+010 1.08524e+011 659405 74111.6 1.80075e+011 -1.83231e+010
1.773 1.64865e+011 406035 7.19561e+010 1.09154e+011 666593 75700.2 1.81111e+011 -1.62462e+010
1.774 1.65827e+011 407219 7.23633e+010 1.09785e+011 673857 77321.7 1.82149e+011 -1.63217e+010
1.775 1.63935e+011 404889 7.27721e+010 1.10416e+011 681195 78976.6 1.83189e+011 -1.92534e+010
1.777 1.66082e+011 407531 7.35949e+010 1.11679e+011 696101 82389.5 1.85274e+011 -1.91927e+010
1.778 1.70117e+011 412452 7.40087e+010 1.12311e+011 703670 84148.7 1.8632e+011 -1.6203e+010
1.779 1.73667e+011 416734 7.44243e+010 1.12942e+011 711317 85944.2 1.87368e+011 -1.37001e+010
1.78 1.67993e+011 409869 7.48416e+010 1.13575e+011 719043 87776.5 1.88417e+011 -2.04242e+010
1.781 1.79793e+011 424021 7.52605e+010 1.14207e+011 726850 89646.4 1.89468e+011 -9.67457e+009
1.783 1.80722e+011 425115 7.61034e+010 1.15471e+011 742705 93502.1 1.91576e+011 -1.08532e+010
1.784 1.76942e+011 420645 7.65275e+010 1.16104e+011 750755 95489.3 1.92632e+011 -1.56896e+010
1.785 1.75522e+011 418953 7.69532e+010 1.16736e+011 758889 97517.2 1.9369e+011 -1.81681e+010
1.786 1.77134e+011 420873 7.73806e+010 1.17368e+011 767106 99586.6 1.94749e+011 -1.7615e+010
1.788 1.87597e+011 433125 7.82405e+010 1.18632e+011 783796 103853 1.96873e+011 -9.27617e+009
1.789 1.88392e+011 434041 7.8673e+010 1.19263e+011 792270 106052 1.97937e+011 -9.54535e+009
1.79 1.92879e+011 439180 7.91072e+010 1.19895e+011 800831 108295 1.99003e+011 -6.1233e+009
1.791 2.02878e+011 450419 7.95432e+010 1.20526e+011 809480 110584 2.0007e+011 2.80786e+009
1.793 2.02896e+011 450440 8.04202e+010 1.21787e+011 827046 115303 2.02208e+011 6.88227e+008
1.794 1.92728e+011 439008 8.08612e+010 1.22417e+011 835964 117734 2.03279e+011 -1.05507e+010
1.795 2.07085e+011 455066 8.1304e+010 1.23046e+011 844973 120215 2.04351e+011 2.73335e+009
1.796 2.04746e+011 452489 8.17485e+010 1.23675e+011 854075 122746 2.05425e+011 -6.7853e+008
1.798 2.06335e+011 454241 8.26426e+010 1.24932e+011 872560 127963 2.07576e+011 -1.24061e+009
1.799 2.12315e+011 460776 8.30923e+010 1.25559e+011 881945 130651 2.08653e+011 3.66197e+009
1.8 2.09341e+011 457538 8.35437e+010 1.26186e+011 891425 133393 2.09731e+011 -3.89927e+008
1.801 1.99784e+011 446972 8.39968e+010 1.26812e+011 901002 136190 2.1081e+011 -1.1026e+010
1.803 2.12717e+011 461212 8.49082e+010 1.28062e+011 920451 141955 2.12971e+011 -2.54139e+008
1.804 2.19411e+011 468413 8.53665e+010 1.28685e+011 930325 144925 2.14053e+011 5.35805e+009
1.805 2.09574e+011 457792 8.58265e+010 1.29308e+011 940299 147955 2.15136e+011 -5.562e+009
1.807 2.21232e+011 470353 8.67517e+010 1.30551e+011 960554 154198 2.17304e+011 3.92814e+009
1.808 2.27865e+011 477352 8.7217e+010 1.31171e+011 970836 157414 2.18389e+011 9.47562e+009
1.809 2.25151e+011 474501 8.76839e+010 1.3179e+011 981222 160694 2.19475e+011 5.67546e+009
1.81 2.22108e+011 471283 8.81526e+010 1.32408e+011 991715 164040 2.20562e+011 1.54593e+009
1.812 2.20448e+011 469519 8.90952e+010 1.33641e+011 1.01302e+006 170934 2.22737e+011 -2.28908e+009
1.813 2.16685e+011 465495 8.95691e+010 1.34255e+011 1.02384e+006 174484 2.23826e+011 -7.14032e+009
1.814 2.25107e+011 474455 9.00448e+010 1.34868e+011 1.03476e+006 178106 2.24914e+011 1.92971e+008
1.816 2.23959e+011 473243 9.10013e+010 1.36091e+011 1.05694e+006 185567 2.27094e+011 -3.13461e+009
1.817 2.31744e+011 481398 9.14822e+010 1.367e+011 1.0682e+006 189409 2.28184e+011 3.55984e+009
1.818 2.2172e+011 470872 9.19648e+010 1.37308e+011 1.07958e+006 193328 2.29274e+011 -7.55403e+009
1.819 2.27821e+011 477306 9.24492e+010 1.37915e+011 1.09107e+006 197325 2.30365e+011 -2.54383e+009
1.821 2.39864e+011 489759 9.34232e+010 1.39123e+011 1.1144e+006 205557 2.32548e+011 7.31668e+009
1.822 2.37041e+011 486868 9.39128e+010 1.39725e+011 1.12624e+006 209796 2.33639e+011 3.40167e+009
1.823 2.32738e+011 482429 9.44042e+010 1.40325e+011 1.1382e+006 214120 2.34731e+011 -1.99287e+009
1.825 2.4102e+011 490938 9.53922e+010 1.41521e+011 1.16248e+006 223024 2.36914e+011 4.1063e+009
1.826 2.40128e+011 490029 9.58888e+010 1.42116e+011 1.17481e+006 227609 2.38006e+011 2.12233e+009
1.827 2.47217e+011 497209 9.63871e+010 1.42709e+011 1.18726e+006 232284 2.39098e+011 8.11894e+009
1.829 2.51449e+011 501447 9.73891e+010 1.4389e+011 1.21253e+006 241912 2.41281e+011 1.01683e+010
1.83 2.52051e+011 502047 9.78928e+010 1.44478e+011 1.22536e+006 246869 2.42372e+011 9.67933e+009
1.831 2.57505e+011 507450 9.83981e+010 1.45063e+011 1.23832e+006 251923 2.43463e+011 1.40424e+010
1.832 2.52756e+011 502749 9.89053e+010 1.45647e+011 1.25141e+006 257076 2.44554e+011 8.2024e+009
1.834 2.5115e+011 501149 9.99248e+010 1.46808e+011 1.27798e+006 267689 2.46735e+011 4.41553e+009
1.835 2.54683e+011 504661 1.00437e+011 1.47386e+011 1.29147e+006 273152 2.47824e+011 6.85877e+009
1.836 2.47017e+011 497008 1.00951e+011 1.47961e+011 1.30509e+006 278721 2.48914e+011 -1.89719e+009
1.838 2.51495e+011 501493 1.01985e+011 1.49105e+011 1.33274e+006 290190 2.51091e+011 4.04113e+008
1.839 2.57652e+011 507594 1.02504e+011 1.49673e+011 1.34677e+006 296092 2.52179e+011 5.47282e+009
1.84 2.68777e+011 518437 1.03025e+011 1.50239e+011 1.36095e+006 302110 2.53266e+011 1.55109e+010
1.842 2.81373e+011 530446 1.04073e+011 1.51364e+011 1.38972e+006 314500 2.55439e+011 2.59345e+010
1.843 2.67296e+011 517007 1.04599e+011 1.51923e+011 1.40432e+006 320876 2.56524e+011 1.07721e+010
1.844 2.72463e+011 521980 1.05128e+011 1.52479e+011 1.41907e+006 327376 2.57608e+011 1.48546e+010
1.846 2.65866e+011 515622 1.06189e+011 1.53584e+011 1.44901e+006 340758 2.59774e+011 6.09174e+009
1.847 2.67438e+011 517144 1.06723e+011 1.54132e+011 1.4642e+006 347644 2.60856e+011 6.58143e+009
1.848 2.80114e+011 529258 1.07258e+011 1.54678e+011 1.47955e+006 354663 2.61937e+011 1.81769e+010
1.85 2.85721e+011 534529 1.08333e+011 1.55761e+011 1.51069e+006 369112 2.64096e+011 2.16252e+010
1.851 3.01056e+011 548686 1.08874e+011 1.56298e+011 1.5265e+006 376547 2.65174e+011 3.58828e+010
1.852 3.03729e+011 551116 1.09416e+011 1.56832e+011 1.54246e+006 384125 2.6625e+011 3.7479e+010
1.854 3.04105e+011 551458 1.10506e+011 1.57892e+011 1.57486e+006 399722 2.684e+011 3.57054e+010
1.855 2.89124e+011 537703 1.11053e+011 1.58418e+011 1.5913e+006 407746 2.69473e+011 1.96511e+010
1.856 2.99072e+011 546875 1.11602e+011 1.58941e+011 1.60791e+006 415925 2.70545e+011 2.85275e+010
1.858 3.02493e+011 549994 1.12706e+011 1.59976e+011 1.64161e+006 432757 2.72684e+011 2.98088e+010
1.859 2.97485e+011 545421 1.1326e+011 1.6049e+011 1.65871e+006 441416 2.73752e+011 2.37327e+010
1.861 3.10948e+011 557627 1.14374e+011 1.61506e+011 1.69342e+006 459235 2.75883e+011 3.50654e+010
1.862 3.0229e+011 549809 1.14934e+011 1.6201e+011 1.71103e+006 468401 2.76946e+011 2.5344e+010
1.863 2.86438e+011 535199 1.15495e+011 1.6251e+011 1.72882e+006 477742 2.78007e+011 8.43034e+009
1.865 2.90284e+011 538780 1.16623e+011 1.635e+011 1.76492e+006 496963 2.80126e+011 1.01579e+010
1.866 2.9378e+011 542015 1.1719e+011 1.6399e+011 1.78323e+006 506849 2.81182e+011 1.25983e+010
1.867 2.94802e+011 542957 1.17758e+011 1.64477e+011 1.80173e+006 516923 2.82237e+011 1.25654e+010
1.869 2.97311e+011 545262 1.189e+011 1.65439e+011 1.83927e+006 537650 2.84341e+011 1.29698e+010
1.87 2.94252e+011 542450 1.19473e+011 1.65915e+011 1.85832e+006 548310 2.8539e+011 8.8615e+009
1.871 2.98472e+011 546326 1.20048e+011 1.66387e+011 1.87755e+006 559172 2.86438e+011 1.20347e+010
1.873 2.77494e+011 526777 1.21204e+011 1.6732e+011 1.91658e+006 581517 2.88527e+011 -1.10326e+010
1.874 2.71286e+011 520851 1.21784e+011 1.67781e+011 1.93639e+006 593008 2.89568e+011 -1.82821e+010
1.876 2.68496e+011 518166 1.2295e+011 1.68692e+011 1.97658e+006 616646 2.91645e+011 -2.31487e+010
1.877 2.97244e+011 545201 1.23536e+011 1.69141e+011 1.99697e+006 628800 2.9268e+011 4.56476e+009
1.878 3.06669e+011 553777 1.24123e+011 1.69587e+011 2.01756e+006 641184 2.93712e+011 1.29566e+010
1.88 2.79345e+011 528531 1.25303e+011 1.70466e+011 2.05934e+006 666655 2.95771e+011 -1.64269e+010
1.881 3.16431e+011 562522 1.25895e+011 1.709e+011 2.08054e+006 679750 2.96798e+011 1.96336e+010
1.883 2.78271e+011 527514 1.27085e+011 1.71755e+011 2.12356e+006 706685 2.98843e+011 -2.05711e+010
1.884 2.91679e+011 540073 1.27682e+011 1.72176e+011 2.14538e+006 720532 2.99861e+011 -8.18288e+009
1.885 2.99358e+011 547136 1.28282e+011 1.72593e+011 2.16741e+006 734638 3.00878e+011 -1.51971e+009
1.887 3.2397e+011 569184 1.29485e+011 1.73415e+011 2.21213e+006 763648 3.02903e+011 2.1067e+010
1.888 3.02412e+011 549920 1.30089e+011 1.7382e+011 2.23481e+006 778560 3.03912e+011 -1.50049e+009
1.89 3.19038e+011 564835 1.31303e+011 1.74616e+011 2.28084e+006 809225 3.05922e+011 1.31164e+010
1.891 2.96418e+011 544443 1.31912e+011 1.75007e+011 2.30419e+006 824988 3.06923e+011 -1.05046e+010
1.892 3.19132e+011 564918 1.32523e+011 1.75394e+011 2.32777e+006 841044 3.07921e+011 1.12112e+010
1.894 3.13467e+011 559881 1.3375e+011 1.76155e+011 2.3756e+006 874056 3.09909e+011 3.55773e+009
1.895 3.06142e+011 553301 1.34366e+011 1.76529e+011 2.39987e+006 891023 3.10899e+011 -4.75662e+009
1.897 3.18014e+011 563927 1.35604e+011 1.77263e+011 2.44911e+006 925907 3.1287e+011 5.14413e+009
1.898 3.04278e+011 551614 1.36225e+011 1.77623e+011 2.47408e+006 943835 3.13851e+011 -9.57221e+009
1.899 2.95517e+011 543615 1.36847e+011 1.77978e+011 2.4993e+006 962094 3.14829e+011 -1.93119e+010
1.901 2.92094e+011 540457 1.38098e+011 1.78675e+011 2.55047e+006 999630 3.16776e+011 -2.46818e+010
1.902 3.01142e+011 548764 1.38725e+011 1.79016e+011 2.57642e+006 1.01892e+006 3.17745e+011 -1.66033e+010
1.904 3.03636e+011 551032 1.39986e+011 1.79685e+011 2.62907e+006 1.05857e+006 3.19674e+011 -1.60378e+010
1.905 3.12898e+011 559373 1.40618e+011 1.80012e+011 2.65578e+006 1.07894e+006 3.20633e+011 -7.73491e+009
1.907 3.15272e+011 561491 1.41888e+011 1.80651e+011 2.70997e+006 1.12082e+006 3.22543e+011 -7.27076e+009
1.908 3.16517e+011 562598 1.42526e+011 1.80963e+011 2.73745e+006 1.14234e+006 3.23493e+011 -6.97628e+009
1.91 3.11834e+011 558421 1.43806e+011 1.81573e+011 2.79321e+006 1.18656e+006 3.25383e+011 -1.35494e+010
1.911 3.09535e+011 556359 1.44448e+011 1.81871e+011 2.82149e+006 1.20928e+006 3.26323e+011 -1.67875e+010
1.912 3.09499e+011 556326 1.45092e+011 1.82164e+011 2.85004e+006 1.23241e+006 3.27259e+011 -1.7761e+010
1.914 3.04854e+011 552136 1.46385e+011 1.82734e+011 2.90796e+006 1.27995e+006 3.29122e+011 -2.42687e+010
1.915 3.13479e+011 559892 1.47033e+011 1.83011e+011 2.93734e+006 1.30437e+006 3.30049e+011 -1.65696e+010
1.917 3.14297e+011 560622 1.48336e+011 1.83551e+011 2.99694e+006 1.35456e+006 3.31891e+011 -1.7594e+010
1.918 3.16123e+011 562248 1.48989e+011 1.83813e+011 3.02716e+006 1.38034e+006 3.32806e+011 -1.66838e+010
1.92 3.18287e+011 564169 1.50301e+011 1.84321e+011 3.08848e+006 1.43331e+006 3.34627e+011 -1.63401e+010
1.921 3.13474e+011 559887 1.50959e+011 1.84568e+011 3.11958e+006 1.46051e+006 3.35532e+011 -2.20581e+010
1.923 3.15621e+011 561801 1.52281e+011 1.85045e+011 3.18266e+006 1.51641e+006 3.37331e+011 -2.17098e+010
1.924 3.19287e+011 565054 1.52944e+011 1.85276e+011 3.21465e+006 1.54512e+006 3.38224e+011 -1.89379e+010
1.925 3.2313e+011 568445 1.53608e+011 1.85501e+011 3.24694e+006 1.57434e+006 3.39114e+011 -1.59842e+010
1.927 3.18253e+011 564139 1.54942e+011 1.85936e+011 3.31245e+006 1.63438e+006 3.40883e+011 -2.26304e+010
1.928 3.18987e+011 564789 1.55611e+011 1.86146e+011 3.34567e+006 1.66522e+006 3.41762e+011 -2.27748e+010
1.93 3.23679e+011 568928 1.56954e+011 1.86549e+011 3.41306e+006 1.72855e+006 3.43508e+011 -1.9829e+010
1.931 3.22125e+011 567561 1.57628e+011 1.86742e+011 3.44723e+006 1.76108e+006 3.44375e+011 -2.22498e+010
1.933 3.25762e+011 570756 1.5898e+011 1.87112e+011 3.51655e+006 1.82788e+006 3.46097e+011 -2.0335e+010
1.934 3.34898e+011 578704 1.59658e+011 1.87289e+011 3.5517e+006 1.86219e+006 3.46953e+011 -1.20548e+010
1.936 3.33126e+011 577170 1.6102e+011 1.87627e+011 3.62299e+006 1.93264e+006 3.48652e+011 -1.55258e+010
1.937 3.33613e+011 577593 1.61702e+011 1.87787e+011 3.65915e+006 1.96881e+006 3.49495e+011 -1.58817e+010
1.939 3.34822e+011 578638 1.63073e+011 1.88091e+011 3.73247e+006 2.0431e+006 3.5117e+011 -1.63476e+010
1.94 3.36813e+011 580356 1.6376e+011 1.88235e+011 3.76965e+006 2.08123e+006 3.52001e+011 -1.51878e+010
1.942 3.31255e+011 575547 1.65139e+011 1.88506e+011 3.84507e+006 2.15955e+006 3.53651e+011 -2.23965e+010
1.943 3.4003e+011 583121 1.65831e+011 1.88633e+011 3.88331e+006 2.19976e+006 3.5447e+011 -1.44402e+010
1.945 3.44856e+011 587244 1.67218e+011 1.88871e+011 3.96086e+006 2.28231e+006 3.56095e+011 -1.12398e+010
1.946 3.38563e+011 581861 1.67914e+011 1.88981e+011 4.00018e+006 2.32469e+006 3.56902e+011 -1.83391e+010
1.948 3.36652e+011 580217 1.69311e+011 1.89185e+011 4.07994e+006 2.4117e+006 3.58502e+011 -2.18501e+010
1.949 3.41435e+011 584324 1.70011e+011 1.89278e+011 4.12037e+006 2.45636e+006 3.59296e+011 -1.78613e+010
1.951 3.41844e+011 584674 1.71416e+011 1.89448e+011 4.20238e+006 2.54805e+006 3.60871e+011 -1.90274e+010
1.952 3.472e+011 589237 1.72121e+011 1.89525e+011 4.24396e+006 2.5951e+006 3.61652e+011 -1.44518e+010
1.954 3.39698e+011 582836 1.73534e+011 1.89661e+011 4.32828e+006 2.69171e+006 3.63202e+011 -2.35038e+010
1.955 3.29837e+011 574314 1.74243e+011 1.8972e+011 4.37103e+006 2.74129e+006 3.6397e+011 -3.41332e+010
1.957 3.49078e+011 590829 1.75664e+011 1.89822e+011 4.45773e+006 2.84305e+006 3.65493e+011 -1.64148e+010
1.958 3.43308e+011 585925 1.76377e+011 1.89864e+011 4.50169e+006 2.89528e+006 3.66249e+011 -2.29409e+010
1.96 3.43793e+011 586338 1.77807e+011 1.89931e+011 4.59083e+006 3.00247e+006 3.67746e+011 -2.39534e+010
1.961 3.43889e+011 586421 1.78524e+011 1.89957e+011 4.63602e+006 3.05747e+006 3.68488e+011 -2.4599e+010
1.963 3.48229e+011 590110 1.79962e+011 1.8999e+011 4.72766e+006 3.17036e+006 3.69959e+011 -2.173e+010
1.964 3.62512e+011 602090 1.80683e+011 1.89998e+011 4.77411e+006 3.22828e+006 3.70689e+011 -8.17633e+009
1.966 3.62888e+011 602402 1.82129e+011 1.89997e+011 4.86832e+006 3.34715e+006 3.72133e+011 -9.24533e+009
1.968 3.54875e+011 595714 1.8358e+011 1.89973e+011 4.96427e+006 3.47017e+006 3.73561e+011 -1.86861e+010
1.969 3.44128e+011 586624 1.84307e+011 1.89952e+011 5.01292e+006 3.53328e+006 3.74268e+011 -3.01399e+010
1.971 3.57232e+011 597689 1.85766e+011 1.89894e+011 5.11155e+006 3.66279e+006 3.75668e+011 -1.8436e+010
1.972 3.59628e+011 599690 1.86497e+011 1.89856e+011 5.16155e+006 3.72922e+006 3.76362e+011 -1.67344e+010
1.974 3.64981e+011 604137 1.87964e+011 1.89763e+011 5.26293e+006 3.86553e+006 3.77736e+011 -1.27549e+010
1.975 3.61426e+011 601187 1.88699e+011 1.89709e+011 5.31432e+006 3.93544e+006 3.78416e+011 -1.69904e+010
1.977 3.58143e+011 598450 1.90172e+011 1.89582e+011 5.41852e+006 4.07889e+006 3.79764e+011 -2.16206e+010
1.978 3.60395e+011 600329 1.90911e+011 1.8951e+011 5.47134e+006 4.15247e+006 3.8043e+011 -2.00356e+010
1.98 3.71101e+011 609180 1.92392e+011 1.89349e+011 5.57844e+006 4.30341e+006 3.81751e+011 -1.06504e+010
1.981 3.62122e+011 601766 1.93134e+011 1.8926e+011 5.63272e+006 4.38081e+006 3.82405e+011 -2.02825e+010
1.983 3.72557e+011 610375 1.94623e+011 1.89065e+011 5.74278e+006 4.53961e+006 3.83698e+011 -1.11408e+010
1.985 3.75587e+011 612852 1.96115e+011 1.88848e+011 5.85487e+006 4.70386e+006 3.84974e+011 -9.38698e+009
1.986 3.7506e+011 612422 1.96864e+011 1.88731e+011 5.91167e+006 4.78808e+006 3.85605e+011 -1.0545e+010
1.988 3.81907e+011 617986 1.98363e+011 1.8848e+011 6.02685e+006 4.96083e+006 3.86854e+011 -4.94737e+009
1.989 3.68841e+011 607323 1.99115e+011 1.88346e+011 6.08523e+006 5.04941e+006 3.87472e+011 -1.8631e+010
1.991 3.58313e+011 598592 2.00621e+011 1.88062e+011 6.20358e+006 5.23108e+006 3.88695e+011 -3.03821e+010
1.992 3.58383e+011 598651 2.01376e+011 1.87911e+011 6.26356e+006 5.32423e+006 3.89299e+011 -3.09159e+010
1.994 3.69768e+011 608085 2.02889e+011 1.87594e+011 6.38517e+006 5.51525e+006 3.90495e+011 -2.07273e+010
1.996 3.7645e+011 613555 2.04407e+011 1.87254e+011 6.50899e+006 5.71275e+006 3.91673e+011 -1.52232e+010
1.997 3.60022e+011 600019 2.05167e+011 1.87076e+011 6.57174e+006 5.814e+006 3.92255e+011 -3.22331e+010
1.999 3.52615e+011 593814 2.0669e+011 1.86704e+011 6.69896e+006 6.02161e+006 3.93407e+011 -4.07922e+010
2 3.56495e+011 597072 2.07454e+011 1.86509e+011 6.76343e+006 6.12803e+006 3.93976e+011 -3.7481e+010
2.002 3.7419e+011 611711 2.08984e+011 1.86104e+011 6.89412e+006 6.34624e+006 3.95101e+011 -2.09109e+010
2.004 3.73141e+011 610852 2.10517e+011 1.85678e+011 7.02719e+006 6.57179e+006 3.96209e+011 -2.30684e+010
2.005 3.64082e+011 603392 2.11286e+011 1.85457e+011 7.09462e+006 6.6874e+006 3.96756e+011 -3.26745e+010
2.007 3.60293e+011 600244 2.12825e+011 1.84998e+011 7.23132e+006 6.9244e+006 3.97838e+011 -3.75449e+010
2.008 3.73405e+011 611069 2.13597e+011 1.84761e+011 7.30059e+006 7.04586e+006 3.98372e+011 -2.4967e+010
2.01 3.70145e+011 608395 2.15142e+011 1.84271e+011 7.441e+006 7.29485e+006 3.99428e+011 -2.92832e+010
2.012 3.77301e+011 614248 2.16691e+011 1.83761e+011 7.58394e+006 7.55215e+006 4.00467e+011 -2.31659e+010
2.013 3.74592e+011 612039 2.17467e+011 1.83498e+011 7.65638e+006 7.684e+006 4.0098e+011 -2.63879e+010
2.015 3.7556e+011 612830 2.19021e+011 1.82956e+011 7.8032e+006 7.95425e+006 4.01993e+011 -2.64322e+010
2.017 3.71176e+011 609242 2.20579e+011 1.82394e+011 7.95266e+006 8.23347e+006 4.02989e+011 -3.18131e+010
2.018 3.70908e+011 609022 2.21359e+011 1.82105e+011 8.02839e+006 8.37653e+006 4.03481e+011 -3.25727e+010
2.02 3.71147e+011 609218 2.22922e+011 1.81513e+011 8.18189e+006 8.66973e+006 4.04452e+011 -3.33049e+010
2.021 3.70491e+011 608680 2.23704e+011 1.8121e+011 8.25967e+006 8.81994e+006 4.04931e+011 -3.44404e+010
2.023 3.73197e+011 610898 2.25272e+011 1.80588e+011 8.41731e+006 9.12777e+006 4.05877e+011 -3.26805e+010
2.025 3.77922e+011 614753 2.26843e+011 1.79947e+011 8.57776e+006 9.44573e+006 4.06807e+011 -2.88856e+010
2.026 3.88939e+011 623650 2.27629e+011 1.79619e+011 8.65906e+006 9.6086e+006 4.07266e+011 -1.83273e+010
2.028 3.90145e+011 624616 2.29205e+011 1.78948e+011 8.82383e+006 9.94234e+006 4.08172e+011 -1.80262e+010
2.03 3.82092e+011 618136 2.30783e+011 1.78259e+011 8.99154e+006 1.0287e+007 4.09061e+011 -2.69693e+010
2.031 3.69082e+011 607521 2.31573e+011 1.77907e+011 9.07651e+006 1.04635e+007 4.095e+011 -4.04184e+010
2.033 3.72588e+011 610400 2.33156e+011 1.7719e+011 9.24871e+006 1.08252e+007 4.10366e+011 -3.77774e+010
2.035 3.80908e+011 617178 2.34741e+011 1.76455e+011 9.42396e+006 1.11986e+007 4.11216e+011 -3.03076e+010
2.036 3.80822e+011 617107 2.35534e+011 1.7608e+011 9.51276e+006 1.13899e+007 4.11635e+011 -3.08135e+010
2.038 3.76375e+011 613494 2.37123e+011 1.75317e+011 9.69269e+006 1.17817e+007 4.12462e+011 -3.60874e+010
2.039 3.86237e+011 621480 2.37919e+011 1.74929e+011 9.78385e+006 1.19823e+007 4.1287e+011 -2.66323e+010
2.041 4.01614e+011 633731 2.39511e+011 1.7414e+011 9.96858e+006 1.23932e+007 4.13674e+011 -1.20594e+010
2.043 3.8542e+011 620822 2.41106e+011 1.73334e+011 1.01566e+007 1.28174e+007 4.14463e+011 -2.90427e+010
2.044 3.76498e+011 613594 2.41905e+011 1.72924e+011 1.02518e+007 1.30346e+007 4.14852e+011 -3.83539e+010
2.046 3.71953e+011 609880 2.43503e+011 1.72092e+011 1.04448e+007 1.34795e+007 4.15619e+011 -4.36659e+010
2.048 3.87926e+011 622837 2.45103e+011 1.71244e+011 1.06412e+007 1.39386e+007 4.16372e+011 -2.84453e+010
2.05 4.1111e+011 641179 2.46706e+011 1.70379e+011 1.0841e+007 1.44124e+007 4.1711e+011 -5.99914e+009
2.051 4.13701e+011 643196 2.47507e+011 1.6994e+011 1.09422e+007 1.4655e+007 4.17473e+011 -3.77217e+009
2.053 3.93739e+011 627486 2.49112e+011 1.69052e+011 1.11473e+007 1.51517e+007 4.1819e+011 -2.44518e+010
2.055 3.82022e+011 618079 2.50719e+011 1.68147e+011 1.1356e+007 1.56642e+007 4.18894e+011 -3.68718e+010
2.056 3.89011e+011 623708 2.51523e+011 1.67689e+011 1.14618e+007 1.59265e+007 4.1924e+011 -3.02288e+010
2.058 4.04569e+011 636057 2.53133e+011 1.66762e+011 1.1676e+007 1.64636e+007 4.19923e+011 -1.53538e+010
2.06 4.06881e+011 637872 2.54743e+011 1.6582e+011 1.18939e+007 1.70177e+007 4.20592e+011 -1.37111e+010
2.061 4.11565e+011 641534 2.55549e+011 1.65343e+011 1.20043e+007 1.73013e+007 4.20922e+011 -9.35657e+009
2.063 4.2592e+011 652625 2.57162e+011 1.6438e+011 1.22279e+007 1.78819e+007 4.21572e+011 4.3479e+009
2.065 4.37427e+011 661383 2.58776e+011 1.63402e+011 1.24555e+007 1.84807e+007 4.22209e+011 1.52185e+010
2.066 4.38794e+011 662416 2.59583e+011 1.62908e+011 1.25707e+007 1.87872e+007 4.22522e+011 1.62722e+010
2.068 4.08428e+011 639084 2.61199e+011 1.6191e+011 1.28042e+007 1.94144e+007 4.2314e+011 -1.47126e+010
2.07 4.01389e+011 633552 2.62815e+011 1.60898e+011 1.30418e+007 2.00613e+007 4.23746e+011 -2.23577e+010
2.072 3.90012e+011 624509 2.64433e+011 1.59873e+011 1.32834e+007 2.07284e+007 4.2434e+011 -3.43285e+010
2.073 3.82264e+011 618275 2.65242e+011 1.59356e+011 1.34058e+007 2.10698e+007 4.24633e+011 -4.23682e+010
2.075 3.92282e+011 626324 2.6686e+011 1.58313e+011 1.36538e+007 2.17683e+007 4.25209e+011 -3.29269e+010
2.077 4.13274e+011 642864 2.68479e+011 1.57258e+011 1.3906e+007 2.24885e+007 4.25773e+011 -1.24992e+010
2.079 4.12691e+011 642410 2.70099e+011 1.56191e+011 1.41626e+007 2.3231e+007 4.26327e+011 -1.36359e+010
2.08 3.89663e+011 624230 2.70908e+011 1.55653e+011 1.42925e+007 2.36109e+007 4.26599e+011 -3.69364e+010
2.082 3.99603e+011 632141 2.72528e+011 1.54569e+011 1.45557e+007 2.43881e+007 4.27136e+011 -2.75334e+010
2.084 4.26942e+011 653408 2.74149e+011 1.53474e+011 1.48234e+007 2.51893e+007 4.27662e+011 -7.19994e+008
2.085 4.96309e+011 704492 2.74959e+011 1.52922e+011 1.4959e+007 2.5599e+007 4.27921e+011 6.83876e+010
2.087 4.56164e+011 675399 2.76579e+011 1.51811e+011 1.52337e+007 2.64374e+007 4.28432e+011 2.77327e+010
2.089 4.28433e+011 654548 2.78199e+011 1.5069e+011 1.5513e+007 2.73015e+007 4.28932e+011 -4.99112e+008
2.091 3.8618e+011 621434 2.79819e+011 1.4956e+011 1.57971e+007 2.81919e+007 4.29423e+011 -4.3243e+010
2.092 3.78072e+011 614875 2.80629e+011 1.48991e+011 1.5941e+007 2.86473e+007 4.29664e+011 -5.15926e+010
2.094 3.94052e+011 627736 2.82249e+011 1.47846e+011 1.62324e+007 2.95787e+007 4.3014e+011 -3.60882e+010
2.096 3.92876e+011 626798 2.83868e+011 1.46693e+011 1.65287e+007 3.05385e+007 4.30607e+011 -3.77308e+010
2.098 3.75731e+011 612969 2.85486e+011 1.45531e+011 1.68301e+007 3.15273e+007 4.31065e+011 -5.53333e+010
2.1 3.82065e+011 618114 2.87104e+011 1.4436e+011 1.71366e+007 3.25461e+007 4.31514e+011 -4.94484e+010
2.101 3.88107e+011 622982 2.87912e+011 1.43772e+011 1.72918e+007 3.3067e+007 4.31735e+011 -4.36278e+010
2.103 4.31115e+011 656594 2.89529e+011 1.4259e+011 1.76061e+007 3.41321e+007 4.32171e+011 -1.05556e+009
2.105 4.35995e+011 660299 2.91144e+011 1.41401e+011 1.79258e+007 3.52293e+007 4.32598e+011 3.39698e+009
2.107 4.24919e+011 651858 2.92758e+011 1.40205e+011 1.82508e+007 3.63594e+007 4.33018e+011 -8.09869e+009
2.108 3.99685e+011 632206 2.93565e+011 1.39605e+011 1.84154e+007 3.69371e+007 4.33225e+011 -3.354e+010
2.11 4.13923e+011 643369 2.95177e+011 1.38399e+011 1.87487e+007 3.81183e+007 4.33633e+011 -1.97095e+010
2.112 4.50609e+011 671274 2.96788e+011 1.37187e+011 1.90876e+007 3.93346e+007 4.34033e+011 1.65753e+010
2.114 4.72752e+011 687569 2.98398e+011 1.35969e+011 1.94321e+007 4.05872e+007 4.34427e+011 3.83251e+010
2.116 4.35209e+011 659704 3.00005e+011 1.34746e+011 1.97825e+007 4.18769e+007 4.34813e+011 3.96089e+008
2.117 3.65915e+011 604909 3.00808e+011 1.34132e+011 1.99599e+007 4.2536e+007 4.35003e+011 -6.90887e+010
2.119 3.2714e+011 571962 3.02414e+011 1.32902e+011 2.03191e+007 4.38834e+007 4.35379e+011 -1.08239e+011
2.121 3.34418e+011 578289 3.04017e+011 1.31667e+011 2.06843e+007 4.52705e+007 4.35749e+011 -1.01331e+011
2.123 3.95944e+011 629241 3.05618e+011 1.30427e+011 2.10556e+007 4.66984e+007 4.36112e+011 -4.01683e+010
2.125 4.65115e+011 681994 3.07216e+011 1.29184e+011 2.14331e+007 4.81682e+007 4.3647e+011 2.86454e+010
2.126 5.05297e+011 710842 3.08015e+011 1.28561e+011 2.16242e+007 4.89192e+007 4.36646e+011 6.86504e+010
2.128 4.74899e+011 689129 3.0961e+011 1.27312e+011 2.20111e+007 5.0454e+007 4.36995e+011 3.7904e+010
2.13 4.29761e+011 655562 3.11203e+011 1.26061e+011 2.24045e+007 5.20335e+007 4.37338e+011 -7.57649e+009
2.132 3.97124e+011 630177 3.12793e+011 1.24806e+011 2.28044e+007 5.3659e+007 4.37676e+011 -4.0552e+010
2.134 3.86102e+011 621371 3.1438e+011 1.2355e+011 2.32109e+007 5.53317e+007 4.38008e+011 -5.1906e+010
2.136 3.80673e+011 616987 3.15965e+011 1.22291e+011 2.36242e+007 5.70528e+007 4.38336e+011 -5.76627e+010
2.137 4.02351e+011 634312 3.16756e+011 1.21661e+011 2.38333e+007 5.7932e+007 4.38498e+011 -3.61472e+010
2.139 4.57993e+011 676752 3.18336e+011 1.20399e+011 2.42568e+007 5.97282e+007 4.38819e+011 1.91735e+010
2.141 4.83722e+011 695501 3.19912e+011 1.19137e+011 2.46873e+007 6.1576e+007 4.39136e+011 4.45868e+010
2.143 4.63348e+011 680697 3.21486e+011 1.17873e+011 2.51249e+007 6.34769e+007 4.39448e+011 2.39002e+010
2.145 4.30665e+011 656251 3.23056e+011 1.16609e+011 2.55696e+007 6.54323e+007 4.39756e+011 -9.09104e+009
2.147 4.12386e+011 642173 3.24622e+011 1.15345e+011 2.60217e+007 6.74435e+007 4.4006e+011 -2.7674e+010
2.149 4.08189e+011 638897 3.26185e+011 1.1408e+011 2.64811e+007 6.95119e+007 4.40361e+011 -3.21719e+010
2.15 4.26377e+011 652975 3.26964e+011 1.13448e+011 2.67136e+007 7.05681e+007 4.4051e+011 -1.41333e+010
2.152 4.63488e+011 680800 3.28521e+011 1.12184e+011 2.71844e+007 7.27254e+007 4.40805e+011 2.26827e+010
2.154 4.73067e+011 687798 3.30074e+011 1.10921e+011 2.76628e+007 7.49436e+007 4.41098e+011 3.19691e+010
2.156 4.64482e+011 681529 3.31623e+011 1.09659e+011 2.8149e+007 7.72246e+007 4.41387e+011 2.30955e+010
2.158 4.30596e+011 656198 3.33167e+011 1.08398e+011 2.86432e+007 7.95698e+007 4.41673e+011 -1.10774e+010
2.16 4.22004e+011 649619 3.34707e+011 1.07138e+011 2.91453e+007 8.19808e+007 4.41957e+011 -1.99526e+010
2.162 4.38383e+011 662105 3.36243e+011 1.05881e+011 2.96556e+007 8.44594e+007 4.42238e+011 -3.85506e+009
2.163 4.60733e+011 678773 3.37009e+011 1.05253e+011 2.99139e+007 8.57246e+007 4.42378e+011 1.83554e+010
2.165 4.71457e+011 686627 3.38537e+011 1.03999e+011 3.04366e+007 8.83078e+007 4.42655e+011 2.88022e+010
2.167 4.70391e+011 685851 3.40061e+011 1.02747e+011 3.09678e+007 9.0963e+007 4.4293e+011 2.74608e+010
2.169 4.85173e+011 696544 3.4158e+011 1.01499e+011 3.15076e+007 9.36918e+007 4.43204e+011 4.19699e+010
2.171 4.91912e+011 701364 3.43093e+011 1.00253e+011 3.2056e+007 9.64963e+007 4.43475e+011 4.8437e+010
2.173 4.96484e+011 704616 3.44602e+011 9.90109e+010 3.26133e+007 9.93782e+007 4.43744e+011 5.27393e+010
2.175 4.75837e+011 689809 3.46105e+011 9.77723e+010 3.31795e+007 1.0234e+008 4.44012e+011 3.18242e+010
2.177 4.61507e+011 679343 3.47602e+011 9.65376e+010 3.37548e+007 1.05382e+008 4.44279e+011 1.72278e+010
2.179 4.66887e+011 683291 3.49094e+011 9.5307e+010 3.43393e+007 1.08508e+008 4.44544e+011 2.23427e+010
2.181 4.69974e+011 685546 3.5058e+011 9.40807e+010 3.49331e+007 1.1172e+008 4.44808e+011 2.51662e+010
2.183 4.59504e+011 677867 3.5206e+011 9.28591e+010 3.55364e+007 1.15019e+008 4.4507e+011 1.44339e+010
2.184 4.49331e+011 670321 3.52798e+011 9.225e+010 3.58417e+007 1.16702e+008 4.45201e+011 4.12962e+009
2.186 4.56153e+011 675391 3.5427e+011 9.10357e+010 3.64595e+007 1.20137e+008 4.45462e+011 1.06912e+010
2.188 4.76447e+011 690252 3.55735e+011 8.98265e+010 3.70871e+007 1.23665e+008 4.45722e+011 3.07253e+010
2.19 4.60494e+011 678597 3.57194e+011 8.86227e+010 3.77247e+007 1.27288e+008 4.45981e+011 1.45129e+010
2.192 4.82905e+011 694914 3.58646e+011 8.74246e+010 3.83724e+007 1.31008e+008 4.4624e+011 3.66653e+010
2.194 4.77062e+011 690697 3.60092e+011 8.62322e+010 3.90303e+007 1.34829e+008 4.46498e+011 3.05644e+010
2.196 4.79393e+011 692382 3.61531e+011 8.50459e+010 3.96987e+007 1.38752e+008 4.46755e+011 3.26377e+010
2.198 4.67631e+011 683836 3.62963e+011 8.38658e+010 4.03775e+007 1.4278e+008 4.47012e+011 2.06192e+010
2.2 4.69106e+011 684913 3.64388e+011 8.26921e+010 4.10671e+007 1.46915e+008 4.47269e+011 2.1838e+010
2.202 4.85647e+011 696884 3.65807e+011 8.1525e+010 4.17675e+007 1.5116e+008 4.47525e+011 3.81226e+010
2.204 5.13896e+011 716866 3.67218e+011 8.03647e+010 4.2479e+007 1.55518e+008 4.47781e+011 6.61158e+010
2.206 5.11904e+011 715475 3.68622e+011 7.92114e+010 4.32015e+007 1.5999e+008 4.48036e+011 6.38678e+010
2.208 5.04662e+011 710396 3.70018e+011 7.80652e+010 4.39354e+007 1.64581e+008 4.48292e+011 5.63706e+010
2.21 4.95721e+011 704074 3.71407e+011 7.69264e+010 4.46808e+007 1.69293e+008 4.48547e+011 4.71736e+010
2.212 4.84647e+011 696166 3.72788e+011 7.5795e+010 4.54378e+007 1.74128e+008 4.48802e+011 3.58444e+010
2.214 4.76139e+011 690028 3.74161e+011 7.46713e+010 4.62066e+007 1.79089e+008 4.49058e+011 2.70813e+010
2.216 4.87536e+011 698238 3.75526e+011 7.35554e+010 4.69873e+007 1.8418e+008 4.49313e+011 3.82235e+010
2.218 4.84028e+011 695721 3.76884e+011 7.24474e+010 4.77802e+007 1.89404e+008 4.49568e+011 3.44601e+010
2.22 4.89187e+011 699419 3.78233e+011 7.13476e+010 4.85854e+007 1.94763e+008 4.49823e+011 3.93639e+010
2.222 4.92159e+011 701541 3.79573e+011 7.0256e+010 4.9403e+007 2.0026e+008 4.50079e+011 4.20804e+010
2.224 4.83013e+011 694991 3.80906e+011 6.91727e+010 5.02333e+007 2.05899e+008 4.50334e+011 3.26783e+010
2.226 4.95685e+011 704049 3.82229e+011 6.8098e+010 5.10764e+007 2.11683e+008 4.5059e+011 4.50946e+010
2.228 4.92183e+011 701557 3.83544e+011 6.70319e+010 5.19325e+007 2.17616e+008 4.50846e+011 4.13371e+010
2.23 4.75914e+011 689865 3.84851e+011 6.59745e+010 5.28017e+007 2.237e+008 4.51102e+011 2.48123e+010
2.232 4.69054e+011 684875 3.86148e+011 6.4926e+010 5.36843e+007 2.2994e+008 4.51358e+011 1.76967e+010
2.234 4.81676e+011 694029 3.87436e+011 6.38864e+010 5.45805e+007 2.36338e+008 4.51614e+011 3.00626e+010
2.236 4.90886e+011 700633 3.88715e+011 6.2856e+010 5.54904e+007 2.42898e+008 4.5187e+011 3.90163e+010
2.238 4.95884e+011 704190 3.89985e+011 6.18347e+010 5.64142e+007 2.49624e+008 4.52126e+011 4.37583e+010
2.24 4.90409e+011 700292 3.91246e+011 6.08227e+010 5.73521e+007 2.5652e+008 4.52382e+011 3.8027e+010
2.242 4.88614e+011 699009 3.92497e+011 5.982e+010 5.83042e+007 2.63589e+008 4.52638e+011 3.59758e+010
2.244 4.72014e+011 687033 3.93738e+011 5.88268e+010 5.92709e+007 2.70835e+008 4.52895e+011 1.91196e+010
2.246 4.73317e+011 687980 3.94969e+011 5.78431e+010 6.02523e+007 2.78263e+008 4.53151e+011 2.01658e+010
2.248 4.61816e+011 679570 3.96191e+011 5.6869e+010 6.12485e+007 2.85875e+008 4.53407e+011 8.40878e+009
2.25 4.67891e+011 684026 3.97403e+011 5.59046e+010 6.22598e+007 2.93677e+008 4.53663e+011 1.42281e+010
2.252 4.72663e+011 687505 3.98604e+011 5.49499e+010 6.32865e+007 3.01672e+008 4.53919e+011 1.87436e+010
2.254 4.84382e+011 695976 3.99796e+011 5.4005e+010 6.43286e+007 3.09864e+008 4.54175e+011 3.02072e+010
2.256 4.9434e+011 703093 4.00977e+011 5.307e+010 6.53864e+007 3.18258e+008 4.54431e+011 3.9909e+010
2.258 4.97862e+011 705594 4.02148e+011 5.21449e+010 6.64601e+007 3.26859e+008 4.54686e+011 4.31764e+010
2.26 4.9715e+011 705088 4.03308e+011 5.12298e+010 6.755e+007 3.3567e+008 4.54941e+011 4.22089e+010
2.262 5.07543e+011 712421 4.04457e+011 5.03246e+010 6.86562e+007 3.44696e+008 4.55195e+011 5.23483e+010
2.265 4.79895e+011 692745 4.06161e+011 4.89857e+010 7.03466e+007 3.58648e+008 4.55576e+011 2.43195e+010
2.267 5.0541e+011 710922 4.07283e+011 4.81057e+010 7.14946e+007 3.68232e+008 4.55829e+011 4.95807e+010
2.269 5.13971e+011 716918 4.08395e+011 4.72359e+010 7.26597e+007 3.78048e+008 4.56081e+011 5.78898e+010
2.271 5.25623e+011 724998 4.09495e+011 4.63761e+010 7.38422e+007 3.881e+008 4.56333e+011 6.92896e+010
2.273 5.21667e+011 722265 4.10584e+011 4.55266e+010 7.50422e+007 3.98393e+008 4.56584e+011 6.50835e+010
2.275 5.27192e+011 726080 4.11661e+011 4.46872e+010 7.62601e+007 4.08933e+008 4.56834e+011 7.03583e+010
2.277 5.11278e+011 715037 4.12727e+011 4.3858e+010 7.7496e+007 4.19724e+008 4.57083e+011 5.41952e+010
2.279 5.10275e+011 714335 4.13782e+011 4.30391e+010 7.87501e+007 4.30772e+008 4.5733e+011 5.29447e+010
2.281 5.02908e+011 709160 4.14825e+011 4.22303e+010 8.00228e+007 4.42082e+008 4.57577e+011 4.53305e+010
2.283 4.95633e+011 704012 4.15856e+011 4.14317e+010 8.13142e+007 4.53659e+008 4.57822e+011 3.78102e+010
2.286 4.99811e+011 706973 4.1738e+011 4.0253e+010 8.32871e+007 4.71539e+008 4.58188e+011 4.16232e+010
2.288 5.06918e+011 711982 4.18381e+011 3.948e+010 8.46265e+007 4.8381e+008 4.5843e+011 4.84887e+010
2.29 4.98011e+011 705699 4.1937e+011 3.87171e+010 8.59855e+007 4.96367e+008 4.5867e+011 3.93409e+010
2.292 5.11871e+011 715452 4.20347e+011 3.79644e+010 8.73644e+007 5.09217e+008 4.58908e+011 5.29628e+010
2.294 5.15587e+011 718044 4.21312e+011 3.72218e+010 8.87634e+007 5.22366e+008 4.59145e+011 5.64423e+010
2.296 5.08396e+011 713019 4.22264e+011 3.64894e+010 9.01828e+007 5.35819e+008 4.59379e+011 4.90173e+010
2.298 5.20285e+011 721308 4.23203e+011 3.57671e+010 9.16229e+007 5.49583e+008 4.59612e+011 6.06731e+010
2.301 5.12159e+011 715653 4.24589e+011 3.47025e+010 9.38224e+007 5.70826e+008 4.59956e+011 5.22022e+010
2.303 4.96052e+011 704309 4.25497e+011 3.40053e+010 9.53153e+007 5.85394e+008 4.60183e+011 3.58683e+010
2.305 4.84678e+011 696188 4.26392e+011 3.33181e+010 9.68298e+007 6.00295e+008 4.60408e+011 2.42707e+010
2.307 4.97822e+011 705565 4.27275e+011 3.26409e+010 9.83661e+007 6.15536e+008 4.6063e+011 3.71924e+010
2.309 5.08402e+011 713023 4.28144e+011 3.19736e+010 9.99246e+007 6.31122e+008 4.60849e+011 4.75532e+010
2.311 4.9967e+011 706874 4.29e+011 3.13162e+010 1.01506e+008 6.47061e+008 4.61065e+011 3.86055e+010
2.313 5.00152e+011 707214 4.29843e+011 3.06685e+010 1.03109e+008 6.63359e+008 4.61278e+011 3.88738e+010
2.316 5.20996e+011 721801 4.31083e+011 2.97154e+010 1.05558e+008 6.88495e+008 4.61592e+011 5.94042e+010
2.318 5.11537e+011 715218 4.31892e+011 2.90921e+010 1.0722e+008 7.05722e+008 4.61798e+011 4.97395e+010
2.32 5.03579e+011 709633 4.32689e+011 2.84785e+010 1.08905e+008 7.23333e+008 4.61999e+011 4.15795e+010
2.322 4.98679e+011 706172 4.33471e+011 2.78745e+010 1.10615e+008 7.41336e+008 4.62198e+011 3.64813e+010
2.324 5.12276e+011 715734 4.3424e+011 2.728e+010 1.12348e+008 7.59737e+008 4.62393e+011 4.9883e+010
2.327 5.02695e+011 709010 4.35368e+011 2.64059e+010 1.14995e+008 7.88102e+008 4.62677e+011 4.0018e+010
2.329 4.99089e+011 706462 4.36103e+011 2.58349e+010 1.16791e+008 8.07532e+008 4.62862e+011 3.62265e+010
2.331 4.95956e+011 704241 4.36824e+011 2.52733e+010 1.18613e+008 8.27388e+008 4.63043e+011 3.29126e+010
2.333 4.90901e+011 700643 4.37531e+011 2.47208e+010 1.2046e+008 8.47677e+008 4.6322e+011 2.7681e+010
2.335 5.00565e+011 707507 4.38224e+011 2.41776e+010 1.22333e+008 8.68407e+008 4.63392e+011 3.71735e+010
2.338 5.15017e+011 717647 4.39236e+011 2.33797e+010 1.25192e+008 9.00346e+008 4.63642e+011 5.13749e+010
2.34 5.07896e+011 712668 4.39894e+011 2.2859e+010 1.27132e+008 9.22214e+008 4.63802e+011 4.40934e+010
2.342 5.00094e+011 707173 4.40537e+011 2.23472e+010 1.29099e+008 9.44552e+008 4.63958e+011 3.61363e+010
2.344 4.95684e+011 704048 4.41166e+011 2.18443e+010 1.31093e+008 9.67367e+008 4.64109e+011 3.15756e+010
2.347 4.9564e+011 704017 4.42082e+011 2.11062e+010 1.34137e+008 1.00251e+009 4.64325e+011 3.13152e+010
2.349 5.11214e+011 714992 4.42675e+011 2.0625e+010 1.36201e+008 1.02655e+009 4.64463e+011 4.6751e+010
2.351 5.02714e+011 709023 4.43253e+011 2.01523e+010 1.38295e+008 1.05111e+009 4.64595e+011 3.81193e+010
2.353 4.94175e+011 702976 4.43817e+011 1.96881e+010 1.40417e+008 1.07619e+009 4.64721e+011 2.94534e+010
2.356 4.71035e+011 686320 4.44635e+011 1.90075e+010 1.43655e+008 1.11479e+009 4.649e+011 6.1345e+009
2.358 4.95585e+011 703978 4.45161e+011 1.8564e+010 1.45852e+008 1.1412e+009 4.65012e+011 3.05723e+010
2.36 4.94141e+011 702951 4.45673e+011 1.81287e+010 1.48079e+008 1.16816e+009 4.65118e+011 2.90224e+010
2.362 5.06804e+011 711902 4.46171e+011 1.77015e+010 1.50336e+008 1.19567e+009 4.65218e+011 4.15858e+010
2.365 4.86858e+011 697752 4.46888e+011 1.70757e+010 1.5378e+008 1.23802e+009 4.65356e+011 2.15025e+010
2.367 4.86846e+011 697744 4.47348e+011 1.66683e+010 1.56116e+008 1.26697e+009 4.65439e+011 2.14069e+010
2.369 4.81143e+011 693644 4.47793e+011 1.62687e+010 1.58484e+008 1.29652e+009 4.65516e+011 1.56262e+010
2.372 4.75796e+011 689780 4.48432e+011 1.56835e+010 1.62096e+008 1.34198e+009 4.65619e+011 1.01771e+010
2.374 4.79123e+011 692187 4.48839e+011 1.53029e+010 1.64545e+008 1.37306e+009 4.65679e+011 1.34441e+010
2.376 4.63002e+011 680443 4.4923e+011 1.49297e+010 1.67027e+008 1.40476e+009 4.65732e+011 -2.72971e+009
2.378 4.8006e+011 692864 4.49607e+011 1.45639e+010 1.69543e+008 1.4371e+009 4.65777e+011 1.4283e+010
2.381 4.82744e+011 694798 4.50143e+011 1.40287e+010 1.73381e+008 1.48684e+009 4.65832e+011 1.69118e+010
2.383 4.85806e+011 696998 4.50481e+011 1.36808e+010 1.75983e+008 1.52082e+009 4.65859e+011 1.99474e+010
2.385 4.84956e+011 696388 4.50804e+011 1.33399e+010 1.7862e+008 1.55548e+009 4.65878e+011 1.90776e+010
2.388 4.87779e+011 698412 4.5126e+011 1.28416e+010 1.82642e+008 1.60876e+009 4.65893e+011 2.18861e+010
2.39 4.83171e+011 695105 4.51544e+011 1.25178e+010 1.85368e+008 1.64516e+009 4.65893e+011 1.72778e+010
2.392 4.9865e+011 706152 4.51813e+011 1.22008e+010 1.88131e+008 1.68227e+009 4.65885e+011 3.27658e+010
2.395 4.70934e+011 686246 4.52188e+011 1.17376e+010 1.92345e+008 1.7393e+009 4.65857e+011 5.07675e+009
2.397 4.71706e+011 686809 4.52418e+011 1.14369e+010 1.95201e+008 1.77825e+009 4.65828e+011 5.87819e+009
2.399 5.01162e+011 707928 4.52633e+011 1.11425e+010 1.98095e+008 1.81795e+009 4.65791e+011 3.53707e+010
2.402 4.8213e+011 694356 4.52925e+011 1.07127e+010 2.02509e+008 1.87893e+009 4.6572e+011 1.64109e+010
2.404 4.87389e+011 698132 4.53101e+011 1.04338e+010 2.055e+008 1.92057e+009 4.65661e+011 2.17276e+010
2.407 4.81337e+011 693784 4.53335e+011 1.00268e+010 2.1006e+008 1.98452e+009 4.65557e+011 1.57802e+010
2.409 4.69202e+011 684983 4.53472e+011 9.76289e+009 2.13151e+008 2.02816e+009 4.65476e+011 3.72551e+009
2.411 4.75539e+011 689593 4.53593e+011 9.50475e+009 2.16282e+008 2.07263e+009 4.65386e+011 1.01526e+010
2.414 4.75608e+011 689643 4.53745e+011 9.12822e+009 2.21056e+008 2.14091e+009 4.65235e+011 1.03727e+010
2.416 4.80743e+011 693356 4.53826e+011 8.88419e+009 2.24291e+008 2.18749e+009 4.65122e+011 1.56204e+010
2.418 4.83565e+011 695389 4.53892e+011 8.64564e+009 2.27569e+008 2.23495e+009 4.65001e+011 1.85649e+010
2.421 4.78688e+011 691873 4.53962e+011 8.29789e+009 2.32565e+008 2.30779e+009 4.648e+011 1.38876e+010
2.423 4.85585e+011 696839 4.53989e+011 8.07265e+009 2.3595e+008 2.35747e+009 4.64655e+011 2.09298e+010
2.426 4.50308e+011 671050 4.53999e+011 7.74446e+009 2.4111e+008 2.43371e+009 4.64419e+011 -1.41105e+010
2.428 4.70084e+011 685627 4.53987e+011 7.53198e+009 2.44605e+008 2.48569e+009 4.64249e+011 5.83538e+009
2.43 4.80569e+011 693231 4.53958e+011 7.32444e+009 2.48146e+008 2.53863e+009 4.6407e+011 1.64989e+010
2.433 4.8025e+011 693001 4.53887e+011 7.02222e+009 2.53543e+008 2.61983e+009 4.63782e+011 1.64683e+010
2.435 4.78018e+011 691388 4.53819e+011 6.82668e+009 2.57199e+008 2.67518e+009 4.63578e+011 1.444e+010
2.438 4.78495e+011 691734 4.53688e+011 6.54204e+009 2.62771e+008 2.76008e+009 4.63253e+011 1.52422e+010
2.44 4.78458e+011 691706 4.53581e+011 6.35796e+009 2.66545e+008 2.81794e+009 4.63024e+011 1.54338e+010
2.443 4.88361e+011 698828 4.53392e+011 6.09012e+009 2.72297e+008 2.90665e+009 4.62661e+011 2.57003e+010
2.445 4.8268e+011 694751 4.53246e+011 5.91696e+009 2.76192e+008 2.9671e+009 4.62406e+011 2.02735e+010
2.447 4.7675e+011 690471 4.53084e+011 5.74804e+009 2.80137e+008 3.02861e+009 4.62141e+011 1.46086e+010
2.45 4.6492e+011 681850 4.52813e+011 5.50241e+009 2.86149e+008 3.1229e+009 4.61724e+011 3.19574e+009
2.452 4.62918e+011 680381 4.52612e+011 5.34372e+009 2.9022e+008 3.18712e+009 4.61433e+011 1.48551e+009
2.455 4.55487e+011 674898 4.52282e+011 5.11306e+009 2.96423e+008 3.28553e+009 4.60977e+011 -5.48997e+009
2.457 4.59968e+011 678209 4.52042e+011 4.9641e+009 3.00623e+008 3.35255e+009 4.6066e+011 -6.91728e+008
2.46 4.65997e+011 682640 4.51654e+011 4.74768e+009 3.07023e+008 3.45524e+009 4.60164e+011 5.83302e+009
2.462 4.91547e+011 701104 4.51376e+011 4.60798e+009 3.11357e+008 3.52515e+009 4.5982e+011 3.17268e+010
2.465 4.75511e+011 689573 4.50929e+011 4.4051e+009 3.17958e+008 3.63223e+009 4.59285e+011 1.62266e+010
2.467 4.73339e+011 687996 4.50612e+011 4.27419e+009 3.22428e+008 3.70512e+009 4.58914e+011 1.44247e+010
2.47 4.62079e+011 679764 4.50108e+011 4.08416e+009 3.29237e+008 3.81673e+009 4.58339e+011 3.73998e+009
2.472 4.57652e+011 676500 4.49753e+011 3.9616e+009 3.33847e+008 3.89269e+009 4.57941e+011 -2.89429e+008
2.475 4.43916e+011 666270 4.49192e+011 3.78376e+009 3.40868e+008 4.00898e+009 4.57325e+011 -1.34099e+010
2.477 4.48982e+011 670061 4.48799e+011 3.6691e+009 3.45622e+008 4.0881e+009 4.56901e+011 -7.91911e+009
2.48 4.3802e+011 661831 4.4818e+011 3.50281e+009 3.52861e+008 4.2092e+009 4.56245e+011 -1.82252e+010
2.482 4.30461e+011 656095 4.47749e+011 3.39565e+009 3.57762e+008 4.29157e+009 4.55794e+011 -2.5333e+010
2.485 4.41414e+011 664390 4.47074e+011 3.24029e+009 3.65226e+008 4.41763e+009 4.55097e+011 -1.36836e+010
2.487 4.4337e+011 665860 4.46605e+011 3.14021e+009 3.70277e+008 4.50335e+009 4.54619e+011 -1.12495e+010
2.49 4.71467e+011 686635 4.45874e+011 2.99518e+009 3.77971e+008 4.63449e+009 4.53882e+011 1.75856e+010
2.492 4.71123e+011 686384 4.45368e+011 2.9018e+009 3.83177e+008 4.72365e+009 4.53377e+011 1.7746e+010
2.495 4.51779e+011 672145 4.44581e+011 2.76654e+009 3.91106e+008 4.86002e+009 4.52599e+011 -8.19468e+008
2.498 4.50536e+011 671220 4.43761e+011 2.63686e+009 3.99178e+008 4.99959e+009 4.51797e+011 -1.26079e+009
2.5 4.29145e+011 655092 4.43196e+011 2.55342e+009 4.04641e+008 5.09445e+009 4.51248e+011 -2.21035e+010
2.503 4.56247e+011 675460 4.42321e+011 2.43264e+009 4.12958e+008 5.23948e+009 4.50406e+011 5.84047e+009
2.505 4.49667e+011 670572 4.4172e+011 2.35495e+009 4.18586e+008 5.33802e+009 4.49831e+011 -1.63792e+008
2.508 4.51962e+011 672281 4.4079e+011 2.24254e+009 4.27155e+008 5.48865e+009 4.48949e+011 3.01316e+009
2.51 4.40757e+011 663895 4.40153e+011 2.17027e+009 4.32952e+008 5.59097e+009 4.48347e+011 -7.59005e+009
2.513 4.55174e+011 674666 4.3917e+011 2.06575e+009 4.41777e+008 5.74733e+009 4.47425e+011 7.74922e+009
2.516 4.4299e+011 665575 4.38155e+011 1.96572e+009 4.5076e+008 5.9072e+009 4.46479e+011 -3.48828e+009
2.518 4.31756e+011 657082 4.37461e+011 1.90146e+009 4.56837e+008 6.01576e+009 4.45835e+011 -1.40787e+010
2.521 4.39702e+011 663100 4.36393e+011 1.80857e+009 4.66087e+008 6.18159e+009 4.44849e+011 -5.1475e+009
2.523 4.32081e+011 657328 4.35664e+011 1.74892e+009 4.72345e+008 6.29416e+009 4.44179e+011 -1.20987e+010
2.526 3.93306e+011 627141 4.34544e+011 1.66273e+009 4.81868e+008 6.46609e+009 4.43155e+011 -4.9849e+010
2.529 3.96777e+011 629902 4.33394e+011 1.58037e+009 4.9156e+008 6.64174e+009 4.42107e+011 -4.53305e+010
2.531 3.76343e+011 613468 4.3261e+011 1.5275e+009 4.98115e+008 6.76094e+009 4.41396e+011 -6.50534e+010
2.534 4.09372e+011 639822 4.31408e+011 1.45118e+009 5.0809e+008 6.94291e+009 4.4031e+011 -3.09387e+010
2.537 3.88867e+011 623592 4.30177e+011 1.3783e+009 5.18239e+008 7.12873e+009 4.39202e+011 -5.03348e+010
2.539 4.08037e+011 638778 4.29339e+011 1.33155e+009 5.25103e+008 7.25478e+009 4.3845e+011 -3.04134e+010
2.542 5.00135e+011 707202 4.28058e+011 1.26411e+009 5.35547e+008 7.44713e+009 4.37304e+011 6.28304e+010
2.544 5.50735e+011 742115 4.27187e+011 1.22087e+009 5.4261e+008 7.57757e+009 4.36528e+011 1.14207e+011
2.547 4.88227e+011 698732 4.25857e+011 1.1585e+009 5.53357e+008 7.77659e+009 4.35345e+011 5.28814e+010
2.55 5.4309e+011 736946 4.24498e+011 1.09903e+009 5.64288e+008 7.97966e+009 4.34141e+011 1.08949e+011
2.552 4.8296e+011 694954 4.23576e+011 1.06092e+009 5.71679e+008 8.11732e+009 4.33326e+011 4.96347e+010
2.555 4.86897e+011 697780 4.22169e+011 1.006e+009 5.82923e+008 8.32726e+009 4.32085e+011 5.48121e+010
2.558 4.56083e+011 675339 4.20734e+011 9.53669e+008 5.94358e+008 8.54139e+009 4.30824e+011 2.52588e+010
2.561 4.59477e+011 677848 4.19272e+011 9.03812e+008 6.05988e+008 8.75973e+009 4.29541e+011 2.99358e+010
2.563 4.55147e+011 674646 4.18282e+011 8.71898e+008 6.1385e+008 8.90766e+009 4.28675e+011 2.64722e+010
2.566 4.51299e+011 671788 4.16773e+011 8.25943e+008 6.25808e+008 9.13314e+009 4.27358e+011 2.39407e+010
2.569 4.65428e+011 682223 4.15238e+011 7.82197e+008 6.37968e+008 9.36296e+009 4.26022e+011 3.94064e+010
2.571 4.72647e+011 687494 4.142e+011 7.54215e+008 6.46187e+008 9.5186e+009 4.25119e+011 4.7528e+010
2.574 4.7344e+011 688070 4.12621e+011 7.13946e+008 6.58687e+008 9.75574e+009 4.2375e+011 4.96904e+010
2.577 4.69849e+011 685455 4.11016e+011 6.75644e+008 6.71396e+008 9.99732e+009 4.2236e+011 4.74888e+010
2.58 4.89505e+011 699646 4.09385e+011 6.39224e+008 6.84316e+008 1.02434e+010 4.20952e+011 6.85526e+010
2.582 4.68451e+011 684434 4.08284e+011 6.15948e+008 6.93047e+008 1.04099e+010 4.20003e+011 4.84476e+010
2.585 4.74512e+011 688848 4.06611e+011 5.82483e+008 7.06324e+008 1.06636e+010 4.18564e+011 5.59483e+010
2.588 4.64398e+011 681467 4.04914e+011 5.50686e+008 7.1982e+008 1.09218e+010 4.17106e+011 4.72915e+010
2.591 4.46641e+011 668312 4.03192e+011 5.20484e+008 7.33536e+008 1.11846e+010 4.15631e+011 3.10106e+010
2.593 4.19837e+011 647948 4.02031e+011 5.012e+008 7.42804e+008 1.13624e+010 4.14637e+011 5.19977e+009
2.596 4.39318e+011 662811 4.0027e+011 4.73499e+008 7.56896e+008 1.16329e+010 4.13133e+011 2.61851e+010
2.599 4.34464e+011 659139 3.98485e+011 4.47207e+008 7.71216e+008 1.19082e+010 4.11611e+011 2.28523e+010
2.602 4.63974e+011 681156 3.96677e+011 4.22261e+008 7.85767e+008 1.21882e+010 4.10073e+011 5.39004e+010
2.604 4.42253e+011 665021 3.95459e+011 4.06347e+008 7.95598e+008 1.23776e+010 4.09039e+011 3.32138e+010
2.607 4.32629e+011 657745 3.93614e+011 3.83507e+008 8.10542e+008 1.26655e+010 4.07474e+011 2.51553e+010
2.61 4.22873e+011 650287 3.91747e+011 3.61852e+008 8.25725e+008 1.29583e+010 4.05893e+011 1.69798e+010
2.613 4.29472e+011 655341 3.89859e+011 3.41328e+008 8.4115e+008 1.32559e+010 4.04297e+011 2.51746e+010
2.616 4.35245e+011 659731 3.87949e+011 3.21881e+008 8.5682e+008 1.35583e+010 4.02686e+011 3.25591e+010
2.618 4.25916e+011 652623 3.86664e+011 3.09489e+008 8.67405e+008 1.37626e+010 4.01604e+011 2.43124e+010
2.621 4.03119e+011 634917 3.8472e+011 2.91724e+008 8.83491e+008 1.40732e+010 3.99969e+011 3.15034e+009
2.624 3.9774e+011 630666 3.82756e+011 2.74904e+008 8.9983e+008 1.43887e+010 3.9832e+011 -5.79836e+008
2.627 4.00252e+011 632655 3.80773e+011 2.58984e+008 9.16425e+008 1.47091e+010 3.96657e+011 3.59487e+009
2.63 3.74686e+011 612116 3.7877e+011 2.4392e+008 9.33279e+008 1.50344e+010 3.94981e+011 -2.02957e+010
2.633 3.714e+011 609426 3.76748e+011 2.29669e+008 9.50396e+008 1.53647e+010 3.93293e+011 -2.18932e+010
2.636 3.67694e+011 606377 3.74708e+011 2.16193e+008 9.67779e+008 1.56999e+010 3.91592e+011 -2.38983e+010
2.638 3.81485e+011 617645 3.73338e+011 2.0762e+008 9.79516e+008 1.59261e+010 3.90451e+011 -8.96586e+009
2.641 3.91383e+011 625606 3.71268e+011 1.95349e+008 9.97347e+008 1.62697e+010 3.88731e+011 2.65295e+009
2.644 3.72743e+011 610527 3.69181e+011 1.83754e+008 1.01545e+009 1.66181e+010 3.86998e+011 -1.42556e+010
2.647 3.69066e+011 607508 3.67077e+011 1.728e+008 1.03383e+009 1.69716e+010 3.85255e+011 -1.61889e+010
2.65 3.84081e+011 619742 3.64957e+011 1.62455e+008 1.0525e+009 1.73301e+010 3.83502e+011 5.79046e+008
2.653 4.24595e+011 651609 3.6282e+011 1.52688e+008 1.07144e+009 1.76935e+010 3.81738e+011 4.28569e+010
2.656 4.40562e+011 663749 3.60668e+011 1.43469e+008 1.09067e+009 1.80619e+010 3.79964e+011 6.05979e+010
2.659 4.34387e+011 659081 3.58501e+011 1.34771e+008 1.11019e+009 1.84353e+010 3.78181e+011 5.62061e+010
2.662 4.17183e+011 645897 3.56319e+011 1.26565e+008 1.13001e+009 1.88137e+010 3.76389e+011 4.07935e+010
2.664 4.26614e+011 653157 3.54856e+011 1.21356e+008 1.14338e+009 1.90686e+010 3.7519e+011 5.14243e+010
2.667 4.25291e+011 652144 3.52651e+011 1.13916e+008 1.16369e+009 1.94552e+010 3.73384e+011 5.19077e+010
2.67 4.04364e+011 635896 3.50432e+011 1.06903e+008 1.1843e+009 1.98468e+010 3.7157e+011 3.27945e+010
2.673 3.96308e+011 629530 3.482e+011 1.00295e+008 1.20522e+009 2.02432e+010 3.69748e+011 2.65601e+010
2.676 3.7277e+011 610549 3.45954e+011 9.40692e+007 1.22644e+009 2.06446e+010 3.6792e+011 4.85027e+009
2.679 3.59724e+011 599770 3.43697e+011 8.82063e+007 1.24797e+009 2.10508e+010 3.66084e+011 -6.36049e+009
2.682 3.78794e+011 615462 3.41428e+011 8.26864e+007 1.26982e+009 2.14619e+010 3.64242e+011 1.45514e+010
2.685 3.66265e+011 605198 3.39147e+011 7.7491e+007 1.29199e+009 2.18778e+010 3.62395e+011 3.87026e+009
2.688 3.78478e+011 615205 3.36856e+011 7.26023e+007 1.31447e+009 2.22985e+010 3.60541e+011 1.79365e+010
2.691 3.72626e+011 610431 3.34553e+011 6.80036e+007 1.33729e+009 2.2724e+010 3.58683e+011 1.39434e+010
2.694 3.92382e+011 626404 3.32241e+011 6.36789e+007 1.36042e+009 2.31542e+010 3.56819e+011 3.55631e+010
2.697 3.63419e+011 602843 3.29919e+011 5.96132e+007 1.38389e+009 2.35891e+010 3.54952e+011 8.46781e+009
2.7 3.86209e+011 621457 3.27588e+011 5.57918e+007 1.4077e+009 2.40286e+010 3.5308e+011 3.31287e+010
2.703 3.69179e+011 607601 3.25247e+011 5.22013e+007 1.43184e+009 2.44728e+010 3.51204e+011 1.79751e+010
2.706 3.6571e+011 604739 3.22899e+011 4.88287e+007 1.45632e+009 2.49215e+010 3.49325e+011 1.63844e+010
2.709 3.56615e+011 597173 3.20542e+011 4.56615e+007 1.48115e+009 2.53747e+010 3.47444e+011 9.17147e+009
2.712 3.48659e+011 590473 3.18178e+011 4.26883e+007 1.50633e+009 2.58324e+010 3.45559e+011 3.09966e+009
2.715 3.42281e+011 585048 3.15806e+011 3.98978e+007 1.53185e+009 2.62945e+010 3.43673e+011 -1.39166e+009
2.718 3.70384e+011 608592 3.13428e+011 3.72796e+007 1.55774e+009 2.6761e+010 3.41784e+011 2.85997e+010
2.721 3.58562e+011 598800 3.11044e+011 3.48238e+007 1.58397e+009 2.72317e+010 3.39894e+011 1.86678e+010
2.724 3.32513e+011 576639 3.08653e+011 3.2521e+007 1.61057e+009 2.77067e+010 3.38003e+011 -5.49036e+009
2.727 3.21896e+011 567359 3.06257e+011 3.03622e+007 1.63754e+009 2.81858e+010 3.36111e+011 -1.42148e+010
2.731 3.35004e+011 578795 3.03055e+011 2.76934e+007 1.67407e+009 2.8831e+010 3.33588e+011 1.4163e+009
2.734 3.30391e+011 574797 3.00648e+011 2.58388e+007 1.70189e+009 2.93195e+010 3.31695e+011 -1.30411e+009
2.737 3.65463e+011 604536 2.98237e+011 2.41018e+007 1.7301e+009 2.9812e+010 3.29803e+011 3.56606e+010
2.74 3.49038e+011 590794 2.95822e+011 2.24755e+007 1.75868e+009 3.03083e+010 3.27911e+011 2.11268e+010
2.743 3.4586e+011 588098 2.93404e+011 2.09532e+007 1.78765e+009 3.08084e+010 3.26021e+011 1.98391e+010
2.746 3.28314e+011 572987 2.90982e+011 1.95288e+007 1.817e+009 3.13121e+010 3.24131e+011 4.18286e+009
2.749 3.09461e+011 556292 2.88559e+011 1.81963e+007 1.84674e+009 3.18194e+010 3.22243e+011 -1.2782e+010
2.752 3.11064e+011 557731 2.86133e+011 1.69501e+007 1.87688e+009 3.23302e+010 3.20357e+011 -9.29361e+009
2.755 3.11436e+011 558064 2.83706e+011 1.5785e+007 1.90741e+009 3.28444e+010 3.18473e+011 -7.03754e+009
2.759 3.39615e+011 582765 2.80467e+011 1.4349e+007 1.94874e+009 3.35351e+010 3.15965e+011 2.36495e+010
2.762 3.15189e+011 561417 2.78037e+011 1.33542e+007 1.98021e+009 3.40568e+010 3.14088e+011 1.10144e+009
2.765 3.18797e+011 564621 2.75607e+011 1.24251e+007 2.01208e+009 3.45816e+010 3.12213e+011 6.58438e+009
2.768 3.17603e+011 563563 2.73176e+011 1.15574e+007 2.04437e+009 3.51093e+010 3.10342e+011 7.26108e+009
2.771 3.31317e+011 575602 2.70746e+011 1.07474e+007 2.07707e+009 3.56399e+010 3.08474e+011 2.28432e+010
2.774 3.42512e+011 585245 2.68317e+011 9.9915e+006 2.11018e+009 3.61732e+010 3.0661e+011 3.59014e+010
2.778 3.19204e+011 564981 2.6508e+011 9.06184e+006 2.15499e+009 3.68883e+010 3.04132e+011 1.50718e+010
2.781 3.26651e+011 571534 2.62654e+011 8.41915e+006 2.1891e+009 3.74275e+010 3.02279e+011 2.43721e+010
2.784 3.19109e+011 564898 2.60229e+011 7.81992e+006 2.22363e+009 3.7969e+010 3.0043e+011 1.86795e+010
2.787 3.41304e+011 584212 2.57807e+011 7.26138e+006 2.25859e+009 3.85127e+010 2.98586e+011 4.27183e+010
2.79 3.40491e+011 583516 2.55388e+011 6.7409e+006 2.29399e+009 3.90585e+010 2.96747e+011 4.37436e+010
2.794 3.32568e+011 576687 2.52167e+011 6.10192e+006 2.34187e+009 3.97892e+010 2.94304e+011 3.82636e+010
2.797 3.41339e+011 584242 2.49755e+011 5.66097e+006 2.3783e+009 4.03393e+010 2.92478e+011 4.88605e+010
2.8 3.48147e+011 590040 2.47347e+011 5.25046e+006 2.41517e+009 4.0891e+010 2.90658e+011 5.74884e+010
2.803 3.68373e+011 606937 2.44943e+011 4.8684e+006 2.45248e+009 4.14442e+010 2.88845e+011 7.95281e+010
2.807 3.45808e+011 588055 2.41745e+011 4.40003e+006 2.50295e+009 4.21839e+010 2.86436e+011 5.9372e+010
2.81 3.20333e+011 565979 2.39352e+011 4.07727e+006 2.54133e+009 4.274e+010 2.84637e+011 3.56954e+010
2.813 3.22052e+011 567496 2.36964e+011 3.77717e+006 2.58016e+009 4.32971e+010 2.82845e+011 3.92063e+010
2.816 3.14437e+011 560747 2.34582e+011 3.49821e+006 2.61946e+009 4.3855e+010 2.8106e+011 3.33771e+010
2.82 3.16317e+011 562421 2.31415e+011 3.15671e+006 2.67259e+009 4.45999e+010 2.78691e+011 3.76261e+010
2.823 3.18928e+011 564737 2.29047e+011 2.92173e+006 2.71298e+009 4.51592e+010 2.76922e+011 4.20058e+010
2.826 3.128e+011 559285 2.26686e+011 2.7035e+006 2.75384e+009 4.57189e+010 2.75161e+011 3.76387e+010
2.83 3.29337e+011 573879 2.23548e+011 2.43665e+006 2.80906e+009 4.64653e+010 2.72824e+011 5.65127e+010
2.833 3.20404e+011 566043 2.21203e+011 2.25323e+006 2.85104e+009 4.7025e+010 2.71081e+011 4.93235e+010
2.836 3.14573e+011 560868 2.18865e+011 2.08305e+006 2.8935e+009 4.75845e+010 2.69345e+011 4.52273e+010
2.84 3.09222e+011 556077 2.15761e+011 1.87518e+006 2.95086e+009 4.83299e+010 2.67044e+011 4.21781e+010
2.843 3.04423e+011 551746 2.13442e+011 1.73246e+006 2.99446e+009 4.88883e+010 2.65327e+011 3.90964e+010
2.846 3.00537e+011 548212 2.11132e+011 1.60017e+006 3.03854e+009 4.94459e+010 2.63618e+011 3.69189e+010
2.85 2.97207e+011 545167 2.08065e+011 1.43875e+006 3.09809e+009 5.01878e+010 2.61353e+011 3.58547e+010
2.853 3.02839e+011 550308 2.05776e+011 1.32805e+006 3.14334e+009 5.07429e+010 2.59663e+011 4.31752e+010
2.856 2.77887e+011 527150 2.03496e+011 1.22553e+006 3.18908e+009 5.12966e+010 2.57983e+011 1.99042e+010
2.86 2.61507e+011 511378 2.0047e+011 1.10058e+006 3.25086e+009 5.20324e+010 2.55755e+011 5.75227e+009
2.863 2.71793e+011 521338 1.98213e+011 1.01498e+006 3.29779e+009 5.25822e+010 2.54094e+011 1.76992e+010
2.867 2.72538e+011 522052 1.95219e+011 910730 3.36115e+009 5.33122e+010 2.51893e+011 2.06446e+010
2.87 2.7929e+011 528479 1.92986e+011 839365 3.40926e+009 5.38572e+010 2.50253e+011 2.90368e+010
2.874 2.9687e+011 544857 1.90025e+011 752517 3.47422e+009 5.458e+010 2.4808e+011 4.879e+010
2.877 2.94472e+011 542653 1.87817e+011 693112 3.52355e+009 5.51191e+010 2.4646e+011 4.80122e+010
2.88 2.84597e+011 533476 1.8562e+011 638223 3.57339e+009 5.56553e+010 2.44849e+011 3.97476e+010
2.884 2.69397e+011 519035 1.82708e+011 571498 3.64067e+009 5.63657e+010 2.42715e+011 2.66819e+010
2.887 2.72992e+011 522487 1.80539e+011 525907 3.69174e+009 5.68946e+010 2.41125e+011 3.18667e+010
2.891 2.63754e+011 513570 1.77664e+011 470528 3.76065e+009 5.75945e+010 2.39019e+011 2.47342e+010
2.894 2.65843e+011 515600 1.75522e+011 432719 3.81296e+009 5.81152e+010 2.37451e+011 2.83927e+010
2.898 2.40402e+011 490308 1.72685e+011 386826 3.88354e+009 5.88033e+010 2.35372e+011 5.02948e+009
2.901 2.45886e+011 495869 1.70572e+011 355518 3.93709e+009 5.93146e+010 2.33824e+011 1.20616e+010
2.905 2.22755e+011 471969 1.67775e+011 317545 4.00934e+009 5.99897e+010 2.31774e+011 -9.01942e+009
2.908 2.31312e+011 480950 1.65692e+011 291660 4.06415e+009 6.04906e+010 2.30247e+011 1.06528e+009
2.912 2.39533e+011 489421 1.62935e+011 260289 4.13809e+009 6.11512e+010 2.28225e+011 1.13085e+010
2.915 2.24846e+011 474179 1.60883e+011 238919 4.19417e+009 6.16408e+010 2.26718e+011 -1.87228e+009
2.919 2.28083e+011 477581 1.58168e+011 213041 4.2698e+009 6.22856e+010 2.24724e+011 3.35958e+009
2.922 2.28283e+011 477790 1.56148e+011 195427 4.32717e+009 6.27629e+010 2.23238e+011 5.04519e+009
2.926 2.22994e+011 472223 1.53475e+011 174113 4.40451e+009 6.33905e+010 2.2127e+011 1.72376e+009
2.929 2.4394e+011 493903 1.51487e+011 159617 4.46316e+009 6.38544e+010 2.19805e+011 2.41348e+010
2.933 2.31595e+011 481243 1.48858e+011 142089 4.54223e+009 6.44636e+010 2.17864e+011 1.37303e+010
2.937 2.28322e+011 477830 1.46255e+011 126424 4.62228e+009 6.50617e+010 2.15939e+011 1.23828e+010
2.94 2.25766e+011 475149 1.44319e+011 115783 4.68297e+009 6.55027e+010 2.14505e+011 1.12613e+010
2.944 2.14426e+011 463061 1.41761e+011 102932 4.76476e+009 6.60804e+010 2.12606e+011 1.81966e+009
2.947 2.10586e+011 458896 1.39859e+011 94209 4.82676e+009 6.65056e+010 2.11192e+011 -6.05658e+008
2.951 2.05581e+011 453410 1.37347e+011 83681.8 4.9103e+009 6.70615e+010 2.09319e+011 -3.73765e+009
2.955 2.04954e+011 452719 1.34861e+011 74295.2 4.99484e+009 6.76045e+010 2.0746e+011 -2.50563e+009
2.958 2.06297e+011 454199 1.33013e+011 67931.4 5.0589e+009 6.8003e+010 2.06075e+011 2.21641e+008
2.962 2.00301e+011 447550 1.30574e+011 60260.7 5.14519e+009 6.85224e+010 2.04242e+011 -3.94063e+009
2.965 1.9607e+011 442798 1.28762e+011 55064.3 5.21057e+009 6.89028e+010 2.02876e+011 -6.80552e+009
2.969 2.0194e+011 449377 1.2637e+011 48805.4 5.29863e+009 6.93975e+010 2.01066e+011 8.73585e+008
2.973 1.94809e+011 441372 1.24005e+011 43237 5.38769e+009 6.98776e+010 1.99271e+011 -4.46138e+009
2.977 1.89263e+011 435044 1.21668e+011 38285.6 5.47776e+009 7.03427e+010 1.97489e+011 -8.22552e+009
2.98 1.96239e+011 442988 1.19933e+011 34936.7 5.54598e+009 7.06815e+010 1.96161e+011 7.80918e+007
2.984 1.99013e+011 446108 1.17644e+011 30909.7 5.63781e+009 7.11195e+010 1.94401e+011 4.61136e+009
2.988 1.99449e+011 446598 1.15383e+011 27333.8 5.73066e+009 7.15416e+010 1.92655e+011 6.79447e+009
2.991 1.88238e+011 433864 1.13705e+011 24918.1 5.80096e+009 7.18476e+010 1.91354e+011 -3.11562e+009
2.995 1.99872e+011 447071 1.11492e+011 22016.7 5.89558e+009 7.22412e+010 1.89629e+011 1.02432e+010
2.999 1.79819e+011 424050 1.09307e+011 19443.8 5.9912e+009 7.26181e+010 1.87917e+011 -8.09816e+009
3.003 1.80329e+011 424652 1.07151e+011 17163.3 6.08783e+009 7.29779e+010 1.86216e+011 -5.88741e+009
3.006 1.76939e+011 420642 1.05551e+011 15625.3 6.16097e+009 7.32364e+010 1.84949e+011 -8.00926e+009
3.01 1.8643e+011 431776 1.03444e+011 13781.1 6.25937e+009 7.35658e+010 1.83269e+011 3.1616e+009
3.014 1.86229e+011 431542 1.01364e+011 12148.6 6.35877e+009 7.38774e+010 1.816e+011 4.62868e+009
3.018 1.81822e+011 426406 9.93122e+010 10704.4 6.45917e+009 7.41711e+010 1.79942e+011 1.87977e+009
3.021 1.79618e+011 423814 9.77919e+010 9731.98 6.53513e+009 7.43794e+010 1.78706e+011 9.1167e+008
3.025 1.73847e+011 416950 9.57893e+010 8567.83 6.63728e+009 7.46411e+010 1.77068e+011 -3.22069e+009
3.029 1.71443e+011 414056 9.38147e+010 7539.29 6.74043e+009 7.48842e+010 1.75439e+011 -3.99674e+009
3.033 1.57966e+011 397450 9.18682e+010 6631.04 6.84457e+009 7.51085e+010 1.73821e+011 -1.5855e+010
3.037 1.70857e+011 413348 8.99495e+010 5829.39 6.9497e+009 7.5314e+010 1.72213e+011 -1.35662e+009
3.041 1.7106e+011 413593 8.80587e+010 5122.19 7.05582e+009 7.55003e+010 1.70615e+011 4.44639e+008
3.044 1.79487e+011 423659 8.66589e+010 4647.22 7.13605e+009 7.56275e+010 1.69422e+011 1.00643e+010
3.048 1.7315e+011 416113 8.48167e+010 4079.99 7.24388e+009 7.57801e+010 1.67841e+011 5.30968e+009
3.052 1.70167e+011 412512 8.30022e+010 3580.28 7.35269e+009 7.59133e+010 1.66268e+011 3.89826e+009
3.056 1.65862e+011 407261 8.12153e+010 3140.25 7.46247e+009 7.60269e+010 1.64705e+011 1.15679e+009
3.06 1.66527e+011 408077 7.94558e+010 2752.98 7.57321e+009 7.6121e+010 1.6315e+011 3.377e+009
3.064 1.62119e+011 402640 7.77237e+010 2412.31 7.68491e+009 7.61952e+010 1.61604e+011 5.15265e+008
3.068 1.58577e+011 398217 7.60188e+010 2112.78 7.79756e+009 7.62498e+010 1.60066e+011 -1.48934e+009
3.072 1.54689e+011 393306 7.43411e+010 1849.55 7.91116e+009 7.62845e+010 1.58537e+011 -3.84748e+009
3.076 1.49266e+011 386349 7.26902e+010 1618.33 8.02569e+009 7.62994e+010 1.57015e+011 -7.74981e+009
3.079 1.48944e+011 385933 7.14697e+010 1463.63 8.11221e+009 7.62975e+010 1.55879e+011 -6.93557e+009
3.083 1.47263e+011 383749 6.98657e+010 1279.58 8.22838e+009 7.62777e+010 1.54372e+011 -7.10842e+009
3.087 1.46052e+011 382168 6.82883e+010 1118.14 8.34546e+009 7.6238e+010 1.52872e+011 -6.81932e+009
3.091 1.45343e+011 381238 6.67372e+010 976.592 8.46346e+009 7.61785e+010 1.51379e+011 -6.03661e+009
3.095 1.53832e+011 392214 6.52123e+010 852.554 8.58236e+009 7.60993e+010 1.49894e+011 3.93814e+009
3.099 1.64337e+011 405385 6.37135e+010 743.912 8.70215e+009 7.60004e+010 1.48416e+011 1.59206e+010
3.103 1.59486e+011 399357 6.22404e+010 648.802 8.82283e+009 7.58818e+010 1.46945e+011 1.25409e+010
3.107 1.57375e+011 396705 6.0793e+010 565.579 8.94439e+009 7.57438e+010 1.45481e+011 1.18938e+010
3.111 1.51267e+011 388930 5.93711e+010 492.794 9.06681e+009 7.55863e+010 1.44024e+011 7.24238e+009
3.115 1.43059e+011 378231 5.79743e+010 429.169 9.19009e+009 7.54096e+010 1.42574e+011 4.84836e+008
3.12 1.36532e+011 369503 5.62636e+010 360.817 9.34538e+009 7.51617e+010 1.40771e+011 -4.23838e+009
3.124 1.36211e+011 369068 5.49228e+010 313.892 9.47055e+009 7.4942e+010 1.39335e+011 -3.1243e+009
3.128 1.33233e+011 365011 5.36066e+010 272.937 9.59654e+009 7.47036e+010 1.37907e+011 -4.67342e+009
3.132 1.31857e+011 363121 5.23147e+010 237.212 9.72334e+009 7.44466e+010 1.36485e+011 -4.62753e+009
3.136 1.35246e+011 367758 5.10468e+010 206.064 9.85094e+009 7.41711e+010 1.35069e+011 1.76779e+008
3.14 1.28583e+011 358585 4.98028e+010 178.919 9.97932e+009 7.38774e+010 1.3366e+011 -5.07609e+009
3.144 1.32755e+011 364355 4.85824e+010 155.276 1.01085e+010 7.35658e+010 1.32257e+011 4.97868e+008
3.148 1.34237e+011 366384 4.73853e+010 134.692 1.02384e+010 7.32364e+010 1.3086e+011 3.37737e+009
3.152 1.25979e+011 354936 4.62113e+010 116.78 1.03691e+010 7.28895e+010 1.2947e+011 -3.49063e+009
3.156 1.2979e+011 360264 4.50601e+010 101.202 1.05004e+010 7.25254e+010 1.28086e+011 1.70429e+009
3.161 1.16964e+011 342000 4.36529e+010 84.5603 1.06657e+010 7.20465e+010 1.26365e+011 -9.40115e+009
3.165 1.1864e+011 344441 4.25523e+010 73.2006 1.07987e+010 7.16447e+010 1.24996e+011 -6.35594e+009
3.169 1.26789e+011 356074 4.14736e+010 63.3365 1.09323e+010 7.12265e+010 1.23632e+011 3.15623e+009
3.173 1.1827e+011 343904 4.04167e+010 54.7752 1.10667e+010 7.07924e+010 1.22276e+011 -4.00605e+009
3.177 1.16639e+011 341524 3.93812e+010 47.3483 1.12017e+010 7.03427e+010 1.20926e+011 -4.28684e+009
3.182 1.13407e+011 336759 3.81167e+010 39.4377 1.13713e+010 6.9759e+010 1.19247e+011 -5.84011e+009
3.186 1.14895e+011 338962 3.71286e+010 34.0535 1.15077e+010 6.92752e+010 1.17912e+011 -3.01605e+009
3.19 1.17269e+011 342445 3.61611e+010 29.3902 1.16447e+010 6.87769e+010 1.16583e+011 6.86075e+008
3.194 1.16248e+011 340951 3.5214e+010 25.3533 1.17823e+010 6.82645e+010 1.15261e+011 9.87085e+008
3.199 1.02803e+011 320630 3.40582e+010 21.0634 1.1955e+010 6.76045e+010 1.13618e+011 -1.08143e+010
3.203 1.05948e+011 325496 3.31558e+010 18.1506 1.20938e+010 6.70615e+010 1.12311e+011 -6.36352e+009
3.207 1.04898e+011 323880 3.22728e+010 15.633 1.22332e+010 6.65056e+010 1.11012e+011 -6.11358e+009
3.211 9.83043e+010 313535 3.1409e+010 13.4581 1.2373e+010 6.59371e+010 1.09719e+011 -1.14148e+010
3.216 9.78745e+010 312849 3.03558e+010 11.1524 1.25485e+010 6.52094e+010 1.08114e+011 -1.02392e+010
3.22 9.48843e+010 308033 2.95341e+010 9.59051 1.26894e+010 6.46142e+010 1.06838e+011 -1.19534e+010
3.224 1.03261e+011 321342 2.87307e+010 8.24337 1.28308e+010 6.40078e+010 1.05569e+011 -2.30847e+009
3.229 9.30389e+010 305023 2.77516e+010 6.81772 1.3008e+010 6.32345e+010 1.03994e+011 -1.09553e+010
3.233 8.85646e+010 297598 2.69883e+010 5.85371 1.31503e+010 6.26044e+010 1.02743e+011 -1.41783e+010
3.238 9.43282e+010 307129 2.60585e+010 4.83479 1.33286e+010 6.18029e+010 1.0119e+011 -6.8618e+009
3.242 8.78708e+010 296430 2.53338e+010 4.14667 1.34717e+010 6.11512e+010 9.99566e+010 -1.20859e+010
3.246 8.37585e+010 289411 2.46259e+010 3.55477 1.3615e+010 6.04906e+010 9.87315e+010 -1.4973e+010
3.251 8.77487e+010 296224 2.37641e+010 2.93028 1.37947e+010 5.96531e+010 9.72119e+010 -9.46314e+009
3.255 9.5738e+010 309416 2.30928e+010 2.50929 1.39387e+010 5.89742e+010 9.60057e+010 -2.67749e+008
3.26 9.37708e+010 306220 2.2276e+010 2.06566 1.41191e+010 5.81152e+010 9.45102e+010 -7.39372e+008
3.264 8.80835e+010 296789 2.164e+010 1.76697 1.42636e+010 5.74201e+010 9.33238e+010 -5.24031e+009
3.268 8.64589e+010 294039 2.10193e+010 1.51075 1.44084e+010 5.67187e+010 9.21463e+010 -5.68742e+009
3.273 8.28169e+010 287779 2.02644e+010 1.24122 1.45895e+010 5.58334e+010 9.06874e+010 -7.87046e+009
3.277 8.56065e+010 292586 1.9677e+010 1.06009 1.47346e+010 5.51191e+010 8.95307e+010 -3.92417e+009
3.282 8.12519e+010 285047 1.89629e+010 0.869785 1.49162e+010 5.42191e+010 8.80982e+010 -6.84633e+009
3.286 7.95858e+010 282110 1.84075e+010 0.742049 1.50615e+010 5.34941e+010 8.69631e+010 -7.37727e+009
3.291 8.1927e+010 286229 1.77326e+010 0.608016 1.52432e+010 5.25822e+010 8.5558e+010 -3.63106e+009
3.295 7.82543e+010 279740 1.72079e+010 0.518161 1.53887e+010 5.18487e+010 8.44452e+010 -6.19095e+009
3.3 8.2866e+010 287865 1.65705e+010 0.423993 1.55705e+010 5.09276e+010 8.30685e+010 -2.02507e+008
3.305 8.12074e+010 284969 1.59533e+010 0.346677 1.57522e+010 5.00025e+010 8.1708e+010 -5.00529e+008
3.309 7.80556e+010 279384 1.54737e+010 0.294947 1.58975e+010 4.92601e+010 8.06313e+010 -2.57574e+009
3.314 7.79402e+010 279178 1.48915e+010 0.240836 1.6079e+010 4.83299e+010 7.93005e+010 -1.36027e+009
3.318 7.16687e+010 267710 1.44393e+010 0.204677 1.62241e+010 4.75845e+010 7.8248e+010 -6.57933e+009
3.323 7.83202e+010 279857 1.38907e+010 0.166901 1.64053e+010 4.66519e+010 7.69478e+010 1.37242e+009
3.328 7.31711e+010 270502 1.336e+010 0.135995 1.65861e+010 4.57189e+010 7.5665e+010 -2.49384e+009
3.332 7.50649e+010 273980 1.2948e+010 0.115382 1.67306e+010 4.49728e+010 7.46513e+010 4.13507e+008
3.337 7.55881e+010 274933 1.24485e+010 0.0938887 1.69108e+010 4.40411e+010 7.34004e+010 2.18775e+009
3.342 6.93975e+010 263434 1.19656e+010 0.0763416 1.70905e+010 4.31113e+010 7.21674e+010 -2.76986e+009
3.346 7.1491e+010 267378 1.1591e+010 0.0646613 1.7234e+010 4.23691e+010 7.11941e+010 2.9682e+008
3.351 7.04507e+010 265426 1.11371e+010 0.0525055 1.74128e+010 4.14442e+010 6.99941e+010 4.56602e+008
3.356 6.73352e+010 259490 1.06986e+010 0.0426028 1.75911e+010 4.0523e+010 6.88127e+010 -1.47755e+009
3.36 6.37093e+010 252407 1.03587e+010 0.0360237 1.77332e+010 3.97892e+010 6.78811e+010 -4.1718e+009
3.365 6.35443e+010 252080 9.947e+009 0.02919 1.79102e+010 3.88763e+010 6.67336e+010 -3.18925e+009
3.37 6.66125e+010 258094 9.54959e+009 0.0236348 1.80865e+010 3.7969e+010 6.56051e+010 1.00739e+009
3.375 7.07584e+010 266004 9.16608e+009 0.0191224 1.8262e+010 3.70678e+010 6.44958e+010 6.26256e+009
3.379 6.44258e+010 253822 8.869e+009 0.0161325 1.84017e+010 3.63516e+010 6.36223e+010 8.0355e+008
3.384 6.58017e+010 256518 8.5095e+009 0.0130348 1.85756e+010 3.54628e+010 6.25478e+010 3.25381e+009
3.389 6.62845e+010 257458 8.16281e+009 0.010524 1.87485e+010 3.45816e+010 6.14929e+010 4.79158e+009
3.394 6.45445e+010 254056 7.82855e+009 0.00849041 1.89204e+010 3.37087e+010 6.04576e+010 4.08693e+009
3.399 6.27922e+010 250584 7.50635e+009 0.00684464 1.90912e+010 3.28444e+010 5.94419e+010 3.35024e+009
3.403 6.16517e+010 248298 7.25704e+009 0.00575776 1.9227e+010 3.21596e+010 5.86436e+010 3.00806e+009
3.408 6.12317e+010 247450 6.95565e+009 0.0046354 1.93957e+010 3.13121e+010 5.76635e+010 3.56819e+009
3.413 5.80479e+010 240931 6.66534e+009 0.00372902 1.95632e+010 3.04746e+010 5.67031e+010 1.34477e+009
3.418 5.92935e+010 243503 6.38577e+009 0.00299761 1.97293e+010 2.96474e+010 5.57625e+010 3.531e+009
3.423 5.83485e+010 241554 6.11659e+009 0.00240785 1.98941e+010 2.8831e+010 5.48417e+010 3.50678e+009
3.428 5.70169e+010 238782 5.8575e+009 0.00193266 2.00575e+010 2.80256e+010 5.39406e+010 3.07629e+009
3.433 5.42994e+010 233022 5.60816e+009 0.00155009 2.02194e+010 2.72317e+010 5.30593e+010 1.24011e+009
3.438 5.57906e+010 236200 5.36828e+009 0.00124231 2.03798e+010 2.64495e+010 5.21976e+010 3.59302e+009
3.443 5.46366e+010 233745 5.13755e+009 0.00099489 2.05386e+010 2.56794e+010 5.13555e+010 3.28112e+009
3.448 5.27575e+010 229690 4.91567e+009 0.000796149 2.06957e+010 2.49215e+010 5.05329e+010 2.22465e+009
3.453 5.32431e+010 230745 4.70235e+009 0.00063663 2.08512e+010 2.41762e+010 4.97297e+010 3.51344e+009
3.458 5.12508e+010 226386 4.49732e+009 0.00050869 2.10048e+010 2.34436e+010 4.89458e+010 2.30502e+009
3.463 5.12799e+010 226451 4.3003e+009 0.000406155 2.11567e+010 2.2724e+010 4.8181e+010 3.09887e+009
3.468 5.30757e+010 230382 4.11102e+009 0.000324044 2.13067e+010 2.20175e+010 4.74353e+010 5.64043e+009
3.473 4.93865e+010 222231 3.92922e+009 0.000258339 2.14548e+010 2.13243e+010 4.67084e+010 2.67815e+009
3.478 5.34191e+010 231126 3.75464e+009 0.000205801 2.16009e+010 2.06446e+010 4.60001e+010 7.41893e+009
3.483 5.30146e+010 230249 3.58705e+009 0.000163825 2.1745e+010 1.99784e+010 4.53104e+010 7.70415e+009
3.488 4.99369e+010 223466 3.4262e+009 0.000130312 2.18869e+010 1.93258e+010 4.4639e+010 5.29792e+009
3.493 4.83119e+010 219800 3.27185e+009 0.000103577 2.20268e+010 1.8687e+010 4.39856e+010 4.3263e+009
3.498 4.73085e+010 217505 3.12378e+009 8.22647e-005 2.21644e+010 1.80619e+010 4.33501e+010 3.95838e+009
3.503 4.84006e+010 220001 2.98176e+009 6.52886e-005 2.22998e+010 1.74507e+010 4.27323e+010 5.66839e+009
3.508 4.88691e+010 221064 2.84559e+009 5.17768e-005 2.24329e+010 1.68532e+010 4.21318e+010 6.73734e+009
3.514 4.64874e+010 215609 2.68959e+009 3.91616e-005 2.25896e+010 1.61546e+010 4.14338e+010 5.05364e+009
3.519 4.61153e+010 214745 2.56554e+009 3.10055e-005 2.27174e+010 1.55876e+010 4.08706e+010 5.24475e+009
3.524 4.85823e+010 220414 2.44668e+009 2.45296e-005 2.28429e+010 1.50344e+010 4.03239e+010 8.25833e+009
3.529 4.66855e+010 216068 2.33282e+009 1.93917e-005 2.29658e+010 1.44949e+010 3.97935e+010 6.89201e+009
3.534 4.60155e+010 214512 2.22378e+009 1.53184e-005 2.30861e+010 1.39691e+010 3.92791e+010 6.73648e+009
3.54 4.6382e+010 215365 2.09903e+009 1.15319e-005 2.32271e+010 1.33561e+010 3.86823e+010 7.69971e+009
3.545 4.71289e+010 217092 1.99997e+009 9.0945e-006 2.33417e+010 1.28602e+010 3.82018e+010 8.9271e+009
3.55 4.50117e+010 212160 1.90516e+009 7.16689e-006 2.34536e+010 1.23776e+010 3.77363e+010 7.27536e+009
3.556 4.31903e+010 207823 1.7968e+009 5.37975e-006 2.35842e+010 1.18159e+010 3.7197e+010 5.99332e+009
3.561 4.57629e+010 213923 1.71081e+009 4.23248e-006 2.369e+010 1.13624e+010 3.67632e+010 8.99977e+009
3.566 4.83665e+010 219924 1.62859e+009 3.32737e-006 2.37929e+010 1.09218e+010 3.63433e+010 1.20232e+010
3.572 4.96753e+010 222880 1.53468e+009 2.49045e-006 2.39127e+010 1.04099e+010 3.58573e+010 1.3818e+010
3.577 4.57305e+010 213847 1.46022e+009 1.95463e-006 2.40092e+010 9.99732e+009 3.54668e+010 1.02637e+010
3.582 4.3874e+010 209461 1.38908e+009 1.53294e-006 2.41028e+010 9.59715e+009 3.5089e+010 8.78499e+009
3.588 4.77719e+010 218568 1.3079e+009 1.14405e-006 2.42111e+010 9.13314e+009 3.46522e+010 1.31197e+010
3.593 4.48584e+010 211798 1.24358e+009 8.95752e-007 2.42981e+010 8.75973e+009 3.43014e+010 1.0557e+010
3.599 4.56814e+010 213732 1.17023e+009 6.67185e-007 2.43983e+010 8.32726e+009 3.38958e+010 1.17856e+010
3.604 4.3732e+010 209122 1.11216e+009 5.21517e-007 2.44784e+010 7.97966e+009 3.35702e+010 1.01618e+010
3.609 4.30921e+010 207586 1.05674e+009 4.07347e-007 2.45554e+010 7.64346e+009 3.32556e+010 9.83649e+009
3.615 4.11779e+010 202923 9.93582e+008 3.02529e-007 2.46435e+010 7.25478e+009 3.28918e+010 8.28605e+009
3.62 4.18633e+010 204605 9.43621e+008 2.35909e-007 2.47134e+010 6.94291e+009 3.25999e+010 9.26342e+009
3.626 4.10039e+010 202494 8.86719e+008 1.74858e-007 2.4793e+010 6.58278e+009 3.22624e+010 8.74141e+009
3.631 4.20191e+010 204986 8.4173e+008 1.36126e-007 2.48557e+010 6.29416e+009 3.19915e+010 1.00275e+010
3.637 4.31703e+010 207775 7.90521e+008 1.00698e-007 2.49265e+010 5.96128e+009 3.16783e+010 1.14919e+010
3.643 4.38587e+010 209425 7.42196e+008 7.44092e-008 2.49926e+010 5.6427e+009 3.13775e+010 1.24812e+010
3.648 4.13307e+010 203299 7.04022e+008 5.77794e-008 2.50439e+010 5.38786e+009 3.11358e+010 1.01949e+010
3.654 4.11601e+010 202879 6.60607e+008 4.26105e-008 2.51011e+010 5.09445e+009 3.08561e+010 1.03039e+010
3.659 4.34365e+010 208414 6.26331e+008 3.30327e-008 2.51449e+010 4.86002e+009 3.06313e+010 1.28052e+010
3.665 4.49202e+010 211944 5.87371e+008 2.43123e-008 2.51931e+010 4.59043e+009 3.03709e+010 1.45493e+010
3.671 3.76579e+010 194056 5.50663e+008 1.78746e-008 2.52362e+010 4.33326e+009 3.01201e+010 7.53777e+009
3.676 3.68924e+010 192074 5.21708e+008 1.38214e-008 2.52683e+010 4.12814e+009 2.99182e+010 6.97423e+009
3.682 3.8493e+010 196196 4.88824e+008 1.01415e-008 2.53023e+010 3.89269e+009 2.96838e+010 8.80914e+009
3.688 3.92246e+010 198052 4.57871e+008 7.43323e-009 2.53312e+010 3.66852e+009 2.94576e+010 9.767e+009
3.693 4.1331e+010 203300 4.33476e+008 5.733e-009 2.53515e+010 3.49004e+009 2.9275e+010 1.2056e+010
3.699 4.09419e+010 202341 4.05795e+008 4.19369e-009 2.53712e+010 3.28553e+009 2.90625e+010 1.18795e+010
3.705 3.77236e+010 194226 3.79764e+008 3.06436e-009 2.53857e+010 3.0912e+009 2.88567e+010 8.86687e+009
3.711 3.58528e+010 189348 3.55291e+008 2.23673e-009 2.53952e+010 2.90665e+009 2.86572e+010 7.19565e+009
3.716 4.03622e+010 200904 3.36027e+008 1.71915e-009 2.53993e+010 2.76008e+009 2.84954e+010 1.18668e+010
3.722 3.82626e+010 195608 3.14194e+008 1.25235e-009 2.53994e+010 2.59252e+009 2.83062e+010 9.95648e+009
3.728 3.81354e+010 195283 2.93687e+008 9.11307e-010 2.53945e+010 2.43371e+009 2.81219e+010 1.00135e+010
3.734 3.94864e+010 198712 2.74434e+008 6.62421e-010 2.53845e+010 2.28329e+009 2.79422e+010 1.15442e+010
3.74 3.59527e+010 189612 2.56363e+008 4.80986e-010 2.53694e+010 2.14091e+009 2.77667e+010 8.18602e+009
3.746 4.17847e+010 204413 2.39407e+008 3.48867e-010 2.53492e+010 2.00624e+009 2.75949e+010 1.41898e+010
3.752 3.9059e+010 197633 2.23503e+008 2.52765e-010 2.5324e+010 1.87893e+009 2.74265e+010 1.16325e+010
3.758 3.60345e+010 189828 2.08591e+008 1.82938e-010 2.52937e+010 1.75868e+009 2.7261e+010 8.77348e+009
3.763 3.68211e+010 191888 1.9688e+008 1.39615e-010 2.52647e+010 1.66362e+009 2.71252e+010 9.69591e+009
3.769 3.6507e+010 191068 1.83639e+008 1.00846e-010 2.52252e+010 1.55548e+009 2.69643e+010 9.54267e+009
3.775 4.17405e+010 204305 1.71235e+008 7.27628e-011 2.51807e+010 1.45352e+009 2.68055e+010 1.4935e+010
3.781 3.97464e+010 199365 1.59619e+008 5.24435e-011 2.51313e+010 1.35744e+009 2.66483e+010 1.30981e+010
3.787 3.94105e+010 198521 1.48745e+008 3.77575e-011 2.50769e+010 1.26697e+009 2.64926e+010 1.29179e+010
3.793 3.7829e+010 194497 1.38568e+008 2.71547e-011 2.50177e+010 1.18184e+009 2.63381e+010 1.14909e+010
3.8 3.76385e+010 194006 1.27522e+008 1.846e-011 2.49424e+010 1.08892e+009 2.61588e+010 1.14796e+010
3.806 3.88526e+010 197111 1.18717e+008 1.3245e-011 2.48726e+010 1.01447e+009 2.60058e+010 1.28468e+010
3.812 3.27701e+010 181025 1.10486e+008 9.493e-012 2.47981e+010 9.44552e+008 2.58531e+010 6.91698e+009
3.818 3.20933e+010 179146 1.02793e+008 6.79648e-012 2.47188e+010 8.7894e+008 2.57006e+010 6.39274e+009
3.824 3.24382e+010 180106 9.56065e+007 4.86064e-012 2.46349e+010 8.17407e+008 2.55479e+010 6.89036e+009
3.83 3.211e+010 179193 8.88945e+007 3.47242e-012 2.45463e+010 7.59737e+008 2.53949e+010 6.71507e+009
3.836 3.54472e+010 188274 8.26279e+007 2.478e-012 2.44531e+010 7.05722e+008 2.52415e+010 1.02057e+010
3.843 3.16475e+010 177897 7.58432e+007 1.66937e-012 2.43387e+010 6.47061e+008 2.50616e+010 6.58589e+009
3.849 3.06454e+010 175058 7.04491e+007 1.1885e-012 2.42358e+010 6.00295e+008 2.49065e+010 5.7389e+009
3.855 2.66323e+010 163194 6.54182e+007 8.45237e-013 2.41285e+010 5.56584e+008 2.47505e+010 1.88185e+009
3.861 3.15442e+010 177607 6.07277e+007 6.00462e-013 2.40168e+010 5.15754e+008 2.45933e+010 6.95093e+009
3.868 2.57214e+010 160379 5.56569e+007 4.02392e-013 2.38811e+010 4.71539e+008 2.44083e+010 1.3131e+009
3.874 2.67425e+010 163531 5.16314e+007 2.85192e-013 2.37603e+010 4.36394e+008 2.42483e+010 2.49418e+009
3.88 2.56177e+010 160055 4.78821e+007 2.01908e-013 2.36353e+010 4.03632e+008 2.40868e+010 1.53083e+009
3.887 2.28118e+010 151036 4.38334e+007 1.34766e-013 2.34844e+010 3.68232e+008 2.38965e+010 -1.0847e+009
3.893 2.25656e+010 150218 4.0623e+007 9.51867e-014 2.33508e+010 3.40155e+008 2.37315e+010 -1.16595e+009
3.899 2.13883e+010 146247 3.76359e+007 6.71588e-014 2.32132e+010 3.14036e+008 2.35649e+010 -2.1766e+009
3.906 2.24544e+010 149848 3.44139e+007 4.46467e-014 2.30479e+010 2.85875e+008 2.33682e+010 -9.13785e+008
3.912 1.99794e+010 141348 3.18619e+007 3.14265e-014 2.29022e+010 2.63589e+008 2.31976e+010 -3.21827e+009
3.919 2.43442e+010 156026 2.91113e+007 2.08349e-014 2.27276e+010 2.39597e+008 2.29963e+010 1.34795e+009
3.925 2.25881e+010 150293 2.69344e+007 1.46312e-014 2.25741e+010 2.20639e+008 2.28216e+010 -2.33556e+008
3.932 2.21762e+010 148917 2.45898e+007 9.67356e-015 2.23906e+010 2.0026e+008 2.26155e+010 -4.39228e+008
3.938 2.245e+010 149833 2.27356e+007 6.77726e-015 2.22297e+010 1.8418e+008 2.24366e+010 1.33492e+007
3.945 2.03959e+010 142814 2.07401e+007 4.4686e-015 2.20379e+010 1.66922e+008 2.22255e+010 -1.82966e+009
3.951 1.91297e+010 138310 1.91633e+007 3.12334e-015 2.187e+010 1.53324e+008 2.20425e+010 -2.91281e+009
3.958 2.18536e+010 147829 1.74676e+007 2.05375e-015 2.16703e+010 1.38752e+008 2.18265e+010 2.70278e+007
3.964 1.72432e+010 131313 1.61287e+007 1.4321e-015 2.14959e+010 1.27288e+008 2.16393e+010 -4.39613e+009
3.971 2.11347e+010 145378 1.46899e+007 9.39102e-016 2.12888e+010 1.15019e+008 2.14185e+010 -2.83873e+008
3.978 1.79335e+010 133916 1.33739e+007 6.14908e-016 2.1078e+010 1.03851e+008 2.11952e+010 -3.26166e+009
3.984 1.91644e+010 138436 1.23359e+007 4.27237e-016 2.08944e+010 9.50845e+007 2.10018e+010 -1.83736e+009
3.991 1.98964e+010 141054 1.12219e+007 2.78982e-016 2.06769e+010 8.57246e+007 2.07739e+010 -8.77538e+008
3.998 1.96575e+010 140205 1.02042e+007 1.81905e-016 2.04562e+010 7.72246e+007 2.05436e+010 -8.86136e+008
4.004 1.82484e+010 135087 9.40243e+006 1.25932e-016 2.02645e+010 7.05681e+007 2.03444e+010 -2.09603e+009
4.011 1.82047e+010 134925 8.54297e+006 8.18864e-017 2.0038e+010 6.34769e+007 2.011e+010 -1.90529e+009
4.018 1.89488e+010 137655 7.75879e+006 5.31678e-017 1.98086e+010 5.70528e+007 1.98734e+010 -9.2459e+008
4.025 2.1544e+010 146779 7.04359e+006 3.44703e-017 1.95765e+010 5.12381e+007 1.96348e+010 1.9092e+009
4.032 1.84643e+010 135883 6.39162e+006 2.23152e-017 1.93418e+010 4.59793e+007 1.93942e+010 -9.29948e+008
4.038 1.89211e+010 137554 5.87904e+006 1.53541e-017 1.91388e+010 4.18769e+007 1.91866e+010 -2.65416e+008
4.045 1.86551e+010 136584 5.33066e+006 9.91267e-018 1.88998e+010 3.75233e+007 1.89427e+010 -2.87553e+008
4.052 2.10492e+010 145083 4.83138e+006 6.39022e-018 1.86587e+010 3.35956e+007 1.86971e+010 2.35204e+009
4.059 1.8336e+010 135411 4.377e+006 4.1134e-018 1.84157e+010 3.0055e+007 1.84501e+010 -1.14054e+008
4.066 2.09927e+010 144889 3.96368e+006 2.6439e-018 1.81708e+010 2.68662e+007 1.82017e+010 2.79106e+009
4.073 1.90043e+010 137856 3.58786e+006 1.69687e-018 1.79243e+010 2.39965e+007 1.79519e+010 1.05234e+009
4.08 1.74057e+010 131930 3.2463e+006 1.08746e-018 1.76764e+010 2.14164e+007 1.7701e+010 -2.95391e+008
4.087 1.66277e+010 128948 2.93602e+006 6.9588e-019 1.74271e+010 1.90984e+007 1.74491e+010 -8.21476e+008
4.094 1.67588e+010 129456 2.65426e+006 4.44648e-019 1.71766e+010 1.70177e+007 1.71963e+010 -4.37552e+008
4.101 2.00874e+010 141730 2.39852e+006 2.83699e-019 1.69252e+010 1.51517e+007 1.69427e+010 3.14465e+009
4.108 1.47931e+010 121627 2.16651e+006 1.80742e-019 1.66728e+010 1.34795e+007 1.66885e+010 -1.89539e+009
4.116 1.74777e+010 132203 1.9277e+006 1.07771e-019 1.63835e+010 1.17817e+007 1.63973e+010 1.08044e+009
4.123 1.66958e+010 129212 1.73965e+006 6.84434e-020 1.61298e+010 1.04635e+007 1.6142e+010 5.53755e+008
4.13 1.74451e+010 132080 1.56927e+006 4.34029e-020 1.58757e+010 9.28546e+006 1.58866e+010 1.55856e+009
4.137 1.28198e+010 113225 1.41499e+006 2.74831e-020 1.56213e+010 8.23347e+006 1.5631e+010 -2.81117e+009
4.144 1.5436e+010 124242 1.27533e+006 1.73769e-020 1.53669e+010 7.29485e+006 1.53754e+010 6.05676e+007
4.152 1.43415e+010 119756 1.13193e+006 1.02719e-020 1.5076e+010 6.34624e+006 1.50835e+010 -7.4204e+008
4.159 1.69092e+010 130035 1.01928e+006 6.4742e-021 1.48218e+010 5.61318e+006 1.48284e+010 2.0808e+009
4.166 1.39664e+010 118179 917450 4.07455e-021 1.45678e+010 4.96083e+006 1.45737e+010 -6.07292e+008
4.173 1.28185e+010 113219 825446 2.56054e-021 1.43143e+010 4.38081e+006 1.43195e+010 -1.50094e+009
4.181 1.41866e+010 119108 731161 1.50307e-021 1.40252e+010 3.79679e+006 1.40298e+010 1.56867e+008
4.188 1.44229e+010 120095 657240 9.41583e-022 1.37731e+010 3.34715e+006 1.37771e+010 6.45799e+008
4.196 1.93776e+010 139203 581564 5.50728e-022 1.3486e+010 2.89528e+006 1.34895e+010 5.88814e+009
4.203 1.49083e+010 122099 522293 3.43909e-022 1.32358e+010 2.54805e+006 1.32389e+010 1.66939e+009
4.211 1.08383e+010 104107 461675 2.00426e-022 1.29512e+010 2.19976e+006 1.29539e+010 -2.11562e+009
4.218 1.23598e+010 111175 414246 1.24764e-022 1.27035e+010 1.93264e+006 1.27059e+010 -3.46104e+008
4.226 1.31191e+010 114539 365788 7.24484e-023 1.24221e+010 1.66522e+006 1.24241e+010 6.95018e+008
4.233 1.23263e+010 111024 327911 4.49563e-023 1.21774e+010 1.46051e+006 1.21792e+010 1.47166e+008
4.241 1.23862e+010 111293 289252 2.60113e-023 1.18997e+010 1.25597e+006 1.19012e+010 4.84956e+008
4.248 1.17348e+010 108327 259065 1.60898e-023 1.16584e+010 1.09969e+006 1.16598e+010 7.50355e+007
4.256 1.39965e+010 118307 228285 9.27587e-024 1.13849e+010 943835 1.13861e+010 2.61043e+009
4.264 1.59747e+010 126391 201051 5.33729e-024 1.11139e+010 809225 1.11149e+010 4.85988e+009
4.271 1.16464e+010 107919 179818 3.28553e-024 1.08788e+010 706685 1.08797e+010 7.66758e+008
4.279 1.09463e+010 104625 158201 1.88366e-024 1.06127e+010 604716 1.06135e+010 3.3287e+008
4.287 1.21527e+010 110239 139106 1.07786e-024 1.03494e+010 516923 1.03501e+010 1.80265e+009
4.294 1.57171e+010 125368 124242 6.60303e-025 1.01214e+010 450241 1.0122e+010 5.59509e+009
4.302 1.17506e+010 108400 109133 3.76475e-025 9.86375e+009 384125 9.86424e+009 1.88634e+009
4.31 1.16422e+010 107899 95807.5 2.14235e-025 9.60919e+009 327376 9.60961e+009 2.03258e+009
4.318 1.03293e+010 101633 84062.8 1.21677e-025 9.35786e+009 278721 9.35823e+009 9.71093e+008
4.326 1.18261e+010 108748 73717 6.89751e-026 9.10987e+009 237051 9.11018e+009 2.7159e+009
4.334 7.58577e+009 87096.3 64608.6 3.90245e-026 8.86528e+009 201401 8.86554e+009 -1.27978e+009
4.342 1.08193e+010 104016 56594.3 2.20367e-026 8.62418e+009 170934 8.62441e+009 2.19488e+009
4.35 1.12941e+010 106274 49546.7 1.24199e-026 8.38666e+009 144925 8.38685e+009 2.90724e+009
4.358 1.15509e+010 107475 43352.7 6.98641e-027 8.15276e+009 122746 8.15293e+009 3.39793e+009
4.366 8.38341e+009 91561 37912 3.92241e-027 7.92257e+009 103853 7.92271e+009 4.60704e+008
4.374 7.7851e+009 88233.2 33135.8 2.19794e-027 7.69613e+009 87776.5 7.69625e+009 8.8846e+007
4.382 7.3802e+009 85908.1 28945.2 1.22925e-027 7.4735e+009 74111.6 7.4736e+009 -9.34004e+007
4.39 1.06163e+010 103035 25270.6 6.86166e-028 7.25472e+009 62508.9 7.25481e+009 3.36148e+009
4.398 8.30018e+009 91105.3 22050.3 3.8228e-028 7.03984e+009 52667.9 7.03991e+009 1.26027e+009
4.406 8.88175e+009 94243 19229.7 2.12567e-028 6.82889e+009 44330 6.82895e+009 2.0528e+009
4.414 7.79953e+009 88314.9 16760.6 1.17971e-028 6.62189e+009 37273.3 6.62195e+009 1.17758e+009
4.423 7.68467e+009 87662.2 14350.2 6.0686e-029 6.39379e+009 30629.9 6.39384e+009 1.29083e+009
