1.772 1.15708e+011 340158 9.71147e+010 2.84916e+010 6.41378e+007 7.355e+006 1.25678e+011 -9.97017e+009
1.773 1.1674e+011 341672 9.76052e+010 2.8725e+010 6.49845e+007 7.42257e+006 1.26403e+011 -9.66302e+009
1.774 1.17768e+011 343174 9.80947e+010 2.89598e+010 6.58416e+007 7.49072e+006 1.27128e+011 -9.35967e+009
1.775 1.18556e+011 344320 9.85833e+010 2.91962e+010 6.67092e+007 7.55946e+006 1.27854e+011 -9.29761e+009
1.777 1.17918e+011 343392 9.95572e+010 2.96736e+010 6.84764e+007 7.69871e+006 1.29307e+011 -1.1389e+010
1.778 1.19177e+011 345220 1.00043e+011 2.99146e+010 6.93763e+007 7.76923e+006 1.30034e+011 -1.08576e+010
1.779 1.19722e+011 346008 1.00527e+011 3.01571e+010 7.02871e+007 7.84036e+006 1.30762e+011 -1.10403e+010
1.78 1.22864e+011 350519 1.0101e+011 3.04011e+010 7.12091e+007 7.9121e+006 1.3149e+011 -8.6261e+009
1.781 1.25289e+011 353962 1.01492e+011 3.06467e+010 7.21423e+007 7.98445e+006 1.32218e+011 -6.92923e+009
1.783 1.26765e+011 356040 1.02451e+011 3.11426e+010 7.4043e+007 8.13103e+006 1.33676e+011 -6.91119e+009
1.784 1.25883e+011 354800 1.02929e+011 3.13928e+010 7.50107e+007 8.20525e+006 1.34405e+011 -8.52213e+009
1.785 1.27353e+011 356866 1.03406e+011 3.16447e+010 7.59901e+007 8.28012e+006 1.35135e+011 -7.78155e+009
1.786 1.25078e+011 353663 1.03881e+011 3.18981e+010 7.69814e+007 8.35562e+006 1.35864e+011 -1.07866e+010
1.788 1.32477e+011 363974 1.04826e+011 3.24097e+010 7.90002e+007 8.50856e+006 1.37324e+011 -4.84661e+009
1.789 1.31003e+011 361943 1.05297e+011 3.26679e+010 8.0028e+007 8.58602e+006 1.38053e+011 -7.05089e+009
1.79 1.34819e+011 367177 1.05766e+011 3.29276e+010 8.10681e+007 8.66413e+006 1.38783e+011 -3.96448e+009
1.791 1.42569e+011 377584 1.06233e+011 3.3189e+010 8.21208e+007 8.7429e+006 1.39513e+011 3.05634e+009
1.793 1.4794e+011 384630 1.07163e+011 3.37166e+010 8.42644e+007 8.90247e+006 1.40973e+011 6.9673e+009
1.794 1.3886e+011 372639 1.07625e+011 3.39828e+010 8.53556e+007 8.98328e+006 1.41702e+011 -2.84222e+009
1.795 1.39702e+011 373767 1.08086e+011 3.42507e+010 8.64599e+007 9.06477e+006 1.42432e+011 -2.72989e+009
1.796 1.39361e+011 373311 1.08544e+011 3.45201e+010 8.75775e+007 9.14695e+006 1.43161e+011 -3.79998e+009
1.798 1.42417e+011 377382 1.09456e+011 3.5064e+010 8.98529e+007 9.31341e+006 1.44619e+011 -2.20179e+009
1.799 1.4904e+011 386057 1.09909e+011 3.53384e+010 9.1011e+007 9.3977e+006 1.45348e+011 3.69272e+009
1.8 1.53964e+011 392382 1.1036e+011 3.56144e+010 9.21831e+007 9.4827e+006 1.46076e+011 7.88764e+009
1.801 1.43143e+011 378342 1.10809e+011 3.58921e+010 9.33691e+007 9.56843e+006 1.46804e+011 -3.66098e+009
1.803 1.45843e+011 381894 1.117e+011 3.64525e+010 9.57836e+007 9.74205e+006 1.48258e+011 -2.41573e+009
1.804 1.49871e+011 387132 1.12143e+011 3.67352e+010 9.70125e+007 9.82996e+006 1.48985e+011 8.85904e+008
1.805 1.50394e+011 387807 1.12583e+011 3.70196e+010 9.8256e+007 9.91862e+006 1.49711e+011 6.83142e+008
1.807 1.58236e+011 397788 1.13458e+011 3.75934e+010 1.00787e+008 1.00982e+007 1.51162e+011 7.07373e+009
1.808 1.61247e+011 401555 1.13891e+011 3.78828e+010 1.02076e+008 1.01891e+007 1.51886e+011 9.36027e+009
1.809 1.65478e+011 406790 1.14323e+011 3.8174e+010 1.03379e+008 1.02808e+007 1.5261e+011 1.28681e+010
1.81 1.52774e+011 390863 1.14752e+011 3.84668e+010 1.04698e+008 1.03732e+007 1.53333e+011 -5.59534e+008
1.812 1.56199e+011 395220 1.15602e+011 3.90576e+010 1.07383e+008 1.05605e+007 1.54778e+011 1.42147e+009
1.813 1.53158e+011 391354 1.16024e+011 3.93555e+010 1.08749e+008 1.06553e+007 1.55499e+011 -2.34064e+009
1.814 1.59391e+011 399238 1.16443e+011 3.96552e+010 1.10131e+008 1.07509e+007 1.56219e+011 3.17239e+009
1.816 1.60845e+011 401055 1.17273e+011 4.02598e+010 1.12944e+008 1.09445e+007 1.57657e+011 3.18855e+009
1.817 1.60966e+011 401206 1.17685e+011 4.05646e+010 1.14376e+008 1.10425e+007 1.58375e+011 2.59144e+009
1.818 1.56454e+011 395543 1.18093e+011 4.08712e+010 1.15824e+008 1.11413e+007 1.59091e+011 -2.63724e+009
1.819 1.61763e+011 402197 1.18499e+011 4.11796e+010 1.17289e+008 1.1241e+007 1.59807e+011 1.9555e+009
1.821 1.70234e+011 412594 1.19302e+011 4.18015e+010 1.20271e+008 1.14428e+007 1.61236e+011 8.99848e+009
1.822 1.65073e+011 406292 1.197e+011 4.21152e+010 1.21788e+008 1.1545e+007 1.61948e+011 3.12526e+009
1.823 1.62161e+011 402692 1.20094e+011 4.24305e+010 1.23323e+008 1.1648e+007 1.6266e+011 -4.9867e+008
1.825 1.67481e+011 409244 1.20875e+011 4.30666e+010 1.26447e+008 1.18567e+007 1.6408e+011 3.40114e+009
1.826 1.71826e+011 414519 1.2126e+011 4.33872e+010 1.28035e+008 1.19623e+007 1.64788e+011 7.03841e+009
1.827 1.72049e+011 414788 1.21643e+011 4.37097e+010 1.29643e+008 1.20688e+007 1.65495e+011 6.55471e+009
1.829 1.79401e+011 423557 1.22399e+011 4.436e+010 1.32914e+008 1.22845e+007 1.66905e+011 1.2496e+010
1.83 1.74298e+011 417490 1.22773e+011 4.46878e+010 1.34578e+008 1.23937e+007 1.67608e+011 6.69062e+009
1.831 1.77203e+011 420955 1.23143e+011 4.50174e+010 1.36261e+008 1.25037e+007 1.68309e+011 8.89346e+009
1.832 1.73785e+011 416875 1.2351e+011 4.53488e+010 1.37963e+008 1.26147e+007 1.6901e+011 4.77505e+009
1.834 1.79528e+011 423708 1.24235e+011 4.60171e+010 1.41427e+008 1.28395e+007 1.70406e+011 9.12244e+009
1.835 1.77243e+011 421002 1.24592e+011 4.63539e+010 1.43189e+008 1.29533e+007 1.71102e+011 6.14052e+009
1.836 1.72545e+011 415385 1.24946e+011 4.66925e+010 1.44971e+008 1.3068e+007 1.71797e+011 7.48477e+008
1.838 1.75074e+011 418418 1.25644e+011 4.73753e+010 1.48597e+008 1.33003e+007 1.73181e+011 1.89314e+009
1.839 1.8527e+011 430430 1.25987e+011 4.77194e+010 1.50442e+008 1.34179e+007 1.73871e+011 1.13989e+010
1.84 1.91379e+011 437469 1.26328e+011 4.80653e+010 1.52307e+008 1.35364e+007 1.74559e+011 1.68203e+010
1.842 1.94426e+011 440938 1.26998e+011 4.87627e+010 1.56102e+008 1.37765e+007 1.7593e+011 1.84961e+010
1.843 1.9329e+011 439648 1.27327e+011 4.91142e+010 1.58031e+008 1.3898e+007 1.76613e+011 1.66771e+010
1.844 1.89518e+011 435337 1.27653e+011 4.94675e+010 1.59983e+008 1.40205e+007 1.77295e+011 1.22236e+010
1.846 1.8457e+011 429616 1.28294e+011 5.01796e+010 1.63954e+008 1.42685e+007 1.78652e+011 5.91798e+009
1.847 1.93029e+011 439350 1.28609e+011 5.05384e+010 1.65973e+008 1.4394e+007 1.79328e+011 1.37004e+010
1.848 1.96421e+011 443195 1.28921e+011 5.08991e+010 1.68015e+008 1.45206e+007 1.80002e+011 1.6419e+010
1.85 1.99042e+011 446141 1.29532e+011 5.16261e+010 1.72168e+008 1.47769e+007 1.81345e+011 1.76965e+010
1.851 2.08957e+011 457118 1.29832e+011 5.19924e+010 1.7428e+008 1.49066e+007 1.82014e+011 2.69434e+010
1.852 2.14397e+011 463030 1.30128e+011 5.23605e+010 1.76416e+008 1.50373e+007 1.8268e+011 3.1717e+010
1.854 2.15977e+011 464733 1.30709e+011 5.31025e+010 1.8076e+008 1.53021e+007 1.84007e+011 3.19698e+010
1.855 2.07033e+011 455009 1.30993e+011 5.34763e+010 1.82969e+008 1.54361e+007 1.84668e+011 2.23656e+010
1.856 2.14844e+011 463512 1.31273e+011 5.38519e+010 1.85202e+008 1.55712e+007 1.85326e+011 2.95178e+010
1.858 2.10755e+011 459081 1.31822e+011 5.46089e+010 1.89745e+008 1.58446e+007 1.86636e+011 2.41188e+010
1.859 2.13047e+011 461570 1.3209e+011 5.49902e+010 1.92054e+008 1.59831e+007 1.87289e+011 2.57582e+010
1.861 2.19152e+011 468136 1.32615e+011 5.57585e+010 1.96751e+008 1.62633e+007 1.88586e+011 3.05655e+010
1.862 2.13585e+011 462153 1.32871e+011 5.61455e+010 1.99138e+008 1.64051e+007 1.89232e+011 2.43534e+010
1.863 2.09264e+011 457454 1.33122e+011 5.65344e+010 2.01553e+008 1.6548e+007 1.89875e+011 1.93891e+010
1.865 2.05938e+011 453804 1.33614e+011 5.73179e+010 2.06462e+008 1.68375e+007 1.91155e+011 1.47831e+010
1.866 2.12501e+011 460978 1.33853e+011 5.77125e+010 2.08958e+008 1.69839e+007 1.91791e+011 2.071e+010
1.867 2.11504e+011 459896 1.34088e+011 5.8109e+010 2.11481e+008 1.71316e+007 1.92425e+011 1.9079e+010
1.869 2.15939e+011 464692 1.34545e+011 5.89077e+010 2.16612e+008 1.74305e+007 1.93687e+011 2.22525e+010
1.87 2.13062e+011 461587 1.34767e+011 5.93099e+010 2.19219e+008 1.75817e+007 1.94314e+011 1.87488e+010
1.871 2.10195e+011 458471 1.34985e+011 5.97141e+010 2.21856e+008 1.77342e+007 1.94938e+011 1.5257e+010
1.873 1.96874e+011 443705 1.35407e+011 6.05281e+010 2.27217e+008 1.80429e+007 1.9618e+011 6.93558e+008
1.874 1.87357e+011 432847 1.35611e+011 6.0938e+010 2.29942e+008 1.81991e+007 1.96797e+011 -9.44066e+009
1.876 1.90071e+011 435971 1.36007e+011 6.17636e+010 2.35481e+008 1.85152e+007 1.98025e+011 -7.95393e+009
1.877 2.07863e+011 455920 1.36198e+011 6.21792e+010 2.38297e+008 1.86752e+007 1.98634e+011 9.22882e+009
1.878 2.14407e+011 463042 1.36385e+011 6.25968e+010 2.41143e+008 1.88365e+007 1.99242e+011 1.51659e+010
1.88 1.99314e+011 446446 1.36745e+011 6.34378e+010 2.46929e+008 1.9163e+007 2.00448e+011 -1.13467e+009
1.881 2.26682e+011 476112 1.36918e+011 6.38612e+010 2.49869e+008 1.93282e+007 2.01048e+011 2.56345e+010
1.883 2.01464e+011 448848 1.3725e+011 6.47137e+010 2.55846e+008 1.96625e+007 2.02239e+011 -7.74739e+008
1.884 2.01535e+011 448926 1.37409e+011 6.51428e+010 2.58884e+008 1.98317e+007 2.02831e+011 -1.29618e+009
1.885 2.14729e+011 463388 1.37564e+011 6.55739e+010 2.61954e+008 2.00022e+007 2.0342e+011 1.13088e+010
1.887 2.30588e+011 480196 1.37859e+011 6.64419e+010 2.68195e+008 2.03474e+007 2.0459e+011 2.59981e+010
1.888 2.18313e+011 467240 1.38e+011 6.68788e+010 2.71366e+008 2.05221e+007 2.05171e+011 1.3142e+010
1.89 2.24838e+011 474170 1.38267e+011 6.77584e+010 2.77812e+008 2.08756e+007 2.06324e+011 1.85131e+010
1.891 2.07185e+011 455176 1.38394e+011 6.82011e+010 2.81087e+008 2.10544e+007 2.06897e+011 2.87725e+008
1.892 2.26024e+011 475420 1.38516e+011 6.86457e+010 2.84397e+008 2.12347e+007 2.07467e+011 1.85566e+010
1.894 2.24674e+011 473997 1.38745e+011 6.95408e+010 2.91124e+008 2.15996e+007 2.08599e+011 1.60745e+010
1.895 2.15995e+011 464753 1.38853e+011 6.99912e+010 2.94542e+008 2.17842e+007 2.09161e+011 6.83461e+009
1.897 2.21548e+011 470689 1.39054e+011 7.08979e+010 3.01488e+008 2.21578e+007 2.10276e+011 1.12724e+010
1.898 2.15003e+011 463684 1.39147e+011 7.13541e+010 3.05017e+008 2.23468e+007 2.10829e+011 4.1742e+009
1.899 2.03168e+011 450742 1.39236e+011 7.18123e+010 3.08584e+008 2.25374e+007 2.11379e+011 -8.21142e+009
1.901 2.05244e+011 453039 1.39398e+011 7.27344e+010 3.15831e+008 2.29229e+007 2.12472e+011 -7.22767e+009
1.902 2.11261e+011 459632 1.39473e+011 7.31984e+010 3.19513e+008 2.3118e+007 2.13014e+011 -1.75235e+009
1.904 2.11095e+011 459451 1.39606e+011 7.41321e+010 3.26993e+008 2.35128e+007 2.14089e+011 -2.99352e+009
1.905 2.17734e+011 466620 1.39666e+011 7.46019e+010 3.30793e+008 2.37125e+007 2.14622e+011 3.11214e+009
1.907 2.20735e+011 469824 1.3977e+011 7.55472e+010 3.38514e+008 2.41167e+007 2.1568e+011 5.05459e+009
1.908 2.22336e+011 471525 1.39815e+011 7.60228e+010 3.42436e+008 2.43212e+007 2.16205e+011 6.13119e+009
1.91 2.15309e+011 464014 1.3989e+011 7.69797e+010 3.50404e+008 2.4735e+007 2.17245e+011 -1.93655e+009
1.911 2.1801e+011 466915 1.39921e+011 7.7461e+010 3.5445e+008 2.49443e+007 2.17761e+011 2.48552e+008
1.912 2.17418e+011 466281 1.39946e+011 7.79443e+010 3.5854e+008 2.51553e+007 2.18274e+011 -8.55913e+008
1.914 2.21298e+011 470423 1.39982e+011 7.89165e+010 3.66848e+008 2.55822e+007 2.19291e+011 2.007e+009
1.915 2.15594e+011 464321 1.39993e+011 7.94056e+010 3.71067e+008 2.57982e+007 2.19795e+011 -4.20108e+009
1.917 2.2423e+011 473530 1.4e+011 8.03893e+010 3.79638e+008 2.62352e+007 2.20795e+011 3.43522e+009
1.918 2.20556e+011 469633 1.39996e+011 8.08841e+010 3.83991e+008 2.64562e+007 2.2129e+011 -7.34905e+008
1.92 2.22387e+011 471580 1.39973e+011 8.18793e+010 3.92832e+008 2.69036e+007 2.22272e+011 1.15007e+008
1.921 2.18537e+011 467480 1.39955e+011 8.23798e+010 3.97322e+008 2.71298e+007 2.22759e+011 -4.22186e+009
1.923 2.19333e+011 468330 1.39903e+011 8.33865e+010 4.06442e+008 2.75877e+007 2.23723e+011 -4.39034e+009
1.924 2.25572e+011 474944 1.3987e+011 8.38927e+010 4.11073e+008 2.78193e+007 2.24201e+011 1.37044e+009
1.925 2.21185e+011 470304 1.39832e+011 8.44007e+010 4.15751e+008 2.80527e+007 2.24676e+011 -3.49069e+009
1.927 2.21837e+011 470996 1.39741e+011 8.54226e+010 4.25254e+008 2.85249e+007 2.25617e+011 -3.78032e+009
1.928 2.15505e+011 464225 1.39688e+011 8.59363e+010 4.30079e+008 2.87638e+007 2.26083e+011 -1.05782e+010
1.93 2.26716e+011 476147 1.39568e+011 8.69695e+010 4.39878e+008 2.92471e+007 2.27007e+011 -2.90649e+008
1.931 2.22019e+011 471188 1.39501e+011 8.74889e+010 4.44853e+008 2.94915e+007 2.27464e+011 -5.44545e+009
1.933 2.22236e+011 471419 1.39352e+011 8.85333e+010 4.54956e+008 2.99861e+007 2.2837e+011 -6.13373e+009
1.934 2.24322e+011 473627 1.3927e+011 8.90583e+010 4.60085e+008 3.02362e+007 2.28819e+011 -4.49636e+009
1.936 2.33288e+011 482999 1.39092e+011 9.01139e+010 4.70501e+008 3.07424e+007 2.29707e+011 3.58093e+009
1.937 2.31409e+011 481050 1.38996e+011 9.06445e+010 4.75789e+008 3.09983e+007 2.30147e+011 1.26211e+009
1.939 2.33225e+011 482934 1.38789e+011 9.17112e+010 4.86525e+008 3.15162e+007 2.31018e+011 2.20656e+009
1.94 2.26845e+011 476283 1.38679e+011 9.22473e+010 4.91976e+008 3.17782e+007 2.3145e+011 -4.60428e+009
1.942 2.2939e+011 478947 1.38443e+011 9.33251e+010 5.03042e+008 3.23081e+007 2.32304e+011 -2.91387e+009
1.943 2.37142e+011 486972 1.38319e+011 9.38668e+010 5.08659e+008 3.25761e+007 2.32727e+011 4.41519e+009
1.945 2.36743e+011 486562 1.38055e+011 9.49555e+010 5.20064e+008 3.31182e+007 2.33564e+011 3.17924e+009
1.946 2.35118e+011 484890 1.37916e+011 9.55026e+010 5.25853e+008 3.33924e+007 2.33978e+011 1.14036e+009
1.948 2.29941e+011 479522 1.37625e+011 9.66023e+010 5.37605e+008 3.39471e+007 2.34798e+011 -4.85716e+009
1.949 2.31971e+011 481634 1.37472e+011 9.71548e+010 5.43569e+008 3.42277e+007 2.35204e+011 -3.23282e+009
1.951 2.36336e+011 486144 1.37152e+011 9.82653e+010 5.55678e+008 3.47952e+007 2.36008e+011 3.28399e+008
1.952 2.43636e+011 493595 1.36986e+011 9.88232e+010 5.61823e+008 3.50822e+007 2.36406e+011 7.23021e+009
1.954 2.41021e+011 490939 1.36639e+011 9.99443e+010 5.74297e+008 3.56627e+007 2.37193e+011 3.82805e+009
1.955 2.3206e+011 481726 1.36458e+011 1.00508e+011 5.80628e+008 3.59563e+007 2.37582e+011 -5.52202e+009
1.957 2.37042e+011 486870 1.36084e+011 1.01639e+011 5.93478e+008 3.65502e+007 2.38353e+011 -1.31089e+009
1.958 2.32108e+011 481776 1.3589e+011 1.02208e+011 5.99998e+008 3.68505e+007 2.38735e+011 -6.62665e+009
1.96 2.40106e+011 490006 1.35489e+011 1.0335e+011 6.13234e+008 3.7458e+007 2.3949e+011 6.16264e+008
1.961 2.37027e+011 486854 1.35282e+011 1.03924e+011 6.19949e+008 3.77652e+007 2.39864e+011 -2.83665e+009
1.963 2.44057e+011 494021 1.34854e+011 1.05076e+011 6.33579e+008 3.83865e+007 2.40603e+011 3.45377e+009
1.964 2.47083e+011 497074 1.34634e+011 1.05655e+011 6.40495e+008 3.87007e+007 2.40969e+011 6.11393e+009
1.966 2.52047e+011 502043 1.34181e+011 1.06818e+011 6.54531e+008 3.93363e+007 2.41693e+011 1.03543e+010
1.968 2.47255e+011 497247 1.3371e+011 1.07988e+011 6.68842e+008 3.99814e+007 2.42407e+011 4.84803e+009
1.969 2.37815e+011 487662 1.33468e+011 1.08575e+011 6.76103e+008 4.03076e+007 2.4276e+011 -4.94511e+009
1.971 2.45395e+011 495374 1.32972e+011 1.09755e+011 6.90837e+008 4.09674e+007 2.43459e+011 1.93647e+009
1.972 2.52555e+011 502548 1.32718e+011 1.10347e+011 6.98312e+008 4.1301e+007 2.43805e+011 8.74994e+009
1.974 2.43802e+011 493763 1.32196e+011 1.11537e+011 7.13479e+008 4.19757e+007 2.44489e+011 -6.86811e+008
1.975 2.48096e+011 498092 1.3193e+011 1.12134e+011 7.21173e+008 4.23169e+007 2.44828e+011 3.26824e+009
1.977 2.47594e+011 497588 1.31384e+011 1.13334e+011 7.36785e+008 4.30069e+007 2.45498e+011 2.09622e+009
1.978 2.45732e+011 495713 1.31106e+011 1.13936e+011 7.44704e+008 4.33557e+007 2.4583e+011 -9.79117e+007
1.98 2.52434e+011 502428 1.30536e+011 1.15145e+011 7.60771e+008 4.40613e+007 2.46486e+011 5.94765e+009
1.981 2.54327e+011 504308 1.30245e+011 1.15752e+011 7.68921e+008 4.4418e+007 2.46811e+011 7.51591e+009
1.983 2.59613e+011 509522 1.29653e+011 1.16971e+011 7.85455e+008 4.51394e+007 2.47454e+011 1.21589e+010
1.985 2.58964e+011 508885 1.29044e+011 1.18195e+011 8.02306e+008 4.58716e+007 2.48088e+011 1.08761e+010
1.986 2.62048e+011 511906 1.28734e+011 1.1881e+011 8.10853e+008 4.62418e+007 2.48402e+011 1.36461e+010
1.988 2.65946e+011 515699 1.28104e+011 1.20044e+011 8.2819e+008 4.69904e+007 2.49023e+011 1.69225e+010
1.989 2.55048e+011 505023 1.27783e+011 1.20663e+011 8.36983e+008 4.73689e+007 2.49331e+011 5.71741e+009
1.991 2.45007e+011 494982 1.2713e+011 1.21907e+011 8.54819e+008 4.81342e+007 2.49939e+011 -4.93248e+009
1.992 2.47548e+011 497542 1.26798e+011 1.2253e+011 8.63863e+008 4.85212e+007 2.50241e+011 -2.69272e+009
1.994 2.5643e+011 506389 1.26124e+011 1.23782e+011 8.82209e+008 4.93036e+007 2.50838e+011 5.59241e+009
1.996 2.59115e+011 509033 1.25436e+011 1.2504e+011 9.00902e+008 5.00976e+007 2.51427e+011 7.68788e+009
1.997 2.50542e+011 500541 1.25087e+011 1.25671e+011 9.10381e+008 5.0499e+007 2.51719e+011 -1.17677e+009
1.999 2.41762e+011 491693 1.24378e+011 1.26937e+011 9.29605e+008 5.13107e+007 2.52296e+011 -1.05346e+010
2 2.46309e+011 496295 1.24019e+011 1.27573e+011 9.39352e+008 5.1721e+007 2.52583e+011 -6.27403e+009
2.002 2.59642e+011 509551 1.2329e+011 1.28847e+011 9.59119e+008 5.25506e+007 2.5315e+011 6.49273e+009
2.004 2.59548e+011 509458 1.22549e+011 1.30128e+011 9.79256e+008 5.33925e+007 2.53709e+011 5.83842e+009
2.005 2.47551e+011 497545 1.22174e+011 1.3077e+011 9.89466e+008 5.3818e+007 2.53987e+011 -6.43623e+009
2.007 2.51636e+011 501633 1.21414e+011 1.32058e+011 1.01017e+009 5.46785e+007 2.54537e+011 -2.90112e+009
2.008 2.5389e+011 503875 1.21029e+011 1.32704e+011 1.02066e+009 5.51134e+007 2.54809e+011 -9.18971e+008
2.01 2.58056e+011 507993 1.20251e+011 1.34e+011 1.04195e+009 5.59929e+007 2.55349e+011 2.707e+009
2.012 2.64191e+011 513995 1.19462e+011 1.35301e+011 1.06362e+009 5.68851e+007 2.55884e+011 8.3074e+009
2.013 2.62402e+011 512252 1.19062e+011 1.35954e+011 1.07461e+009 5.73362e+007 2.56148e+011 6.25359e+009
2.015 2.62475e+011 512323 1.18256e+011 1.37263e+011 1.09688e+009 5.8248e+007 2.56673e+011 5.8017e+009
2.017 2.55003e+011 504978 1.17438e+011 1.38576e+011 1.11957e+009 5.91732e+007 2.57193e+011 -2.19022e+009
2.018 2.51445e+011 501443 1.17025e+011 1.39235e+011 1.13107e+009 5.96408e+007 2.57451e+011 -6.00557e+009
2.02 2.54296e+011 504278 1.16192e+011 1.40555e+011 1.15438e+009 6.05861e+007 2.57962e+011 -3.66604e+009
2.021 2.57381e+011 507327 1.15771e+011 1.41217e+011 1.16619e+009 6.10639e+007 2.58216e+011 -8.34917e+008
2.023 2.5661e+011 506567 1.14922e+011 1.42545e+011 1.19014e+009 6.20299e+007 2.5872e+011 -2.10972e+009
2.025 2.59923e+011 509827 1.14064e+011 1.43877e+011 1.21453e+009 6.30099e+007 2.59219e+011 7.04655e+008
2.026 2.7064e+011 520231 1.13631e+011 1.44545e+011 1.22688e+009 6.35052e+007 2.59466e+011 1.11734e+010
2.028 2.73225e+011 522709 1.12759e+011 1.45883e+011 1.25193e+009 6.45064e+007 2.59959e+011 1.32663e+010
2.03 2.63199e+011 513029 1.11878e+011 1.47226e+011 1.27743e+009 6.55221e+007 2.60446e+011 2.75261e+009
2.031 2.51043e+011 501042 1.11434e+011 1.47899e+011 1.29035e+009 6.60354e+007 2.60689e+011 -9.64553e+009
2.033 2.53699e+011 503685 1.1054e+011 1.49247e+011 1.31654e+009 6.70731e+007 2.61171e+011 -7.47207e+009
2.035 2.60966e+011 510848 1.09637e+011 1.506e+011 1.3432e+009 6.81256e+007 2.61649e+011 -6.8291e+008
2.036 2.63289e+011 513117 1.09183e+011 1.51278e+011 1.3567e+009 6.86575e+007 2.61886e+011 1.40307e+009
2.038 2.64257e+011 514059 1.08269e+011 1.52636e+011 1.38407e+009 6.97328e+007 2.62359e+011 1.89775e+009
2.039 2.67542e+011 517245 1.0781e+011 1.53317e+011 1.39794e+009 7.02761e+007 2.62594e+011 4.94792e+009
2.041 2.7225e+011 521776 1.06885e+011 1.5468e+011 1.42604e+009 7.13745e+007 2.63062e+011 9.18809e+009
2.043 2.63678e+011 513496 1.05953e+011 1.56047e+011 1.45464e+009 7.24885e+007 2.63527e+011 1.5088e+008
2.044 2.62569e+011 512415 1.05485e+011 1.56732e+011 1.46913e+009 7.30515e+007 2.63759e+011 -1.18994e+009
2.046 2.57675e+011 507617 1.04543e+011 1.58104e+011 1.49849e+009 7.41893e+007 2.6422e+011 -6.54484e+009
2.048 2.64258e+011 514060 1.03596e+011 1.59479e+011 1.52836e+009 7.53434e+007 2.64679e+011 -4.20533e+008
2.05 2.81318e+011 530394 1.02643e+011 1.60857e+011 1.55875e+009 7.65138e+007 2.65135e+011 1.6183e+010
2.051 2.82089e+011 531121 1.02164e+011 1.61547e+011 1.57414e+009 7.71052e+007 2.65362e+011 1.67268e+010
2.053 2.68662e+011 518326 1.01203e+011 1.62929e+011 1.60533e+009 7.83005e+007 2.65816e+011 2.84637e+009
2.055 2.58741e+011 508666 1.00236e+011 1.64314e+011 1.63706e+009 7.95127e+007 2.66267e+011 -7.52646e+009
2.056 2.66166e+011 515912 9.97515e+010 1.65008e+011 1.65313e+009 8.01252e+007 2.66493e+011 -3.27038e+008
2.058 2.75817e+011 525182 9.87784e+010 1.66397e+011 1.68569e+009 8.13631e+007 2.66942e+011 8.87467e+009
2.06 2.76911e+011 526223 9.78011e+010 1.67788e+011 1.7188e+009 8.26184e+007 2.6739e+011 9.52088e+009
2.061 2.82086e+011 531117 9.7311e+010 1.68484e+011 1.73557e+009 8.32527e+007 2.67614e+011 1.44719e+010
2.063 2.9222e+011 540573 9.63281e+010 1.69878e+011 1.76954e+009 8.45345e+007 2.6806e+011 2.41592e+010
2.065 3.00844e+011 548492 9.53417e+010 1.71274e+011 1.80409e+009 8.58343e+007 2.68506e+011 3.23379e+010
2.066 2.94642e+011 542810 9.48474e+010 1.71973e+011 1.82158e+009 8.6491e+007 2.68729e+011 2.59136e+010
2.068 2.81832e+011 530878 9.38565e+010 1.73372e+011 1.85701e+009 8.78181e+007 2.69174e+011 1.26583e+010
2.07 2.69549e+011 519182 9.2863e+010 1.74773e+011 1.89304e+009 8.91638e+007 2.69618e+011 -6.85332e+007
2.072 2.67124e+011 516840 9.18672e+010 1.76175e+011 1.92968e+009 9.05281e+007 2.70062e+011 -2.93821e+009
2.073 2.6165e+011 511517 9.13685e+010 1.76876e+011 1.94823e+009 9.12174e+007 2.70284e+011 -8.63439e+009
2.075 2.61178e+011 511056 9.03698e+010 1.7828e+011 1.9858e+009 9.26103e+007 2.70729e+011 -9.55063e+009
2.077 2.85275e+011 534111 8.93695e+010 1.79686e+011 2.024e+009 9.40226e+007 2.71173e+011 1.41017e+010
2.079 2.80313e+011 529446 8.83679e+010 1.81092e+011 2.06283e+009 9.54543e+007 2.71618e+011 8.69516e+009
2.08 2.70869e+011 520451 8.78667e+010 1.81795e+011 2.08249e+009 9.61776e+007 2.71841e+011 -9.71225e+008
2.082 2.7301e+011 522504 8.68638e+010 1.83202e+011 2.12229e+009 9.76392e+007 2.72286e+011 7.23764e+008
2.084 3.01288e+011 548897 8.58603e+010 1.8461e+011 2.16276e+009 9.91209e+007 2.72733e+011 2.85553e+010
2.085 3.40592e+011 583602 8.53584e+010 1.85314e+011 2.18324e+009 9.98694e+007 2.72956e+011 6.76358e+010
2.087 3.07875e+011 554865 8.43546e+010 1.86723e+011 2.22471e+009 1.01382e+008 2.73404e+011 3.44711e+010
2.089 2.91557e+011 539961 8.3351e+010 1.88132e+011 2.26685e+009 1.02915e+008 2.73852e+011 1.77049e+010
2.091 2.612e+011 511077 8.23478e+010 1.89541e+011 2.30969e+009 1.04469e+008 2.74302e+011 -1.31028e+010
2.092 2.61705e+011 511571 8.18464e+010 1.90245e+011 2.33137e+009 1.05254e+008 2.74528e+011 -1.28233e+010
2.094 2.67788e+011 517482 8.08444e+010 1.91653e+011 2.37526e+009 1.0684e+008 2.7498e+011 -7.19181e+009
2.096 2.66446e+011 516184 7.98435e+010 1.93062e+011 2.41986e+009 1.08448e+008 2.75433e+011 -8.98743e+009
2.098 2.60563e+011 510454 7.88439e+010 1.94469e+011 2.46518e+009 1.10078e+008 2.75889e+011 -1.53252e+010
2.1 2.57642e+011 507584 7.7846e+010 1.95876e+011 2.51123e+009 1.1173e+008 2.76345e+011 -1.87035e+010
2.101 2.62877e+011 512715 7.73477e+010 1.9658e+011 2.53453e+009 1.12564e+008 2.76575e+011 -1.36977e+010
2.103 2.98543e+011 546391 7.63527e+010 1.97985e+011 2.58169e+009 1.1425e+008 2.77034e+011 2.15093e+010
2.105 3.06329e+011 553470 7.536e+010 1.9939e+011 2.62961e+009 1.15958e+008 2.77496e+011 2.88337e+010
2.107 2.91886e+011 540265 7.43698e+010 2.00794e+011 2.67829e+009 1.1769e+008 2.77959e+011 1.39268e+010
2.108 2.78281e+011 527523 7.38757e+010 2.01495e+011 2.70291e+009 1.18564e+008 2.78192e+011 8.89037e+007
2.11 2.85134e+011 533979 7.28897e+010 2.02896e+011 2.75275e+009 1.20331e+008 2.78659e+011 6.47496e+009
2.112 3.14204e+011 560539 7.19068e+010 2.04296e+011 2.80338e+009 1.22121e+008 2.79128e+011 3.50758e+010
2.114 3.25161e+011 570229 7.09273e+010 2.05694e+011 2.8548e+009 1.23936e+008 2.796e+011 4.55612e+010
2.116 3.07683e+011 554691 6.99513e+010 2.0709e+011 2.90703e+009 1.25775e+008 2.80074e+011 2.7609e+010
2.117 2.54113e+011 504097 6.94647e+010 2.07787e+011 2.93345e+009 1.26703e+008 2.80312e+011 -2.61981e+010
2.119 2.23282e+011 472527 6.84945e+010 2.09179e+011 2.98691e+009 1.28579e+008 2.80789e+011 -5.75075e+010
2.121 2.29012e+011 478552 6.75284e+010 2.10569e+011 3.04119e+009 1.3048e+008 2.81269e+011 -5.22572e+010
2.123 2.7174e+011 521287 6.65666e+010 2.11957e+011 3.09632e+009 1.32407e+008 2.81752e+011 -1.00125e+010
2.125 3.15048e+011 561291 6.56094e+010 2.13342e+011 3.15229e+009 1.34359e+008 2.82238e+011 3.28099e+010
2.126 3.4e+011 583096 6.51325e+010 2.14033e+011 3.1806e+009 1.35344e+008 2.82482e+011 5.7519e+010
2.128 3.18976e+011 564780 6.41825e+010 2.15413e+011 3.23787e+009 1.37336e+008 2.82971e+011 3.60049e+010
2.13 2.93168e+011 541450 6.32374e+010 2.16791e+011 3.29602e+009 1.39353e+008 2.83463e+011 9.70443e+009
2.132 2.70406e+011 520006 6.22976e+010 2.18164e+011 3.35505e+009 1.41397e+008 2.83958e+011 -1.35525e+010
2.134 2.66558e+011 516292 6.13631e+010 2.19535e+011 3.41497e+009 1.43468e+008 2.84456e+011 -1.78982e+010
2.136 2.58689e+011 508614 6.04342e+010 2.20901e+011 3.47581e+009 1.45567e+008 2.84957e+011 -2.62682e+010
2.137 2.73068e+011 522559 5.99719e+010 2.21583e+011 3.50656e+009 1.46626e+008 2.85208e+011 -1.21399e+010
2.139 3.16311e+011 562416 5.90517e+010 2.22944e+011 3.56877e+009 1.48766e+008 2.85713e+011 3.05986e+010
2.141 3.25861e+011 570842 5.81375e+010 2.243e+011 3.63192e+009 1.50934e+008 2.8622e+011 3.96404e+010
2.143 3.12253e+011 558796 5.72295e+010 2.25652e+011 3.696e+009 1.53131e+008 2.86731e+011 2.55226e+010
2.145 2.91821e+011 540205 5.63277e+010 2.27e+011 3.76104e+009 1.55356e+008 2.87244e+011 4.57725e+009
2.147 2.78897e+011 528107 5.54325e+010 2.28343e+011 3.82704e+009 1.5761e+008 2.8776e+011 -8.86278e+009
2.149 2.79679e+011 528847 5.45438e+010 2.29681e+011 3.89402e+009 1.59894e+008 2.88278e+011 -8.59959e+009
2.15 2.85253e+011 534091 5.4102e+010 2.30348e+011 3.92787e+009 1.61047e+008 2.88539e+011 -3.28605e+009
2.152 3.13814e+011 560191 5.32235e+010 2.31678e+011 3.99633e+009 1.63375e+008 2.89062e+011 2.4752e+010
2.154 3.21355e+011 566882 5.23519e+010 2.33003e+011 4.06578e+009 1.65734e+008 2.89587e+011 3.17678e+010
2.156 3.151e+011 561338 5.14874e+010 2.34323e+011 4.13625e+009 1.68123e+008 2.90115e+011 2.49849e+010
2.158 2.9169e+011 540084 5.06302e+010 2.35637e+011 4.20774e+009 1.70543e+008 2.90646e+011 1.0447e+009
2.16 2.82126e+011 531155 4.97802e+010 2.36945e+011 4.28027e+009 1.72994e+008 2.91179e+011 -9.05283e+009
2.162 2.9669e+011 544693 4.89377e+010 2.38247e+011 4.35384e+009 1.75477e+008 2.91714e+011 4.97617e+009
2.163 3.14883e+011 561145 4.85192e+010 2.38896e+011 4.39101e+009 1.76731e+008 2.91983e+011 2.29003e+010
2.165 3.18491e+011 564350 4.7688e+010 2.40189e+011 4.46617e+009 1.79262e+008 2.92522e+011 2.59689e+010
2.167 3.17936e+011 563858 4.68646e+010 2.41475e+011 4.5424e+009 1.81825e+008 2.93064e+011 2.48721e+010
2.169 3.22509e+011 567899 4.60488e+010 2.42754e+011 4.6197e+009 1.84421e+008 2.93607e+011 2.89015e+010
2.171 3.3341e+011 577416 4.5241e+010 2.44027e+011 4.69811e+009 1.87051e+008 2.94153e+011 3.92564e+010
2.173 3.2983e+011 574308 4.44411e+010 2.45293e+011 4.77761e+009 1.89713e+008 2.94701e+011 3.51287e+010
2.175 3.22043e+011 567489 4.36493e+010 2.46552e+011 4.85823e+009 1.9241e+008 2.95251e+011 2.6792e+010
2.177 3.12388e+011 558917 4.28656e+010 2.47803e+011 4.93998e+009 1.95141e+008 2.95803e+011 1.65843e+010
2.179 3.0948e+011 556310 4.20901e+010 2.49046e+011 5.02287e+009 1.97907e+008 2.96357e+011 1.31233e+010
2.181 3.15458e+011 561657 4.13228e+010 2.50282e+011 5.10691e+009 2.00708e+008 2.96913e+011 1.85458e+010
2.183 3.12696e+011 559193 4.05638e+010 2.5151e+011 5.1921e+009 2.03544e+008 2.9747e+011 1.52267e+010
2.184 3.04682e+011 551980 4.01875e+010 2.52121e+011 5.23514e+009 2.04976e+008 2.97749e+011 6.93336e+009
2.186 3.05701e+011 552902 3.94411e+010 2.53337e+011 5.3221e+009 2.07866e+008 2.98308e+011 7.39275e+009
2.188 3.2126e+011 566798 3.87032e+010 2.54545e+011 5.41025e+009 2.10792e+008 2.98869e+011 2.23906e+010
2.19 3.14443e+011 560752 3.79738e+010 2.55744e+011 5.49959e+009 2.13755e+008 2.99431e+011 1.50125e+010
2.192 3.33756e+011 577716 3.72529e+010 2.56934e+011 5.59015e+009 2.16755e+008 2.99994e+011 3.37625e+010
2.194 3.24274e+011 569451 3.65406e+010 2.58115e+011 5.68193e+009 2.19793e+008 3.00558e+011 2.37165e+010
2.196 3.21583e+011 567082 3.58369e+010 2.59288e+011 5.77495e+009 2.22869e+008 3.01123e+011 2.04599e+010
2.198 3.12032e+011 558598 3.51419e+010 2.60451e+011 5.86921e+009 2.25983e+008 3.01688e+011 1.0344e+010
2.2 3.13017e+011 559479 3.44555e+010 2.61605e+011 5.96472e+009 2.29136e+008 3.02254e+011 1.07628e+010
2.202 3.29796e+011 574279 3.37778e+010 2.62749e+011 6.0615e+009 2.32328e+008 3.02821e+011 2.6975e+010
2.204 3.43824e+011 586365 3.31088e+010 2.63884e+011 6.15957e+009 2.35559e+008 3.03388e+011 4.04364e+010
2.206 3.49854e+011 591484 3.24485e+010 2.65009e+011 6.25892e+009 2.38831e+008 3.03955e+011 4.5899e+010
2.208 3.38015e+011 581390 3.1797e+010 2.66123e+011 6.35957e+009 2.42143e+008 3.04522e+011 3.34929e+010
2.21 3.3489e+011 578697 3.11541e+010 2.67228e+011 6.46154e+009 2.45496e+008 3.05089e+011 2.98014e+010
2.212 3.21335e+011 566864 3.052e+010 2.68322e+011 6.56483e+009 2.4889e+008 3.05656e+011 1.56794e+010
2.214 3.227e+011 568067 2.98947e+010 2.69405e+011 6.66946e+009 2.52325e+008 3.06222e+011 1.64778e+010
2.216 3.26701e+011 571578 2.9278e+010 2.70478e+011 6.77543e+009 2.55803e+008 3.06787e+011 1.99135e+010
2.218 3.27952e+011 572671 2.86701e+010 2.7154e+011 6.88277e+009 2.59323e+008 3.07352e+011 2.06e+010
2.22 3.2989e+011 574360 2.80709e+010 2.72591e+011 6.99147e+009 2.62887e+008 3.07916e+011 2.19737e+010
2.222 3.2959e+011 574099 2.74803e+010 2.73631e+011 7.10155e+009 2.66493e+008 3.08479e+011 2.11106e+010
2.224 3.26786e+011 571652 2.68984e+010 2.74659e+011 7.21303e+009 2.70144e+008 3.09041e+011 1.77454e+010
2.226 3.25264e+011 570319 2.63252e+010 2.75676e+011 7.32591e+009 2.73839e+008 3.09601e+011 1.56634e+010
2.228 3.24423e+011 569581 2.57606e+010 2.76681e+011 7.4402e+009 2.77579e+008 3.10159e+011 1.42635e+010
2.23 3.16678e+011 562742 2.52045e+010 2.77674e+011 7.55592e+009 2.81363e+008 3.10716e+011 5.96191e+009
2.232 3.15847e+011 562003 2.4657e+010 2.78656e+011 7.67308e+009 2.85194e+008 3.11271e+011 4.57577e+009
2.234 3.22816e+011 568169 2.41181e+010 2.79625e+011 7.79168e+009 2.89071e+008 3.11824e+011 1.0992e+010
2.236 3.27477e+011 572256 2.35876e+010 2.80582e+011 7.91174e+009 2.92994e+008 3.12374e+011 1.51032e+010
2.238 3.34926e+011 578728 2.30656e+010 2.81526e+011 8.03328e+009 2.96964e+008 3.12922e+011 2.20042e+010
2.24 3.25748e+011 570744 2.25519e+010 2.82458e+011 8.15629e+009 3.00982e+008 3.13468e+011 1.22805e+010
2.242 3.25393e+011 570433 2.20467e+010 2.83378e+011 8.2808e+009 3.05048e+008 3.1401e+011 1.13831e+010
2.244 3.20204e+011 565866 2.15497e+010 2.84284e+011 8.40681e+009 3.09163e+008 3.1455e+011 5.65466e+009
2.246 3.14444e+011 560753 2.1061e+010 2.85177e+011 8.53433e+009 3.13326e+008 3.15086e+011 -6.42056e+008
2.248 3.13469e+011 559883 2.05805e+010 2.86058e+011 8.66338e+009 3.17539e+008 3.15619e+011 -2.1499e+009
2.25 3.08741e+011 555645 2.01082e+010 2.86924e+011 8.79396e+009 3.21802e+008 3.16148e+011 -7.40707e+009
2.252 3.16194e+011 562312 1.96439e+010 2.87778e+011 8.92609e+009 3.26115e+008 3.16674e+011 -4.79724e+008
2.254 3.23914e+011 569134 1.91877e+010 2.88618e+011 9.05978e+009 3.3048e+008 3.17196e+011 6.71782e+009
2.256 3.28561e+011 573202 1.87395e+010 2.89444e+011 9.19503e+009 3.34895e+008 3.17714e+011 1.0847e+010
2.258 3.33782e+011 577739 1.82991e+010 2.90257e+011 9.33186e+009 3.39363e+008 3.18227e+011 1.55552e+010
2.26 3.40529e+011 583549 1.78667e+010 2.91055e+011 9.47028e+009 3.43883e+008 3.18736e+011 2.17935e+010
2.262 3.47564e+011 589545 1.7442e+010 2.91839e+011 9.6103e+009 3.48456e+008 3.1924e+011 2.83238e+010
2.265 3.31231e+011 575527 1.68194e+010 2.92989e+011 9.82334e+009 3.55416e+008 3.19987e+011 1.1244e+010
2.267 3.40437e+011 583470 1.64138e+010 2.93738e+011 9.9674e+009 3.60124e+008 3.20479e+011 1.9958e+010
2.269 3.54955e+011 595781 1.60158e+010 2.94472e+011 1.01131e+010 3.64886e+008 3.20966e+011 3.39894e+010
2.271 3.55189e+011 595977 1.56253e+010 2.95191e+011 1.02604e+010 3.69704e+008 3.21447e+011 3.37421e+010
2.273 3.50884e+011 592355 1.52422e+010 2.95896e+011 1.04094e+010 3.74577e+008 3.21922e+011 2.89616e+010
2.275 3.54047e+011 595019 1.48664e+010 2.96586e+011 1.05601e+010 3.79507e+008 3.22392e+011 3.16554e+010
2.277 3.41063e+011 584006 1.44978e+010 2.97261e+011 1.07124e+010 3.84494e+008 3.22856e+011 1.82076e+010
2.279 3.4091e+011 583875 1.41364e+010 2.97921e+011 1.08664e+010 3.89538e+008 3.23313e+011 1.75968e+010
2.281 3.35692e+011 579390 1.3782e+010 2.98565e+011 1.10221e+010 3.94641e+008 3.23764e+011 1.19281e+010
2.283 3.30132e+011 574571 1.34347e+010 2.99195e+011 1.11795e+010 3.99801e+008 3.24209e+011 5.92295e+009
2.286 3.31842e+011 576057 1.29267e+010 3.0011e+011 1.14189e+010 4.07653e+008 3.24863e+011 6.97865e+009
2.288 3.43314e+011 585930 1.25965e+010 3.00701e+011 1.15806e+010 4.12963e+008 3.25291e+011 1.80232e+010
2.29 3.31718e+011 575950 1.22731e+010 3.01276e+011 1.1744e+010 4.18333e+008 3.25711e+011 6.00703e+009
2.292 3.40992e+011 583945 1.19562e+010 3.01835e+011 1.19092e+010 4.23763e+008 3.26124e+011 1.48682e+010
2.294 3.45299e+011 587621 1.1646e+010 3.02378e+011 1.20761e+010 4.29256e+008 3.2653e+011 1.87694e+010
2.296 3.37404e+011 580865 1.13422e+010 3.02906e+011 1.22448e+010 4.3481e+008 3.26928e+011 1.04763e+010
2.298 3.45755e+011 588009 1.10447e+010 3.03417e+011 1.24153e+010 4.40428e+008 3.27318e+011 1.84372e+010
2.301 3.4316e+011 585799 1.06104e+010 3.04154e+011 1.26743e+010 4.48973e+008 3.27888e+011 1.52721e+010
2.303 3.34969e+011 578765 1.03285e+010 3.04626e+011 1.28492e+010 4.54749e+008 3.28258e+011 6.7109e+009
2.305 3.21973e+011 567426 1.00528e+010 3.0508e+011 1.3026e+010 4.60591e+008 3.2862e+011 -6.64722e+009
2.307 3.32165e+011 576338 9.78302e+009 3.05519e+011 1.32045e+010 4.66497e+008 3.28973e+011 3.19255e+009
2.309 3.38562e+011 581861 9.51917e+009 3.05941e+011 1.33848e+010 4.7247e+008 3.29317e+011 9.24463e+009
2.311 3.32543e+011 576666 9.26113e+009 3.06347e+011 1.3567e+010 4.78509e+008 3.29653e+011 2.89023e+009
2.313 3.36423e+011 580020 9.00884e+009 3.06736e+011 1.3751e+010 4.84616e+008 3.2998e+011 6.44341e+009
2.316 3.45985e+011 588205 8.64095e+009 3.07288e+011 1.40304e+010 4.93902e+008 3.30453e+011 1.55319e+010
2.318 3.38776e+011 582045 8.40261e+009 3.07635e+011 1.4219e+010 5.00179e+008 3.30757e+011 8.01926e+009
2.32 3.37847e+011 581246 8.16971e+009 3.07966e+011 1.44095e+010 5.06525e+008 3.31051e+011 6.79592e+009
2.322 3.27731e+011 572478 7.94215e+009 3.08279e+011 1.46018e+010 5.12941e+008 3.31336e+011 -3.60527e+009
2.324 3.42263e+011 585033 7.71985e+009 3.08576e+011 1.4796e+010 5.19427e+008 3.31611e+011 1.0652e+010
2.327 3.37125e+011 580624 7.39607e+009 3.08989e+011 1.50907e+010 5.2929e+008 3.32005e+011 5.11913e+009
2.329 3.32366e+011 576512 7.18654e+009 3.09244e+011 1.52896e+010 5.35955e+008 3.32256e+011 1.0976e+008
2.331 3.30956e+011 575287 6.98197e+009 3.09481e+011 1.54904e+010 5.42693e+008 3.32496e+011 -1.54043e+009
2.333 3.25316e+011 570365 6.78228e+009 3.09701e+011 1.5693e+010 5.49504e+008 3.32726e+011 -7.41008e+009
2.335 3.33349e+011 577364 6.58738e+009 3.09904e+011 1.58976e+010 5.56389e+008 3.32946e+011 4.03387e+008
2.338 3.38715e+011 581992 6.30383e+009 3.10177e+011 1.6208e+010 5.66856e+008 3.33255e+011 5.45954e+009
2.34 3.34316e+011 578200 6.12054e+009 3.10337e+011 1.64173e+010 5.73929e+008 3.33448e+011 8.67308e+008
2.342 3.29798e+011 574280 5.94174e+009 3.10479e+011 1.66285e+010 5.81077e+008 3.33631e+011 -3.83303e+009
2.344 3.30336e+011 574749 5.76737e+009 3.10605e+011 1.68417e+010 5.88303e+008 3.33802e+011 -3.4665e+009
2.347 3.29468e+011 573993 5.51391e+009 3.10761e+011 1.7165e+010 5.99287e+008 3.34039e+011 -4.57085e+009
2.349 3.37923e+011 581311 5.35022e+009 3.10843e+011 1.7383e+010 6.06707e+008 3.34183e+011 3.73967e+009
2.351 3.32757e+011 576851 5.19067e+009 3.10908e+011 1.76029e+010 6.14206e+008 3.34316e+011 -1.55926e+009
2.353 3.24257e+011 569436 5.03517e+009 3.10956e+011 1.78248e+010 6.21786e+008 3.34438e+011 -1.01806e+010
2.356 3.14596e+011 560889 4.80935e+009 3.10995e+011 1.81612e+010 6.33306e+008 3.34599e+011 -2.00027e+010
2.358 3.24962e+011 570054 4.66364e+009 3.10999e+011 1.8388e+010 6.41087e+008 3.34692e+011 -9.7303e+009
2.36 3.27812e+011 572549 4.52172e+009 3.10986e+011 1.86166e+010 6.48951e+008 3.34774e+011 -6.96183e+009
2.362 3.28811e+011 573420 4.3835e+009 3.10956e+011 1.88472e+010 6.56898e+008 3.34844e+011 -6.03268e+009
2.365 3.24135e+011 569328 4.18296e+009 3.10878e+011 1.91968e+010 6.68974e+008 3.34927e+011 -1.07921e+010
2.367 3.22966e+011 568301 4.05368e+009 3.10804e+011 1.94324e+010 6.77131e+008 3.34968e+011 -1.20018e+010
2.369 3.15342e+011 561553 3.92785e+009 3.10713e+011 1.96698e+010 6.85372e+008 3.34996e+011 -1.96545e+010
2.372 3.15632e+011 561811 3.7454e+009 3.10544e+011 2.00297e+010 6.97896e+008 3.35017e+011 -1.93855e+010
2.374 3.17839e+011 563772 3.62787e+009 3.1041e+011 2.02721e+010 7.06354e+008 3.35017e+011 -1.71777e+010
2.376 3.04864e+011 552145 3.51354e+009 3.10259e+011 2.05164e+010 7.149e+008 3.35004e+011 -3.01391e+010
2.378 3.14228e+011 560560 3.40233e+009 3.1009e+011 2.07627e+010 7.23533e+008 3.34979e+011 -2.07509e+010
2.381 3.20623e+011 566236 3.24124e+009 3.09805e+011 2.11358e+010 7.36651e+008 3.34919e+011 -1.42956e+010
2.383 3.25451e+011 570483 3.13756e+009 3.09593e+011 2.1387e+010 7.45509e+008 3.34863e+011 -9.41195e+009
2.385 3.21315e+011 566847 3.03676e+009 3.09364e+011 2.16402e+010 7.54457e+008 3.34796e+011 -1.34806e+010
2.388 3.2082e+011 566410 2.89086e+009 3.08989e+011 2.20236e+010 7.68052e+008 3.34672e+011 -1.38516e+010
2.39 3.24323e+011 569494 2.79701e+009 3.08718e+011 2.22817e+010 7.7723e+008 3.34574e+011 -1.02507e+010
2.392 3.29587e+011 574096 2.70584e+009 3.0843e+011 2.25417e+010 7.86502e+008 3.34464e+011 -4.87729e+009
2.395 3.07512e+011 554537 2.57394e+009 3.07966e+011 2.29354e+010 8.00587e+008 3.34276e+011 -2.67637e+010
2.397 3.16166e+011 562286 2.48917e+009 3.07635e+011 2.32003e+010 8.10096e+008 3.34135e+011 -1.79691e+010
2.399 3.22266e+011 567685 2.40685e+009 3.07288e+011 2.34672e+010 8.197e+008 3.33982e+011 -1.17158e+010
2.402 3.22046e+011 567491 2.28785e+009 3.06736e+011 2.38711e+010 8.34288e+008 3.33729e+011 -1.16832e+010
2.404 3.16672e+011 562736 2.21142e+009 3.06347e+011 2.41429e+010 8.44135e+008 3.33545e+011 -1.6873e+010
2.407 3.24268e+011 569445 2.10098e+009 3.05732e+011 2.45541e+010 8.59091e+008 3.33246e+011 -8.9784e+009
2.409 3.1276e+011 559250 2.03008e+009 3.05302e+011 2.48306e+010 8.69186e+008 3.33032e+011 -2.02716e+010
2.411 3.15557e+011 561745 1.9613e+009 3.04855e+011 2.51091e+010 8.79382e+008 3.32805e+011 -1.72473e+010
2.414 3.14254e+011 560584 1.86198e+009 3.04154e+011 2.55305e+010 8.94864e+008 3.32442e+011 -1.81875e+010
2.416 3.18357e+011 564232 1.79827e+009 3.03667e+011 2.58137e+010 9.05314e+008 3.32184e+011 -1.3827e+010
2.418 3.24007e+011 569216 1.73649e+009 3.03164e+011 2.60989e+010 9.15866e+008 3.31915e+011 -7.90798e+009
2.421 3.1322e+011 559661 1.64735e+009 3.02378e+011 2.65303e+010 9.31889e+008 3.31488e+011 -1.82675e+010
2.423 3.17773e+011 563714 1.59021e+009 3.01835e+011 2.68202e+010 9.42702e+008 3.31188e+011 -1.34148e+010
2.426 2.97079e+011 545050 1.50778e+009 3.0099e+011 2.72587e+010 9.5912e+008 3.30716e+011 -3.36365e+010
2.428 3.10385e+011 557122 1.45497e+009 3.00407e+011 2.75533e+010 9.70199e+008 3.30386e+011 -2.00004e+010
2.43 3.1355e+011 559955 1.40381e+009 2.99809e+011 2.78498e+010 9.81385e+008 3.30044e+011 -1.64941e+010
2.433 3.1403e+011 560384 1.33007e+009 2.98882e+011 2.8298e+010 9.98368e+008 3.29509e+011 -1.54785e+010
2.435 3.14913e+011 561171 1.28286e+009 2.98245e+011 2.85992e+010 1.00983e+009 3.29137e+011 -1.42242e+010
2.438 3.09537e+011 556360 1.21484e+009 2.97261e+011 2.90543e+010 1.02722e+009 3.28557e+011 -1.90204e+010
2.44 3.1149e+011 558113 1.1713e+009 2.96586e+011 2.936e+010 1.03896e+009 3.28156e+011 -1.66659e+010
2.443 3.20892e+011 566473 1.10861e+009 2.95546e+011 2.9822e+010 1.05677e+009 3.27533e+011 -6.64094e+009
2.445 3.19077e+011 564869 1.06851e+009 2.94834e+011 3.01322e+010 1.06879e+009 3.27103e+011 -8.02569e+009
2.447 3.11573e+011 558188 1.02972e+009 2.94107e+011 3.04443e+010 1.08092e+009 3.26662e+011 -1.50883e+010
2.45 3.03011e+011 550464 9.73893e+008 2.92989e+011 3.09156e+010 1.09933e+009 3.25978e+011 -2.29675e+010
2.452 3.09307e+011 556154 9.38205e+008 2.92226e+011 3.1232e+010 1.11176e+009 3.25508e+011 -1.62011e+010
2.455 2.97461e+011 545400 8.86878e+008 2.91055e+011 3.171e+010 1.13061e+009 3.24782e+011 -2.73217e+010
2.457 2.99064e+011 546867 8.5408e+008 2.90257e+011 3.20307e+010 1.14332e+009 3.24285e+011 -2.52207e+010
2.46 3.04853e+011 552135 8.06932e+008 2.89033e+011 3.25151e+010 1.16262e+009 3.23517e+011 -1.86646e+010
2.462 3.16342e+011 562443 7.7682e+008 2.882e+011 3.28401e+010 1.17563e+009 3.22992e+011 -6.65017e+009
2.465 3.11982e+011 558553 7.33552e+008 2.86924e+011 3.33309e+010 1.19538e+009 3.22184e+011 -1.02022e+010
2.467 3.02959e+011 550417 7.05931e+008 2.86058e+011 3.36601e+010 1.20869e+009 3.21632e+011 -1.86736e+010
2.47 3.00224e+011 547927 6.66263e+008 2.84732e+011 3.4157e+010 1.2289e+009 3.20784e+011 -2.05609e+010
2.472 2.97782e+011 545694 6.40952e+008 2.83832e+011 3.44903e+010 1.24253e+009 3.20206e+011 -2.24244e+010
2.475 2.89544e+011 538093 6.04618e+008 2.82458e+011 3.49932e+010 1.2632e+009 3.19319e+011 -2.97752e+010
2.477 2.88471e+011 537095 5.81445e+008 2.81526e+011 3.53305e+010 1.27714e+009 3.18716e+011 -3.02441e+010
2.48 2.82618e+011 531619 5.48197e+008 2.80105e+011 3.58393e+010 1.29829e+009 3.17791e+011 -3.51724e+010
2.482 2.88096e+011 536745 5.27003e+008 2.79142e+011 3.61805e+010 1.31255e+009 3.17162e+011 -2.90663e+010
2.485 2.82599e+011 531600 4.96608e+008 2.77674e+011 3.6695e+010 1.33418e+009 3.162e+011 -3.36014e+010
2.487 2.84373e+011 533267 4.77241e+008 2.76681e+011 3.704e+010 1.34876e+009 3.15547e+011 -3.11735e+010
2.49 3.05882e+011 553066 4.4948e+008 2.75169e+011 3.75601e+010 1.37088e+009 3.14549e+011 -8.66781e+009
2.492 3.06989e+011 554066 4.31801e+008 2.74146e+011 3.79086e+010 1.3858e+009 3.13873e+011 -6.8839e+009
2.495 2.91734e+011 540124 4.0647e+008 2.72591e+011 3.84342e+010 1.40842e+009 3.1284e+011 -2.11063e+010
2.498 2.87907e+011 536569 3.82505e+008 2.7101e+011 3.89628e+010 1.43134e+009 3.11787e+011 -2.38804e+010
2.5 2.82115e+011 531145 3.67255e+008 2.69943e+011 3.9317e+010 1.44679e+009 3.11074e+011 -2.89595e+010
2.503 2.96791e+011 544786 3.45421e+008 2.68322e+011 3.98507e+010 1.47022e+009 3.09988e+011 -1.31969e+010
2.505 2.90912e+011 539363 3.31533e+008 2.67228e+011 4.02081e+010 1.48601e+009 3.09253e+011 -1.83413e+010
2.508 2.96275e+011 544312 3.11659e+008 2.65567e+011 4.07467e+010 1.50996e+009 3.08136e+011 -1.18606e+010
2.51 2.87179e+011 535891 2.99024e+008 2.64448e+011 4.11074e+010 1.5261e+009 3.0738e+011 -2.02012e+010
2.513 2.94938e+011 543082 2.80952e+008 2.62749e+011 4.16506e+010 1.55057e+009 3.06231e+011 -1.12936e+010
2.516 2.8548e+011 534303 2.63889e+008 2.61029e+011 4.21966e+010 1.57536e+009 3.05065e+011 -1.95855e+010
2.518 2.81137e+011 530224 2.5305e+008 2.59871e+011 4.2562e+010 1.59207e+009 3.04278e+011 -2.31407e+010
2.521 2.87112e+011 535828 2.37557e+008 2.58115e+011 4.31122e+010 1.6174e+009 3.03083e+011 -1.59707e+010
2.523 2.84733e+011 533603 2.27719e+008 2.56934e+011 4.34804e+010 1.63446e+009 3.02277e+011 -1.7544e+010
2.526 2.56581e+011 506538 2.13665e+008 2.55145e+011 4.40347e+010 1.66034e+009 3.01054e+011 -4.44728e+010
2.529 2.55989e+011 505954 2.00416e+008 2.53337e+011 4.45913e+010 1.68654e+009 2.99815e+011 -4.38262e+010
2.531 2.47987e+011 497983 1.92009e+008 2.52121e+011 4.49637e+010 1.7042e+009 2.98981e+011 -5.09937e+010
2.534 2.67844e+011 517536 1.80008e+008 2.50282e+011 4.5524e+010 1.73096e+009 2.97717e+011 -2.98735e+010
2.537 2.47875e+011 497871 1.68704e+008 2.48425e+011 4.60863e+010 1.75806e+009 2.96439e+011 -4.85635e+010
2.539 2.65044e+011 514824 1.61537e+008 2.47178e+011 4.64624e+010 1.77632e+009 2.95578e+011 -3.05345e+010
2.542 3.28299e+011 572974 1.51313e+008 2.45293e+011 4.7028e+010 1.80399e+009 2.94276e+011 3.40226e+010
2.544 3.57759e+011 598130 1.44834e+008 2.44027e+011 4.74061e+010 1.82262e+009 2.93401e+011 6.43582e+010
2.547 3.12654e+011 559155 1.35597e+008 2.42116e+011 4.79747e+010 1.85087e+009 2.92077e+011 2.05775e+010
2.55 3.46189e+011 588378 1.26909e+008 2.40189e+011 4.85449e+010 1.87947e+009 2.9074e+011 5.5449e+010
2.552 3.07791e+011 554789 1.21407e+008 2.38896e+011 4.89259e+010 1.89873e+009 2.89842e+011 1.79487e+010
2.555 3.1406e+011 560411 1.13568e+008 2.36945e+011 4.94987e+010 1.92791e+009 2.88485e+011 2.55748e+010
2.558 2.97836e+011 545744 1.06203e+008 2.34981e+011 5.00729e+010 1.95745e+009 2.87117e+011 1.0719e+010
2.561 2.9785e+011 545756 9.92833e+007 2.33003e+011 5.06483e+010 1.98736e+009 2.85738e+011 1.21112e+010
2.563 2.88728e+011 537334 9.49062e+007 2.31678e+011 5.10326e+010 2.00749e+009 2.84813e+011 3.91444e+009
2.566 2.91627e+011 540025 8.86764e+007 2.29681e+011 5.16098e+010 2.038e+009 2.83417e+011 8.20963e+009
2.569 2.97332e+011 545282 8.28295e+007 2.27672e+011 5.21881e+010 2.06888e+009 2.82012e+011 1.53207e+010
2.571 2.97719e+011 545637 7.91335e+007 2.26327e+011 5.25741e+010 2.08966e+009 2.81069e+011 1.66499e+010
2.574 3.03957e+011 551323 7.38771e+007 2.243e+011 5.31538e+010 2.12115e+009 2.79649e+011 2.43086e+010
2.577 2.94635e+011 542803 6.89481e+007 2.22264e+011 5.37341e+010 2.15302e+009 2.7822e+011 1.64156e+010
2.58 3.13516e+011 559925 6.43278e+007 2.20218e+011 5.4315e+010 2.18526e+009 2.76783e+011 3.67333e+010
2.582 2.98902e+011 546719 6.14102e+007 2.1885e+011 5.47025e+010 2.20697e+009 2.75821e+011 2.30808e+010
2.585 2.97748e+011 545663 5.7265e+007 2.16791e+011 5.5284e+010 2.23984e+009 2.74372e+011 2.33765e+010
2.588 2.98336e+011 546201 5.33828e+007 2.14724e+011 5.58658e+010 2.2731e+009 2.72916e+011 2.54198e+010
2.591 2.84534e+011 533417 4.97481e+007 2.1265e+011 5.64477e+010 2.30675e+009 2.71454e+011 1.30802e+010
2.593 2.60937e+011 510820 4.74553e+007 2.11263e+011 5.68356e+010 2.32939e+009 2.70476e+011 -9.53917e+009
2.596 2.76937e+011 526248 4.4201e+007 2.09179e+011 5.74174e+010 2.36368e+009 2.69005e+011 7.93217e+009
2.599 2.78226e+011 527471 4.1157e+007 2.0709e+011 5.7999e+010 2.39837e+009 2.67528e+011 1.0698e+010
2.602 2.94187e+011 542390 3.83106e+007 2.04995e+011 5.85802e+010 2.43345e+009 2.66047e+011 2.814e+010
2.604 2.84249e+011 533150 3.65168e+007 2.03596e+011 5.89675e+010 2.45706e+009 2.65057e+011 1.91913e+010
2.607 2.76231e+011 525577 3.39735e+007 2.01495e+011 5.95478e+010 2.49281e+009 2.6357e+011 1.26613e+010
2.61 2.79293e+011 528482 3.15974e+007 1.9939e+011 6.01275e+010 2.52895e+009 2.62078e+011 1.72144e+010
2.613 2.78457e+011 527691 2.93782e+007 1.97283e+011 6.07064e+010 2.5655e+009 2.60584e+011 1.78733e+010
2.616 2.8147e+011 530537 2.73063e+007 1.95173e+011 6.12844e+010 2.60246e+009 2.59087e+011 2.23824e+010
2.618 2.71978e+011 521515 2.60023e+007 1.93766e+011 6.1669e+010 2.62733e+009 2.58088e+011 1.389e+010
2.621 2.60516e+011 510408 2.41558e+007 1.91653e+011 6.22451e+010 2.66497e+009 2.56588e+011 3.92881e+009
2.624 2.48852e+011 498851 2.24334e+007 1.89541e+011 6.28199e+010 2.70302e+009 2.55086e+011 -6.23352e+009
2.627 2.58652e+011 508578 2.08273e+007 1.87427e+011 6.33932e+010 2.74149e+009 2.53583e+011 5.06878e+009
2.63 2.40736e+011 490648 1.933e+007 1.85314e+011 6.39649e+010 2.78037e+009 2.52079e+011 -1.13435e+010
2.633 2.3869e+011 488559 1.79348e+007 1.83202e+011 6.45349e+010 2.81968e+009 2.50575e+011 -1.18848e+010
2.636 2.41889e+011 491822 1.6635e+007 1.81092e+011 6.51031e+010 2.85941e+009 2.49071e+011 -7.18193e+009
2.638 2.38596e+011 488462 1.58185e+007 1.79686e+011 6.54808e+010 2.88613e+009 2.48068e+011 -9.47282e+009
2.641 2.51989e+011 501985 1.46644e+007 1.77578e+011 6.60456e+010 2.92656e+009 2.46565e+011 5.42427e+009
2.644 2.35446e+011 485228 1.35903e+007 1.75474e+011 6.66081e+010 2.96742e+009 2.45063e+011 -9.61673e+009
2.647 2.36998e+011 486824 1.25909e+007 1.73372e+011 6.71684e+010 3.00872e+009 2.43562e+011 -6.56424e+009
2.65 2.46362e+011 496348 1.16613e+007 1.71274e+011 6.77261e+010 3.05044e+009 2.42063e+011 4.29916e+009
2.653 2.6749e+011 517195 1.07969e+007 1.69181e+011 6.82811e+010 3.0926e+009 2.40565e+011 2.6925e+010
2.656 2.76905e+011 526218 9.99345e+006 1.67092e+011 6.88335e+010 3.13519e+009 2.3907e+011 3.7835e+010
2.659 2.75898e+011 525260 9.24689e+006 1.65008e+011 6.93828e+010 3.17822e+009 2.37578e+011 3.83195e+010
2.662 2.68609e+011 518275 8.55341e+006 1.62929e+011 6.99292e+010 3.2217e+009 2.36089e+011 3.25202e+010
2.664 2.65115e+011 514893 8.11882e+006 1.61547e+011 7.02916e+010 3.25092e+009 2.35098e+011 3.00171e+010
2.667 2.72345e+011 521867 7.50601e+006 1.59479e+011 7.08325e+010 3.29513e+009 2.33614e+011 3.87313e+010
2.67 2.52676e+011 502669 6.93727e+006 1.57418e+011 7.137e+010 3.33979e+009 2.32134e+011 2.05416e+010
2.673 2.55135e+011 505109 6.40961e+006 1.55363e+011 7.19039e+010 3.38489e+009 2.30659e+011 2.44765e+010
2.676 2.34389e+011 484137 5.92023e+006 1.53317e+011 7.24341e+010 3.43044e+009 2.29187e+011 5.20179e+009
2.679 2.2967e+011 479239 5.46649e+006 1.51278e+011 7.29605e+010 3.47644e+009 2.2772e+011 1.94955e+009
2.682 2.42705e+011 492651 5.04594e+006 1.49247e+011 7.34828e+010 3.52289e+009 2.26258e+011 1.64468e+010
2.685 2.35362e+011 485141 4.65627e+006 1.47226e+011 7.4001e+010 3.5698e+009 2.24801e+011 1.05609e+010
2.688 2.42086e+011 492022 4.29535e+006 1.45213e+011 7.4515e+010 3.61716e+009 2.2335e+011 1.87361e+010
2.691 2.34504e+011 484256 3.96116e+006 1.4321e+011 7.50245e+010 3.66498e+009 2.21904e+011 1.26002e+010
2.694 2.44325e+011 494292 3.65182e+006 1.41217e+011 7.55295e+010 3.71325e+009 2.20464e+011 2.3861e+010
2.697 2.3352e+011 483239 3.36558e+006 1.39235e+011 7.60297e+010 3.76199e+009 2.1903e+011 1.44905e+010
2.7 2.45643e+011 495624 3.10081e+006 1.37263e+011 7.65252e+010 3.81119e+009 2.17602e+011 2.80408e+010
2.703 2.23941e+011 473224 2.85596e+006 1.35301e+011 7.70156e+010 3.86085e+009 2.16181e+011 7.75978e+009
2.706 2.30017e+011 479600 2.62962e+006 1.33352e+011 7.7501e+010 3.91097e+009 2.14766e+011 1.52504e+010
2.709 2.27235e+011 476692 2.42046e+006 1.31413e+011 7.79811e+010 3.96156e+009 2.13358e+011 1.38767e+010
2.712 2.16602e+011 465405 2.22723e+006 1.29487e+011 7.84559e+010 4.01262e+009 2.11958e+011 4.64412e+009
2.715 2.15258e+011 463959 2.04879e+006 1.27573e+011 7.89251e+010 4.06414e+009 2.10564e+011 4.69382e+009
2.718 2.33088e+011 482792 1.88405e+006 1.25671e+011 7.93887e+010 4.11613e+009 2.09178e+011 2.39101e+010
2.721 2.25331e+011 474690 1.73201e+006 1.23782e+011 7.98466e+010 4.1686e+009 2.07799e+011 1.75316e+010
2.724 2.21051e+011 470161 1.59174e+006 1.21907e+011 8.02985e+010 4.22153e+009 2.06428e+011 1.4623e+010
2.727 2.07181e+011 455171 1.46237e+006 1.20044e+011 8.07444e+010 4.27494e+009 2.05065e+011 2.11555e+009
2.731 2.04017e+011 451683 1.30544e+006 1.17582e+011 8.13293e+010 4.34688e+009 2.0326e+011 7.57745e+008
2.734 2.09336e+011 457532 1.19846e+006 1.15752e+011 8.17606e+010 4.4014e+009 2.01915e+011 7.42029e+009
2.737 2.26701e+011 476131 1.0999e+006 1.13936e+011 8.21854e+010 4.45638e+009 2.00579e+011 2.61218e+010
2.74 2.14793e+011 463457 1.00913e+006 1.12134e+011 8.26037e+010 4.51185e+009 1.99251e+011 1.55417e+010
2.743 2.20077e+011 469123 925559 1.10347e+011 8.30152e+010 4.56778e+009 1.97931e+011 2.21454e+010
2.746 2.03888e+011 451540 848642 1.08575e+011 8.342e+010 4.6242e+009 1.9662e+011 7.26781e+009
2.749 1.89335e+011 435127 777872 1.06818e+011 8.38177e+010 4.6811e+009 1.95318e+011 -5.98252e+009
2.752 1.92847e+011 439143 712780 1.05076e+011 8.42084e+010 4.73847e+009 1.94024e+011 -1.17728e+009
2.755 1.87295e+011 432776 652929 1.0335e+011 8.4592e+010 4.79632e+009 1.92739e+011 -5.44422e+009
2.759 2.12839e+011 461345 580587 1.01073e+011 8.5092e+010 4.8742e+009 1.91039e+011 2.17996e+010
2.762 1.97879e+011 444836 531447 9.93829e+010 8.54583e+010 4.93317e+009 1.89775e+011 8.10451e+009
2.765 2.00706e+011 448002 486312 9.77091e+010 8.58171e+010 4.99262e+009 1.88519e+011 1.21869e+010
2.768 2.0183e+011 449255 444871 9.60515e+010 8.61682e+010 5.05255e+009 1.87273e+011 1.45577e+010
2.771 2.0417e+011 451852 406833 9.44102e+010 8.65115e+010 5.11296e+009 1.86035e+011 1.81352e+010
2.774 2.15426e+011 464140 371931 9.27853e+010 8.6847e+010 5.17385e+009 1.84807e+011 3.06195e+010
2.778 2.01508e+011 448896 329846 9.06445e+010 8.72819e+010 5.25579e+009 1.83182e+011 1.83252e+010
2.781 1.97727e+011 444665 301327 8.90583e+010 8.75986e+010 5.3178e+009 1.81975e+011 1.57519e+010
2.784 1.97241e+011 444118 275187 8.74889e+010 8.79071e+010 5.38029e+009 1.80776e+011 1.64643e+010
2.787 2.09804e+011 458043 251236 8.59363e+010 8.82073e+010 5.44326e+009 1.79587e+011 3.02167e+010
2.79 2.1418e+011 462796 229298 8.44007e+010 8.8499e+010 5.50671e+009 1.78407e+011 3.57729e+010
2.794 2.11025e+011 459375 202898 8.23798e+010 8.88749e+010 5.59205e+009 1.76847e+011 3.41785e+010
2.797 2.08686e+011 456821 185045 8.08841e+010 8.91468e+010 5.65662e+009 1.75688e+011 3.29981e+010
2.8 2.16295e+011 465076 168709 7.94056e+010 8.94099e+010 5.72166e+009 1.74537e+011 4.17581e+010
2.803 2.27348e+011 476810 153767 7.79443e+010 8.96644e+010 5.78718e+009 1.73396e+011 5.39515e+010
2.807 2.13555e+011 462120 135817 7.60228e+010 8.99898e+010 5.87529e+009 1.71888e+011 4.16669e+010
2.81 2.00709e+011 448006 123697 7.46019e+010 9.02235e+010 5.94192e+009 1.70767e+011 2.99419e+010
2.813 2.00044e+011 447263 112624 7.31984e+010 9.04481e+010 6.00903e+009 1.69656e+011 3.03883e+010
2.816 1.96055e+011 442781 102510 7.18123e+010 9.06637e+010 6.07661e+009 1.68553e+011 2.75021e+010
2.82 1.97282e+011 444165 90378.3 6.99912e+010 9.09368e+010 6.16745e+009 1.67096e+011 3.01867e+010
2.823 2.01822e+011 449246 82201.5 6.86457e+010 9.11309e+010 6.23613e+009 1.66013e+011 3.58088e+010
2.826 1.95674e+011 442350 74740.9 6.73176e+010 9.13157e+010 6.30528e+009 1.64939e+011 3.07349e+010
2.83 2.03301e+011 450889 65803.8 6.55739e+010 9.15475e+010 6.39821e+009 1.6352e+011 3.97816e+010
2.833 2.01314e+011 448681 59787.6 6.42864e+010 9.17103e+010 6.46845e+009 1.62465e+011 3.88492e+010
2.836 1.9705e+011 443903 54304.4 6.30163e+010 9.18637e+010 6.53916e+009 1.61419e+011 3.56305e+010
2.84 1.9237e+011 438600 47744.2 6.13498e+010 9.20533e+010 6.63416e+009 1.60037e+011 3.23324e+010
2.843 1.88763e+011 434469 43333.7 6.01201e+010 9.21843e+010 6.70594e+009 1.5901e+011 2.97524e+010
2.846 1.88606e+011 434288 39318.3 5.89077e+010 9.23058e+010 6.77819e+009 1.57992e+011 3.0614e+010
2.85 1.83759e+011 428671 34520.2 5.73179e+010 9.24526e+010 6.87523e+009 1.56646e+011 2.71133e+010
2.853 1.89642e+011 435480 31298.5 5.61455e+010 9.25513e+010 6.94854e+009 1.55645e+011 3.39971e+010
2.856 1.69451e+011 411644 28368.5 5.49902e+010 9.26404e+010 7.0223e+009 1.54653e+011 1.4798e+010
2.86 1.59139e+011 398923 24871.9 5.34763e+010 9.27438e+010 7.12136e+009 1.53341e+011 5.7979e+009
2.863 1.70766e+011 413238 22527 5.23605e+010 9.281e+010 7.19617e+009 1.52367e+011 1.83992e+010
2.867 1.70609e+011 413049 19731 5.08991e+010 9.28829e+010 7.29661e+009 1.51079e+011 1.95308e+010
2.87 1.71671e+011 414332 17857.7 4.98226e+010 9.2926e+010 7.37246e+009 1.50121e+011 2.15495e+010
2.874 1.84873e+011 429968 15626 4.84131e+010 9.29682e+010 7.47428e+009 1.48856e+011 3.60171e+010
2.877 1.8298e+011 427761 14132.1 4.73753e+010 9.29884e+010 7.55115e+009 1.47915e+011 3.50649e+010
2.88 1.7428e+011 417469 12776.9 4.63539e+010 9.29986e+010 7.62846e+009 1.46981e+011 2.72993e+010
2.884 1.64771e+011 405920 11164.6 4.50174e+010 9.29968e+010 7.7322e+009 1.45746e+011 1.90245e+010
2.887 1.65521e+011 406843 10086.6 4.40339e+010 9.2984e+010 7.81051e+009 1.44828e+011 2.06927e+010
2.891 1.66033e+011 407471 8805.12 4.27477e+010 9.29514e+010 7.91557e+009 1.43615e+011 2.24179e+010
2.894 1.65873e+011 407276 7949.11 4.18015e+010 9.29155e+010 7.99486e+009 1.42712e+011 2.31615e+010
2.898 1.52085e+011 389981 6932.41 4.05646e+010 9.28522e+010 8.10123e+009 1.41518e+011 1.0567e+010
2.901 1.47388e+011 383911 6253.88 3.96552e+010 9.27933e+010 8.18149e+009 1.4063e+011 6.75785e+009
2.905 1.40223e+011 374464 5448.67 3.84668e+010 9.26994e+010 8.28913e+009 1.39455e+011 7.67569e+008
2.908 1.43048e+011 378217 4911.76 3.75934e+010 9.26176e+010 8.37034e+009 1.38581e+011 4.46716e+009
2.912 1.49346e+011 386453 4275.16 3.64525e+010 9.24932e+010 8.47923e+009 1.37425e+011 1.19208e+010
2.915 1.37391e+011 370663 3851.06 3.56144e+010 9.23886e+010 8.56137e+009 1.36564e+011 8.26354e+008
2.919 1.36768e+011 369821 3348.67 3.45201e+010 9.22341e+010 8.67148e+009 1.35426e+011 1.34207e+009
2.922 1.45828e+011 381874 3014.26 3.37166e+010 9.21069e+010 8.75452e+009 1.34578e+011 1.12497e+010
2.926 1.36757e+011 369807 2618.47 3.26679e+010 9.19223e+010 8.86583e+009 1.33456e+011 3.30098e+009
2.929 1.46512e+011 382769 2355.25 3.18981e+010 9.17728e+010 8.94976e+009 1.32621e+011 1.38915e+010
2.933 1.46531e+011 382794 2043.99 3.08939e+010 9.15586e+010 9.06223e+009 1.31515e+011 1.50163e+010
2.937 1.44807e+011 380535 1772.88 2.99146e+010 9.13277e+010 9.17536e+009 1.30418e+011 1.43897e+010
2.94 1.37656e+011 371020 1592.82 2.91962e+010 9.11435e+010 9.26062e+009 1.296e+011 8.05519e+009
2.944 1.30859e+011 361744 1380.2 2.82597e+010 9.08835e+010 9.37486e+009 1.28518e+011 2.34078e+009
2.947 1.31295e+011 362347 1239.12 2.75731e+010 9.06777e+010 9.46094e+009 1.27712e+011 3.58373e+009
2.951 1.28274e+011 358154 1072.66 2.66782e+010 9.03891e+010 9.57625e+009 1.26644e+011 1.63051e+009
2.955 1.25134e+011 353743 928.044 2.58066e+010 9.00844e+010 9.69217e+009 1.25583e+011 -4.49013e+008
2.958 1.24307e+011 352572 832.222 2.5168e+010 8.98453e+010 9.77949e+009 1.24793e+011 -4.85572e+008
2.962 1.22874e+011 350534 719.318 2.43362e+010 8.95128e+010 9.89642e+009 1.23745e+011 -8.71587e+008
2.965 1.1925e+011 345325 644.574 2.3727e+010 8.92531e+010 9.98449e+009 1.22965e+011 -3.71489e+009
2.969 1.24271e+011 352521 556.582 2.29339e+010 8.88933e+010 1.01024e+010 1.2193e+011 2.34119e+009
2.973 1.16728e+011 341655 480.334 2.21624e+010 8.85182e+010 1.02209e+010 1.20901e+011 -4.17351e+009
2.977 1.16042e+011 340649 414.299 2.1412e+010 8.8128e+010 1.03398e+010 1.1988e+011 -3.8382e+009
2.98 1.20712e+011 347436 370.667 2.08629e+010 8.78256e+010 1.04294e+010 1.19118e+011 1.59383e+009
2.984 1.1755e+011 342855 319.396 2.01487e+010 8.74095e+010 1.05493e+010 1.18108e+011 -5.58037e+008
2.988 1.19836e+011 346174 275.064 1.94546e+010 8.6979e+010 1.06697e+010 1.17103e+011 2.7329e+009
2.991 1.15393e+011 339695 245.811 1.8947e+010 8.66467e+010 1.07603e+010 1.16354e+011 -9.61056e+008
2.995 1.22175e+011 349535 211.485 1.82871e+010 8.61913e+010 1.08814e+010 1.1536e+011 6.81513e+009
2.999 1.14513e+011 338397 181.851 1.76463e+010 8.57222e+010 1.10031e+010 1.14372e+011 1.41029e+008
3.003 1.10486e+011 332394 156.282 1.70242e+010 8.52394e+010 1.11252e+010 1.13389e+011 -2.90275e+009
3.006 1.09263e+011 330550 139.443 1.65695e+010 8.48686e+010 1.1217e+010 1.12655e+011 -3.39177e+009
3.01 1.13156e+011 336387 119.719 1.59791e+010 8.43627e+010 1.13398e+010 1.11682e+011 1.47444e+009
3.014 1.17082e+011 342172 102.728 1.54063e+010 8.3844e+010 1.1463e+010 1.10713e+011 6.36844e+009
3.018 1.13811e+011 337359 88.0993 1.48507e+010 8.33127e+010 1.15865e+010 1.0975e+011 4.06145e+009
3.021 1.0796e+011 328572 78.4829 1.4445e+010 8.29061e+010 1.16794e+010 1.09031e+011 -1.07083e+009
3.025 1.08334e+011 329141 67.2408 1.39187e+010 8.23535e+010 1.18036e+010 1.08076e+011 2.57763e+008
3.029 1.10441e+011 332327 57.5769 1.34085e+010 8.17891e+010 1.19281e+010 1.07126e+011 3.31526e+009
3.033 9.81211e+010 313243 49.2744 1.29141e+010 8.12132e+010 1.20529e+010 1.0618e+011 -8.05907e+009
3.037 1.03154e+011 321175 42.1455 1.24352e+010 8.06261e+010 1.2178e+010 1.05239e+011 -2.08562e+009
3.041 1.05101e+011 324192 36.0278 1.19714e+010 8.0028e+010 1.23034e+010 1.04303e+011 7.97887e+008
3.044 1.11734e+011 334267 32.018 1.16332e+010 7.95726e+010 1.23976e+010 1.03603e+011 8.13106e+009
3.048 1.07128e+011 327304 27.3436 1.11949e+010 7.89562e+010 1.25235e+010 1.02675e+011 4.45347e+009
3.052 1.07392e+011 327707 23.3386 1.07707e+010 7.83298e+010 1.26495e+010 1.0175e+011 5.64206e+009
3.056 1.04544e+011 323332 19.9091 1.03603e+010 7.76937e+010 1.27758e+010 1.0083e+011 3.71411e+009
3.06 1.04933e+011 323934 16.9741 9.96329e+009 7.70482e+010 1.29022e+010 9.99136e+010 5.01927e+009
3.064 1.025e+011 320157 14.4636 9.57937e+009 7.63935e+010 1.30288e+010 9.90017e+010 3.49854e+009
3.068 9.71486e+010 311687 12.3176 9.20818e+009 7.57301e+010 1.31556e+010 9.80939e+010 -9.45265e+008
3.072 9.36448e+010 306014 10.4841 8.84941e+009 7.50583e+010 1.32824e+010 9.71901e+010 -3.54536e+009
3.076 9.3629e+010 305989 8.91854 8.50271e+009 7.43783e+010 1.34094e+010 9.62905e+010 -2.66148e+009
3.079 9.28617e+010 304732 7.8969 8.25042e+009 7.38633e+010 1.35047e+010 9.56184e+010 -2.75672e+009
3.083 9.12546e+010 302084 6.71111 7.9241e+009 7.31699e+010 1.36319e+010 9.47259e+010 -3.47129e+009
3.087 9.27754e+010 304591 5.70019 7.60899e+009 7.24693e+010 1.37591e+010 9.38374e+010 -1.06195e+009
3.091 8.92202e+010 298697 4.83885 7.30477e+009 7.17619e+010 1.38863e+010 9.2953e+010 -3.73277e+009
3.095 9.76377e+010 312470 4.10536 7.01116e+009 7.1048e+010 1.40135e+010 9.20726e+010 5.56513e+009
3.099 1.00551e+011 317098 3.48112 6.72784e+009 7.03278e+010 1.41407e+010 9.11963e+010 9.35464e+009
3.103 1.02006e+011 319383 2.95014 6.45454e+009 6.96017e+010 1.42679e+010 9.03242e+010 1.16814e+010
3.107 9.84533e+010 313773 2.49876 6.19095e+009 6.88702e+010 1.4395e+010 8.94561e+010 8.99717e+009
3.111 9.87213e+010 314200 2.11526 5.9368e+009 6.81334e+010 1.45221e+010 8.85923e+010 1.01291e+010
3.115 9.12279e+010 302040 1.78961 5.69182e+009 6.73917e+010 1.4649e+010 8.77326e+010 3.49534e+009
3.12 8.68964e+010 294782 1.45098 5.39806e+009 6.64583e+010 1.48076e+010 8.6664e+010 2.32423e+008
3.124 8.67041e+010 294456 1.22606 5.17272e+009 6.5707e+010 1.49342e+010 8.58139e+010 8.9024e+008
3.128 8.30918e+010 288256 1.03543 4.95567e+009 6.49518e+010 1.50607e+010 8.49682e+010 -1.87639e+009
3.132 8.21661e+010 286646 0.873943 4.74667e+009 6.41931e+010 1.5187e+010 8.41268e+010 -1.96068e+009
3.136 8.38333e+010 289540 0.737232 4.54547e+009 6.34313e+010 1.53131e+010 8.32899e+010 5.43413e+008
3.14 8.06461e+010 283983 0.62156 4.35183e+009 6.26667e+010 1.54389e+010 8.24575e+010 -1.81142e+009
3.144 8.51582e+010 291819 0.523744 4.1655e+009 6.18996e+010 1.55645e+010 8.16297e+010 3.5285e+009
3.148 8.37225e+010 289348 0.441075 3.98627e+009 6.11303e+010 1.56898e+010 8.08064e+010 2.91607e+009
3.152 7.89579e+010 280994 0.371247 3.8139e+009 6.03592e+010 1.58148e+010 7.99879e+010 -1.03006e+009
3.156 8.21634e+010 286642 0.312299 3.64816e+009 5.95865e+010 1.59395e+010 7.91742e+010 2.98922e+009
3.161 7.41629e+010 272329 0.251399 3.45e+009 5.86189e+010 1.60948e+010 7.81638e+010 -4.0009e+009
3.165 7.53227e+010 274450 0.211215 3.29843e+009 5.78439e+010 1.62187e+010 7.7361e+010 -2.03831e+009
3.169 8.20565e+010 286455 0.177355 3.15281e+009 5.70683e+010 1.63421e+010 7.65632e+010 5.49329e+009
3.173 7.74031e+010 278214 0.14884 3.01294e+009 5.62925e+010 1.64651e+010 7.57705e+010 1.63255e+009
3.177 7.47196e+010 273349 0.124839 2.87864e+009 5.55167e+010 1.65876e+010 7.4983e+010 -2.63411e+008
3.182 7.34673e+010 271049 0.100127 2.7183e+009 5.45474e+010 1.67401e+010 7.40059e+010 -5.38541e+008
3.186 7.23719e+010 269020 0.0838762 2.59583e+009 5.37728e+010 1.68616e+010 7.32302e+010 -8.58325e+008
3.19 7.31534e+010 270469 0.0702236 2.47832e+009 5.29991e+010 1.69825e+010 7.24599e+010 6.93468e+008
3.194 7.34417e+010 271001 0.0587603 2.3656e+009 5.22267e+010 1.71028e+010 7.16951e+010 1.74659e+009
3.199 6.53028e+010 255544 0.0469888 2.23119e+009 5.12633e+010 1.72525e+010 7.0747e+010 -5.4442e+009
3.203 7.08533e+010 266183 0.039269 2.12865e+009 5.04947e+010 1.73715e+010 6.99948e+010 8.5846e+008
3.207 6.84412e+010 261613 0.0327991 2.03036e+009 4.97282e+010 1.74898e+010 6.92484e+010 -8.07228e+008
3.211 6.66647e+010 258195 0.0273799 1.93618e+009 4.89641e+010 1.76076e+010 6.85078e+010 -1.84317e+009
3.216 6.26138e+010 250227 0.0218299 1.82401e+009 4.80126e+010 1.77538e+010 6.75904e+010 -4.97662e+009
3.22 6.49071e+010 254769 0.0182002 1.73853e+009 4.72547e+010 1.78699e+010 6.68632e+010 -1.95607e+009
3.224 6.78728e+010 260524 0.0151655 1.65668e+009 4.65e+010 1.79853e+010 6.6142e+010 1.73082e+009
3.229 6.07628e+010 246501 0.012064 1.55929e+009 4.55614e+010 1.81285e+010 6.52492e+010 -4.48643e+009
3.233 6.09768e+010 246935 0.0100398 1.48513e+009 4.48146e+010 1.82422e+010 6.4542e+010 -3.56517e+009
3.238 6.30659e+010 251129 0.00797401 1.39695e+009 4.38867e+010 1.83831e+010 6.36668e+010 -6.00879e+008
3.242 5.92229e+010 243357 0.00662773 1.32985e+009 4.3149e+010 1.84949e+010 6.29738e+010 -3.75093e+009
3.246 5.48463e+010 234193 0.00550567 1.26569e+009 4.24157e+010 1.86059e+010 6.22873e+010 -7.44092e+009
3.251 5.88542e+010 242599 0.0043629 1.18945e+009 4.15055e+010 1.87433e+010 6.14382e+010 -2.58402e+009
3.255 6.09111e+010 246802 0.00361972 1.1315e+009 4.07827e+010 1.88522e+010 6.07664e+010 1.44684e+008
3.26 6.19866e+010 248971 0.0028639 1.06268e+009 3.98864e+010 1.8987e+010 5.9936e+010 2.05051e+009
3.264 5.82947e+010 241443 0.00237307 1.01039e+009 3.91751e+010 1.90937e+010 5.92793e+010 -9.84555e+008
3.268 5.88262e+010 242541 0.00196526 9.60468e+008 3.84693e+010 1.91995e+010 5.86293e+010 1.96969e+008
3.273 5.52113e+010 234971 0.00155138 9.01233e+008 3.75949e+010 1.93302e+010 5.78263e+010 -2.61506e+009
3.277 5.7119e+010 238996 0.00128316 8.56271e+008 3.69018e+010 1.94336e+010 5.71917e+010 -7.27415e+007
3.282 5.54053e+010 235383 0.00101133 8.02957e+008 3.60438e+010 1.95614e+010 5.64082e+010 -1.00291e+009
3.286 5.25131e+010 229157 0.000835435 7.62515e+008 3.53643e+010 1.96624e+010 5.57892e+010 -3.27613e+009
3.291 5.50469e+010 234621 0.000657421 7.14591e+008 3.45237e+010 1.9787e+010 5.50253e+010 2.16469e+007
3.295 5.23113e+010 228717 0.000542394 6.78259e+008 3.38584e+010 1.98854e+010 5.44221e+010 -2.11079e+009
3.3 5.56871e+010 235981 0.000426151 6.35232e+008 3.3036e+010 2.00068e+010 5.3678e+010 2.00913e+009
3.305 5.48493e+010 234199 0.000334528 5.94726e+008 3.2224e+010 2.01263e+010 5.29451e+010 1.90424e+009
3.309 5.41453e+010 232691 0.000275457 5.64048e+008 3.15821e+010 2.02205e+010 5.23667e+010 1.77857e+009
3.314 5.36026e+010 231522 0.000215894 5.2775e+008 3.07895e+010 2.03365e+010 5.16538e+010 1.94876e+009
3.318 5.1233e+010 226347 0.000177548 5.00276e+008 3.01634e+010 2.04279e+010 5.10915e+010 1.41475e+008
3.323 5.30122e+010 230244 0.000138937 4.67789e+008 2.93907e+010 2.05403e+010 5.03988e+010 2.61334e+009
3.328 5.06456e+010 225046 0.000108628 4.37258e+008 2.86294e+010 2.06506e+010 4.97173e+010 9.28308e+008
3.332 5.08455e+010 225490 8.91598e-005 4.14171e+008 2.80286e+010 2.07374e+010 4.91802e+010 1.66537e+009
3.337 4.94703e+010 222419 6.96001e-005 3.86898e+008 2.7288e+010 2.08439e+010 4.85188e+010 9.51429e+008
3.342 4.72331e+010 217332 5.4284e-005 3.61294e+008 2.65592e+010 2.09482e+010 4.78687e+010 -6.35602e+008
3.346 4.678e+010 216287 4.44681e-005 3.41951e+008 2.59846e+010 2.10301e+010 4.73567e+010 -5.7674e+008
3.351 4.83045e+010 219783 3.4628e-005 3.19121e+008 2.52771e+010 2.11305e+010 4.67267e+010 1.57779e+009
3.356 4.49409e+010 211993 2.69418e-005 2.97712e+008 2.45816e+010 2.12285e+010 4.61079e+010 -1.16696e+009
3.36 4.51091e+010 212389 2.20269e-005 2.81553e+008 2.40339e+010 2.13053e+010 4.56208e+010 -5.11662e+008
3.365 4.47219e+010 211476 1.71108e-005 2.62499e+008 2.33602e+010 2.13991e+010 4.50218e+010 -2.999e+008
3.37 4.65656e+010 215791 1.32803e-005 2.4465e+008 2.26987e+010 2.14906e+010 4.44339e+010 2.13167e+009
3.375 4.7607e+010 218190 1.02983e-005 2.27934e+008 2.20494e+010 2.15796e+010 4.38569e+010 3.75007e+009
3.379 4.2637e+010 206487 8.39732e-006 2.15334e+008 2.15387e+010 2.16491e+010 4.34032e+010 -7.66128e+008
3.384 4.94347e+010 222339 6.50154e-006 2.00496e+008 2.09114e+010 2.17338e+010 4.28457e+010 6.58906e+009
3.389 4.66323e+010 215945 5.02936e-006 1.86615e+008 2.02964e+010 2.18159e+010 4.22989e+010 4.3334e+009
3.394 4.48091e+010 211682 3.88713e-006 1.73635e+008 1.96937e+010 2.18955e+010 4.17628e+010 3.04633e+009
3.399 4.32206e+010 207896 3.0017e-006 1.61501e+008 1.91032e+010 2.19725e+010 4.12372e+010 1.98341e+009
3.403 4.39185e+010 209567 2.43941e-006 1.5237e+008 1.86396e+010 2.20323e+010 4.08242e+010 3.09431e+009
3.408 4.4393e+010 210696 1.88078e-006 1.41633e+008 1.80711e+010 2.21046e+010 4.03173e+010 4.07564e+009
3.413 4.18599e+010 204597 1.44882e-006 1.31607e+008 1.75147e+010 2.21743e+010 3.98206e+010 2.03924e+009
3.418 4.41407e+010 210097 1.11509e-006 1.22248e+008 1.69705e+010 2.22413e+010 3.93341e+010 4.80666e+009
3.423 4.30025e+010 207370 8.57487e-007 1.13515e+008 1.64383e+010 2.23056e+010 3.88575e+010 4.14503e+009
3.428 4.00747e+010 200187 6.58818e-007 1.05369e+008 1.59181e+010 2.23672e+010 3.83907e+010 1.68403e+009
3.433 3.89011e+010 197234 5.05736e-007 9.77741e+007 1.54098e+010 2.24261e+010 3.79337e+010 9.67377e+008
3.438 4.02094e+010 200523 3.87885e-007 9.06947e+007 1.49134e+010 2.24822e+010 3.74862e+010 2.72323e+009
3.443 3.96746e+010 199185 2.97237e-007 8.40984e+007 1.44286e+010 2.25355e+010 3.70482e+010 2.62641e+009
3.448 4.2206e+010 205441 2.27574e-007 7.79548e+007 1.39555e+010 2.25859e+010 3.66194e+010 5.58661e+009
3.453 3.65e+010 191050 1.74086e-007 7.22348e+007 1.34939e+010 2.26336e+010 3.61998e+010 3.0024e+008
3.458 3.60409e+010 189844 1.33053e-007 6.69112e+007 1.30437e+010 2.26784e+010 3.57891e+010 2.51799e+008
3.463 3.6795e+010 191820 1.01603e-007 6.19583e+007 1.26049e+010 2.27204e+010 3.53872e+010 1.40779e+009
3.468 3.79112e+010 194708 7.75195e-008 5.7352e+007 1.21771e+010 2.27594e+010 3.49939e+010 2.91728e+009
3.473 3.47912e+010 186524 5.90928e-008 5.30697e+007 1.17604e+010 2.27956e+010 3.46091e+010 1.82042e+008
3.478 3.64942e+010 191035 4.50069e-008 4.909e+007 1.13547e+010 2.28289e+010 3.42326e+010 2.26157e+009
3.483 3.72386e+010 192973 3.42487e-008 4.53929e+007 1.09596e+010 2.28592e+010 3.38643e+010 3.37434e+009
3.488 3.52392e+010 187721 2.60393e-008 4.19596e+007 1.05752e+010 2.28866e+010 3.35038e+010 1.73532e+009
3.493 3.38699e+010 184038 1.97805e-008 3.87725e+007 1.02013e+010 2.29111e+010 3.31512e+010 7.18754e+008
3.498 3.16525e+010 177911 1.50129e-008 3.5815e+007 9.83768e+009 2.29326e+010 3.28061e+010 -1.15364e+009
3.503 3.53975e+010 188142 1.13844e-008 3.30715e+007 9.48421e+009 2.29512e+010 3.24684e+010 2.92906e+009
3.508 3.46526e+010 186152 8.62542e-009 3.05276e+007 9.14074e+009 2.29667e+010 3.2138e+010 2.51465e+009
3.514 3.23467e+010 179852 6.17507e-009 2.7719e+007 8.74154e+009 2.29815e+010 3.17508e+010 5.95996e+008
3.519 3.25104e+010 180306 4.66956e-009 2.55672e+007 8.41949e+009 2.29905e+010 3.14356e+010 1.07487e+009
3.524 3.22042e+010 179455 3.52802e-009 2.35742e+007 8.10691e+009 2.29965e+010 3.1127e+010 1.07713e+009
3.529 3.40879e+010 184629 2.66321e-009 2.1729e+007 7.80362e+009 2.29996e+010 3.08249e+010 3.26291e+009
3.534 3.08513e+010 175645 2.00864e-009 2.00212e+007 7.50946e+009 2.29997e+010 3.05291e+010 3.22186e+008
3.54 3.20425e+010 179004 1.4302e-009 1.81397e+007 7.16827e+009 2.29958e+010 3.01822e+010 1.86034e+009
3.545 3.29716e+010 181581 1.07661e-009 1.67012e+007 6.89358e+009 2.29893e+010 2.98995e+010 3.07208e+009
3.55 3.09797e+010 176010 8.09731e-010 1.53715e+007 6.62745e+009 2.29798e+010 2.96226e+010 1.3571e+009
3.556 3.14111e+010 177232 5.74617e-010 1.39083e+007 6.31915e+009 2.29644e+010 2.92975e+010 2.11361e+009
3.561 3.23596e+010 179888 4.31347e-010 1.27911e+007 6.07125e+009 2.29484e+010 2.90324e+010 3.32714e+009
3.566 3.16616e+010 177937 3.23515e-010 1.17595e+007 5.83135e+009 2.29294e+010 2.87725e+010 2.88913e+009
3.572 3.06298e+010 175014 2.28811e-010 1.0626e+007 5.55378e+009 2.29026e+010 2.8467e+010 2.16279e+009
3.577 3.081e+010 175528 1.71282e-010 9.76151e+006 5.33086e+009 2.28771e+010 2.82177e+010 2.59222e+009
3.582 2.95592e+010 171928 1.28105e-010 8.96425e+006 5.11538e+009 2.28486e+010 2.7973e+010 1.58621e+009
3.588 3.24604e+010 180168 9.03005e-011 8.0893e+006 4.86636e+009 2.28106e+010 2.76851e+010 4.77534e+009
3.593 2.96386e+010 172159 6.74078e-011 7.42293e+006 4.66661e+009 2.27757e+010 2.74498e+010 2.1888e+009
3.599 3.10553e+010 176225 4.74061e-011 6.69226e+006 4.43598e+009 2.273e+010 2.71727e+010 3.88264e+009
3.604 2.84258e+010 168600 3.53199e-011 6.13626e+006 4.25113e+009 2.26888e+010 2.6946e+010 1.4798e+009
3.609 2.7633e+010 166232 2.62921e-011 5.62449e+006 4.07279e+009 2.26446e+010 2.6723e+010 9.09985e+008
3.615 2.62556e+010 162036 1.84286e-011 5.06407e+006 3.86711e+009 2.25879e+010 2.64601e+010 -2.04455e+008
3.62 2.82289e+010 168015 1.36919e-011 4.63816e+006 3.70246e+009 2.25375e+010 2.62446e+010 1.98431e+009
3.626 2.67002e+010 163402 9.57482e-012 4.17217e+006 3.51274e+009 2.24734e+010 2.59903e+010 7.09897e+008
3.631 2.71538e+010 164784 7.10015e-012 3.81835e+006 3.361e+009 2.24168e+010 2.57817e+010 1.37219e+009
3.637 2.62687e+010 162076 4.95373e-012 3.43157e+006 3.18629e+009 2.23454e+010 2.55351e+010 7.33631e+008
3.643 2.78334e+010 166833 3.45183e-012 3.08241e+006 3.01938e+009 2.22699e+010 2.52924e+010 2.541e+009
3.648 2.72863e+010 165186 2.5521e-012 2.81767e+006 2.88604e+009 2.22041e+010 2.5093e+010 2.19331e+009
3.654 2.856e+010 168997 1.77425e-012 2.52865e+006 2.73272e+009 2.21216e+010 2.48568e+010 3.70324e+009
3.659 2.99483e+010 173056 1.30926e-012 2.30969e+006 2.61035e+009 2.20499e+010 2.46625e+010 5.2858e+009
3.665 3.01772e+010 173716 9.08119e-013 2.07087e+006 2.46975e+009 2.19604e+010 2.44322e+010 5.74499e+009
3.671 2.53922e+010 159349 6.29088e-013 1.85581e+006 2.33573e+009 2.18671e+010 2.42047e+010 1.18747e+009
3.676 2.52858e+010 159015 4.62844e-013 1.69311e+006 2.22889e+009 2.17866e+010 2.40172e+010 1.26862e+009
3.682 2.72105e+010 164956 3.19891e-013 1.51589e+006 2.10629e+009 2.16867e+010 2.37945e+010 3.41605e+009
3.688 2.75941e+010 166115 2.20813e-013 1.35653e+006 1.98959e+009 2.15832e+010 2.35741e+010 4.01996e+009
3.693 2.8021e+010 167395 1.61979e-013 1.23613e+006 1.89668e+009 2.14942e+010 2.33921e+010 4.62888e+009
3.699 2.55887e+010 159965 1.11552e-013 1.10517e+006 1.7902e+009 2.13843e+010 2.31756e+010 2.41315e+009
3.705 2.72843e+010 165180 7.67276e-014 987586 1.68897e+009 2.12709e+010 2.29609e+010 4.32348e+009
3.711 2.3605e+010 153639 5.27083e-014 882069 1.59279e+009 2.11542e+010 2.27479e+010 8.57106e+008
3.716 2.64954e+010 162774 3.85095e-014 802495 1.51635e+009 2.10544e+010 2.25716e+010 3.92389e+009
3.722 2.54277e+010 159461 2.63933e-014 716094 1.42888e+009 2.09317e+010 2.23613e+010 3.0664e+009
3.728 2.34122e+010 153011 1.80665e-014 638675 1.34589e+009 2.08058e+010 2.21523e+010 1.25989e+009
3.734 2.62359e+010 161975 1.23512e-014 569340 1.26718e+009 2.06768e+010 2.19446e+010 4.29136e+009
3.74 2.32195e+010 152379 8.43326e-015 507278 1.19256e+009 2.05448e+010 2.17378e+010 1.48163e+009
3.746 2.46281e+010 156933 5.75091e-015 451753 1.12186e+009 2.04097e+010 2.15321e+010 3.09602e+009
3.752 2.44806e+010 156463 3.9168e-015 402105 1.0549e+009 2.02718e+010 2.13271e+010 3.1535e+009
3.758 2.31462e+010 152139 2.66428e-015 357733 9.91519e+008 2.0131e+010 2.11229e+010 2.02332e+009
3.763 2.26591e+010 150529 1.93065e-015 324396 9.41312e+008 2.00116e+010 2.09533e+010 1.70586e+009
3.769 2.31123e+010 152027 1.31024e-015 288334 8.84063e+008 1.98658e+010 2.07502e+010 2.36212e+009
3.775 2.41357e+010 155357 8.88081e-016 256152 8.29942e+008 1.97174e+010 2.05476e+010 3.58803e+009
3.781 2.29195e+010 151392 6.01184e-016 227448 7.78803e+008 1.95665e+010 2.03455e+010 2.57395e+009
3.787 2.20811e+010 148597 4.06459e-016 201859 7.30504e+008 1.9413e+010 2.01438e+010 1.9373e+009
3.793 2.27565e+010 150853 2.7446e-016 179059 6.84909e+008 1.92572e+010 1.99423e+010 2.81418e+009
3.8 2.25831e+010 150277 1.73312e-016 155594 6.34957e+008 1.90725e+010 1.97076e+010 2.87549e+009
3.806 2.19864e+010 148278 1.1671e-016 137869 5.94777e+008 1.89117e+010 1.95066e+010 2.47974e+009
3.812 1.98861e+010 141018 7.84947e-017 122103 5.56902e+008 1.87488e+010 1.93058e+010 5.80344e+008
3.818 1.98808e+010 140999 5.27263e-017 108085 5.21217e+008 1.85838e+010 1.91051e+010 7.75713e+008
3.824 1.85361e+010 136148 3.53726e-017 95628.4 4.87611e+008 1.84168e+010 1.89045e+010 -3.68334e+008
3.83 1.95718e+010 139899 2.37007e-017 84564.9 4.55978e+008 1.82479e+010 1.87039e+010 8.67886e+008
3.836 2.03016e+010 142484 1.58602e-017 74743.9 4.26215e+008 1.80771e+010 1.85034e+010 1.79819e+009
3.843 1.83555e+010 135483 9.91042e-018 64677 3.93727e+008 1.78757e+010 1.82695e+010 8.60557e+007
3.849 1.97493e+010 140532 6.61389e-018 57103.6 3.67688e+008 1.77013e+010 1.8069e+010 1.68027e+009
3.855 1.7311e+010 131571 4.40834e-018 50391.6 3.43225e+008 1.75252e+010 1.78685e+010 -5.57501e+008
3.861 1.97585e+010 140565 2.93459e-018 44446.3 3.20254e+008 1.73477e+010 1.7668e+010 2.09045e+009
3.868 1.83265e+010 135375 1.82253e-018 38366.3 2.9523e+008 1.71388e+010 1.74341e+010 8.9242e+008
3.874 1.52331e+010 123422 1.20994e-018 33802.9 2.75217e+008 1.69584e+010 1.72336e+010 -2.00053e+009
3.88 1.66515e+010 129041 8.02242e-019 29767.4 2.56451e+008 1.67766e+010 1.70331e+010 -3.81621e+008
3.887 1.48773e+010 121972 4.95923e-019 25647.8 2.36042e+008 1.65632e+010 1.67992e+010 -1.92198e+009
3.893 1.47167e+010 121312 3.27924e-019 22561.3 2.19744e+008 1.6379e+010 1.65988e+010 -1.88212e+009
3.899 1.71106e+010 130808 2.16564e-019 19836.3 2.04485e+008 1.61939e+010 1.63984e+010 7.12186e+008
3.906 1.61391e+010 127040 1.33253e-019 17059.4 1.87916e+008 1.59768e+010 1.61648e+010 -2.56548e+007
3.912 1.25677e+010 112106 8.77621e-020 14982.6 1.74705e+008 1.57899e+010 1.59646e+010 -3.39692e+009
3.919 1.40164e+010 118391 5.38291e-020 12868.9 1.60376e+008 1.55708e+010 1.57312e+010 -1.71482e+009
3.925 1.39293e+010 118023 3.5356e-020 11289.9 1.48965e+008 1.53823e+010 1.55313e+010 -1.60201e+009
3.932 1.41469e+010 118941 2.16169e-020 9684.86 1.366e+008 1.51618e+010 1.52984e+010 -1.15148e+009
3.938 1.40788e+010 118654 1.41597e-020 8487.36 1.26763e+008 1.49722e+010 1.5099e+010 -1.02016e+009
3.945 1.54858e+010 124442 8.62988e-021 7271.48 1.16116e+008 1.47505e+010 1.48666e+010 6.1912e+008
3.951 1.19109e+010 109137 5.63746e-021 6365.45 1.07655e+008 1.45602e+010 1.46678e+010 -2.7569e+009
3.958 1.25936e+010 112221 3.42493e-021 5446.64 9.85065e+007 1.43378e+010 1.44363e+010 -1.84276e+009
3.964 1.54088e+010 124132 2.23125e-021 4762.81 9.12443e+007 1.41471e+010 1.42383e+010 1.1705e+009
3.971 1.3964e+010 118169 1.35125e-021 4070.15 8.34008e+007 1.39244e+010 1.40078e+010 -4.38707e+007
3.978 1.38238e+010 117575 8.1692e-022 3475.86 7.61874e+007 1.37018e+010 1.3778e+010 4.57664e+007
3.984 1.4165e+010 119017 5.29973e-022 3034.38 7.04706e+007 1.35111e+010 1.35816e+010 5.83452e+008
3.991 1.31231e+010 114556 3.19387e-022 2588.03 6.43063e+007 1.32888e+010 1.33531e+010 -2.29968e+008
3.998 1.15381e+010 107416 1.92149e-022 2205.84 5.86472e+007 1.30668e+010 1.31255e+010 -1.58737e+009
4.004 1.02647e+010 101315 1.24134e-022 1922.45 5.41697e+007 1.28769e+010 1.29311e+010 -2.66634e+009
4.011 1.2826e+010 113252 7.44442e-023 1636.46 4.93495e+007 1.26558e+010 1.27052e+010 1.20874e+008
4.018 1.5159e+010 123122 4.45684e-023 1392.07 4.49322e+007 1.24354e+010 1.24803e+010 2.67876e+009
4.025 1.4219e+010 119244 2.66366e-023 1183.37 4.08866e+007 1.22156e+010 1.22565e+010 1.9625e+009
4.032 1.11644e+010 105662 1.58924e-023 1005.27 3.71837e+007 1.19967e+010 1.20339e+010 -8.69475e+008
4.038 1.27608e+010 112964 1.01941e-023 873.631 3.42621e+007 1.18098e+010 1.18441e+010 9.16671e+008
4.045 1.01755e+010 100874 6.06283e-024 741.206 3.11256e+007 1.15927e+010 1.16238e+010 -1.44833e+009
4.052 1.00861e+010 100429 3.59965e-024 628.424 2.82599e+007 1.13767e+010 1.1405e+010 -1.3189e+009
4.059 1.08349e+010 104091 2.13354e-024 532.44 2.56432e+007 1.11619e+010 1.11875e+010 -3.5257e+008
4.066 8.30962e+009 91157.1 1.26241e-024 450.807 2.32553e+007 1.09483e+010 1.09715e+010 -2.66193e+009
4.073 1.06609e+010 103252 7.45682e-025 381.43 2.10775e+007 1.07361e+010 1.07571e+010 -9.62144e+007
4.08 1.01887e+010 100939 4.39708e-025 322.509 1.90926e+007 1.05253e+010 1.05444e+010 -3.55699e+008
4.087 1.06588e+010 103241 2.5884e-025 272.504 1.72846e+007 1.0316e+010 1.03333e+010 3.25464e+008
4.094 9.21732e+009 96006.9 1.52109e-025 230.094 1.56388e+007 1.01083e+010 1.0124e+010 -9.06636e+008
4.101 1.00437e+010 100218 8.92353e-026 194.153 1.41415e+007 9.90228e+009 9.91642e+009 1.27257e+008
4.108 9.2985e+009 96428.7 5.22605e-026 163.713 1.27801e+007 9.69798e+009 9.71076e+009 -4.12262e+008
4.116 1.06571e+010 103233 2.82948e-026 134.611 1.13759e+007 9.46669e+009 9.47807e+009 1.17906e+009
4.123 1.01053e+010 100525 1.65101e-026 113.34 1.0268e+007 9.26632e+009 9.27658e+009 8.28763e+008
4.13 9.90129e+009 99505.2 9.61724e-027 95.3656 9.26263e+006 9.06787e+009 9.07713e+009 8.2416e+008
4.137 9.72538e+009 98617.4 5.59252e-027 80.1868 8.35087e+006 8.87142e+009 8.87977e+009 8.45617e+008
4.144 6.9462e+009 83343.8 3.24654e-027 67.3778 7.52449e+006 8.67701e+009 8.68453e+009 -1.73834e+009
4.152 6.20172e+009 78751 1.74014e-027 55.1784 6.67498e+006 8.4574e+009 8.46407e+009 -2.26235e+009
4.159 8.89958e+009 94337.6 1.00648e-027 46.2964 6.00698e+006 8.26755e+009 8.27355e+009 6.26023e+008
4.166 9.43674e+009 97142.9 5.8114e-028 38.8176 5.4027e+006 8.0799e+009 8.0853e+009 1.35144e+009
4.173 6.76534e+009 82251.7 3.34977e-028 32.5247 4.85639e+006 7.8945e+009 7.89936e+009 -1.13402e+009
4.181 7.83998e+009 88543.7 1.78097e-028 26.5498 4.2963e+006 7.68542e+009 7.68972e+009 1.50267e+008
4.188 7.79617e+009 88295.9 1.02282e-028 22.2131 3.85708e+006 7.50497e+009 7.50883e+009 2.87335e+008
4.196 8.65808e+009 93048.8 5.41525e-029 18.1022 3.4074e+006 7.30166e+009 7.30506e+009 1.35302e+009
4.203 8.16405e+009 90355.1 3.0986e-029 15.1232 3.05526e+006 7.12633e+009 7.12938e+009 1.03467e+009
4.211 5.58335e+009 74721.8 1.63368e-029 12.3038 2.69524e+006 6.92894e+009 6.93164e+009 -1.34829e+009
4.218 7.49077e+009 86549.2 9.31368e-030 10.264 2.41369e+006 6.75888e+009 6.76129e+009 7.2948e+008
4.226 7.87148e+009 88721.4 4.88992e-030 8.33647 2.12625e+006 6.56757e+009 6.5697e+009 1.30179e+009
4.233 8.45235e+009 91936.7 2.77755e-030 6.94422 1.90178e+006 6.40288e+009 6.40478e+009 2.04757e+009
4.241 7.56932e+009 87001.8 1.45218e-030 5.63072 1.67293e+006 6.21777e+009 6.21944e+009 1.34988e+009
4.248 5.02921e+009 70916.9 8.21845e-031 4.68349 1.49446e+006 6.05854e+009 6.06003e+009 -1.03082e+009
4.256 6.64834e+009 81537.4 4.27886e-031 3.79126 1.31275e+006 5.87972e+009 5.88103e+009 7.67315e+008
4.264 6.84632e+009 82742.5 2.22278e-031 3.06627 1.15227e+006 5.70427e+009 5.70542e+009 1.1409e+009
4.271 7.64298e+009 87424.1 1.2509e-031 2.54472 1.02739e+006 5.55354e+009 5.55457e+009 2.08841e+009
4.279 8.82768e+009 93955.7 6.47095e-032 2.05466 900513 5.38447e+009 5.38537e+009 3.44231e+009
4.287 4.72606e+009 68746.3 3.33998e-032 1.65749 788708 5.21881e+009 5.2196e+009 -4.93543e+008
4.294 6.51685e+009 80727 1.86907e-032 1.37248 701891 5.07666e+009 5.07736e+009 1.43949e+009
4.302 7.34411e+009 85697.8 9.60686e-033 1.10533 613874 4.9174e+009 4.91801e+009 2.4261e+009
4.31 8.2622e+009 90896.7 4.92681e-033 0.889386 536489 4.76155e+009 4.76209e+009 3.50011e+009
4.318 5.33126e+009 73015.5 2.52103e-033 0.71499 468504 4.60911e+009 4.60958e+009 7.21683e+008
4.326 5.56521e+009 74600.3 1.28713e-033 0.574279 408825 4.46006e+009 4.46047e+009 1.10474e+009
4.334 5.37325e+009 73302.5 6.5568e-034 0.460848 356478 4.3144e+009 4.31476e+009 1.05849e+009
4.342 7.43827e+009 86245.4 3.33267e-034 0.369492 310599 4.17211e+009 4.17242e+009 3.26584e+009
4.35 5.46488e+009 73924.9 1.69013e-034 0.295982 270419 4.03317e+009 4.03344e+009 1.43144e+009
4.358 6.77119e+009 82287.3 8.55221e-035 0.236885 235259 3.89756e+009 3.89779e+009 2.8734e+009
4.366 4.73845e+009 68836.4 4.31783e-035 0.189418 204516 3.76525e+009 3.76546e+009 9.72994e+008
4.374 5.19006e+009 72042.1 2.17511e-035 0.151328 177656 3.63623e+009 3.63641e+009 1.55366e+009
4.382 4.92013e+009 70143.7 1.09327e-035 0.120789 154207 3.51046e+009 3.51061e+009 1.40952e+009
4.39 5.49118e+009 74102.5 5.48276e-036 0.0963275 133751 3.38791e+009 3.38805e+009 2.10314e+009
4.398 6.85667e+009 82805 2.74348e-036 0.0767511 115921 3.26855e+009 3.26867e+009 3.588e+009
4.406 5.79245e+009 76108.1 1.36973e-036 0.0610986 100393 3.15235e+009 3.15245e+009 2.63999e+009
4.414 6.56802e+009 81043.3 6.82329e-037 0.0485949 86878.1 3.03927e+009 3.03936e+009 3.52867e+009
4.423 5.12311e+009 71575.9 3.10716e-037 0.0375194 73769.5 2.91574e+009 2.91581e+009 2.2073e+009
