6.748841,10535559767677.451172
6.729559,9057888134109.953125
6.710388,9969124118998.191406
6.691326,10026004162091.714844
6.672373,9735351626824.382812
6.653527,9615748836073.628906
6.634787,10725069948820.828125
6.616154,10608753283779.533203
6.597624,9779392508981.341797
6.579199,10013048185122.896484
6.560876,10428661942866.998047
6.542656,10848442235003.699219
6.524537,10726965558364.566406
6.506518,11334924894029.566406
6.488599,10478455444763.404297
6.470779,10536248499229.392578
6.453056,11337653158209.291016
6.435432,10465426594144.751953
6.417902,9958958460333.439453
6.400470,11146860898383.179688
6.383131,11207500868521.033203
6.365887,11077313696796.160156
6.348735,11521288817410.296875
6.331677,11197338563212.320312
6.314710,10869397878699.587891
6.297834,12879107179231.210938
6.281048,10986212819151.818359
6.264353,10453163683017.855469
6.247746,11896762937644.083984
6.231227,12159254930720.515625
6.214795,12023248837032.632812
6.198451,12489630902173.615234
6.182192,11745384273174.335938
6.166019,12417791803351.939453
6.149931,11868936450386.138672
6.133926,12342364751556.312500
6.118005,13440577098117.675781
6.102168,12263317769206.867188
6.086412,13162614201172.886719
6.070737,13230672176432.703125
6.055144,12454530685207.210938
6.039630,13367313310404.468750
6.024197,12156282550678.406250
6.008842,12861568809224.585938
5.993566,12711760524804.050781
5.978368,15158529428093.634766
5.963246,12623702119775.140625
5.948202,12687640156866.246094
5.933233,13851026285797.779297
5.918341,14362753995086.394531
5.903523,15101174479405.914062
5.888779,13168179694941.255859
5.874109,13906951011414.177734
5.859513,16005145040327.662109
5.844989,14272414195462.753906
5.830537,14343252652156.300781
5.816157,13956672018994.703125
5.801848,15175236413064.751953
5.787610,12939389687443.009766
5.773441,16485915815768.378906
5.759343,16100060105139.986328
5.745313,15006411046126.113281
5.731352,14137132799079.162109
5.717459,14679450228835.291016
5.703633,15702362068945.808594
5.689875,16734656542226.595703
5.676183,15374161362783.296875
5.662558,15206859014328.078125
5.648997,16007571462510.255859
5.635502,14865818713022.609375
5.622072,16161266080174.865234
5.608706,17714602713086.281250
5.595403,15079652071111.367188
5.582164,14902883244963.406250
5.568988,17469066998342.755859
5.555874,15545732178042.992188
5.542822,16626708275519.882812
5.529832,15945602991491.386719
5.516903,17546183120043.648438
5.504034,18650259832093.378906
5.491226,17453981811644.302734
5.478478,17535307875678.425781
5.465789,19430316023082.761719
5.453158,16917703762546.423828
5.440587,17780404629404.347656
5.428074,18650527856670.082031
5.415618,19000308692725.652344
5.403220,18557393225112.078125
5.390879,18642457009509.640625
5.378595,18727708808024.781250
5.366366,21231991153650.304688
5.354194,20788675440930.621094
5.342077,19798253033715.070312
5.330015,19343087207718.050781
5.318008,19704200962441.675781
5.306055,18968363696889.125000
5.294156,21262854156018.046875
5.282310,20248799204771.339844
5.270519,20339507381078.714844
5.258779,22109630736461.738281
5.247093,22489342400657.023438
5.235458,21742306501222.289062
5.223875,22122450381610.546875
5.212344,23644828595087.945312
5.200864,21174099178082.250000
5.189435,22129663378997.191406
5.178057,24824992509685.332031
5.166728,22324608556125.453125
5.155449,23878394893551.207031
5.144220,22812866325932.695312
5.133040,20856111896632.863281
5.121908,25077230349456.449219
5.110826,24297186293501.531250
5.099791,25890398391671.726562
5.088804,24507928119727.433594
5.077866,24613633224372.796875
5.066974,25925396156028.828125
5.056129,22100943840814.269531
5.045331,25540197043925.742188
5.034579,26260099849290.070312
5.023873,26372136960385.933594
5.013214,24944617100520.648438
5.002599,24741315143779.726562
4.992030,26709657734468.839844
4.981506,24951287142904.476562
4.971026,28188673671865.859375
4.960591,26105708054813.093750
4.950200,24636180478241.628906
4.939853,27594055664212.835938
4.929549,31213037818547.617188
4.919288,26865754745062.015625
4.909071,27941192859898.714844
4.898896,25477393778835.808594
4.888763,28173807600265.929688
4.878673,28940824382900.914062
4.868624,29386930893380.039062
4.858618,30819578021609.351562
4.848653,29629522388072.558594
4.838728,31734597458460.085938
4.828845,33192335300200.996094
4.819002,32328215388648.761719
4.809200,33464058413035.902344
4.799438,32928319719472.332031
4.789715,35423717242620.234375
4.780033,31841266090678.777344
4.770390,35711308601124.039062
4.760786,32782207011175.886719
4.751221,33600045613076.164062
4.741695,34079421662410.054688
4.732207,34561832415644.269531
4.722757,31577257841244.066406
4.713346,33445437869527.187500
4.703972,36377105719108.359375
4.694636,36873105644161.132812
4.685337,35961912880143.921875
4.676075,35042614049149.984375
4.666850,35892017475243.796875
4.657662,38887928562081.343750
4.648510,38683024131434.187500
4.639395,35598920016276.781250
4.630316,37904641185283.453125
4.621272,38415553257452.757812
4.612263,37110450071798.453125
4.603291,43099214340660.132812
4.594353,38867029477458.625000
4.585451,38281900905726.257812
4.576583,40647535436018.984375
4.567750,43030618426645.562500
4.558951,40590166261993.359375
4.550187,44858738610990.179688
4.541456,40903504092182.898438
4.532760,42944123995324.742188
4.524096,43865045202092.570312
4.515466,48208406013495.640625
4.506870,47249357614578.882812
4.498306,45516955821267.546875
4.489775,47609843899450.718750
4.481277,47790583495037.015625
4.472812,49519127871855.476562
4.464378,52424712365294.132812
4.455977,51453190269849.953125
4.447608,50864484561521.546875
4.439270,54983095470669.242188
4.430964,52824167140890.617188
4.422689,60935749391146.281250
4.414445,55206063717710.250000
4.406233,58202585012587.968750
4.398051,60820129885850.218750
4.389900,59841335042979.843750
4.381779,61272677743427.640625
4.373689,59476551396076.390625
4.365629,62539055069974.421875
4.357599,63584945153599.210938
4.349599,66682741495871.382812
4.341628,66927807378242.453125
4.333687,72942795303717.218750
4.325775,70314560117234.210938
4.317893,76798426598954.203125
4.310039,77911837484861.046875
4.302215,74013917077167.406250
4.294418,84355155465580.593750
4.286651,85924720372257.625000
4.278912,86235815258166.281250
4.271201,89092992323393.250000
4.263518,94523749403971.734375
4.255864,101273825771667.687500
4.248237,108070566152551.375000
4.240637,115344480280024.531250
4.233065,111870130287481.171875
4.225521,116171229049698.937500
4.218003,127896238471933.125000
4.210513,131407680803770.312500
4.203049,143265982411835.312500
4.195613,156085245371076.500000
4.188202,168110145416506.312500
4.180819,178888723735730.906250
4.173462,196849883704037.906250
4.166130,210475044588712.500000
4.158825,220164919982167.125000
4.151546,235307537588014.187500
4.144292,256861134510842.687500
4.137065,270421276633404.062500
4.129862,297684997809384.937500
4.122685,319213977747731.500000
4.115534,342258144740480.375000
4.108407,379671216735333.750000
4.101306,415957002837863.937500
4.094228,438635443078417.437500
4.087177,480458843370057.937500
4.080149,515124182164909.000000
4.073146,553285075758199.375000
4.066168,604806187085038.500000
4.059213,646337033627428.125000
4.052283,706051864208908.375000
4.045376,770419962079710.125000
4.038493,826198225855540.875000
4.031635,896151737551744.625000
4.024799,957010574448688.250000
4.017987,1039840426426689.625000
4.011199,1101087012401682.125000
4.004434,1204721393876465.500000
3.997691,1291117757911345.750000
3.990972,1365927586982782.750000
3.984276,1457307841674793.000000
3.977602,1583522450304528.750000
3.970952,1690924663709623.250000
3.964323,1789169709127876.000000
3.957717,1926584001697411.000000
3.951134,2036129587252259.250000
3.944572,2176715801595655.500000
3.938033,2333174105897995.500000
3.931516,2460590433340384.500000
3.925020,2609912806108223.500000
3.918547,2775303048160567.500000
3.912095,2908870932962329.500000
3.905664,3081834369005999.500000
3.899255,3259451412496913.500000
3.892867,3428991661653552.000000
3.886501,3579094557037769.000000
3.880155,3776391682449686.500000
3.873831,3949131511566580.500000
3.867527,4156054271102541.000000
3.861245,4317539408413007.500000
3.854983,4546151546047088.000000
3.848741,4755278354927946.000000
3.842520,4996615682173446.000000
3.836320,5120061587388979.000000
3.830139,5333916924635651.000000
3.823980,5585590076229550.000000
3.817840,5819684027883248.000000
3.811720,6010448826764066.000000
3.805620,6246168140865289.000000
3.799540,6483839065199682.000000
3.793479,6660544845373713.000000
3.787439,6920290258313786.000000
3.781417,7140451883981740.000000
3.775415,7390686712502739.000000
3.769433,7658743368756730.000000
3.763470,7938769733033915.000000
3.757526,8118491817526393.000000
3.751601,8437258240847160.000000
3.745695,8696128003238198.000000
3.739807,9009628048967474.000000
3.733939,9199509446299190.000000
3.728090,9607071910290566.000000
3.722259,9907004115675486.000000
3.716446,10200827071392438.000000
3.710652,10483411480244568.000000
3.704876,10769863186841672.000000
3.699119,11169939073247614.000000
3.693380,11381136432583610.000000
3.687658,11766502354312170.000000
3.681955,12104421543916616.000000
3.676270,12466595546871408.000000
3.670603,12790620932473146.000000
3.664954,13130870735082368.000000
3.659322,13421013508925520.000000
3.653707,13782903575015846.000000
3.648111,14059590858947442.000000
3.642531,14484780414326826.000000
3.636969,14843324943915786.000000
3.631425,15161011671236148.000000
3.625897,15571677872276688.000000
3.620387,15790947898801922.000000
3.614894,16164735302953488.000000
3.609417,16411062290157304.000000
3.603958,16725990393347142.000000
3.598515,17104160673304288.000000
3.593089,17331510331145948.000000
3.587680,17626739310998892.000000
3.582287,17950652449490734.000000
3.576911,18227267929687296.000000
3.571551,18553841946568524.000000
3.566208,18798748967334180.000000
3.560880,18931948983911536.000000
3.555569,19197313320055208.000000
3.550275,19512514732113428.000000
3.544996,19717865419481972.000000
3.539733,19822250107756156.000000
3.534486,20122765870306980.000000
3.529255,20346508587486660.000000
3.524040,20459747909880604.000000
3.518841,20695897743676872.000000
3.513656,20879888033805528.000000
3.508488,21037649274110484.000000
3.503335,21180928129228688.000000
3.498198,21405729174893116.000000
3.493076,21455229965798808.000000
3.487969,21551183345057064.000000
3.482877,21787789891202440.000000
3.477801,21916071692166248.000000
3.472740,22076909470780684.000000
3.467694,22204283290438424.000000
3.462662,22430880747447400.000000
3.457646,22513494732945612.000000
3.452644,22744981971323464.000000
3.447657,22681252393618636.000000
3.442685,22769016058746340.000000
3.437727,22974886251813144.000000
3.432784,23089703586424604.000000
3.427856,23224648862527816.000000
3.422942,23360078115329460.000000
3.418042,23417826558598120.000000
3.413157,23587889104482568.000000
3.408286,23696001862587548.000000
3.403429,23791745192904008.000000
3.398586,23915213226353116.000000
3.393757,23965173134687352.000000
3.388943,24097337306736816.000000
3.384142,24067762465738792.000000
3.379355,24243078510236192.000000
3.374582,24291993900028924.000000
3.369823,24323855614008872.000000
3.365077,24469058409921796.000000
3.360345,24554472530474724.000000
3.355627,24624259277992744.000000
3.350922,24674843136980312.000000
3.346231,24728871699505832.000000
3.341553,24944410789889348.000000
3.336888,24907849783096296.000000
3.332237,24886122711663772.000000
3.327599,25026835292456712.000000
3.322974,25081128635537568.000000
3.318363,25100982980087144.000000
3.313764,25045946909693572.000000
3.309178,25092082375988544.000000
3.304606,25106289005132384.000000
3.300046,24855901488813372.000000
3.295500,24981544892485780.000000
3.290966,24873915294908448.000000
3.286444,24816282529263692.000000
3.281936,24877323735692020.000000
3.277440,24812321673988652.000000
3.272957,24607956559595316.000000
3.268486,24557229622582644.000000
3.264028,24383898600206436.000000
3.259582,24288742417847564.000000
3.255149,24075188660051168.000000
3.250728,24134861312458860.000000
3.246319,23908160286600964.000000
3.241923,23811776250119104.000000
3.237539,23631161240778648.000000
3.233166,23565547366902456.000000
3.228806,23351572573458320.000000
3.224458,23158517256103924.000000
3.220122,22879068236184108.000000
3.215798,22787210471873404.000000
3.211486,22620315527464036.000000
3.207186,22414651259088068.000000
3.202897,22221217549900472.000000
3.198620,21973545664953332.000000
3.194355,21829741562650264.000000
3.190102,21559444473530108.000000
3.185860,21269169337696624.000000
3.181630,21087215668606860.000000
3.177411,20966159818725240.000000
3.173204,20649000414506468.000000
3.169008,20499484648455124.000000
3.164823,20160411153955708.000000
3.160650,20013017366918980.000000
3.156488,19755103322654508.000000
3.152338,19493278609909720.000000
3.148198,19336070999656428.000000
3.144070,18972696376125100.000000
3.139953,18771279799742332.000000
3.135847,18581989177909776.000000
3.131752,18382828595641696.000000
3.127668,18202213492843556.000000
3.123594,17913374856799430.000000
3.119532,17707143252491426.000000
3.115481,17474937525437514.000000
3.111440,17389241483358830.000000
3.107410,17112152921058944.000000
3.103391,16915420104487116.000000
3.099382,16706210889118358.000000
3.095385,16525635880518262.000000
3.091397,16403892506876974.000000
3.087421,16148187476622338.000000
3.083454,15847858183775818.000000
3.079499,15746589901386144.000000
3.075553,15584911293436008.000000
3.071618,15456699802229792.000000
3.067694,15244610304749236.000000
3.063779,15082401081838086.000000
3.059875,14871266044400366.000000
3.055982,14687082884411834.000000
3.052098,14439500155331086.000000
3.048224,14394588607058834.000000
3.044361,14227384861992012.000000
3.040508,13967935665630562.000000
3.036665,13853074324053278.000000
3.032831,13699629749308432.000000
3.029008,13632163316263562.000000
3.025195,13449207969535542.000000
3.021391,13339808106766834.000000
3.017597,13139629508705138.000000
3.013813,12982625816847438.000000
3.010039,12877669002363088.000000
3.006275,12643604717045424.000000
3.002520,12625452413969440.000000
2.998775,12418601652949124.000000
2.995040,12365043295490548.000000
2.991314,12211627029218164.000000
2.987597,12055595212328604.000000
2.983891,11907364056057464.000000
2.980193,11892484020655316.000000
2.976505,11669502541886046.000000
2.972827,11595936156715014.000000
2.969158,11292757318996934.000000
2.965498,11282803904754840.000000
2.961847,11132416478421562.000000
2.958206,10900698235572090.000000
2.954574,10868111824229176.000000
2.950951,10714388655688838.000000
2.947337,10472496416390254.000000
2.943733,10431172295607342.000000
2.940137,10207795265346374.000000
2.936551,10039774687423814.000000
2.932974,10006698479757456.000000
2.929405,9835377523854746.000000
2.925846,9687540975275030.000000
2.922295,9489957482386468.000000
2.918754,9389443982439972.000000
2.915221,9240090894785672.000000
2.911697,9089016032483494.000000
2.908181,8937127778978853.000000
2.904675,8807356884091033.000000
2.901177,8662167591988038.000000
2.897688,8538322544708754.000000
2.894208,8489570810009912.000000
2.890736,8226556020645831.000000
2.887273,8201738095689160.000000
2.883819,8022239649265726.000000
2.880373,7843675321995313.000000
2.876935,7745542222598119.000000
2.873506,7650620075004257.000000
2.870085,7599338231527048.000000
2.866673,7333951641478682.000000
2.863269,7303251825131678.000000
2.859874,7154054975990019.000000
2.856487,7040131139263968.000000
2.853108,6910393219582881.000000
2.849737,6774262616145880.000000
2.846375,6701433323612494.000000
2.843021,6606179004343884.000000
2.839675,6478743805516809.000000
2.836337,6347765926414360.000000
2.833007,6294228778694023.000000
2.829686,6140825410000931.000000
2.826372,6155232752045904.000000
2.823066,5999705710560368.000000
2.819769,5938794012175840.000000
2.816479,5847300900402349.000000
2.813198,5808140568557813.000000
2.809924,5728558999268084.000000
2.806658,5647575146066553.000000
2.803400,5562228297222224.000000
2.800150,5577122759113125.000000
2.796907,5421864546257665.000000
2.793673,5429467973757696.000000
2.790446,5368478704674374.000000
2.787227,5256351450014679.000000
2.784015,5162636489650840.000000
2.780812,5177541952530505.000000
2.777616,5054034118491474.000000
2.774427,5004323283495985.000000
2.771246,4965427790316613.000000
2.768073,4843484466166254.000000
2.764907,4767514082435544.000000
2.761748,4682024527072212.000000
2.758598,4608309401279533.000000
2.755454,4538298793133396.000000
2.752318,4505734722547920.000000
2.749190,4367510350849542.000000
2.746068,4319968396899334.000000
2.742954,4284519392313137.500000
2.739848,4157113673077855.000000
2.736749,4098332447807712.000000
2.733657,4021645046815782.500000
2.730572,3924856015953047.000000
2.727494,3900425410737384.500000
2.724424,3787221454913988.500000
2.721361,3697514247205546.000000
2.718305,3697453211472202.500000
2.715256,3591334027781505.000000
2.712214,3528900071596953.000000
2.709180,3447177242204435.000000
2.706152,3398881013788238.000000
2.703131,3325980315114414.000000
2.700118,3286698517998537.500000
2.697111,3186569839653576.000000
2.694111,3174475746099076.500000
2.691119,3120624136386617.000000
2.688133,3026878701834287.500000
2.685154,2999247654757249.500000
2.682182,2975774686130056.000000
2.679216,2891794753638318.000000
2.676258,2833355111113038.000000
2.673306,2789797350705655.000000
2.670362,2750367675124175.500000
2.667423,2693339121140695.500000
2.664492,2641489478967692.500000
2.661567,2614520677858012.000000
2.658649,2583034166527860.000000
2.655738,2564558294986739.000000
2.652833,2470097925500596.000000
2.649935,2453460329280825.500000
2.647043,2406907320996541.500000
2.644158,2403306527350719.000000
2.641280,2338654003926444.500000
2.638408,2348195639624790.000000
2.635543,2336590346308610.000000
2.632684,2288067481780036.000000
2.629831,2307582084938449.000000
2.626985,2266602307907090.000000
2.624146,2282749761108147.500000
2.621312,2240378856045685.250000
2.618486,2257635938551282.500000
2.615665,2264769977290504.000000
2.612851,2246977224874429.000000
2.610043,2255222861789962.000000
2.607241,2235023404323568.750000
2.604446,2245528454394640.000000
2.601657,2250345600649569.500000
2.598874,2266626714745866.500000
2.596098,2232433242788679.250000
2.593327,2211887271487809.000000
2.590563,2260434981964633.500000
2.587805,2219026260425838.750000
2.585053,2258499391227784.500000
2.582307,2225002976193259.250000
2.579567,2286725735653681.000000
2.576833,2253115299188733.000000
2.574106,2225186606725661.000000
2.571384,2263845365246473.000000
2.568669,2228751745288890.000000
2.565959,2285183721876926.500000
2.563255,2251133535275597.250000
2.560558,2245255158432182.000000
2.557866,2298484580337559.500000
2.555180,2260643297762313.500000
2.552500,2253513429635671.500000
2.549826,2241576691341114.750000
2.547157,2221224016716146.250000
2.544495,2247392517155674.000000
2.541838,2241311360274913.000000
2.539188,2238790879269441.500000
2.536542,2283159178146487.500000
2.533903,2256576444030566.500000
2.531270,2202085219456603.750000
2.528642,2242978225912428.000000
2.526020,2202757178595623.250000
2.523403,2218266663534060.750000
2.520793,2181451718516210.250000
2.518187,2181085583903803.500000
2.515588,2134227123653460.750000
2.512994,2165598086826813.000000
2.510406,2184803079702990.750000
2.507823,2109314006000001.250000
2.505246,2138319209141933.250000
2.502675,2111823058277078.750000
2.500109,2111207322059066.750000
2.497548,2087000371137092.250000
2.494993,2085060453105661.250000
2.492443,2079361339910228.000000
2.489899,2047408513443345.250000
2.487361,2027821590232166.250000
2.484827,2043240064906989.000000
2.482300,2022282044619731.250000
2.479777,2036467213061822.250000
2.477260,2049435994041028.500000
2.474749,2019476838082402.000000
2.472242,1977986365502257.000000
2.469741,2001027733743372.250000
2.467245,1922433667140561.750000
2.464755,1942882709742734.000000
2.462270,1945530101154785.500000
2.459790,1904683982057881.500000
2.457315,1950819983253479.250000
2.454846,1896952037904483.500000
2.452381,1904626924313042.250000
2.449922,1927794634604988.750000
2.447469,1860597840449802.750000
2.445020,1868210268096224.500000
2.442576,1864166686697596.750000
2.440138,1813300137814954.250000
2.437705,1827341652004216.500000
2.435276,1814021843208432.000000
2.432853,1765331200425326.500000
2.430435,1798981382994713.000000
2.428022,1805184617881561.500000
2.425614,1807455217848555.250000
2.423211,1785998082542440.250000
2.420813,1764444734557888.250000
2.418420,1765291811964878.500000
2.416032,1750220298884985.500000
2.413649,1699207455057461.500000
2.411271,1737171058499681.500000
2.408898,1719255257830455.000000
2.406530,1727986300384772.250000
2.404167,1713977536025250.500000
2.401808,1722712194221957.750000
2.399455,1665599266942272.500000
2.397106,1687722196628982.500000
2.394762,1697775553745604.750000
2.392423,1661882495426435.000000
2.390088,1670549660889612.750000
2.387759,1629012810025867.750000
2.385435,1647150986648441.500000
2.383114,1629917558247413.750000
2.380799,1622165155422444.250000
2.378489,1595219786143965.250000
2.376183,1621620229805167.000000
2.373882,1606910861537155.500000
2.371586,1557732757617153.000000
2.369294,1602110043902029.250000
2.367008,1558239025019501.750000
2.364725,1554328115492350.000000
2.362448,1539298591593519.500000
2.360174,1508918764919041.500000
2.357906,1521568295529404.250000
2.355642,1507756535880480.750000
2.353383,1505062953605215.250000
2.351129,1498149876894792.000000
2.348879,1477173471542556.250000
2.346633,1488435213885457.000000
2.344392,1439178718720640.750000
2.342155,1443339557385168.000000
2.339923,1458816461234594.250000
2.337696,1443186355117090.000000
2.335473,1472895286148620.250000
2.333255,1427360699660863.500000
2.331040,1422951611680690.500000
2.328831,1415663573541713.750000
2.326626,1415488818662836.250000
2.324425,1393818021783441.750000
2.322228,1436641879569636.000000
2.320036,1378965099837930.000000
2.317849,1365722517796436.250000
2.315665,1397165881894256.500000
2.313486,1388230478456299.500000
2.311312,1354624100300076.250000
2.309142,1319431820722166.000000
2.306976,1319002064769029.000000
2.304814,1343332017757976.500000
2.302657,1347310031594446.250000
2.300504,1322046699752742.500000
2.298355,1323054994126352.250000
2.296210,1299104975472702.250000
2.294070,1303000726428776.750000
2.291934,1290696843882642.500000
2.289802,1299005800685223.250000
2.287674,1286634462352014.000000
2.285551,1256430140379148.000000
2.283431,1264701131304919.750000
2.281316,1280431764386914.000000
2.279205,1294724001272947.250000
2.277098,1398621797591752.500000
2.274996,1420648915331106.500000
2.272897,1393309866286230.500000
2.270802,1370365220673471.000000
2.268712,1362365651932388.750000
2.266626,1321186683258466.500000
2.264544,1320598877833562.250000
2.262465,1301857849429403.000000
2.260391,1214874467539041.250000
2.258321,1176128113028536.250000
2.256255,1156997869076945.750000
2.254193,1146930520049472.000000
2.252135,1173442477152005.250000
2.250081,1148069011031231.250000
2.248031,1144038000397748.750000
2.245984,1139986272897464.500000
2.243942,1129765214211614.750000
2.241904,1097942819447704.375000
2.239870,1143133424778954.000000
2.237839,1112753388347879.000000
2.235813,1080708933791185.250000
2.233790,1096626742305493.250000
2.231772,1107934901300022.625000
2.229757,1127061866751603.250000
2.227746,1101026214528995.625000
2.225739,1098325770016197.000000
2.223736,1128478240950642.500000
2.221736,1088174825867625.000000
2.219741,1127831514197045.750000
2.217749,1088944048747983.500000
2.215761,1136615614714095.500000
2.213777,1143391920993970.250000
2.211797,1131201302596792.000000
2.209820,1150660215993401.250000
2.207847,1143190747350728.500000
2.205878,1172272905553435.500000
2.203913,1163210393542185.500000
2.201951,1138147145147443.750000
2.199994,1151367485986340.250000
2.198039,1142201968700250.000000
2.196089,1124974102113373.875000
2.194142,1160732028126222.750000
2.192199,1132190904200135.000000
2.190259,1151943971528975.750000
2.188324,1150750464822397.750000
2.186392,1105831680185644.000000
2.184463,1098053433164562.750000
2.182538,1103240747328341.500000
2.180617,1123089994601708.125000
2.178700,1107131821342781.250000
2.176786,1118880103016043.125000
2.174875,1099575097299362.875000
2.172968,1124453851157701.750000
2.171065,1078807641091196.125000
2.169165,1102081525074329.125000
2.167269,1092476423101815.000000
2.165377,1077880416460557.500000
2.163487,1091338403121301.625000
2.161602,1060114626305725.500000
2.159720,1081874869168493.625000
2.157841,1068799322033253.250000
2.155966,1102296145813950.000000
2.154095,1072520528765850.500000
2.152227,1042636265276777.750000
2.150362,1029381171696495.000000
2.148501,1042902238330102.500000
2.146643,1036309926298689.875000
2.144789,1021277620035131.500000
2.142938,1038211243436323.375000
2.141091,1048445248143735.750000
2.139247,985986661312662.500000
2.137406,1026650905260699.625000
2.135569,1006356372841236.250000
2.133735,999587093433023.125000
2.131905,991086817884287.000000
2.130077,994493656096178.375000
2.128254,1009868818895355.000000
2.126433,973941648305598.625000
2.124616,1004756573725163.375000
2.122802,975558733775273.375000
2.120992,1004752202180602.375000
2.119185,985785749932184.875000
2.117381,1101404292578753.125000
2.115581,1155158326927822.000000
2.113784,1112085613559351.000000
2.111990,1124386745740268.875000
2.110199,1084581058230128.500000
2.108412,1095125955514314.500000
2.106627,1067333675794489.375000
2.104847,1049923946295019.250000
2.103069,1014951331818054.875000
2.101294,953562962681207.125000
2.099523,923567537452567.125000
2.097755,925124952430744.750000
2.095990,903780667530784.250000
2.094229,942360920680812.625000
2.092470,910359370716733.750000
2.090715,899494013045547.250000
2.088963,863757345836204.875000
2.087214,888301330227530.750000
2.085468,911144174263139.750000
2.083725,885930501489212.875000
2.081986,896339065270416.750000
2.080250,856700179676257.750000
2.078516,883210674374272.375000
2.076786,881093809351997.000000
2.075059,884358646862356.250000
2.073335,880428638854302.500000
2.071614,854839995518152.625000
2.069896,870711035826622.125000
2.068182,870346113720000.750000
2.066470,839164390545481.125000
2.064761,838738322839367.500000
2.063056,847399499678908.125000
2.061353,879764661681613.250000
2.059654,872094800127109.875000
2.057957,840638687495472.000000
2.056264,829210502689763.750000
2.054573,839743132565583.875000
2.052886,822759110138770.625000
2.051201,835148238473883.625000
2.049520,819936087358284.250000
2.047841,826817592244211.000000
2.046166,793048791703908.250000
2.044493,818418125021866.625000
2.042823,838302972460491.750000
2.041157,828526402205602.250000
2.039493,822436017861464.125000
2.037832,829368351981229.875000
2.036174,808318079851721.875000
2.034519,837681037215038.625000
2.032867,788475822241230.000000
2.031218,810391547667207.875000
2.029572,804191003213732.875000
2.027928,826196983582130.125000
2.026288,850155816423245.250000
2.024650,823210306348609.750000
2.023015,822650091669109.125000
2.021383,799354255114960.750000
2.019754,781671609662657.875000
2.018128,822838752890130.875000
2.016505,810840486630004.000000
2.014884,840741830623582.250000
2.013266,807722400366262.250000
2.011651,833883341274661.125000
2.010039,817980734240087.875000
2.008430,851910232272722.875000
2.006823,837900550254463.250000
2.005220,812293205869123.000000
2.003619,817447690038996.875000
2.002020,828408436835826.250000
2.000425,831664440392250.875000
1.998832,844613465049671.875000
1.997242,840137932578159.625000
1.995655,843418248385585.500000
1.994071,862277047865755.750000
1.992489,879243022647632.375000
1.990910,859159190310912.000000
1.989334,868344143312602.375000
1.987760,883431273078675.500000
1.986189,890715009864508.250000
1.984621,884263060231576.500000
1.983056,856137788035238.375000
1.981493,855517586128732.250000
1.979933,916096666708241.875000
1.978375,866125831222130.250000
1.976821,901158392918696.875000
1.975269,902575139126075.375000
1.973719,907966391375539.000000
1.972172,899441677020915.375000
1.970628,916796163654776.125000
1.969086,928213033927838.625000
1.967548,961654001235916.375000
1.966011,937126372573265.125000
1.964478,946612286895674.000000
1.962946,950098210353098.125000
1.961418,943532388351294.875000
1.959892,985300758102815.625000
1.958369,1011051033102780.125000
1.956848,988368730899334.375000
1.955330,989904006147637.375000
1.953814,1013742814800563.375000
1.952301,999069643924370.500000
1.950791,988414716555272.375000
1.949283,1016424560450843.750000
1.947777,1005755913250459.500000
1.946274,1044087859819267.625000
1.944774,1045699311984417.000000
1.943276,1051410910492635.375000
1.941781,1046872890802262.000000
1.940288,1048484319030705.500000
1.938798,1099513108994098.875000
1.937310,1090891665904189.500000
1.935825,1111154247003766.375000
1.934342,1114927050867298.375000
1.932862,1095918605132268.125000
1.931384,1099671157819684.125000
1.929909,1130445456947450.250000
1.928436,1123848180524871.125000
1.926965,1148492224368511.500000
1.925497,1160681756997473.000000
1.924032,1154087792126583.250000
1.922569,1172596302850203.500000
1.921108,1220516437781463.000000
1.919650,1188766757290130.500000
1.918194,1184261453565641.500000
1.916741,1238724827884280.750000
1.915290,1259591379054826.750000
1.913841,1250933477430628.000000
1.912395,1246477335503518.750000
1.910951,1261078293477769.750000
1.909510,1279964215607565.250000
1.908071,1269140267752130.500000
1.906634,1307247843023726.750000
1.905200,1324142669024584.750000
1.903768,1298374026133555.250000
1.902338,1347377418488156.250000
1.900911,1381529794591885.500000
1.899486,1336410598843553.000000
1.898064,1351304426961241.250000
1.896644,1376995911389534.500000
1.895226,1417842903562159.750000
1.893811,1540811142853231.000000
1.892397,1655496992360217.250000
1.890987,1662296989153119.750000
1.889578,1625757893306211.000000
1.888172,1639034925493408.500000
1.886768,1626256063706165.000000
1.885366,1654803580339632.250000
1.883967,1628914686576448.500000
1.882570,1568001933116358.000000
1.881175,1509089521539362.000000
1.879782,1504755215951017.500000
1.878392,1502596128369381.000000
1.877004,1535574771697652.500000
1.875618,1544444731103900.250000
1.874235,1551132222618258.500000
1.872854,1582106371525743.000000
1.871475,1560130849855185.750000
1.870098,1635460025976125.250000
1.868724,1586891206434174.000000
1.867351,1658031619046189.750000
1.865981,1642684504330254.500000
1.864613,1658452270755375.250000
1.863248,1745600371809447.000000
1.861884,1723599042829831.500000
1.860523,1813322581020063.750000
1.859164,1800300410615313.000000
1.857807,1865719517048470.000000
1.856452,1848232052329616.250000
1.855100,1871168961184120.500000
1.853750,1876148269784017.250000
1.852402,1894668741722236.250000
1.851055,1813848254455192.750000
1.849712,1854940713127582.250000
1.848370,1880288599718219.250000
1.847031,1867136034518753.500000
1.845693,1903922714438658.750000
1.844358,1865725337869454.250000
1.843025,1968682613551289.250000
1.841694,1966965427692393.250000
1.840365,1960666034839684.500000
1.839038,1990957617204012.500000
1.837714,2016746287933023.750000
1.836391,1946210168869371.000000
1.835071,2052438289685257.000000
1.833753,2030071785328469.500000
1.832436,2088308747561414.000000
1.831122,2077457417613516.000000
1.829810,2080437653846458.250000
1.828500,2155181572358270.250000
1.827192,2121176505751276.250000
1.825887,2191536159002321.500000
1.824583,2164445920474235.250000
1.823281,2207116655634520.500000
1.821982,2170630575654398.000000
1.820684,2185399621163876.750000
1.819389,2137073505799578.750000
1.818095,2182262165135676.500000
1.816804,2187710223911287.500000
1.815514,2207256019846429.500000
1.814227,2250364705296841.250000
1.812942,2230008269151442.250000
1.811659,2233168788616801.000000
1.810377,2314259990766937.500000
1.809098,2244224307956685.750000
1.807821,2299496473566885.000000
1.806546,2295629364980716.000000
1.805272,2229997464574689.250000
1.804001,2264058236351196.500000
1.802732,2279155436811428.000000
1.801465,2260898806756466.000000
1.800199,2280795890141942.000000
1.798936,2260084256346333.000000
1.797675,2318341632381478.000000
1.796415,2319194799141735.500000
1.795158,2320043118680410.500000
1.793902,2275190371800712.500000
1.792649,2360259569661762.500000
1.791397,2332205637131723.500000
1.790148,2308895874056146.500000
1.788900,2377417753415500.500000
1.787655,2320184849747545.500000
1.786411,2333117827046665.500000
1.785169,2304792539456117.500000
1.783929,2327453950687800.000000
1.782691,2364783247423745.500000
1.781455,2375382416211116.500000
1.780221,2298085429189356.500000
1.778989,2345289999880324.500000
1.777758,2338741913852655.500000
1.776530,2324810764857354.500000
1.775303,2401696106113885.000000
1.774079,2345994227806210.500000
1.772856,2371394407236491.500000
1.771635,2335209232966595.500000
1.770416,2348303517960963.500000
1.769199,2269936585763316.000000
1.767983,2367150020303175.500000
1.766770,2365443765164073.000000
1.765558,2391037268570538.000000
1.764349,2324700407750420.000000
1.763141,2300499697786064.000000
1.761935,2326087988323470.500000
1.760731,2269353600765791.000000
1.759529,2347454554823766.000000
1.758328,2398225102973539.500000
