1.772,85647493697.503
1.773,87197288368.894
1.774,81129226164.709
1.775,88144962802.099
1.777,85176170268.136
1.778,88138622209.647
1.779,86360510143.471
1.780,86241003283.109
1.781,88245094527.125
1.783,83410315183.592
1.784,87294616019.312
1.785,85058669990.017
1.786,89980430372.943
1.788,90604784653.299
1.789,90563668965.562
1.790,92011372317.156
1.791,93868753922.225
1.793,92493166588.984
1.794,87146689412.156
1.795,97495161811.113
1.796,88771140520.569
1.798,90165200767.467
1.799,93922606266.416
1.800,98089662266.489
1.801,93848590858.933
1.803,88454166714.958
1.804,88483798124.119
1.805,94393835629.463
1.807,93998899304.830
1.808,97151735739.912
1.809,90762346526.729
1.810,90134210134.624
1.812,88924135640.808
1.813,89168976758.108
1.814,91524577802.153
1.816,91373419685.260
1.817,92792175198.215
1.818,93965008829.715
1.819,91502048191.317
1.821,95081354092.709
1.822,94768814493.071
1.823,93472808274.397
1.825,90145442292.068
1.826,94004601588.911
1.827,96882146463.486
1.829,97265369894.226
1.830,96545276906.897
1.831,99340974829.476
1.832,93394512375.997
1.834,92728714247.632
1.835,94858898972.504
1.836,90740797977.945
1.838,92631756787.027
1.839,92994309281.294
1.840,98800445328.815
1.842,100128287927.194
1.843,96645245750.891
1.844,95000316699.119
1.846,91694309036.089
1.847,95668780569.454
1.848,96136701018.694
1.850,98779958565.578
1.851,103488164051.791
1.852,104965257349.735
1.854,107491954028.001
1.855,99905537712.934
1.856,101806649717.837
1.858,105981197125.774
1.859,105181174844.472
1.861,109197536255.325
1.862,97376980230.550
1.863,92172954980.924
1.865,90112845429.884
1.866,91316742752.166
1.867,91989919519.504
1.869,94974315161.709
1.870,89596690889.270
1.871,88515815113.178
1.873,82401907721.607
1.874,83505193462.188
1.876,82630284441.518
1.877,90535975179.161
1.878,90364219117.698
1.880,84610224855.680
1.881,93153831416.854
1.883,81735827524.313
1.884,96538605285.567
1.885,103992167211.345
1.887,108295992563.304
1.888,97434173025.258
1.890,102198897316.346
1.891,96823071151.985
1.892,109076164507.375
1.894,101349723435.774
1.895,90593057691.928
1.897,88388434695.055
1.898,83163633272.413
1.899,82795697147.561
1.901,78648829494.475
1.902,82950477187.633
1.904,83585188243.943
1.905,83727316884.654
1.907,85743500484.592
1.908,85579914962.538
1.910,81115245175.891
1.911,82839385536.674
1.912,79193379987.860
1.914,82521461385.794
1.915,78886030549.073
1.917,80498227794.436
1.918,80752109368.479
1.920,83085273813.458
1.921,78266810019.084
1.923,79259944482.361
1.924,81205826462.154
1.925,81799969514.661
1.927,78813085022.533
1.928,78455747073.648
1.930,78455414496.630
1.931,79688806556.110
1.933,80454647145.911
1.934,80851123077.920
1.936,79229913272.995
1.937,78003102816.813
1.939,77416636253.271
1.940,79761141984.244
1.942,78148100788.025
1.943,80712123445.244
1.945,77927892559.313
1.946,81015312134.477
1.948,78419244636.113
1.949,80348720217.280
1.951,80377374385.661
1.952,78970293674.888
1.954,77882827147.962
1.955,77714917322.863
1.957,79515445616.101
1.958,77674736229.982
1.960,80644963385.218
1.961,78644862703.648
1.963,79563588039.255
1.964,81117701830.766
1.966,80476212111.437
1.968,77414031640.694
1.969,73133662052.903
1.971,76472848962.604
1.972,78628902748.405
1.974,77474947220.529
1.975,77837477672.222
1.977,75980361778.791
1.978,78187361070.552
1.980,76387385004.279
1.981,79225141484.266
1.983,80827839675.592
1.985,81082522420.203
1.986,80874589503.047
1.988,80870239019.418
1.989,79123221916.680
1.991,74397462883.397
1.992,74866629341.631
1.994,78065761155.566
1.996,79066238701.833
1.997,78547359822.721
1.999,76804057605.807
2.000,78592377576.484
2.002,82702063514.406
2.004,76213877364.369
2.005,76648794684.316
2.007,70488764917.631
2.008,79360478869.872
2.010,79158431934.950
2.012,81091493361.854
2.013,76670796744.685
2.015,78788897952.604
2.017,78158272062.566
2.018,79491046491.351
2.020,78199025430.962
2.021,77154361826.914
2.023,76834656815.403
2.025,79507702591.197
2.026,83178993978.443
2.028,83075140776.816
2.030,82927757440.184
2.031,75115313031.870
2.033,77156487833.046
2.035,81124735970.380
2.036,79609229989.260
2.038,80909715005.662
2.039,81777618386.794
2.041,83988953912.865
2.043,80632470170.568
2.044,80898108546.670
2.046,78840885124.832
2.048,80659325814.404
2.050,88138227037.887
2.051,86071077535.979
2.053,80486449224.595
2.055,80924194934.984
2.056,81072626105.078
2.058,84746547751.381
2.060,85279532635.155
2.061,85796299911.761
2.063,90265983145.092
2.065,90854865450.556
2.066,90353042991.820
2.068,86611058005.732
2.070,86469339835.776
2.072,84485150491.716
2.073,85642515536.401
2.075,84657708868.615
2.077,89327110766.099
2.079,89995263807.263
2.080,84102618599.682
2.082,86425072354.069
2.084,93464183252.639
2.085,107961765266.387
2.087,98618416361.548
2.089,92428453607.907
2.091,85396905259.880
2.092,84366119188.289
2.094,86883464999.068
2.096,88244178846.272
2.098,82480500548.840
2.100,85724275857.664
2.101,86797842094.586
2.103,99814214138.977
2.105,109877613892.600
2.107,102049501434.177
2.108,96701751757.549
2.110,103870216242.782
2.112,110385329663.156
2.114,119103587237.545
2.116,112850695271.330
2.117,93149769723.584
2.119,78014104556.354
2.121,78446179429.008
2.123,92524196899.461
2.125,109359826529.382
2.126,120715369947.664
2.128,113276146728.777
2.130,98328050707.564
2.132,95233759378.143
2.134,93394146676.966
2.136,88100219227.937
2.137,96906022364.627
2.139,109492421385.276
2.141,113886709479.113
2.143,113384543364.611
2.145,107250505385.996
2.147,101024967751.789
2.149,100186790926.507
2.150,107374313253.028
2.152,115085919326.507
2.154,114578788575.288
2.156,115715328765.107
2.158,108256158330.121
2.160,104570417236.963
2.162,108778702276.878
2.163,114692566275.790
2.165,117299159703.159
2.167,116977541913.706
2.169,123440442973.763
2.171,126465784790.402
2.173,127630470840.263
2.175,122137214901.058
2.177,119972354367.941
2.179,118993652757.521
2.181,117159896979.984
2.183,118900977599.680
2.184,115508846592.459
2.186,115705426800.039
2.188,122169123424.944
2.190,120976299931.409
2.192,127824197324.811
2.194,126585089928.026
2.196,123863425290.830
2.198,122954264374.400
2.200,124224573739.219
2.202,130146483629.145
2.204,136557099439.607
2.206,134579500832.015
2.208,135179730695.379
2.210,137224613454.027
2.212,128559196252.646
2.214,132344514358.301
2.216,134136986203.097
2.218,127815303630.068
2.220,130735599194.474
2.222,134165765647.937
2.224,133164018595.640
2.226,137154818710.199
2.228,133685730062.424
2.230,131821096637.585
2.232,133196093349.527
2.234,134952933216.877
2.236,135535252156.913
2.238,139765047879.170
2.240,138452893493.901
2.242,135820869853.100
2.244,134715445831.078
2.246,136140513235.825
2.248,136829750475.982
2.250,131466448322.049
2.252,137050957380.839
2.254,141057085111.099
2.256,148314916960.274
2.258,144730439656.470
2.260,149894993035.170
2.262,153046215924.676
2.265,146468680905.236
2.267,157893093725.251
2.269,160302375399.663
2.271,163662998351.084
2.273,164145828668.184
2.275,169911735115.544
2.277,166663107865.312
2.279,161159753771.547
2.281,151187761364.616
2.283,151833284038.314
2.286,152078605412.449
2.288,156446781490.169
2.290,155759984314.215
2.292,160294395937.392
2.294,164032972114.687
2.296,158982245263.824
2.298,167284366862.177
2.301,165220595533.564
2.303,159375495126.383
2.305,155946191746.932
2.307,163707526934.809
2.309,164004596377.076
2.311,160896288582.440
2.313,164588303173.870
2.316,169585642907.868
2.318,168388749862.005
2.320,167204911930.208
2.322,165426049661.793
2.324,171380369241.407
2.327,169355966921.717
2.329,171407900804.554
2.331,170014693540.932
2.333,169169031099.625
2.335,170951249492.969
2.338,182558117850.853
2.340,179573895055.701
2.342,175512108408.218
2.344,173886328553.365
2.347,175277200759.899
2.349,183309622536.748
2.351,182209610345.126
2.353,181301283799.491
2.356,174317324345.888
2.358,180321490336.539
2.360,186680767696.248
2.362,189480151872.957
2.365,184555170102.296
2.367,186658379007.133
2.369,183365893761.416
2.372,187171603554.303
2.374,187652605137.531
2.376,186030716745.419
2.378,187421631353.209
2.381,194931015034.016
2.383,197313239512.618
2.385,200776415398.876
2.388,200007776179.185
2.390,206845108733.361
2.392,211141372583.899
2.395,198964116097.240
2.397,201658460959.007
2.399,213411017500.063
2.402,212362523897.602
2.404,214764544883.092
2.407,210592719169.573
2.409,209245187463.231
2.411,216371495477.009
2.414,218754271748.640
2.416,224466343875.565
2.418,228400394096.776
2.421,228753485076.525
2.423,224877615567.289
2.426,214374420411.834
2.428,226600219009.781
2.430,228873034790.993
2.433,232029638976.510
2.435,231931596501.387
2.438,236409672653.795
2.440,233520538933.020
2.443,247692013935.146
2.445,241939297925.679
2.447,239895624765.475
2.450,240197682789.018
2.452,238690287711.005
2.455,239362958146.094
2.457,245865126405.271
2.460,248188216594.246
2.462,267117841279.920
2.465,256702645357.459
2.467,263253101353.097
2.470,256874316314.355
2.472,260157311795.929
2.475,253106317476.388
2.477,257634365320.657
2.480,249392000116.053
2.482,256516395884.737
2.485,259070661009.895
2.487,262620304821.042
2.490,284830096598.430
2.492,282304704073.200
2.495,279145918194.896
2.498,273047912785.213
2.500,268199194843.605
2.503,281671728037.959
2.505,284366918882.455
2.508,289295478904.559
2.510,287872474218.558
2.513,294794371522.944
2.516,287859755598.049
2.518,288984720051.880
2.521,292899324889.307
2.523,293854154089.253
2.526,267869186919.032
2.529,270132272866.818
2.531,257458368254.579
2.534,285500752028.005
2.537,270136991874.889
2.539,288482975037.608
2.542,359557297404.483
2.544,401954890096.501
2.547,354352647614.724
2.550,395698765765.847
2.552,363549934970.510
2.555,363740030184.938
2.558,350307456176.179
2.561,346989723838.739
2.563,342530006925.363
2.566,353353198031.773
2.569,362038591606.686
2.571,368014129613.631
2.574,377492468550.329
2.577,381402616224.108
2.580,391603826615.398
2.582,385200097958.092
2.585,383725753457.203
2.588,382806521503.998
2.591,374050417928.504
2.593,354292936462.056
2.596,379015731508.384
2.599,377702506452.972
2.602,412604473205.836
2.604,393422214158.341
2.607,390498903679.365
2.610,388256229968.790
2.613,391717992118.079
2.616,407077245672.630
2.618,401375366537.562
2.621,389885934082.215
2.624,383872017918.468
2.627,385129699163.473
2.630,367192019716.930
2.633,377567851024.103
2.636,374983975856.291
2.638,385497025946.447
2.641,397583209120.266
2.644,382670111448.467
2.647,394486361503.108
2.650,405494933696.713
2.653,450887459372.435
2.656,485093055153.926
2.659,481081157196.959
2.662,471863127662.121
2.664,480299942686.632
2.667,497460827455.249
2.670,472448134871.050
2.673,460961611756.266
2.676,450644979914.604
2.679,435542355274.190
2.682,470772469205.187
2.685,458909477670.837
2.688,476983006627.586
2.691,476786988907.719
2.694,501893753624.192
2.697,480459126281.219
2.700,523007224018.746
2.703,484743707784.328
2.706,491290366449.359
2.709,497657506175.408
2.712,491546115281.448
2.715,486601542352.055
2.718,531210820537.621
2.721,521658529975.693
2.724,508128337922.607
2.727,488695454995.560
2.731,509876133693.973
2.734,507609777919.830
2.737,574430292112.011
2.740,549708726802.156
2.743,554235725077.430
2.746,534818138928.178
2.749,501388129442.756
2.752,526957888052.399
2.755,521329728269.604
2.759,592307337890.298
2.762,563666182070.806
2.765,575228294009.381
2.768,588279613566.936
2.771,609837787280.212
2.774,640939857266.533
2.778,601412940683.345
2.781,618572190048.907
2.784,629245557087.233
2.787,678745841093.961
2.790,698519822117.680
2.794,688210656796.405
2.797,703168653834.511
2.800,744071282107.998
2.803,776706017161.245
2.807,741096380170.352
2.810,713206915383.997
2.813,719706199254.236
2.816,707228023829.843
2.820,731537366014.695
2.823,761903220257.318
2.826,746722280836.683
2.830,800418968661.678
2.833,786102339574.535
2.836,783604032525.548
2.840,780291995130.324
2.843,780105637758.043
2.846,784545005619.696
2.850,791760204735.641
2.853,816641304341.740
2.856,755415682658.510
2.860,722534377879.732
2.863,762141986244.332
2.867,778590658586.853
2.870,807632215872.144
2.874,880222950977.358
2.877,899244616528.662
2.880,864755535212.760
2.884,828866601410.602
2.887,834822623666.321
2.891,843233735424.214
2.894,879351891649.875
2.898,805600808229.889
2.901,805384762013.473
2.905,773873038390.085
2.908,792162047480.858
2.912,848661155354.976
2.915,803060808881.131
2.919,822386419906.456
2.922,856452859133.999
2.926,835752521919.176
2.929,916590567132.060
2.933,913560980283.013
2.937,925343006358.787
2.940,908132536618.317
2.944,870466588697.201
2.947,884893422112.907
2.951,872500530215.518
2.955,868256174294.135
2.958,895408466598.005
2.962,890543736908.474
2.965,912490700222.154
2.969,938458745861.259
2.973,927776702208.785
2.977,919795370768.283
2.980,937716474083.733
2.984,971634828508.695
2.988,1006540320107.494
2.991,966876207924.864
2.995,1028410723597.529
2.999,963359832854.751
3.003,982667557088.919
3.006,971617382081.664
3.010,1030436710215.867
3.014,1051944609219.361
3.018,1056859150490.193
3.021,1045185728981.743
3.025,1064154322250.081
3.029,1048590987540.286
3.033,990188259929.148
3.037,1054726238857.529
3.041,1095024869024.757
3.044,1152501514840.000
3.048,1157996318969.607
3.052,1172305051762.308
3.056,1138105561295.773
3.060,1168058012224.260
3.064,1169830728729.331
3.068,1156988525002.831
3.072,1121139789393.333
3.076,1124192034646.651
3.079,1144207353414.697
3.083,1140297814996.781
3.087,1178786064677.265
3.091,1182494587836.120
3.095,1277438700653.406
3.099,1360760296208.356
3.103,1379978376087.396
3.107,1404350152356.143
3.111,1370084362689.380
3.115,1322455890778.794
3.120,1306405346059.751
3.124,1291998715451.668
3.128,1289094500300.898
3.132,1282052396520.856
3.136,1352592160883.437
3.140,1345028193224.150
3.144,1387888011745.514
3.148,1437635173834.160
3.152,1417164467991.850
3.156,1467382352928.890
3.161,1359738428664.601
3.165,1371232785940.789
3.169,1534570669229.887
3.173,1457396923198.448
3.177,1492077314838.459
3.182,1471484081246.971
3.186,1517356227120.591
3.190,1575869479176.905
3.194,1590817929008.174
3.199,1477395038814.745
3.203,1534312999661.588
3.207,1574960775732.674
3.211,1534198663037.892
3.216,1511675212555.348
3.220,1529617824566.929
3.224,1636965436959.133
3.229,1566242221816.488
3.233,1541307525748.664
3.238,1627532947245.828
3.242,1545189742071.916
3.246,1504923864483.492
3.251,1616094554766.339
3.255,1741055084381.385
3.260,1751012417341.725
3.264,1758390964464.919
3.268,1748549131826.531
3.273,1682440563144.817
3.277,1776155721688.154
3.282,1690891939749.354
3.286,1677832883542.895
3.291,1768793659014.180
3.295,1757319179157.260
3.300,1815962191522.719
3.305,1888948607154.110
3.309,1896009804941.691
3.314,1826966357742.751
3.318,1779052263761.150
3.323,1838952665214.085
3.328,1802041170562.389
3.332,1828333132216.478
3.337,1864660452065.770
3.342,1849276303986.795
3.346,1877570399108.063
3.351,1919822912936.397
3.356,1821705772237.974
3.360,1746659552744.324
3.365,1776530213268.186
3.370,1863570857504.794
3.375,1911780081442.378
3.379,1830884815444.027
3.384,1925950992432.809
3.389,1912091693657.905
3.394,1865320922623.902
3.399,1858485707461.767
3.403,1895457412060.514
3.408,1929307449759.477
3.413,1837255850724.718
3.418,1847651490514.963
3.423,1889748555668.841
3.428,1813952439672.149
3.433,1795770094483.830
3.438,1847121502117.725
3.443,1833436406433.829
3.448,1848725995227.913
3.453,1809429004403.007
3.458,1771789144926.019
3.463,1777147399393.442
3.468,1871931841246.053
3.473,1795903711690.182
3.478,1839872501686.790
3.483,1914577816797.457
3.488,1829956887459.336
3.493,1783242952873.042
3.498,1740204630658.618
3.503,1835973890845.420
3.508,1806557847343.164
3.514,1773414811882.777
3.519,1767048092531.011
3.524,1817418496550.008
3.529,1815548790176.986
3.534,1703097649431.761
3.540,1711885783026.745
3.545,1783820746228.331
3.550,1726115344159.363
3.556,1669785826788.104
3.561,1771542725983.812
3.566,1791502795664.208
3.572,1772799820687.797
3.577,1743184519190.753
3.582,1639884566772.487
3.588,1796550911596.792
3.593,1725244274476.244
3.599,1671578292695.191
3.604,1662413906031.877
3.609,1598077542623.246
3.615,1519804104743.826
3.620,1518217724106.408
3.626,1482050954756.970
3.631,1522399017314.011
3.637,1526028553223.419
3.643,1543698463629.434
3.648,1444165620690.635
3.654,1494572376557.862
3.659,1581773876325.574
3.665,1559537156366.799
3.671,1427771793525.931
3.676,1343464252726.483
3.682,1391498360576.022
3.688,1407753687841.571
3.693,1415760874081.574
3.699,1375742101394.472
3.705,1375842856235.681
3.711,1255294564138.125
3.716,1373058241263.507
3.722,1310131965370.579
3.728,1290327619831.360
3.734,1362677763502.729
3.740,1255099076672.476
3.746,1347626027512.803
3.752,1325253759211.953
3.758,1223331481385.430
3.763,1175184527383.478
3.769,1164808532524.377
3.775,1238869665268.711
3.781,1243163169322.780
3.787,1164146779039.913
3.793,1201955916459.983
3.800,1110752736808.608
3.806,1152024608498.894
3.812,1050324099020.997
3.818,1021873350736.844
3.824,1080039242525.760
3.830,1042810336019.702
3.836,1073083972369.592
3.843,1018732783613.974
3.849,1052159669590.635
3.855,995716041762.106
3.861,1002135564266.000
3.868,905072997594.552
3.874,915676946649.582
3.880,842821704370.447
3.887,829158826452.633
3.893,798298430135.420
3.899,760764401054.631
3.906,782395664858.016
3.912,691221323592.564
3.919,767212096767.666
3.925,748794837019.082
3.932,717286222832.352
3.938,696329857184.104
3.945,663243999904.951
3.951,590855075180.038
3.958,586342040876.658
3.964,549214264826.633
3.971,538556306202.039
3.978,508864153000.580
3.984,539936981212.728
3.991,517305189644.621
3.998,502548078336.431
4.004,423895229421.995
4.011,431947779494.827
4.018,428664223581.161
4.025,406750242594.186
4.032,388608422937.920
4.038,364341881626.266
4.045,343423602943.553
4.052,335471222625.119
4.059,297960695425.947
4.066,291273901828.443
4.073,296188538460.508
4.080,249198054147.905
4.087,244724993456.926
4.094,227919125745.027
4.101,231461199781.854
4.108,200763010863.762
4.116,191828272476.190
4.123,190683506803.588
4.130,201797804181.200
4.137,168868041928.955
4.144,140081623264.777
4.152,135275017668.613
4.159,146843018609.106
4.166,109843693682.008
4.173,101480067567.331
4.181,106773119737.795
4.188,100960361156.647
4.196,101423211048.289
4.203,83770263018.911
4.211,70612971695.689
4.218,79402173798.120
4.226,74591681249.733
4.233,68675355554.318
4.241,59522355927.547
4.248,59009379528.388
4.256,58085519590.039
4.264,60095486459.939
4.271,53500834695.727
4.279,49081908313.266
4.287,43547229413.338
4.294,47151298133.336
4.302,41494241091.356
4.310,43188779615.939
4.318,37652035403.063
4.326,38260828491.408
4.334,31923433643.293
4.342,31105474345.458
4.350,32789303233.498
4.358,39830550101.925
4.366,31711175491.187
4.374,31881826708.029
4.382,26357863855.705
4.390,30018466759.002
4.398,28509314490.142
4.406,28189909947.572
4.414,30787612627.801
4.423,25981488540.074
