1.772,256465336280.822
1.773,258018205747.300
1.774,257900531268.460
1.775,255168975874.541
1.777,250783320260.221
1.778,256360186104.402
1.779,256478884919.240
1.780,259195563291.973
1.781,253645659402.833
1.783,254472148017.739
1.784,254354393306.944
1.785,250241667235.823
1.786,259577053065.400
1.788,260932317160.807
1.789,264184392624.141
1.790,269391584725.362
1.791,272774524166.466
1.793,264231141687.892
1.794,258806514435.551
1.795,261138939737.108
1.796,258677194420.153
1.798,260045188197.277
1.799,264713450819.295
1.800,270926130462.632
1.801,253817779823.023
1.803,253505373239.382
1.804,259456557101.076
1.805,258482601710.731
1.807,266867587472.287
1.808,271267833559.494
1.809,265768197011.968
1.810,253666835418.663
1.812,243261051687.551
1.813,238630966298.252
1.814,254022522725.036
1.816,250099411612.748
1.817,240738883103.531
1.818,245558803862.875
1.819,239726029317.557
1.821,244186204829.003
1.822,237515825797.170
1.823,242887676046.349
1.825,242681019644.173
1.826,245601895796.850
1.827,236239716745.938
1.829,243763828253.431
1.830,231144896536.220
1.831,240175722929.250
1.832,231240083806.899
1.834,230517417515.854
1.835,222435879724.607
1.836,222039982930.881
1.838,223474113248.702
1.839,232246097148.387
1.840,232442357524.214
1.842,235745082967.823
1.843,218851576650.002
1.844,222310385778.141
1.846,212456659338.772
1.847,219603337216.246
1.848,216429578181.680
1.850,226700004908.001
1.851,226039937271.017
1.852,222585900337.380
1.854,224913880714.479
1.855,214495985788.492
1.856,218750019537.607
1.858,215100789610.625
1.859,217195465456.102
1.861,215116624539.937
1.862,209125117848.814
1.863,192329394251.535
1.865,190798931390.207
1.866,191936531682.836
1.867,193154686655.127
1.869,183876103778.552
1.870,184958316312.971
1.871,182519133589.167
1.873,167921725465.113
1.874,158108818078.153
1.876,155799085931.717
1.877,168369198738.798
1.878,170529851825.787
1.880,158753205399.317
1.881,180470347026.909
1.883,156489197420.920
1.884,160691396404.822
1.885,169259217762.398
1.887,178734275861.895
1.888,170778660887.539
1.890,173960296953.694
1.891,163696633006.958
1.892,179244748685.315
1.894,167496113731.246
1.895,153963570954.263
1.897,148621806641.293
1.898,145372650287.210
1.899,136719048623.152
1.901,131221576482.760
1.902,133350767124.423
1.904,133053973123.012
1.905,132280528995.600
1.907,135210904610.318
1.908,132025295947.232
1.910,129270733736.776
1.911,128178588873.882
1.912,124298270952.075
1.914,122024216084.257
1.915,119981109290.606
1.917,118563281247.620
1.918,114763979722.645
1.920,116154039510.357
1.921,110589986104.888
1.923,113720789909.474
1.924,110530152684.598
1.925,106624835884.782
1.927,106417668101.491
1.928,101495915834.517
1.930,104607219328.840
1.931,104665895178.174
1.933,99385152356.713
1.934,98289600604.530
1.936,99037391591.244
1.937,98803930234.630
1.939,95747023678.479
1.940,95950284664.215
1.942,95449545987.364
1.943,93298419923.092
1.945,91343327227.752
1.946,93970027917.317
1.948,89052362552.874
1.949,85642282961.007
1.951,87091474871.337
1.952,86271683357.724
1.954,82041618888.873
1.955,77714917322.863
1.957,81771202938.543
1.958,77308345964.747
1.960,76438990238.143
1.961,76824379770.694
1.963,78453398438.707
1.964,75523377566.575
1.966,79917349527.329
1.968,73073057903.832
1.969,69485664658.340
1.971,73959656743.176
1.972,72831379965.112
1.974,69709393070.219
1.975,67997977108.691
1.977,66504750841.021
1.978,66494161981.875
1.980,66261615364.177
1.981,65904099995.761
1.983,65126184286.073
1.985,64473107034.567
1.986,63569546334.273
1.988,66085591797.806
1.989,61616565440.538
1.991,57629544553.003
1.992,58591275136.928
1.994,59176187257.110
1.996,57150223709.854
1.997,56521708408.515
1.999,55504146893.265
2.000,56272142344.763
2.002,56542864642.462
2.004,56310890281.954
2.005,52501308554.095
2.007,50942753685.013
2.008,52801593511.030
2.010,53511099988.026
2.012,51003974991.483
2.013,54451912790.103
2.015,50363099475.586
2.017,48050610840.021
2.018,52792915127.083
2.020,48053599596.889
2.021,50037974466.387
2.023,48800390139.513
2.025,49636584421.420
2.026,48058974298.656
2.028,49845084466.089
2.030,49489145569.142
2.031,45464531571.922
2.033,48186951509.114
2.035,46668530907.692
2.036,47331305829.978
2.038,47678939199.765
2.039,47507501329.019
2.041,47478549975.788
2.043,47312075520.477
2.044,45207766540.786
2.046,43678399772.991
2.048,44842072742.973
2.050,48445840546.510
2.051,48930818051.276
2.053,45571595815.319
2.055,44792489169.698
2.056,45620528587.942
2.058,48406319569.885
2.060,47236092703.386
2.061,47965984642.848
2.063,49047964654.944
2.065,50391357493.272
2.066,52030382016.496
2.068,48286356619.809
2.070,45369715345.932
2.072,47254406207.231
2.073,43140343146.503
2.075,44130082282.576
2.077,47250773530.238
2.079,47076509085.468
2.080,44419495668.325
2.082,45609633386.255
2.084,47720383594.248
2.085,60521631915.756
2.087,94853249217.054
2.089,86583713159.172
2.091,60474203295.623
2.092,48001412641.613
2.094,52056240360.631
2.096,51159593283.969
2.098,43231966906.992
2.100,43389852349.296
2.101,45645731673.719
2.103,52797480065.791
2.105,58584035843.211
2.107,57172311044.449
2.108,55492288538.836
2.110,55948547849.341
2.112,61763220168.671
2.114,66605764616.896
2.116,62877573486.380
2.117,51749872068.658
2.119,39967817112.615
2.121,40196367374.914
2.123,45518702553.752
2.125,55217307989.651
2.126,60212942324.015
2.128,55830879919.765
2.130,51222617548.398
2.132,47784348199.115
2.134,45268692271.659
2.136,46803241464.842
2.137,46879131468.735
2.139,56140211427.867
2.141,54902610234.439
2.143,57201865135.630
2.145,52734467764.543
2.147,49604394278.126
2.149,49315892651.185
2.150,54322849546.742
2.152,56976963338.697
2.154,57480146987.825
2.156,56610731960.516
2.158,53087154565.732
2.160,53131247592.890
2.162,54506066484.230
2.163,57530281907.322
2.165,59403107644.105
2.167,56690070683.525
2.169,62937962097.734
2.171,62522410458.176
2.173,61818996976.111
2.175,60819347828.282
2.177,59018658197.132
2.179,59375651579.619
2.181,61854603995.644
2.183,59271600669.048
2.184,59561070240.915
2.186,58730155969.282
2.188,62857787227.649
2.190,63221406250.992
2.192,64470012229.779
2.194,63969141654.590
2.196,62540079174.348
2.198,60523998354.840
2.200,62651352040.127
2.202,62764795077.143
2.204,68738559198.185
2.206,70129259020.412
2.208,70539956463.738
2.210,66796480083.955
2.212,66860855249.907
2.214,66297821234.519
2.216,67068493101.549
2.218,70009387415.465
2.220,68288902856.299
2.222,69242624417.325
2.224,69057661306.937
2.226,69303445450.293
2.228,68409494680.381
2.230,67768085637.787
2.232,68573682509.134
2.234,70415906102.514
2.236,70673840062.328
2.238,73638206608.123
2.240,72138457891.182
2.242,69745852086.727
2.244,70547009038.434
2.246,70102204576.656
2.248,68978218217.993
2.250,68650562721.523
2.252,68525478690.420
2.254,75316718839.137
2.256,77285365340.459
2.258,76091342258.415
2.260,78633438969.269
2.262,85382326837.173
2.265,83173722212.632
2.267,89249418871.118
2.269,90186167861.287
2.271,91401292635.212
2.273,92284163395.876
2.275,96981583970.059
2.277,92844288399.854
2.279,87310892854.752
2.281,81525287012.973
2.283,83868630708.562
2.286,82929394624.911
2.288,84742006640.508
2.290,80915886839.445
2.292,85311814544.244
2.294,86548136259.734
2.296,83824750812.779
2.298,88981046203.286
2.301,87521580713.283
2.303,86333474024.085
2.305,83013181918.519
2.307,87091429879.754
2.309,89637637081.188
2.311,90404900190.589
2.313,89418122918.341
2.316,94508665578.864
2.318,91064835793.325
2.320,93300831914.066
2.322,89795852791.742
2.324,95142222401.797
2.327,95850348978.766
2.329,95133186711.428
2.331,95155695752.895
2.333,96292541713.487
2.335,96498908276.158
2.338,99599905283.947
2.340,97615782189.679
2.342,98975729413.342
2.344,100772298290.262
2.347,99080140142.472
2.349,103158046690.720
2.351,104085116961.463
2.353,102573627846.903
2.356,100166562444.645
2.358,105367139107.672
2.360,108301496638.836
2.362,110180114387.665
2.365,106056590963.763
2.367,109093850286.764
2.369,112155837931.740
2.372,109672696185.520
2.374,109848311388.007
2.376,109267112437.830
2.378,114350919382.591
2.381,118936869321.498
2.383,118290685179.161
2.385,119930120781.014
2.388,120690126874.343
2.390,123616038275.664
2.392,126860670023.640
2.395,120315053910.341
2.397,120680363491.075
2.399,130600462723.676
2.402,129943852962.078
2.404,128535211392.951
2.407,132933527599.321
2.409,131332126484.275
2.411,134933242089.211
2.414,132337503497.303
2.416,139553932649.494
2.418,138069646684.981
2.421,141205854985.509
2.423,145271460809.691
2.426,137881729492.157
2.428,142815264081.795
2.430,149642766089.975
2.433,152118474624.443
2.435,149210192822.001
2.438,155758466628.408
2.440,151399149408.241
2.443,160986303495.471
2.445,159338876827.705
2.447,162531269480.027
2.450,161518961572.258
2.452,164164717530.495
2.455,162932067519.078
2.457,167308538967.968
2.460,168672885891.885
2.462,180627837492.252
2.465,178605279706.380
2.467,177859016823.270
2.470,174202122558.011
2.472,178213783839.620
2.475,178532681109.506
2.477,180409946866.486
2.480,175828470792.033
2.482,178344900872.435
2.485,181427889748.605
2.487,186286390919.745
2.490,202178506067.635
2.492,206550577452.552
2.495,202373874290.948
2.498,203116020993.493
2.500,193239948511.888
2.503,208313882366.045
2.505,207774457871.020
2.508,218502838325.748
2.510,215176003620.715
2.513,225793839794.216
2.516,217434922394.829
2.518,218493926023.027
2.521,223450424722.782
2.523,225793378189.880
2.526,205467842239.030
2.529,206102824086.392
2.531,207113169428.418
2.534,226960873757.753
2.537,216369966504.128
2.539,234669804694.054
2.542,288670704329.490
2.544,321754412025.114
2.547,287837667547.930
2.550,329306355402.450
2.552,294065402802.951
2.555,304506338545.462
2.558,286675764184.119
2.561,288656672962.188
2.563,287391030200.792
2.566,298768801223.207
2.569,309640582719.462
2.571,311023177445.815
2.574,330444830173.595
2.577,324863970081.297
2.580,349063529974.142
2.582,334144892096.188
2.585,336986225592.491
2.588,343066827446.160
2.591,330608665016.747
2.593,314434981110.074
2.596,341964817106.567
2.599,347686413224.922
2.602,371756630358.458
2.604,353722697088.882
2.607,361882190127.289
2.610,359146846972.144
2.613,359357811229.181
2.616,378492118734.060
2.618,377037294791.980
2.621,375665170529.065
2.624,362107071593.939
2.627,372953237486.709
2.630,355576761950.374
2.633,364857646138.143
2.636,365263553750.345
2.638,385688055196.172
2.641,399583124659.100
2.644,380047800356.799
2.647,392766217484.926
2.650,415121509157.536
2.653,468922957747.332
2.656,502950628013.739
2.659,507121947787.182
2.662,494737379003.082
2.664,512555596611.309
2.667,516441142965.964
2.670,494177024122.675
2.673,496971040814.900
2.676,475839870786.577
2.679,472621564681.269
2.682,511717805812.529
2.685,500168196546.025
2.688,527109937670.323
2.691,525167682171.335
2.694,560207521768.790
2.697,545688255140.190
2.700,588234432776.202
2.703,557731733747.291
2.706,571823742386.791
2.709,574738840892.434
2.712,561941667683.163
2.715,580427405275.952
2.718,623297244607.101
2.721,621447854530.522
2.724,595936181984.249
2.727,584951153382.543
2.731,610879848745.703
2.734,623559577937.857
2.737,696556146704.889
2.740,676631642473.571
2.743,702215459186.896
2.746,677719714416.783
2.749,637520570790.394
2.752,666340679625.913
2.755,670391642855.005
2.759,759623853872.071
2.762,727706254497.358
2.765,750178042680.216
2.768,760882768196.153
2.771,807993298434.823
2.774,842934068060.097
2.778,812906005289.464
2.781,828749128563.936
2.784,835296150450.255
2.787,918396144532.465
2.790,933426564224.717
2.794,946796078904.703
2.797,980337893152.716
2.800,1030181319653.258
2.803,1094255405296.350
2.807,1053243453178.317
2.810,1014358099459.343
2.813,1029244170969.231
2.816,1022857486295.330
2.820,1065709376477.019
2.823,1092755377804.235
2.826,1089759232750.021
2.830,1166470911427.082
2.833,1180057075269.360
2.836,1173462060435.191
2.840,1179332693578.733
2.843,1187661926731.943
2.846,1197355335801.787
2.850,1219229195580.688
2.853,1262838442396.429
2.856,1181413854821.031
2.860,1128578135298.225
2.863,1210149469171.454
2.867,1228137791050.794
2.870,1326870802324.564
2.874,1416319407059.339
2.877,1460011472174.388
2.880,1444249734410.090
2.884,1366094954176.733
2.887,1394299691133.733
2.891,1421935758314.535
2.894,1469300861681.453
2.898,1366006130651.618
2.901,1378256194233.018
2.905,1318204012595.354
2.908,1382617447174.938
2.912,1486353238261.380
2.915,1416339493203.367
2.919,1458445568713.746
2.922,1535890270329.261
2.926,1497129639525.023
2.929,1657752135571.801
2.933,1641117915313.889
2.937,1684092318118.056
2.940,1664675063636.831
2.944,1607790348346.875
2.947,1641192959650.712
2.951,1638852316679.533
2.955,1647707502927.113
2.958,1705917769770.236
2.962,1686180733608.469
2.965,1753958658578.642
2.969,1822013369889.882
2.973,1792983028921.483
2.977,1798322847967.638
2.980,1852052428152.491
2.984,1934786703276.252
2.988,2017102917916.948
2.991,1942841579112.236
2.995,2075168550251.536
2.999,1967876682827.421
3.003,2016895237639.068
3.006,2008586139323.944
3.010,2131984639215.982
3.014,2196728116777.580
3.018,2233599596082.329
3.021,2227480392843.466
3.025,2263387893326.017
3.029,2247892010552.140
3.033,2148067681984.298
3.037,2328687335299.167
3.041,2388603412507.188
3.044,2546975683160.055
3.048,2565019563329.104
3.052,2630332189618.684
3.056,2599371784335.522
3.060,2664850079666.491
3.064,2684095478333.207
3.068,2656162055236.881
3.072,2590362831285.986
3.076,2616589479655.861
3.079,2688815547474.911
3.083,2665607952827.138
3.087,2781163514947.117
3.091,2821948307800.967
3.095,3085492816721.736
3.099,3275805982169.986
3.103,3369607283274.586
3.107,3450525751630.913
3.111,3356091489588.302
3.115,3293426491571.866
3.120,3246912298516.296
3.124,3242440438229.108
3.128,3216745308439.267
3.132,3271385581071.478
3.136,3469044161094.387
3.140,3432688867259.665
3.144,3547487862752.749
3.148,3763995390042.458
3.152,3699060189323.951
3.156,3847892359663.866
3.161,3600434149140.069
3.165,3656363688495.657
3.169,4095844904477.209
3.173,3966771904051.932
3.177,4049010318019.170
3.182,4007309589452.537
3.186,4158043993262.820
3.190,4311862573871.181
3.194,4363558183217.724
3.199,4100757240340.762
3.203,4239101303604.954
3.207,4424960788888.375
3.211,4291537633347.103
3.216,4330331772592.303
3.220,4397911916697.501
3.224,4721101213347.853
3.229,4526892148372.150
3.233,4495523255094.296
3.238,4788676684296.224
3.242,4576089441498.479
3.246,4469231763448.377
3.251,4856805543800.134
3.255,5233484315218.197
3.260,5321351904857.808
3.264,5325770996044.108
3.268,5364012036123.766
3.273,5196692783213.778
3.277,5506730181603.274
3.282,5312719507905.867
3.286,5277697955417.421
3.291,5568890487829.866
3.295,5575334678759.015
3.300,5814653625288.093
3.305,6021385538259.200
3.309,6145564609801.645
3.314,5950033455054.645
3.318,5768463993555.912
3.323,6036047644689.261
3.328,5946883088441.715
3.332,6079651434797.511
3.337,6215278782921.706
3.342,6191361168513.899
3.346,6317936583440.193
3.351,6513725003191.124
3.356,6178382614056.136
3.360,5971390515218.145
3.365,6110794127381.719
3.370,6388010251767.025
3.375,6647373143490.418
3.379,6389286393621.451
3.384,6785085932151.206
3.389,6768348264981.907
3.394,6582572108525.870
3.399,6603944254570.811
3.403,6723843898286.886
3.408,6937716791698.782
3.413,6633317737304.166
3.418,6715812936864.648
3.423,6820700524949.309
3.428,6600441041598.246
3.433,6571199151590.300
3.438,6761553703625.138
3.443,6777965251659.556
3.448,6846055473629.133
3.453,6730399474321.468
3.458,6643258674121.697
3.463,6657892763195.088
3.468,7037906516546.131
3.473,6736420906078.093
3.478,6976036318440.455
3.483,7259509679212.662
3.488,6995591913981.137
3.493,6744757138566.276
3.498,6667267477466.655
3.503,7050421475970.328
3.508,6910803474850.314
3.514,6844960489401.029
3.519,6816413194855.901
3.524,7045533065908.629
3.529,7069339416771.798
3.534,6593293909022.130
3.540,6674761278515.036
3.545,6965022734072.397
3.550,6744095930811.835
3.556,6598652348635.802
3.561,6952711621616.751
3.566,7025573524490.812
3.572,7032884790919.949
3.577,6875270111761.574
3.582,6524215960357.515
3.588,7059220161499.304
3.593,6823476281396.291
3.599,6722177070384.316
3.604,6615663901308.967
3.609,6319266239282.392
3.615,6084505322148.661
3.620,6093226459131.839
3.626,5912183708334.330
3.631,6059072771681.986
3.637,6090063509641.419
3.643,6188921404997.613
3.648,5772850431249.187
3.654,5885469358635.749
3.659,6292346317673.812
3.665,6204516066408.179
3.671,5647821928090.670
3.676,5341317071430.762
3.682,5570417920398.131
3.688,5576054660847.927
3.693,5583183654839.262
3.699,5406196556714.159
3.705,5383320297980.271
3.711,4919186965018.835
3.716,5315679218251.346
3.722,5034926745290.150
3.728,4902327775232.840
3.734,5225453158449.399
3.740,4812170201668.056
3.746,5152801695752.754
3.752,4959936858885.414
3.758,4595318063058.449
3.763,4373725762957.001
3.769,4345641934419.019
3.775,4563912933730.003
3.781,4514843696849.731
3.787,4214406995045.333
3.793,4308658791755.616
3.800,3946740899162.311
3.806,4119880946315.391
3.812,3693499705010.636
3.818,3638187221494.991
3.824,3795584134345.389
3.830,3630570178658.621
3.836,3703912065590.417
3.843,3505276269434.104
3.849,3590622561758.333
3.855,3372983930168.393
3.861,3381817559660.705
3.868,3001691476214.115
3.874,3026303845858.507
3.880,2725080814662.806
3.887,2680880751078.311
3.893,2543370295437.591
3.899,2424113902495.443
3.906,2452792866826.183
3.912,2141980483878.683
3.919,2320816592722.189
3.925,2256925614846.352
3.932,2153005714695.615
3.938,2028108272563.538
3.945,1908148455307.412
3.951,1696768300807.184
3.958,1636794364266.553
3.964,1528407900646.461
3.971,1479425872678.342
3.978,1361828074660.141
3.984,1419834283929.765
3.991,1347872114425.920
3.998,1252524164629.320
4.004,1051944484135.121
4.011,1065802183887.619
4.018,1008918938802.027
4.025,950520164367.345
4.032,865673569771.101
4.038,834290105752.899
4.045,746628351584.688
4.052,713040794756.136
4.059,631760019952.077
4.066,606601954708.785
4.073,603501529069.768
4.080,510707426132.758
4.087,466853428284.553
4.094,419806919111.245
4.101,438269727397.593
4.108,376166483513.153
4.116,343159465207.407
4.123,326886011663.293
4.130,326271216106.053
4.137,278941713238.667
4.144,230382173799.096
4.152,205044367755.576
4.159,223824358667.819
4.166,180053064901.436
4.173,159875615220.111
4.181,155679688568.744
4.188,151635445907.088
4.196,147187342862.760
4.203,121395889629.099
4.211,110024862874.679
4.218,116856029363.272
4.226,107951779899.112
4.233,100723854812.999
4.241,92208042708.569
4.248,84490702506.555
4.256,87478192153.674
4.264,91664634410.413
4.271,80433227671.808
4.279,80508453923.919
4.287,72578715688.897
4.294,82035591874.260
4.302,74175546021.716
4.310,73984257255.130
4.318,70972420715.509
4.326,64347757008.277
4.334,61318278483.158
4.342,61534742726.884
4.350,65942932058.479
4.358,67711935173.272
4.366,62328862172.334
4.374,65987966907.316
4.382,56581547743.580
4.390,60036933518.005
4.398,56657751581.675
4.406,67578551244.180
4.414,63217231262.419
4.423,59647642704.676
