1.772 1.52686e+011 390751 1.74718e+011 2.52125e+009 3.97774 6.27296e+006 1.77245e+011 -2.45591e+010
1.773 1.59385e+011 399231 1.75746e+011 2.55651e+009 4.12318 6.32901e+006 1.78309e+011 -1.89238e+010
1.774 1.62972e+011 403698 1.76778e+011 2.59222e+009 4.27382 6.38553e+006 1.79376e+011 -1.64043e+010
1.775 1.59184e+011 398978 1.77813e+011 2.62839e+009 4.42986 6.44252e+006 1.80448e+011 -2.12641e+010
1.777 1.59438e+011 399297 1.79893e+011 2.70211e+009 4.75884 6.55795e+006 1.82602e+011 -2.31634e+010
1.778 1.68458e+011 410437 1.80938e+011 2.73969e+009 4.9322 6.61639e+006 1.83685e+011 -1.52261e+010
1.779 1.67516e+011 409287 1.81987e+011 2.77774e+009 5.11173 6.67532e+006 1.84771e+011 -1.72555e+010
1.78 1.71301e+011 413885 1.83039e+011 2.81627e+009 5.29766 6.73475e+006 1.85862e+011 -1.45611e+010
1.781 1.70827e+011 413313 1.84094e+011 2.85529e+009 5.49021 6.79467e+006 1.86956e+011 -1.61285e+010
1.783 1.71533e+011 414166 1.86214e+011 2.93483e+009 5.8961 6.91603e+006 1.89156e+011 -1.76228e+010
1.784 1.77177e+011 420925 1.87279e+011 2.97536e+009 6.10992 6.97746e+006 1.90261e+011 -1.3084e+010
1.785 1.74582e+011 417830 1.88347e+011 3.01639e+009 6.33132 7.03942e+006 1.91371e+011 -1.67892e+010
1.786 1.80432e+011 424773 1.89419e+011 3.05795e+009 6.56058 7.10189e+006 1.92484e+011 -1.20522e+010
1.788 1.86887e+011 432304 1.91572e+011 3.14263e+009 7.04376 7.22839e+006 1.94722e+011 -7.83465e+009
1.789 1.90571e+011 436545 1.92653e+011 3.18578e+009 7.29824 7.29244e+006 1.95846e+011 -5.27513e+009
1.79 1.95094e+011 441694 1.93738e+011 3.22946e+009 7.56173 7.35701e+006 1.96974e+011 -1.88086e+009
1.791 2.07924e+011 455987 1.94825e+011 3.27369e+009 7.83452 7.42213e+006 1.98106e+011 9.81789e+009
1.793 2.0216e+011 449622 1.9701e+011 3.36382e+009 8.40931 7.55399e+006 2.00382e+011 1.77862e+009
1.794 1.99192e+011 446310 1.98107e+011 3.40974e+009 8.71199 7.62074e+006 2.01525e+011 -2.33218e+009
1.795 2.02642e+011 450158 1.99207e+011 3.45622e+009 9.02533 7.68805e+006 2.02671e+011 -2.9562e+007
1.796 1.99496e+011 446650 2.00311e+011 3.50328e+009 9.3497 7.75591e+006 2.03822e+011 -4.32546e+009
1.798 2.05363e+011 453170 2.02527e+011 3.59916e+009 10.033 7.89334e+006 2.06134e+011 -7.71099e+008
1.799 2.08854e+011 457006 2.03639e+011 3.648e+009 10.3928 7.9629e+006 2.07295e+011 1.55884e+009
1.8 2.20764e+011 469855 2.04755e+011 3.69743e+009 10.7652 8.03305e+006 2.08461e+011 1.23033e+010
1.801 2.07604e+011 455636 2.05874e+011 3.74748e+009 11.1506 8.10377e+006 2.09629e+011 -2.02485e+009
1.803 2.13191e+011 461726 2.0812e+011 3.84944e+009 11.9625 8.24698e+006 2.11978e+011 1.2134e+009
1.804 2.16054e+011 464816 2.09248e+011 3.90136e+009 12.3898 8.31947e+006 2.13157e+011 2.89655e+009
1.805 2.22779e+011 471995 2.10378e+011 3.95393e+009 12.832 8.39256e+006 2.14341e+011 8.43862e+009
1.807 2.24456e+011 473768 2.12648e+011 4.06099e+009 13.7634 8.54055e+006 2.16718e+011 7.73865e+009
1.808 2.33164e+011 482871 2.13788e+011 4.1155e+009 14.2536 8.61546e+006 2.17912e+011 1.52524e+010
1.809 2.33926e+011 483659 2.1493e+011 4.17068e+009 14.7608 8.69099e+006 2.19109e+011 1.48169e+010
1.81 2.20673e+011 469759 2.16075e+011 4.22654e+009 15.2857 8.76714e+006 2.2031e+011 3.63076e+008
1.812 2.23707e+011 472977 2.18374e+011 4.3403e+009 16.3909 8.92132e+006 2.22723e+011 9.84053e+008
1.813 2.24308e+011 473612 2.19527e+011 4.39822e+009 16.9724 8.99937e+006 2.23935e+011 3.73894e+008
1.814 2.32993e+011 482694 2.20684e+011 4.45684e+009 17.5741 9.07805e+006 2.2515e+011 7.8437e+009
1.816 2.32673e+011 482361 2.23005e+011 4.57622e+009 18.8408 9.23736e+006 2.2759e+011 5.08225e+009
1.817 2.36951e+011 486777 2.24169e+011 4.63699e+009 19.5072 9.31799e+006 2.28816e+011 8.13569e+009
1.818 2.32135e+011 481804 2.25337e+011 4.69849e+009 20.1967 9.39929e+006 2.30045e+011 2.09055e+009
1.819 2.35524e+011 485309 2.26507e+011 4.76074e+009 20.9099 9.48125e+006 2.31277e+011 4.24738e+009
1.821 2.44426e+011 494395 2.28855e+011 4.88749e+009 22.4112 9.64719e+006 2.33752e+011 1.06744e+010
1.822 2.43691e+011 493651 2.30033e+011 4.952e+009 23.2008 9.73117e+006 2.34995e+011 8.69673e+009
1.823 2.44068e+011 494032 2.31213e+011 5.01729e+009 24.0177 9.81585e+006 2.3624e+011 7.82746e+009
1.825 2.51933e+011 501929 2.33582e+011 5.15022e+009 25.7367 9.98727e+006 2.38742e+011 1.31905e+010
1.826 2.47506e+011 497500 2.3477e+011 5.21787e+009 26.6407 1.0074e+007 2.39998e+011 7.5075e+009
1.827 2.55568e+011 505538 2.35961e+011 5.28633e+009 27.5758 1.01615e+007 2.41258e+011 1.43109e+010
1.829 2.55292e+011 505264 2.3835e+011 5.4257e+009 29.5433 1.03386e+007 2.43786e+011 1.15056e+010
1.83 2.52991e+011 502982 2.39548e+011 5.49663e+009 30.5778 1.04282e+007 2.45055e+011 7.9358e+009
1.831 2.68977e+011 518630 2.40749e+011 5.5684e+009 31.6478 1.05185e+007 2.46327e+011 2.26498e+010
1.832 2.55594e+011 505563 2.41951e+011 5.64101e+009 32.7543 1.06096e+007 2.47603e+011 7.99048e+009
1.834 2.63482e+011 513305 2.44364e+011 5.78882e+009 35.0821 1.0794e+007 2.50164e+011 1.33183e+010
1.835 2.69277e+011 518919 2.45574e+011 5.86403e+009 36.3059 1.08873e+007 2.51449e+011 1.78276e+010
1.836 2.57099e+011 507049 2.46787e+011 5.94012e+009 37.5714 1.09814e+007 2.52738e+011 4.36123e+009
1.838 2.63769e+011 513584 2.49218e+011 6.09499e+009 40.233 1.11718e+007 2.55324e+011 8.4449e+009
1.839 2.74669e+011 524089 2.50437e+011 6.17379e+009 41.6321 1.12682e+007 2.56622e+011 1.80469e+010
1.84 2.85451e+011 534276 2.51658e+011 6.25351e+009 43.0787 1.13653e+007 2.57923e+011 2.75283e+010
1.842 2.96076e+011 544128 2.54107e+011 6.41574e+009 46.1209 1.1562e+007 2.60534e+011 3.55414e+010
1.843 2.84337e+011 533232 2.55334e+011 6.49828e+009 47.7198 1.16615e+007 2.61844e+011 2.24923e+010
1.844 2.85001e+011 533855 2.56564e+011 6.58177e+009 49.3727 1.17619e+007 2.63158e+011 2.18434e+010
1.846 2.80755e+011 529863 2.5903e+011 6.75166e+009 52.8483 1.19649e+007 2.65793e+011 1.49616e+010
1.847 2.88456e+011 537081 2.60265e+011 6.83809e+009 54.6747 1.20677e+007 2.67115e+011 2.13404e+010
1.848 2.9573e+011 543811 2.61503e+011 6.92551e+009 56.5627 1.21713e+007 2.68441e+011 2.72894e+010
1.85 3.06712e+011 553816 2.63984e+011 7.10338e+009 60.5317 1.2381e+007 2.711e+011 3.56116e+010
1.851 3.14921e+011 561178 2.65228e+011 7.19385e+009 62.617 1.24871e+007 2.72434e+011 4.24867e+010
1.852 3.20851e+011 566437 2.66473e+011 7.28536e+009 64.7725 1.25941e+007 2.73771e+011 4.708e+010
1.854 3.25951e+011 570921 2.6897e+011 7.47153e+009 69.3031 1.28105e+007 2.76454e+011 4.94975e+010
1.855 3.15846e+011 562002 2.7022e+011 7.56621e+009 71.6831 1.29201e+007 2.77799e+011 3.80465e+010
1.856 3.17627e+011 563584 2.71473e+011 7.66197e+009 74.1429 1.30305e+007 2.79148e+011 3.84791e+010
1.858 3.21082e+011 566641 2.73983e+011 7.85678e+009 79.3124 1.3254e+007 2.81853e+011 3.92288e+010
1.859 3.31894e+011 576103 2.75241e+011 7.95584e+009 82.0275 1.33671e+007 2.8321e+011 4.86842e+010
1.861 3.36924e+011 580451 2.77761e+011 8.15734e+009 87.7329 1.3596e+007 2.85932e+011 5.09918e+010
1.862 3.30041e+011 574492 2.79023e+011 8.2598e+009 90.7292 1.37119e+007 2.87297e+011 4.27443e+010
1.863 3.16194e+011 562312 2.80287e+011 8.36341e+009 93.8254 1.38286e+007 2.88664e+011 2.75299e+010
1.865 3.16476e+011 562562 2.8282e+011 8.57415e+009 100.33 1.40649e+007 2.91408e+011 2.50684e+010
1.866 3.25607e+011 570620 2.84088e+011 8.6813e+009 103.746 1.41844e+007 2.92784e+011 3.28231e+010
1.867 3.20637e+011 566248 2.85358e+011 8.78965e+009 107.275 1.43049e+007 2.94162e+011 2.6475e+010
1.869 3.20872e+011 566456 2.87902e+011 9.00999e+009 114.689 1.45488e+007 2.96926e+011 2.39462e+010
1.87 3.25479e+011 570507 2.89175e+011 9.12201e+009 118.581 1.46722e+007 2.98312e+011 2.71665e+010
1.871 3.21615e+011 567111 2.90451e+011 9.23527e+009 122.602 1.47966e+007 2.99701e+011 2.19148e+010
1.873 3.04664e+011 551964 2.93005e+011 9.46559e+009 131.047 1.50483e+007 3.02485e+011 2.17912e+009
1.874 2.92904e+011 541206 2.94283e+011 9.58267e+009 135.48 1.51757e+007 3.03881e+011 -1.09772e+010
1.876 2.92675e+011 540995 2.96844e+011 9.82072e+009 144.79 1.54334e+007 3.06681e+011 -1.40054e+010
1.877 3.31888e+011 576097 2.98127e+011 9.94172e+009 149.676 1.55638e+007 3.08084e+011 2.38044e+010
1.878 3.34182e+011 578084 2.9941e+011 1.0064e+010 154.723 1.56952e+007 3.0949e+011 2.46921e+010
1.88 3.13799e+011 560178 3.01979e+011 1.03128e+010 165.32 1.59612e+007 3.12308e+011 1.49131e+009
1.881 3.52428e+011 593656 3.03265e+011 1.04392e+010 170.881 1.60957e+007 3.13721e+011 3.87073e+010
1.883 3.08871e+011 555762 3.0584e+011 1.06961e+010 182.557 1.6368e+007 3.16553e+011 -7.68186e+009
1.884 3.23652e+011 568904 3.07129e+011 1.08267e+010 188.683 1.65058e+007 3.17972e+011 5.6794e+009
1.885 3.43087e+011 585736 3.08419e+011 1.09587e+010 195.01 1.66446e+007 3.19394e+011 2.36929e+010
1.887 3.62057e+011 601712 3.11e+011 1.1227e+010 208.29 1.69255e+007 3.22244e+011 3.9813e+010
1.888 3.46289e+011 588463 3.12292e+011 1.13634e+010 215.257 1.70677e+007 3.23673e+011 2.26165e+010
1.89 3.50809e+011 592291 3.14878e+011 1.16405e+010 229.88 1.73553e+007 3.26536e+011 2.42731e+010
1.891 3.30881e+011 575222 3.16172e+011 1.17813e+010 237.551 1.75008e+007 3.2797e+011 2.91008e+009
1.892 3.64562e+011 603790 3.17466e+011 1.19237e+010 245.471 1.76474e+007 3.29407e+011 3.51546e+010
1.894 3.59433e+011 599527 3.20056e+011 1.22129e+010 262.092 1.79441e+007 3.32287e+011 2.71459e+010
1.895 3.51215e+011 592634 3.21352e+011 1.23599e+010 270.809 1.80942e+007 3.3373e+011 1.74857e+010
1.897 3.584e+011 598665 3.23944e+011 1.26585e+010 289.1 1.83979e+007 3.36621e+011 2.17787e+010
1.898 3.36147e+011 579782 3.25241e+011 1.28103e+010 298.692 1.85516e+007 3.3807e+011 -1.92318e+009
1.899 3.33306e+011 577326 3.26539e+011 1.29636e+010 308.594 1.87064e+007 3.39521e+011 -6.21505e+009
1.901 3.4698e+011 589050 3.29134e+011 1.32751e+010 329.369 1.90197e+007 3.42428e+011 4.55235e+009
1.902 3.37682e+011 581104 3.30431e+011 1.34334e+010 340.261 1.91781e+007 3.43884e+011 -6.2021e+009
1.904 3.49906e+011 591529 3.33028e+011 1.37549e+010 363.11 1.94988e+007 3.46802e+011 3.10436e+009
1.905 3.51525e+011 592896 3.34326e+011 1.39182e+010 375.089 1.9661e+007 3.48264e+011 3.26159e+009
1.907 3.62101e+011 601749 3.36922e+011 1.425e+010 400.214 1.99891e+007 3.51192e+011 1.09092e+010
1.908 3.56941e+011 597446 3.3822e+011 1.44186e+010 413.385 2.01551e+007 3.52659e+011 4.28232e+009
1.91 3.65554e+011 604610 3.40816e+011 1.47609e+010 441.006 2.0491e+007 3.55598e+011 9.95594e+009
1.911 3.66739e+011 605590 3.42114e+011 1.49347e+010 455.483 2.06608e+007 3.5707e+011 9.66955e+009
1.912 3.53564e+011 594613 3.43412e+011 1.51104e+010 470.423 2.0832e+007 3.58543e+011 -4.97879e+009
1.914 3.56973e+011 597472 3.46006e+011 1.54672e+010 501.75 2.11783e+007 3.61494e+011 -4.52194e+009
1.915 3.6366e+011 603043 3.47303e+011 1.56483e+010 518.167 2.13535e+007 3.62973e+011 6.8791e+008
1.917 3.70458e+011 608653 3.49895e+011 1.60163e+010 552.587 2.17079e+007 3.65933e+011 4.52501e+009
1.918 3.67453e+011 606179 3.51191e+011 1.62032e+010 570.622 2.18871e+007 3.67416e+011 3.7608e+007
1.92 3.65823e+011 604833 3.5378e+011 1.65826e+010 608.431 2.22498e+007 3.70385e+011 -4.56195e+009
1.921 3.645e+011 603738 3.55074e+011 1.67753e+010 628.24 2.24332e+007 3.71872e+011 -7.37225e+009
1.923 3.63461e+011 602877 3.5766e+011 1.71665e+010 669.761 2.28042e+007 3.7485e+011 -1.1389e+010
1.924 3.72193e+011 610077 3.58952e+011 1.73651e+010 691.512 2.29919e+007 3.7634e+011 -4.14705e+009
1.925 3.74204e+011 611722 3.60244e+011 1.75657e+010 713.951 2.3181e+007 3.77833e+011 -3.62819e+009
1.927 3.70662e+011 608820 3.62824e+011 1.79731e+010 760.978 2.35635e+007 3.80821e+011 -1.0159e+010
1.928 3.72615e+011 610422 3.64113e+011 1.81799e+010 785.61 2.3757e+007 3.82316e+011 -9.70121e+009
1.93 3.8584e+011 621160 3.66688e+011 1.85998e+010 837.225 2.41484e+007 3.85312e+011 5.28118e+008
1.931 3.82387e+011 618375 3.67974e+011 1.88129e+010 864.257 2.43463e+007 3.86811e+011 -4.4236e+009
1.933 3.77624e+011 614511 3.70543e+011 1.92456e+010 920.894 2.47467e+007 3.89813e+011 -1.21888e+010
1.934 3.88799e+011 623537 3.71825e+011 1.94652e+010 950.553 2.49492e+007 3.91316e+011 -2.51682e+009
1.936 3.95349e+011 628768 3.74388e+011 1.9911e+010 1012.69 2.53588e+007 3.94324e+011 1.02527e+009
1.937 4.03416e+011 635150 3.75667e+011 2.01372e+010 1045.22 2.55659e+007 3.9583e+011 7.58634e+009
1.939 3.91373e+011 625598 3.78222e+011 2.05964e+010 1113.37 2.59849e+007 3.98844e+011 -7.47075e+009
1.94 3.93475e+011 627276 3.79497e+011 2.08295e+010 1149.04 2.61968e+007 4.00353e+011 -6.87744e+009
1.942 3.9735e+011 630357 3.82043e+011 2.13025e+010 1223.77 2.66254e+007 4.03372e+011 -6.02233e+009
1.943 4.08355e+011 639027 3.83314e+011 2.15425e+010 1262.88 2.68422e+007 4.04884e+011 3.47183e+009
1.945 4.0779e+011 638584 3.85852e+011 2.20295e+010 1344.8 2.72806e+007 4.07908e+011 -1.18651e+008
1.946 4.07784e+011 638579 3.87118e+011 2.22767e+010 1387.68 2.75022e+007 4.09422e+011 -1.63849e+009
1.948 4.04058e+011 635656 3.89645e+011 2.27782e+010 1477.46 2.79507e+007 4.12451e+011 -8.39298e+009
1.949 4.06848e+011 637846 3.90906e+011 2.30327e+010 1524.44 2.81774e+007 4.13967e+011 -7.11914e+009
1.951 4.14356e+011 643705 3.93423e+011 2.3549e+010 1622.81 2.8636e+007 4.17001e+011 -2.64495e+009
1.952 4.1445e+011 643778 3.94679e+011 2.38109e+010 1674.29 2.88679e+007 4.18519e+011 -4.0687e+009
1.954 4.09263e+011 639737 3.97184e+011 2.43424e+010 1782.05 2.9337e+007 4.21556e+011 -1.22931e+010
1.955 3.96888e+011 629991 3.98434e+011 2.4612e+010 1838.44 2.95741e+007 4.23076e+011 -2.61873e+010
1.957 4.21263e+011 649048 4.00927e+011 2.51589e+010 1956.46 3.00538e+007 4.26116e+011 -4.8535e+009
1.958 4.12006e+011 641877 4.02171e+011 2.54364e+010 2018.2 3.02964e+007 4.27637e+011 -1.56314e+010
1.96 4.14928e+011 644149 4.04651e+011 2.59992e+010 2147.43 3.07869e+007 4.30681e+011 -1.57524e+010
1.961 4.14706e+011 643977 4.05888e+011 2.62846e+010 2215.02 3.10349e+007 4.32203e+011 -1.74972e+010
1.963 4.26868e+011 653351 4.08354e+011 2.68637e+010 2356.48 3.15366e+007 4.35249e+011 -8.38129e+009
1.964 4.3039e+011 656041 4.09584e+011 2.71573e+010 2430.46 3.17902e+007 4.36773e+011 -6.38271e+009
1.966 4.41874e+011 664736 4.12035e+011 2.7753e+010 2585.27 3.23031e+007 4.39821e+011 2.05328e+009
1.968 4.40609e+011 663784 4.14477e+011 2.83599e+010 2749.65 3.28237e+007 4.4287e+011 -2.26104e+009
1.969 4.26468e+011 653045 4.15694e+011 2.86676e+010 2835.61 3.30869e+007 4.44395e+011 -1.79265e+010
1.971 4.34603e+011 659244 4.1812e+011 2.92918e+010 3015.44 3.36192e+007 4.47445e+011 -1.28425e+010
1.972 4.55106e+011 674615 4.19329e+011 2.96082e+010 3109.46 3.38883e+007 4.48971e+011 6.13477e+009
1.974 4.50944e+011 671524 4.21738e+011 3.025e+010 3306.14 3.44326e+007 4.52022e+011 -1.07823e+009
1.975 4.36979e+011 661044 4.22938e+011 3.05753e+010 3408.96 3.47077e+007 4.53548e+011 -1.65688e+010
1.977 4.43423e+011 665901 4.2533e+011 3.12351e+010 3624.01 3.52641e+007 4.566e+011 -1.31764e+010
1.978 4.44167e+011 666459 4.26521e+011 3.15695e+010 3736.42 3.55454e+007 4.58126e+011 -1.39589e+010
1.98 4.5637e+011 675552 4.28894e+011 3.22477e+010 3971.5 3.61142e+007 4.61178e+011 -4.80775e+009
1.981 4.54318e+011 674031 4.30076e+011 3.25914e+010 4094.37 3.64018e+007 4.62704e+011 -8.38631e+009
1.983 4.69622e+011 685290 4.3243e+011 3.32884e+010 4351.29 3.69833e+007 4.65756e+011 3.86655e+009
1.985 4.71493e+011 686654 4.34771e+011 3.39981e+010 4623.85 3.75734e+007 4.68807e+011 2.68604e+009
1.986 4.75359e+011 689463 4.35937e+011 3.43578e+010 4766.28 3.78717e+007 4.70333e+011 5.02643e+009
1.988 4.81303e+011 693760 4.38258e+011 3.5087e+010 5064.04 3.84749e+007 4.73383e+011 7.91967e+009
1.989 4.66673e+011 683134 4.39413e+011 3.54565e+010 5219.62 3.87799e+007 4.74908e+011 -8.23532e+009
1.991 4.45408e+011 667389 4.41712e+011 3.62056e+010 5544.83 3.93965e+007 4.77957e+011 -3.2549e+010
1.992 4.5099e+011 671558 4.42856e+011 3.65851e+010 5714.73 3.97081e+007 4.79481e+011 -2.84911e+010
1.994 4.69899e+011 685492 4.45134e+011 3.73545e+010 6069.83 4.03384e+007 4.82529e+011 -1.26296e+010
1.996 4.72037e+011 687050 4.47396e+011 3.81377e+010 6446.32 4.09778e+007 4.85575e+011 -1.35375e+010
1.997 4.63672e+011 680935 4.48521e+011 3.85345e+010 6642.98 4.1301e+007 4.87097e+011 -2.34249e+010
1.999 4.50408e+011 671124 4.50761e+011 3.93386e+010 7053.92 4.19546e+007 4.90141e+011 -3.97335e+010
2 4.60394e+011 678524 4.51874e+011 3.9746e+010 7268.54 4.22849e+007 4.91662e+011 -3.12683e+010
2.002 4.82727e+011 694785 4.54089e+011 4.05716e+010 7716.96 4.29529e+007 4.94704e+011 -1.19771e+010
2.004 4.7573e+011 689732 4.56288e+011 4.14118e+010 8192.19 4.36305e+007 4.97743e+011 -2.2013e+010
2.005 4.66903e+011 683303 4.5738e+011 4.18373e+010 8440.34 4.39731e+007 4.99262e+011 -3.23585e+010
2.007 4.67873e+011 684012 4.59554e+011 4.26996e+010 8958.71 4.46656e+007 5.02298e+011 -3.44249e+010
2.008 4.71262e+011 686485 4.60634e+011 4.31364e+010 9229.35 4.50156e+007 5.03815e+011 -3.2553e+010
2.01 4.87933e+011 698522 4.62781e+011 4.40213e+010 9794.65 4.57233e+007 5.06848e+011 -1.89151e+010
2.012 5.00064e+011 707152 4.6491e+011 4.49215e+010 10393.5 4.64412e+007 5.09878e+011 -9.8135e+009
2.013 4.81618e+011 693987 4.65967e+011 4.53774e+010 10706.1 4.68041e+007 5.11392e+011 -2.9774e+010
2.015 4.88491e+011 698921 4.68069e+011 4.6301e+010 11358.8 4.75377e+007 5.14418e+011 -2.59266e+010
2.017 4.82179e+011 694391 4.70152e+011 4.72404e+010 12050.1 4.82819e+007 5.17441e+011 -3.52621e+010
2.018 4.87203e+011 697999 4.71187e+011 4.7716e+010 12410.9 4.8658e+007 5.18951e+011 -3.17481e+010
2.02 4.77701e+011 691159 4.73241e+011 4.86795e+010 13164.2 4.94183e+007 5.2197e+011 -4.42693e+010
2.021 4.83301e+011 695198 4.74261e+011 4.91674e+010 13557.3 4.98026e+007 5.23478e+011 -4.0177e+010
2.023 4.88301e+011 698785 4.76286e+011 5.01554e+010 14377.9 5.05794e+007 5.26492e+011 -3.81911e+010
2.025 4.89381e+011 699558 4.78291e+011 5.116e+010 15246.5 5.13674e+007 5.29502e+011 -4.0121e+010
2.026 5.12629e+011 715981 4.79285e+011 5.16686e+010 15699.7 5.17656e+007 5.31006e+011 -1.83768e+010
2.028 5.1922e+011 720569 4.8126e+011 5.26986e+010 16645.7 5.25707e+007 5.34011e+011 -1.47913e+010
2.03 5.11239e+011 715010 4.83213e+011 5.37457e+010 17646.7 5.33872e+007 5.37012e+011 -2.57731e+010
2.031 4.80343e+011 693068 4.84182e+011 5.42758e+010 18168.9 5.37998e+007 5.38512e+011 -5.81689e+010
2.033 4.95494e+011 703913 4.86104e+011 5.53489e+010 19258.5 5.46339e+007 5.41507e+011 -4.60134e+010
2.035 5.12045e+011 715573 4.88004e+011 5.64398e+010 20411.4 5.548e+007 5.44499e+011 -3.24536e+010
2.036 5.06315e+011 711558 4.88945e+011 5.69919e+010 21012.6 5.59075e+007 5.45993e+011 -3.96786e+010
2.038 5.11321e+011 715067 4.90812e+011 5.81096e+010 22267 5.67716e+007 5.48979e+011 -3.76584e+010
2.039 5.26554e+011 725640 4.91738e+011 5.86753e+010 22921.1 5.72083e+007 5.5047e+011 -2.39163e+010
2.041 5.45553e+011 738615 4.93571e+011 5.98204e+010 24285.6 5.8091e+007 5.53449e+011 -7.89674e+009
2.043 5.22308e+011 722709 4.95381e+011 6.09839e+010 25728.6 5.89861e+007 5.56424e+011 -3.41162e+010
2.044 5.13521e+011 716604 4.96278e+011 6.15727e+010 26480.9 5.94385e+007 5.5791e+011 -4.4389e+010
2.046 5.11092e+011 714907 4.98053e+011 6.27644e+010 28050 6.03527e+007 5.60878e+011 -4.9786e+010
2.048 5.26119e+011 725340 4.99805e+011 6.39752e+010 29708.9 6.12799e+007 5.63842e+011 -3.77231e+010
2.05 5.74408e+011 757897 5.01534e+011 6.52051e+010 31462.6 6.22202e+007 5.66801e+011 7.60681e+009
2.051 5.61673e+011 749448 5.02389e+011 6.58274e+010 32376.7 6.26953e+007 5.68279e+011 -6.60589e+009
2.053 5.42793e+011 736745 5.0408e+011 6.70866e+010 34282.5 6.36555e+007 5.71231e+011 -2.84378e+010
2.055 5.23436e+011 723489 5.05747e+011 6.83656e+010 36296.7 6.46293e+007 5.74178e+011 -5.07415e+010
2.056 5.35629e+011 731867 5.06572e+011 6.90126e+010 37346.3 6.51213e+007 5.75649e+011 -4.00203e+010
2.058 5.57311e+011 746533 5.08201e+011 7.03216e+010 39534.4 6.61156e+007 5.78589e+011 -2.12776e+010
2.06 5.54529e+011 744667 5.09806e+011 7.16509e+010 41846.2 6.71238e+007 5.81524e+011 -2.69947e+010
2.061 5.69453e+011 754621 5.10598e+011 7.23233e+010 43050.7 6.76332e+007 5.82989e+011 -1.35359e+010
2.063 5.96258e+011 772177 5.12164e+011 7.36835e+010 45561 6.86627e+007 5.85916e+011 1.03414e+010
2.065 6.05298e+011 778009 5.13704e+011 7.50646e+010 48212.6 6.97066e+007 5.88838e+011 1.64596e+010
2.066 6.06088e+011 778516 5.14464e+011 7.5763e+010 49593.8 7.0234e+007 5.90297e+011 1.57902e+010
2.068 5.69336e+011 754544 5.15965e+011 7.71757e+010 52471.9 7.12998e+007 5.93212e+011 -2.38754e+010
2.07 5.61517e+011 749344 5.17438e+011 7.86098e+010 55511.3 7.23804e+007 5.96121e+011 -3.46037e+010
2.072 5.46224e+011 739070 5.18885e+011 8.00654e+010 58720.5 7.3476e+007 5.99024e+011 -5.27999e+010
2.073 5.42828e+011 736769 5.19599e+011 8.08014e+010 60391.7 7.40295e+007 6.00474e+011 -5.76462e+010
2.075 5.52334e+011 743192 5.21005e+011 8.22899e+010 63873.1 7.5148e+007 6.0337e+011 -5.10363e+010
2.077 5.92881e+011 769988 5.22383e+011 8.38005e+010 67548 7.62819e+007 6.0626e+011 -1.33788e+010
2.079 5.85439e+011 765140 5.23734e+011 8.53334e+010 71427 7.74316e+007 6.09145e+011 -2.37067e+010
2.08 5.61836e+011 749557 5.24399e+011 8.61083e+010 73446.3 7.80124e+007 6.10586e+011 -4.87496e+010
2.082 5.67918e+011 753603 5.25708e+011 8.76752e+010 77651.8 7.91859e+007 6.13463e+011 -4.5545e+010
2.084 6.22624e+011 789065 5.26989e+011 8.92649e+010 82089.5 8.03756e+007 6.16334e+011 6.28983e+009
2.085 7.1176e+011 843658 5.27618e+011 9.00684e+010 84399.3 8.09765e+007 6.17768e+011 9.39918e+010
2.087 6.56732e+011 810390 5.28856e+011 9.16928e+010 89208.5 8.21909e+007 6.20631e+011 3.61009e+010
2.089 6.14106e+011 783649 5.30065e+011 9.33406e+010 94282 8.34218e+007 6.23489e+011 -9.38345e+009
2.091 5.56118e+011 745733 5.31245e+011 9.50121e+010 99633.6 8.46697e+007 6.26341e+011 -7.02231e+010
2.092 5.58683e+011 747451 5.31823e+011 9.58567e+010 102418 8.53e+007 6.27766e+011 -6.90824e+010
2.094 5.73234e+011 757122 5.32959e+011 9.75639e+010 108215 8.65735e+007 6.3061e+011 -5.73758e+010
2.096 5.79034e+011 760943 5.34065e+011 9.92953e+010 114327 8.78644e+007 6.33449e+011 -5.44151e+010
2.098 5.56158e+011 745760 5.35142e+011 1.01051e+011 120772 8.91729e+007 6.36282e+011 -8.01245e+010
2.1 5.59729e+011 748150 5.36188e+011 1.02831e+011 127567 9.04992e+007 6.3911e+011 -7.9381e+010
2.101 5.70808e+011 755518 5.367e+011 1.03731e+011 131102 9.11691e+007 6.40522e+011 -6.97139e+010
2.103 6.34341e+011 796455 5.37701e+011 1.05548e+011 138456 9.25226e+007 6.43342e+011 -9.00154e+009
2.105 6.49111e+011 805674 5.38672e+011 1.07391e+011 146208 9.38944e+007 6.46157e+011 2.95441e+009
2.107 6.14879e+011 784142 5.39612e+011 1.09259e+011 154378 9.52847e+007 6.48966e+011 -3.40871e+010
2.108 5.90864e+011 768677 5.40071e+011 1.10202e+011 158626 9.59869e+007 6.50369e+011 -5.95047e+010
2.11 6.07647e+011 779517 5.40965e+011 1.12108e+011 167464 9.74056e+007 6.5317e+011 -4.55235e+010
2.112 6.7703e+011 822818 5.41828e+011 1.1404e+011 176775 9.88433e+007 6.55966e+011 2.10636e+010
2.114 7.00378e+011 836886 5.42659e+011 1.15998e+011 186584 1.003e+008 6.58758e+011 4.16204e+010
2.116 6.53826e+011 808595 5.4346e+011 1.17982e+011 196917 1.01777e+008 6.61544e+011 -7.71799e+009
2.117 5.55125e+011 745067 5.43848e+011 1.18984e+011 202288 1.02523e+008 6.62935e+011 -1.07809e+011
2.119 4.95755e+011 704098 5.44602e+011 1.21007e+011 213457 1.0403e+008 6.65713e+011 -1.69958e+011
2.121 5.09997e+011 714141 5.45323e+011 1.23057e+011 225220 1.05556e+008 6.68486e+011 -1.58489e+011
2.123 6.02036e+011 775910 5.46013e+011 1.25134e+011 237605 1.07103e+008 6.71255e+011 -6.92187e+010
2.125 7.06808e+011 840719 5.46671e+011 1.27238e+011 250646 1.08671e+008 6.74019e+011 3.27897e+010
2.126 7.72202e+011 878750 5.46988e+011 1.28301e+011 257422 1.09463e+008 6.75399e+011 9.68033e+010
2.128 7.23245e+011 850438 5.47598e+011 1.30446e+011 271508 1.11062e+008 6.78155e+011 4.509e+010
2.13 6.53542e+011 808420 5.48176e+011 1.32618e+011 286334 1.12683e+008 6.80907e+011 -2.73647e+010
2.132 6.06571e+011 778827 5.48722e+011 1.34818e+011 301938 1.14325e+008 6.83655e+011 -7.70836e+010
2.134 6.02227e+011 776033 5.49235e+011 1.37046e+011 318360 1.15989e+008 6.86397e+011 -8.41699e+010
2.136 5.7964e+011 761341 5.49716e+011 1.39302e+011 335639 1.17675e+008 6.89136e+011 -1.09496e+011
2.137 6.30226e+011 793868 5.49944e+011 1.4044e+011 344614 1.18526e+008 6.90503e+011 -6.02769e+010
2.139 7.01309e+011 837442 5.50376e+011 1.42739e+011 363261 1.20245e+008 6.93235e+011 8.07392e+009
2.141 7.50467e+011 866295 5.50775e+011 1.45066e+011 382877 1.21987e+008 6.95963e+011 5.45044e+010
2.143 7.21967e+011 849686 5.51141e+011 1.47421e+011 403511 1.23752e+008 6.98687e+011 2.328e+010
2.145 6.80322e+011 824816 5.51475e+011 1.49805e+011 425212 1.25541e+008 7.01406e+011 -2.1084e+010
2.147 6.5076e+011 806697 5.51776e+011 1.52218e+011 448033 1.27352e+008 7.04122e+011 -5.33622e+010
2.149 6.4144e+011 800899 5.52044e+011 1.5466e+011 472029 1.29188e+008 7.06834e+011 -6.5394e+010
2.15 6.70483e+011 818830 5.52165e+011 1.55892e+011 484486 1.30115e+008 7.08188e+011 -3.77057e+010
2.152 7.35921e+011 857858 5.52384e+011 1.58379e+011 510354 1.31986e+008 7.10895e+011 2.50261e+010
2.154 7.44953e+011 863107 5.52569e+011 1.60894e+011 537548 1.33882e+008 7.13598e+011 3.13551e+010
2.156 7.39306e+011 859829 5.52722e+011 1.63439e+011 566131 1.35803e+008 7.16297e+011 2.30089e+010
2.158 6.92215e+011 831995 5.52841e+011 1.66014e+011 596172 1.37749e+008 7.18994e+011 -2.67787e+010
2.16 6.73785e+011 820844 5.52927e+011 1.68619e+011 627742 1.3972e+008 7.21687e+011 -4.79013e+010
2.162 6.97724e+011 835299 5.5298e+011 1.71254e+011 660913 1.41717e+008 7.24377e+011 -2.66524e+010
2.163 7.48384e+011 865092 5.52994e+011 1.72583e+011 678124 1.42725e+008 7.25721e+011 2.26636e+010
2.165 7.5943e+011 871453 5.52997e+011 1.75264e+011 713846 1.4476e+008 7.28406e+011 3.1024e+010
2.167 7.53966e+011 868312 5.52968e+011 1.77974e+011 751372 1.46822e+008 7.31089e+011 2.28761e+010
2.169 7.82302e+011 884478 5.52905e+011 1.80716e+011 790787 1.48911e+008 7.3377e+011 4.85324e+010
2.171 8.02457e+011 895800 5.52808e+011 1.83487e+011 832182 1.51026e+008 7.36448e+011 6.60092e+010
2.173 8.00556e+011 894738 5.52679e+011 1.8629e+011 875653 1.53169e+008 7.39123e+011 6.14326e+010
2.175 7.75197e+011 880453 5.52517e+011 1.89124e+011 921299 1.55339e+008 7.41797e+011 3.34005e+010
2.177 7.55874e+011 869410 5.52322e+011 1.91988e+011 969222 1.57537e+008 7.44468e+011 1.14059e+010
2.179 7.61584e+011 872688 5.52093e+011 1.94884e+011 1.01953e+006 1.59763e+008 7.47138e+011 1.44458e+010
2.181 7.68331e+011 876545 5.51832e+011 1.9781e+011 1.07234e+006 1.62017e+008 7.49806e+011 1.85257e+010
2.183 7.58366e+011 870842 5.51538e+011 2.00768e+011 1.12777e+006 1.64301e+008 7.52472e+011 5.8948e+009
2.184 7.46903e+011 864235 5.51378e+011 2.02259e+011 1.1565e+006 1.65453e+008 7.53804e+011 -6.90128e+009
2.186 7.54835e+011 868812 5.51035e+011 2.05264e+011 1.21608e+006 1.6778e+008 7.56468e+011 -1.63344e+009
2.188 7.93916e+011 891020 5.50659e+011 2.08301e+011 1.2786e+006 1.70137e+008 7.59131e+011 3.47852e+010
2.19 7.76482e+011 881182 5.5025e+011 2.11369e+011 1.3442e+006 1.72523e+008 7.61792e+011 1.46902e+010
2.192 8.13314e+011 901839 5.49808e+011 2.14469e+011 1.41301e+006 1.7494e+008 7.64453e+011 4.88611e+010
2.194 8.03428e+011 896341 5.49334e+011 2.176e+011 1.48519e+006 1.77387e+008 7.67113e+011 3.63152e+010
2.196 7.9331e+011 890679 5.48827e+011 2.20763e+011 1.56089e+006 1.79866e+008 7.69772e+011 2.35382e+010
2.198 7.81451e+011 883997 5.48288e+011 2.23958e+011 1.64028e+006 1.82375e+008 7.7243e+011 9.02026e+009
2.2 7.89072e+011 888297 5.47717e+011 2.27185e+011 1.72353e+006 1.84916e+008 7.75089e+011 1.3983e+010
2.202 8.2318e+011 907292 5.47113e+011 2.30444e+011 1.81081e+006 1.87489e+008 7.77747e+011 4.5433e+010
2.204 8.64555e+011 929814 5.46477e+011 2.33735e+011 1.90232e+006 1.90094e+008 7.80405e+011 8.41504e+010
2.206 8.68229e+011 931788 5.4581e+011 2.37058e+011 1.99824e+006 1.92732e+008 7.83063e+011 8.51667e+010
2.208 8.57755e+011 926151 5.4511e+011 2.40413e+011 2.09877e+006 1.95403e+008 7.85721e+011 7.20345e+010
2.21 8.54736e+011 924519 5.44379e+011 2.438e+011 2.20414e+006 1.98107e+008 7.8838e+011 6.6356e+010
2.212 8.28017e+011 909954 5.43616e+011 2.47219e+011 2.31455e+006 2.00845e+008 7.91039e+011 3.69781e+010
2.214 8.13655e+011 902028 5.42822e+011 2.50671e+011 2.43023e+006 2.03617e+008 7.93699e+011 1.99563e+010
2.216 8.44547e+011 918992 5.41996e+011 2.54154e+011 2.55143e+006 2.06424e+008 7.9636e+011 4.81876e+010
2.218 8.37929e+011 915385 5.4114e+011 2.5767e+011 2.6784e+006 2.09265e+008 7.99021e+011 3.89076e+010
2.22 8.46601e+011 920109 5.40252e+011 2.61217e+011 2.81139e+006 2.12141e+008 8.01684e+011 4.49164e+010
2.222 8.43739e+011 918553 5.39333e+011 2.64797e+011 2.95068e+006 2.15053e+008 8.04348e+011 3.93906e+010
2.224 8.47064e+011 920361 5.38384e+011 2.68409e+011 3.09654e+006 2.18001e+008 8.07014e+011 4.00497e+010
2.226 8.60023e+011 927374 5.37404e+011 2.72053e+011 3.24927e+006 2.20985e+008 8.09681e+011 5.03413e+010
2.228 8.42977e+011 918138 5.36394e+011 2.75729e+011 3.40918e+006 2.24006e+008 8.1235e+011 3.06269e+010
2.23 8.29615e+011 910832 5.35353e+011 2.79437e+011 3.57658e+006 2.27064e+008 8.15021e+011 1.45933e+010
2.232 8.31806e+011 912034 5.34283e+011 2.83177e+011 3.75181e+006 2.3016e+008 8.17694e+011 1.41121e+010
2.234 8.50608e+011 922284 5.33183e+011 2.86949e+011 3.93522e+006 2.33293e+008 8.20369e+011 3.02391e+010
2.236 8.61296e+011 928060 5.32053e+011 2.90753e+011 4.12716e+006 2.36465e+008 8.23047e+011 3.82494e+010
2.238 8.70514e+011 933013 5.30894e+011 2.94589e+011 4.32801e+006 2.39675e+008 8.25727e+011 4.4787e+010
2.24 8.73339e+011 934526 5.29705e+011 2.98456e+011 4.53815e+006 2.42924e+008 8.28409e+011 4.49296e+010
2.242 8.64088e+011 929563 5.28488e+011 3.02355e+011 4.75801e+006 2.46213e+008 8.31094e+011 3.2994e+010
2.244 8.43885e+011 918632 5.27241e+011 3.06286e+011 4.98799e+006 2.49542e+008 8.33782e+011 1.01029e+010
2.246 8.48465e+011 921122 5.25967e+011 3.10248e+011 5.22854e+006 2.52911e+008 8.36473e+011 1.19921e+010
2.248 8.40758e+011 916929 5.24663e+011 3.14242e+011 5.48012e+006 2.56321e+008 8.39167e+011 1.59089e+009
2.25 8.4938e+011 921618 5.23332e+011 3.18267e+011 5.7432e+006 2.59772e+008 8.41864e+011 7.51552e+009
2.252 8.47862e+011 920794 5.21973e+011 3.22323e+011 6.01828e+006 2.63264e+008 8.44565e+011 3.29673e+009
2.254 8.76366e+011 936144 5.20586e+011 3.2641e+011 6.30588e+006 2.66799e+008 8.47269e+011 2.90964e+010
2.256 8.89759e+011 943270 5.19172e+011 3.30528e+011 6.60653e+006 2.70376e+008 8.49977e+011 3.97823e+010
2.258 8.98845e+011 948075 5.1773e+011 3.34677e+011 6.92079e+006 2.73995e+008 8.52688e+011 4.6157e+010
2.26 9.13208e+011 955619 5.16262e+011 3.38857e+011 7.24924e+006 2.77659e+008 8.55403e+011 5.78049e+010
2.262 9.06593e+011 952152 5.14766e+011 3.43067e+011 7.59248e+006 2.81365e+008 8.58123e+011 4.84709e+010
2.265 8.70763e+011 933147 5.12474e+011 3.49439e+011 8.13646e+006 2.87009e+008 8.62209e+011 8.55432e+009
2.267 9.14491e+011 956290 5.10913e+011 3.53725e+011 8.51949e+006 2.90827e+008 8.64938e+011 4.95525e+010
2.269 9.29522e+011 964117 5.09327e+011 3.58041e+011 8.91961e+006 2.94691e+008 8.67671e+011 6.18507e+010
2.271 9.49297e+011 974319 5.07715e+011 3.62386e+011 9.33754e+006 2.986e+008 8.70409e+011 7.88881e+010
2.273 9.44158e+011 971678 5.06078e+011 3.66761e+011 9.77404e+006 3.02556e+008 8.73152e+011 7.1006e+010
2.275 9.63092e+011 981372 5.04416e+011 3.71166e+011 1.02299e+007 3.06558e+008 8.75898e+011 8.71934e+010
2.277 9.36687e+011 967826 5.02729e+011 3.756e+011 1.07058e+007 3.10608e+008 8.7865e+011 5.80376e+010
2.279 9.56317e+011 977915 5.01018e+011 3.80062e+011 1.12028e+007 3.14705e+008 8.81406e+011 7.49115e+010
2.281 9.46627e+011 972948 4.99282e+011 3.84553e+011 1.17216e+007 3.1885e+008 8.84166e+011 6.24609e+010
2.283 9.35228e+011 967072 4.97523e+011 3.89073e+011 1.22631e+007 3.23044e+008 8.86932e+011 4.82967e+010
2.286 9.43756e+011 971471 4.94841e+011 3.95906e+011 1.31201e+007 3.29427e+008 8.91089e+011 5.26674e+010
2.288 9.7792e+011 988898 4.93023e+011 4.00496e+011 1.37226e+007 3.33745e+008 8.93867e+011 8.40536e+010
2.29 9.46951e+011 973114 4.91183e+011 4.05114e+011 1.43513e+007 3.38113e+008 8.96649e+011 5.03022e+010
2.292 9.86888e+011 993422 4.89321e+011 4.09758e+011 1.50072e+007 3.42532e+008 8.99437e+011 8.74515e+010
2.294 9.89815e+011 994894 4.87436e+011 4.14431e+011 1.56915e+007 3.47002e+008 9.02229e+011 8.75854e+010
2.296 9.62189e+011 980912 4.85529e+011 4.19129e+011 1.64053e+007 3.51523e+008 9.05027e+011 5.71625e+010
2.298 9.88579e+011 994273 4.83601e+011 4.23855e+011 1.71497e+007 3.56098e+008 9.07829e+011 8.075e+010
2.301 9.88301e+011 994133 4.8067e+011 4.30992e+011 1.83266e+007 3.63058e+008 9.12043e+011 7.62584e+010
2.303 9.57472e+011 978505 4.78689e+011 4.35782e+011 1.91532e+007 3.67765e+008 9.14858e+011 4.26141e+010
2.305 9.42437e+011 970792 4.76688e+011 4.40598e+011 2.0015e+007 3.72527e+008 9.17679e+011 2.47581e+010
2.307 9.6641e+011 983062 4.74667e+011 4.45439e+011 2.09134e+007 3.77343e+008 9.20504e+011 4.59061e+010
2.309 9.92718e+011 996352 4.72627e+011 4.50304e+011 2.18499e+007 3.82214e+008 9.23335e+011 6.93833e+010
2.311 9.82115e+011 991017 4.70567e+011 4.55194e+011 2.28258e+007 3.87141e+008 9.26171e+011 5.59443e+010
2.313 9.87775e+011 993869 4.68487e+011 4.60108e+011 2.38429e+007 3.92124e+008 9.29011e+011 5.87642e+010
2.316 1.01726e+012 1.00859e+006 4.65333e+011 4.67523e+011 2.54491e+007 3.99705e+008 9.33282e+011 8.39797e+010
2.318 1.0177e+012 1.00881e+006 4.63208e+011 4.72496e+011 2.65761e+007 4.04832e+008 9.36135e+011 8.15677e+010
2.32 1.00311e+012 1.00155e+006 4.61064e+011 4.77491e+011 2.77501e+007 4.10016e+008 9.38993e+011 6.41136e+010
2.322 9.81392e+011 990652 4.58903e+011 4.82508e+011 2.8973e+007 4.15259e+008 9.41856e+011 3.95358e+010
2.324 1.02393e+012 1.01189e+006 4.56725e+011 4.87548e+011 3.02465e+007 4.20561e+008 9.44724e+011 7.92055e+010
2.327 1.00551e+012 1.00275e+006 4.53426e+011 4.95147e+011 3.22563e+007 4.28626e+008 9.49034e+011 5.64786e+010
2.329 1.00611e+012 1.00305e+006 4.51206e+011 5.0024e+011 3.36653e+007 4.34079e+008 9.51914e+011 5.41918e+010
2.331 9.87375e+011 993667 4.48971e+011 5.05352e+011 3.51323e+007 4.39593e+008 9.54798e+011 3.25769e+010
2.333 9.93032e+011 996510 4.46719e+011 5.10485e+011 3.66593e+007 4.45169e+008 9.57686e+011 3.53456e+010
2.335 1.0039e+012 1.00195e+006 4.44452e+011 5.15638e+011 3.82488e+007 4.50807e+008 9.60579e+011 4.33229e+010
2.338 1.04655e+012 1.02301e+006 4.41024e+011 5.23402e+011 4.0755e+007 4.59382e+008 9.64926e+011 8.16237e+010
2.34 1.02607e+012 1.01295e+006 4.3872e+011 5.28602e+011 4.25109e+007 4.65179e+008 9.67829e+011 5.82374e+010
2.342 1.02323e+012 1.01155e+006 4.36402e+011 5.33819e+011 4.43377e+007 4.7104e+008 9.70736e+011 5.24981e+010
2.344 1.01578e+012 1.00786e+006 4.3407e+011 5.39054e+011 4.62383e+007 4.76966e+008 9.73647e+011 4.21327e+010
2.347 1.02255e+012 1.01121e+006 4.30548e+011 5.46937e+011 4.92333e+007 4.85978e+008 9.78021e+011 4.45296e+010
2.349 1.05273e+012 1.02603e+006 4.28184e+011 5.52214e+011 5.13302e+007 4.92069e+008 9.8094e+011 7.17912e+010
2.351 1.03697e+012 1.01832e+006 4.25806e+011 5.57505e+011 5.35109e+007 4.98227e+008 9.83864e+011 5.31056e+010
2.353 1.03137e+012 1.01556e+006 4.23417e+011 5.62812e+011 5.57784e+007 5.04453e+008 9.8679e+011 4.45783e+010
2.356 9.85391e+011 992669 4.19811e+011 5.708e+011 5.93494e+007 5.13921e+008 9.91185e+011 -5.79346e+009
2.358 1.032e+012 1.01587e+006 4.17393e+011 5.76143e+011 6.18481e+007 5.20319e+008 9.94118e+011 3.7881e+010
2.36 1.04146e+012 1.02052e+006 4.14964e+011 5.81499e+011 6.44452e+007 5.26786e+008 9.97054e+011 4.44089e+010
2.362 1.06956e+012 1.0342e+006 4.12525e+011 5.86867e+011 6.71444e+007 5.33325e+008 9.99992e+011 6.95699e+010
2.365 1.02871e+012 1.01425e+006 4.08846e+011 5.94943e+011 7.13926e+007 5.43266e+008 1.0044e+012 2.43096e+010
2.367 1.04742e+012 1.02344e+006 4.06382e+011 6.00341e+011 7.43633e+007 5.49983e+008 1.00735e+012 4.00742e+010
2.369 1.02827e+012 1.01404e+006 4.03908e+011 6.05749e+011 7.74495e+007 5.56773e+008 1.01029e+012 1.79819e+010
2.372 1.01618e+012 1.00806e+006 4.0018e+011 6.13881e+011 8.23045e+007 5.67096e+008 1.01471e+012 1.46446e+009
2.374 1.02931e+012 1.01455e+006 3.97684e+011 6.19314e+011 8.56979e+007 5.74071e+008 1.01766e+012 1.16525e+010
2.376 1.0053e+012 1.00265e+006 3.95181e+011 6.24755e+011 8.92218e+007 5.81121e+008 1.02061e+012 -1.53027e+010
2.378 1.0358e+012 1.01774e+006 3.92669e+011 6.30205e+011 9.28809e+007 5.88246e+008 1.02355e+012 1.22462e+010
2.381 1.05547e+012 1.02736e+006 3.88888e+011 6.38393e+011 9.86335e+007 5.99078e+008 1.02798e+012 2.74962e+010
2.383 1.0589e+012 1.02903e+006 3.86358e+011 6.43859e+011 1.02652e+008 6.06395e+008 1.03093e+012 2.79756e+010
2.385 1.06257e+012 1.03081e+006 3.83822e+011 6.49332e+011 1.06823e+008 6.13791e+008 1.03387e+012 2.8694e+010
2.388 1.06724e+012 1.03307e+006 3.80007e+011 6.5755e+011 1.13376e+008 6.25032e+008 1.0383e+012 2.89434e+010
2.39 1.06614e+012 1.03254e+006 3.77456e+011 6.63034e+011 1.17952e+008 6.32625e+008 1.04124e+012 2.49017e+010
2.392 1.09829e+012 1.04799e+006 3.749e+011 6.68522e+011 1.227e+008 6.40299e+008 1.04418e+012 5.41024e+010
2.395 1.0515e+012 1.02542e+006 3.71056e+011 6.76759e+011 1.30156e+008 6.51962e+008 1.0486e+012 2.89931e+009
2.397 1.05308e+012 1.0262e+006 3.68488e+011 6.82252e+011 1.35359e+008 6.5984e+008 1.05154e+012 1.54325e+009
2.399 1.10385e+012 1.05064e+006 3.65916e+011 6.87747e+011 1.40756e+008 6.678e+008 1.05447e+012 4.93748e+010
2.402 1.08345e+012 1.04089e+006 3.6205e+011 6.9599e+011 1.49227e+008 6.79898e+008 1.05887e+012 2.45803e+010
2.404 1.0849e+012 1.04158e+006 3.59469e+011 7.01484e+011 1.55136e+008 6.88069e+008 1.0618e+012 2.31007e+010
2.407 1.09348e+012 1.0457e+006 3.55592e+011 7.09723e+011 1.64409e+008 7.00485e+008 1.06618e+012 2.73015e+010
2.409 1.06617e+012 1.03255e+006 3.53004e+011 7.15213e+011 1.70874e+008 7.0887e+008 1.0691e+012 -2.931e+009
2.411 1.08891e+012 1.04351e+006 3.50413e+011 7.207e+011 1.77575e+008 7.17343e+008 1.07201e+012 1.68975e+010
2.414 1.09327e+012 1.04559e+006 3.46525e+011 7.28924e+011 1.88085e+008 7.30216e+008 1.07637e+012 1.69e+010
2.416 1.11079e+012 1.05394e+006 3.43931e+011 7.344e+011 1.9541e+008 7.3891e+008 1.07926e+012 3.1523e+010
2.418 1.10546e+012 1.05141e+006 3.41335e+011 7.3987e+011 2.02999e+008 7.47692e+008 1.08216e+012 2.33014e+010
2.421 1.10051e+012 1.04905e+006 3.37441e+011 7.48064e+011 2.14896e+008 7.61036e+008 1.08648e+012 1.40256e+010
2.423 1.12295e+012 1.0597e+006 3.34845e+011 7.53518e+011 2.23183e+008 7.70047e+008 1.08936e+012 3.35991e+010
2.426 1.04678e+012 1.02312e+006 3.30951e+011 7.61682e+011 2.36171e+008 7.83735e+008 1.09365e+012 -4.68721e+010
2.428 1.08933e+012 1.04371e+006 3.28355e+011 7.67114e+011 2.45214e+008 7.92977e+008 1.09651e+012 -7.17541e+009
2.43 1.1161e+012 1.05645e+006 3.2576e+011 7.72535e+011 2.54577e+008 8.02314e+008 1.09935e+012 1.67443e+010
2.433 1.12215e+012 1.05932e+006 3.2187e+011 7.80647e+011 2.69243e+008 8.16496e+008 1.1036e+012 1.85486e+010
2.435 1.12057e+012 1.05857e+006 3.19279e+011 7.8604e+011 2.79451e+008 8.26071e+008 1.10642e+012 1.41458e+010
2.438 1.13215e+012 1.06403e+006 3.15395e+011 7.94105e+011 2.95434e+008 8.40615e+008 1.11064e+012 2.15164e+010
2.44 1.10481e+012 1.0511e+006 3.12809e+011 7.99465e+011 3.06554e+008 8.50433e+008 1.11343e+012 -8.6193e+009
2.443 1.15864e+012 1.0764e+006 3.08935e+011 8.07477e+011 3.23961e+008 8.65346e+008 1.1176e+012 4.10413e+010
2.445 1.13296e+012 1.06441e+006 3.06356e+011 8.12798e+011 3.36067e+008 8.75413e+008 1.12037e+012 1.25925e+010
2.447 1.12463e+012 1.06048e+006 3.0378e+011 8.18103e+011 3.48589e+008 8.8558e+008 1.12312e+012 1.50895e+009
2.45 1.09929e+012 1.04847e+006 2.99923e+011 8.26028e+011 3.68179e+008 9.01022e+008 1.12722e+012 -2.79292e+010
2.452 1.10394e+012 1.05069e+006 2.97357e+011 8.31288e+011 3.81798e+008 9.11444e+008 1.12994e+012 -2.59958e+010
2.455 1.0934e+012 1.04566e+006 2.93516e+011 8.39142e+011 4.03097e+008 9.27272e+008 1.13399e+012 -4.05872e+010
2.457 1.09652e+012 1.04715e+006 2.90961e+011 8.44352e+011 4.17898e+008 9.37955e+008 1.13667e+012 -4.01442e+010
2.46 1.11308e+012 1.05503e+006 2.87138e+011 8.52127e+011 4.41037e+008 9.54177e+008 1.14066e+012 -2.75775e+010
2.462 1.16094e+012 1.07747e+006 2.84596e+011 8.57282e+011 4.57112e+008 9.65125e+008 1.1433e+012 1.76401e+010
2.465 1.15367e+012 1.07409e+006 2.80793e+011 8.64972e+011 4.82233e+008 9.81748e+008 1.14723e+012 6.43882e+009
2.467 1.14317e+012 1.06919e+006 2.78266e+011 8.70068e+011 4.99678e+008 9.92967e+008 1.14983e+012 -6.66019e+009
2.47 1.12708e+012 1.06164e+006 2.74486e+011 8.77664e+011 5.26933e+008 1.01e+009 1.15369e+012 -2.6607e+010
2.472 1.12592e+012 1.06109e+006 2.71974e+011 8.82695e+011 5.45852e+008 1.02149e+009 1.15624e+012 -3.03165e+010
2.475 1.09314e+012 1.04553e+006 2.6822e+011 8.9019e+011 5.75399e+008 1.03894e+009 1.16002e+012 -6.68874e+010
2.477 1.09498e+012 1.04641e+006 2.65726e+011 8.95152e+011 5.95902e+008 1.05072e+009 1.16252e+012 -6.75455e+010
2.48 1.08432e+012 1.04131e+006 2.61999e+011 9.0254e+011 6.27912e+008 1.06859e+009 1.16623e+012 -8.19161e+010
2.482 1.07615e+012 1.03738e+006 2.59524e+011 9.07427e+011 6.50117e+008 1.08065e+009 1.16868e+012 -9.25288e+010
2.485 1.08778e+012 1.04297e+006 2.55826e+011 9.14699e+011 6.8477e+008 1.09896e+009 1.17231e+012 -8.45254e+010
2.487 1.09056e+012 1.0443e+006 2.53371e+011 9.19507e+011 7.08799e+008 1.11131e+009 1.1747e+012 -8.41381e+010
2.49 1.16913e+012 1.08126e+006 2.49705e+011 9.26656e+011 7.46288e+008 1.13006e+009 1.17824e+012 -9.10604e+009
2.492 1.1766e+012 1.08471e+006 2.47272e+011 9.3138e+011 7.72274e+008 1.14271e+009 1.18057e+012 -3.96606e+009
2.495 1.1354e+012 1.06555e+006 2.4364e+011 9.38399e+011 8.12801e+008 1.16191e+009 1.18401e+012 -4.86169e+010
2.498 1.11291e+012 1.05495e+006 2.40028e+011 9.45337e+011 8.55252e+008 1.18138e+009 1.1874e+012 -7.44893e+010
2.5 1.06479e+012 1.03189e+006 2.37632e+011 9.49916e+011 8.84663e+008 1.19451e+009 1.18963e+012 -1.24838e+011
2.503 1.14307e+012 1.06914e+006 2.34057e+011 9.56712e+011 9.30503e+008 1.21444e+009 1.19291e+012 -4.98478e+010
2.505 1.13454e+012 1.06515e+006 2.31686e+011 9.61194e+011 9.62249e+008 1.22789e+009 1.19507e+012 -6.05274e+010
2.508 1.16316e+012 1.0785e+006 2.28149e+011 9.67842e+011 1.01171e+009 1.24829e+009 1.19825e+012 -3.50871e+010
2.51 1.1286e+012 1.06236e+006 2.25804e+011 9.72223e+011 1.04595e+009 1.26205e+009 1.20034e+012 -7.17365e+010
2.513 1.16942e+012 1.0814e+006 2.22307e+011 9.78715e+011 1.09929e+009 1.28293e+009 1.2034e+012 -3.39821e+010
2.516 1.13548e+012 1.06559e+006 2.18835e+011 9.85111e+011 1.15507e+009 1.30411e+009 1.2064e+012 -7.09271e+010
2.518 1.10982e+012 1.05348e+006 2.16534e+011 9.8932e+011 1.19367e+009 1.31839e+009 1.20837e+012 -9.85488e+010
2.521 1.13617e+012 1.06591e+006 2.13104e+011 9.95549e+011 1.25375e+009 1.34005e+009 1.21125e+012 -7.50794e+010
2.523 1.12742e+012 1.0618e+006 2.10831e+011 9.99645e+011 1.2953e+009 1.35466e+009 1.21313e+012 -8.57027e+010
2.526 1.02024e+012 1.01007e+006 2.07445e+011 1.0057e+012 1.35996e+009 1.37682e+009 1.21588e+012 -1.95646e+011
2.529 1.03206e+012 1.0159e+006 2.04085e+011 1.01165e+012 1.42751e+009 1.39929e+009 1.21856e+012 -1.86505e+011
2.531 9.85968e+011 992959 2.01861e+011 1.01555e+012 1.47421e+009 1.41444e+009 1.2203e+012 -2.34336e+011
2.534 1.06458e+012 1.03179e+006 1.98547e+011 1.02132e+012 1.54683e+009 1.43743e+009 1.22285e+012 -1.58267e+011
2.537 1.02066e+012 1.01028e+006 1.95261e+011 1.02697e+012 1.62264e+009 1.46072e+009 1.22532e+012 -2.04654e+011
2.539 1.08375e+012 1.04103e+006 1.93087e+011 1.03068e+012 1.67502e+009 1.47643e+009 1.22691e+012 -1.43161e+011
2.542 1.33574e+012 1.15574e+006 1.89849e+011 1.03613e+012 1.75643e+009 1.50025e+009 1.22924e+012 1.06503e+011
2.544 1.47161e+012 1.2131e+006 1.87706e+011 1.03971e+012 1.81265e+009 1.51631e+009 1.23074e+012 2.4087e+011
2.547 1.29822e+012 1.1394e+006 1.84517e+011 1.04497e+012 1.9e+009 1.54067e+009 1.23292e+012 6.53008e+010
2.55 1.44622e+012 1.20259e+006 1.81357e+011 1.0501e+012 1.9911e+009 1.56536e+009 1.23502e+012 2.11201e+011
2.552 1.28572e+012 1.1339e+006 1.79268e+011 1.05346e+012 2.05397e+009 1.582e+009 1.23636e+012 4.93613e+010
2.555 1.29393e+012 1.13751e+006 1.76158e+011 1.05838e+012 2.1516e+009 1.60723e+009 1.2383e+012 5.56343e+010
2.558 1.24065e+012 1.11385e+006 1.7308e+011 1.06318e+012 2.25334e+009 1.6328e+009 1.24015e+012 5.03285e+008
2.561 1.22031e+012 1.10468e+006 1.70032e+011 1.06785e+012 2.35934e+009 1.65871e+009 1.2419e+012 -2.15871e+010
2.563 1.21891e+012 1.10404e+006 1.68018e+011 1.07089e+012 2.43244e+009 1.67617e+009 1.24302e+012 -2.41111e+010
2.566 1.23776e+012 1.11255e+006 1.65022e+011 1.07534e+012 2.54586e+009 1.70265e+009 1.24461e+012 -6.8524e+009
2.569 1.26283e+012 1.12376e+006 1.62058e+011 1.07965e+012 2.66394e+009 1.72948e+009 1.2461e+012 1.67245e+010
2.571 1.29191e+012 1.13662e+006 1.60099e+011 1.08245e+012 2.74533e+009 1.74755e+009 1.24704e+012 4.48716e+010
2.574 1.30029e+012 1.1403e+006 1.57188e+011 1.08654e+012 2.87154e+009 1.77496e+009 1.24837e+012 5.1923e+010
2.577 1.29591e+012 1.13838e+006 1.54309e+011 1.09048e+012 3.00284e+009 1.80273e+009 1.24959e+012 4.63158e+010
2.58 1.33332e+012 1.15469e+006 1.51463e+011 1.09428e+012 3.13941e+009 1.83085e+009 1.25072e+012 8.26015e+010
2.582 1.31581e+012 1.14709e+006 1.49583e+011 1.09674e+012 3.23346e+009 1.84979e+009 1.25141e+012 6.44086e+010
2.585 1.28582e+012 1.13394e+006 1.46791e+011 1.1003e+012 3.37919e+009 1.87852e+009 1.25235e+012 3.34653e+010
2.588 1.27513e+012 1.12921e+006 1.44031e+011 1.10372e+012 3.53066e+009 1.90761e+009 1.25319e+012 2.19331e+010
2.591 1.24815e+012 1.11721e+006 1.41304e+011 1.107e+012 3.68804e+009 1.93707e+009 1.25393e+012 -5.77424e+009
2.593 1.16651e+012 1.08005e+006 1.39504e+011 1.1091e+012 3.79635e+009 1.95692e+009 1.25435e+012 -8.7844e+010
2.596 1.22797e+012 1.10814e+006 1.36832e+011 1.11212e+012 3.96402e+009 1.987e+009 1.2549e+012 -2.69313e+010
2.599 1.24586e+012 1.11618e+006 1.34194e+011 1.115e+012 4.13813e+009 2.01746e+009 1.25535e+012 -9.48477e+009
2.602 1.31476e+012 1.14663e+006 1.31588e+011 1.11772e+012 4.31887e+009 2.04831e+009 1.25567e+012 5.90897e+010
2.604 1.26066e+012 1.12279e+006 1.29869e+011 1.11945e+012 4.44314e+009 2.06908e+009 1.25583e+012 4.82644e+009
2.607 1.24403e+012 1.11536e+006 1.27319e+011 1.12192e+012 4.63538e+009 2.10057e+009 1.25597e+012 -1.19416e+010
2.61 1.21414e+012 1.10188e+006 1.24802e+011 1.12423e+012 4.83479e+009 2.13245e+009 1.256e+012 -4.18655e+010
2.613 1.2225e+012 1.10567e+006 1.22318e+011 1.12639e+012 5.0416e+009 2.16472e+009 1.25592e+012 -3.34206e+010
2.616 1.27402e+012 1.12873e+006 1.19867e+011 1.12839e+012 5.25602e+009 2.19739e+009 1.25572e+012 1.83047e+010
2.618 1.2311e+012 1.10955e+006 1.18252e+011 1.12964e+012 5.4033e+009 2.21939e+009 1.25552e+012 -2.44168e+010
2.621 1.1902e+012 1.09096e+006 1.15857e+011 1.13138e+012 5.63089e+009 2.25272e+009 1.25512e+012 -6.4925e+010
2.624 1.16048e+012 1.07725e+006 1.13495e+011 1.13297e+012 5.86668e+009 2.28646e+009 1.25461e+012 -9.41375e+010
2.627 1.16599e+012 1.07981e+006 1.11166e+011 1.13439e+012 6.11091e+009 2.32061e+009 1.25399e+012 -8.7992e+010
2.63 1.10439e+012 1.0509e+006 1.08871e+011 1.13565e+012 6.36381e+009 2.35517e+009 1.25324e+012 -1.48856e+011
2.633 1.10111e+012 1.04934e+006 1.06608e+011 1.13676e+012 6.62562e+009 2.39015e+009 1.25238e+012 -1.51264e+011
2.636 1.10159e+012 1.04956e+006 1.04378e+011 1.1377e+012 6.89657e+009 2.42555e+009 1.2514e+012 -1.49813e+011
2.638 1.11179e+012 1.05441e+006 1.0291e+011 1.13824e+012 7.0824e+009 2.44938e+009 1.25068e+012 -1.38889e+011
2.641 1.15755e+012 1.0759e+006 1.00735e+011 1.13891e+012 7.36914e+009 2.48548e+009 1.2495e+012 -9.19502e+010
2.644 1.08245e+012 1.04041e+006 9.85929e+010 1.13942e+012 7.66568e+009 2.522e+009 1.2482e+012 -1.65752e+011
2.647 1.11179e+012 1.05441e+006 9.64832e+010 1.13978e+012 7.97228e+009 2.55896e+009 1.24679e+012 -1.35003e+011
2.65 1.14969e+012 1.07224e+006 9.44059e+010 1.13996e+012 8.28919e+009 2.59635e+009 1.24526e+012 -9.55672e+010
2.653 1.24749e+012 1.11691e+006 9.23608e+010 1.13999e+012 8.61667e+009 2.63417e+009 1.2436e+012 3.88889e+009
2.656 1.30654e+012 1.14304e+006 9.03478e+010 1.13986e+012 8.95498e+009 2.67244e+009 1.24183e+012 6.47101e+010
2.659 1.31169e+012 1.14529e+006 8.83669e+010 1.13956e+012 9.30437e+009 2.71115e+009 1.23994e+012 7.17511e+010
2.662 1.28118e+012 1.13189e+006 8.64177e+010 1.1391e+012 9.66513e+009 2.7503e+009 1.23793e+012 4.32425e+010
2.664 1.29906e+012 1.13976e+006 8.51357e+010 1.1387e+012 9.91207e+009 2.77665e+009 1.23653e+012 6.25342e+010
2.667 1.29905e+012 1.13976e+006 8.32391e+010 1.13798e+012 1.02924e+010 2.81655e+009 1.23432e+012 6.47234e+010
2.67 1.2251e+012 1.10684e+006 8.13738e+010 1.13709e+012 1.06847e+010 2.85691e+009 1.232e+012 -6.90746e+009
2.673 1.20529e+012 1.09786e+006 7.95395e+010 1.13604e+012 1.10894e+010 2.89773e+009 1.22956e+012 -2.42714e+010
2.676 1.1269e+012 1.06155e+006 7.77361e+010 1.13483e+012 1.15067e+010 2.939e+009 1.22701e+012 -1.0011e+011
2.679 1.09208e+012 1.04503e+006 7.59633e+010 1.13346e+012 1.19369e+010 2.98074e+009 1.22434e+012 -1.32254e+011
2.682 1.18425e+012 1.08823e+006 7.42209e+010 1.13193e+012 1.23803e+010 3.02295e+009 1.22155e+012 -3.73025e+010
2.685 1.12149e+012 1.059e+006 7.25088e+010 1.13024e+012 1.28371e+010 3.06563e+009 1.21865e+012 -9.7165e+010
2.688 1.16846e+012 1.08095e+006 7.08266e+010 1.12839e+012 1.33077e+010 3.10878e+009 1.21564e+012 -4.71752e+010
2.691 1.14729e+012 1.07111e+006 6.9174e+010 1.12639e+012 1.37922e+010 3.1524e+009 1.21251e+012 -6.52243e+010
2.694 1.19197e+012 1.09178e+006 6.7551e+010 1.12423e+012 1.4291e+010 3.19651e+009 1.20927e+012 -1.72987e+010
2.697 1.132e+012 1.06396e+006 6.59571e+010 1.12192e+012 1.48044e+010 3.24109e+009 1.20592e+012 -7.39166e+010
2.7 1.21771e+012 1.1035e+006 6.43921e+010 1.11945e+012 1.53326e+010 3.28616e+009 1.20246e+012 1.52455e+010
2.703 1.13408e+012 1.06493e+006 6.28558e+010 1.11683e+012 1.5876e+010 3.33172e+009 1.19889e+012 -6.48128e+010
2.706 1.13703e+012 1.06632e+006 6.13479e+010 1.11405e+012 1.64347e+010 3.37777e+009 1.19521e+012 -5.81864e+010
2.709 1.12561e+012 1.06095e+006 5.98681e+010 1.11113e+012 1.7009e+010 3.42431e+009 1.19143e+012 -6.58245e+010
2.712 1.08458e+012 1.04143e+006 5.84161e+010 1.10805e+012 1.75993e+010 3.47135e+009 1.18754e+012 -1.0296e+011
2.715 1.08835e+012 1.04324e+006 5.69917e+010 1.10483e+012 1.82058e+010 3.51889e+009 1.18355e+012 -9.52022e+010
2.718 1.16396e+012 1.07887e+006 5.55944e+010 1.10146e+012 1.88288e+010 3.56693e+009 1.17945e+012 -1.54929e+010
2.721 1.12183e+012 1.05916e+006 5.42242e+010 1.09794e+012 1.94684e+010 3.61547e+009 1.17525e+012 -5.34269e+010
2.724 1.07071e+012 1.03475e+006 5.28805e+010 1.09428e+012 2.01251e+010 3.66453e+009 1.17095e+012 -1.00242e+011
2.727 1.04695e+012 1.0232e+006 5.15632e+010 1.09048e+012 2.07991e+010 3.71409e+009 1.16656e+012 -1.19611e+011
2.731 1.05593e+012 1.02759e+006 4.98473e+010 1.08519e+012 2.17249e+010 3.78098e+009 1.16054e+012 -1.0461e+011
2.734 1.05343e+012 1.02637e+006 4.85903e+010 1.08106e+012 2.24401e+010 3.83174e+009 1.15592e+012 -1.02491e+011
2.737 1.1633e+012 1.07857e+006 4.73586e+010 1.07679e+012 2.31733e+010 3.88303e+009 1.15121e+012 1.20974e+010
2.74 1.11737e+012 1.05706e+006 4.61518e+010 1.07239e+012 2.39249e+010 3.93484e+009 1.1464e+012 -2.90247e+010
2.743 1.10262e+012 1.05006e+006 4.49698e+010 1.06785e+012 2.46951e+010 3.98717e+009 1.1415e+012 -3.8882e+010
2.746 1.04282e+012 1.02119e+006 4.38122e+010 1.06318e+012 2.5484e+010 4.04003e+009 1.13652e+012 -9.36965e+010
2.749 9.82654e+011 991289 4.26785e+010 1.05838e+012 2.6292e+010 4.09342e+009 1.13145e+012 -1.48793e+011
2.752 1.00468e+012 1.00234e+006 4.15687e+010 1.05346e+012 2.71191e+010 4.14734e+009 1.12629e+012 -1.21606e+011
2.755 9.97461e+011 998730 4.04822e+010 1.0484e+012 2.79658e+010 4.2018e+009 1.12105e+012 -1.23592e+011
2.759 1.09786e+012 1.04779e+006 3.90694e+010 1.04147e+012 2.91252e+010 4.27525e+009 1.11394e+012 -1.60787e+010
2.762 1.03419e+012 1.01695e+006 3.80363e+010 1.03613e+012 3.00179e+010 4.33096e+009 1.10852e+012 -7.43255e+010
2.765 1.03301e+012 1.01637e+006 3.70255e+010 1.03068e+012 3.09307e+010 4.38722e+009 1.10302e+012 -7.00057e+010
2.768 1.03822e+012 1.01893e+006 3.60367e+010 1.0251e+012 3.18638e+010 4.44403e+009 1.09745e+012 -5.92281e+010
2.771 1.06596e+012 1.03245e+006 3.50695e+010 1.01941e+012 3.28173e+010 4.50138e+009 1.0918e+012 -2.58358e+010
2.774 1.10847e+012 1.05284e+006 3.41238e+010 1.01361e+012 3.37914e+010 4.55928e+009 1.08608e+012 2.23886e+010
2.778 1.05354e+012 1.02642e+006 3.28954e+010 1.0057e+012 3.51224e+010 4.63734e+009 1.07836e+012 -2.48191e+010
2.781 1.04056e+012 1.02008e+006 3.19982e+010 9.99645e+011 3.61451e+010 4.69654e+009 1.07248e+012 -3.19202e+010
2.784 1.03547e+012 1.01758e+006 3.11213e+010 9.93484e+011 3.71887e+010 4.75629e+009 1.06655e+012 -3.10767e+010
2.787 1.10819e+012 1.0527e+006 3.02643e+010 9.87221e+011 3.82535e+010 4.8166e+009 1.06056e+012 4.76298e+010
2.79 1.12298e+012 1.05971e+006 2.9427e+010 9.80858e+011 3.93395e+010 4.87747e+009 1.0545e+012 6.84798e+010
2.794 1.10674e+012 1.05202e+006 2.83405e+010 9.72223e+011 4.08207e+010 4.95951e+009 1.04634e+012 6.0395e+010
2.797 1.12971e+012 1.06288e+006 2.75477e+010 9.65636e+011 4.19566e+010 5.0217e+009 1.04016e+012 8.9545e+010
2.8 1.16074e+012 1.07737e+006 2.67735e+010 9.58958e+011 4.31138e+010 5.08445e+009 1.03393e+012 1.26806e+011
2.803 1.2058e+012 1.09809e+006 2.60175e+010 9.52191e+011 4.42926e+010 5.14778e+009 1.02765e+012 1.78147e+011
2.807 1.1397e+012 1.06757e+006 2.50374e+010 9.43033e+011 4.58978e+010 5.2331e+009 1.0192e+012 1.20494e+011
2.81 1.06667e+012 1.0328e+006 2.43228e+010 9.36068e+011 4.71268e+010 5.29777e+009 1.01282e+012 5.38561e+010
2.813 1.05375e+012 1.02652e+006 2.36254e+010 9.29022e+011 4.83773e+010 5.363e+009 1.00639e+012 4.73621e+010
2.816 1.0278e+012 1.0138e+006 2.29449e+010 9.21898e+011 4.96493e+010 5.42882e+009 9.99921e+011 2.7876e+010
2.82 1.05153e+012 1.02544e+006 2.20634e+010 9.12283e+011 5.13787e+010 5.51747e+009 9.91242e+011 6.0288e+010
2.823 1.06072e+012 1.02991e+006 2.14211e+010 9.04987e+011 5.27007e+010 5.58464e+009 9.84693e+011 7.60268e+010
2.826 1.04006e+012 1.01983e+006 2.07948e+010 8.97622e+011 5.40439e+010 5.65238e+009 9.78113e+011 6.19458e+010
2.83 1.08829e+012 1.04321e+006 1.99839e+010 8.87699e+011 5.58679e+010 5.74362e+009 9.69294e+011 1.18998e+011
2.833 1.09331e+012 1.04562e+006 1.93935e+010 8.80183e+011 5.72604e+010 5.81273e+009 9.62649e+011 1.30666e+011
2.836 1.05081e+012 1.02509e+006 1.88179e+010 8.72606e+011 5.86738e+010 5.88243e+009 9.5598e+011 9.48338e+010
2.84 1.04173e+012 1.02065e+006 1.80733e+010 8.62415e+011 6.05905e+010 5.97627e+009 9.47055e+011 9.46717e+010
2.843 1.01349e+012 1.00672e+006 1.75314e+010 8.54708e+011 6.20521e+010 6.04734e+009 9.40338e+011 7.31468e+010
2.846 1.00225e+012 1.00112e+006 1.70035e+010 8.46949e+011 6.35339e+010 6.119e+009 9.33605e+011 6.86406e+010
2.85 1.00031e+012 1.00016e+006 1.63209e+010 8.36529e+011 6.55408e+010 6.21547e+009 9.24606e+011 7.5709e+010
2.853 1.02067e+012 1.01028e+006 1.58244e+010 8.2866e+011 6.7069e+010 6.28851e+009 9.17842e+011 1.02829e+011
2.856 9.3767e+011 968334 1.5341e+010 8.20749e+011 6.86168e+010 6.36214e+009 9.11069e+011 2.6601e+010
2.86 8.702e+011 932845 1.47163e+010 8.10139e+011 7.07102e+010 6.46124e+009 9.02027e+011 -3.1827e+010
2.863 9.19521e+011 958916 1.42623e+010 8.02139e+011 7.23022e+010 6.53626e+009 8.9524e+011 2.42806e+010
2.867 9.20479e+011 959416 1.36757e+010 7.9142e+011 7.44536e+010 6.63721e+009 8.86186e+011 3.42925e+010
2.87 9.57031e+011 978280 1.32496e+010 7.83345e+011 7.60881e+010 6.71362e+009 8.79396e+011 7.76351e+010
2.874 1.01801e+012 1.00897e+006 1.26994e+010 7.72535e+011 7.82947e+010 6.81642e+009 8.70346e+011 1.47666e+011
2.877 1.00778e+012 1.00388e+006 1.22999e+010 7.64399e+011 7.99696e+010 6.89422e+009 8.63563e+011 1.44217e+011
2.88 9.66433e+011 983073 1.19113e+010 7.56241e+011 8.1661e+010 6.97262e+009 8.56786e+011 1.09647e+011
2.884 9.05144e+011 951390 1.14098e+010 7.45335e+011 8.39414e+010 7.07808e+009 8.47764e+011 5.73798e+010
2.887 9.05738e+011 951703 1.10459e+010 7.37136e+011 8.56698e+010 7.15787e+009 8.41009e+011 6.47285e+010
2.891 8.90538e+011 943683 1.05764e+010 7.26184e+011 8.79976e+010 7.26519e+009 8.32023e+011 5.85155e+010
2.894 9.08802e+011 953311 1.02358e+010 7.17957e+011 8.97602e+010 7.34637e+009 8.253e+011 8.35019e+010
2.898 8.34071e+011 913275 9.79665e+009 7.06977e+011 9.21316e+010 7.45555e+009 8.16361e+011 1.77101e+010
2.901 8.21921e+011 906599 9.47819e+009 6.98737e+011 9.39254e+010 7.53813e+009 8.09679e+011 1.22422e+010
2.905 7.71158e+011 878156 9.06773e+009 6.87747e+011 9.63363e+010 7.64916e+009 8.008e+011 -2.96419e+010
2.908 7.85245e+011 886140 8.77022e+009 6.79505e+011 9.81581e+010 7.73313e+009 7.94167e+011 -8.92179e+009
2.912 8.13717e+011 902063 8.3869e+009 6.68522e+011 1.00604e+011 7.84602e+009 7.85359e+011 2.83584e+010
2.915 7.74409e+011 880005 8.10917e+009 6.60292e+011 1.0245e+011 7.93138e+009 7.78782e+011 -4.37293e+009
2.919 7.7625e+011 881050 7.75149e+009 6.49332e+011 1.04926e+011 8.04612e+009 7.70055e+011 6.19423e+009
2.922 8.05185e+011 897321 7.49244e+009 6.41125e+011 1.06793e+011 8.13286e+009 7.63543e+011 4.16422e+010
2.926 7.52232e+011 867313 7.15896e+009 6.30205e+011 1.09293e+011 8.24944e+009 7.54907e+011 -2.67496e+009
2.929 8.28209e+011 910060 6.91754e+009 6.22034e+011 1.11177e+011 8.33757e+009 7.48465e+011 7.97433e+010
2.933 8.04173e+011 896757 6.60687e+009 6.11168e+011 1.13697e+011 8.45599e+009 7.39928e+011 6.42448e+010
2.937 7.96077e+011 892231 6.30865e+009 6.00341e+011 1.16225e+011 8.57545e+009 7.3145e+011 6.46266e+010
2.94 7.62876e+011 873428 6.09289e+009 5.92248e+011 1.18126e+011 8.66573e+009 7.25133e+011 3.77436e+010
2.944 7.24292e+011 851053 5.81543e+009 5.81499e+011 1.20665e+011 8.78702e+009 7.16766e+011 7.52571e+009
2.947 7.26853e+011 852557 5.61477e+009 5.7347e+011 1.22571e+011 8.87867e+009 7.10534e+011 1.63186e+010
2.951 7.11829e+011 843699 5.35683e+009 5.62812e+011 1.25113e+011 9.00176e+009 7.02284e+011 9.54446e+009
2.955 6.91428e+011 831521 5.10952e+009 5.52214e+011 1.27655e+011 9.12589e+009 6.94104e+011 -2.67621e+009
2.958 6.95459e+011 833942 4.93078e+009 5.44305e+011 1.2956e+011 9.21966e+009 6.88015e+011 7.4437e+009
2.962 6.82862e+011 826355 4.70116e+009 5.33819e+011 1.32095e+011 9.34558e+009 6.79961e+011 2.9019e+009
2.965 6.86773e+011 828718 4.53528e+009 5.26e+011 1.33992e+011 9.44069e+009 6.73968e+011 1.28051e+010
2.969 6.91524e+011 831579 4.32227e+009 5.15638e+011 1.36514e+011 9.56839e+009 6.66043e+011 2.54815e+010
2.973 6.75129e+011 821662 4.11827e+009 5.05352e+011 1.39025e+011 9.6971e+009 6.58193e+011 1.69359e+010
2.977 6.56664e+011 810348 3.92297e+009 4.95147e+011 1.41524e+011 9.8268e+009 6.50421e+011 6.24354e+009
2.98 6.60959e+011 812994 3.78199e+009 4.87548e+011 1.43387e+011 9.92474e+009 6.44642e+011 1.63176e+010
2.984 6.74327e+011 821174 3.60112e+009 4.77491e+011 1.45857e+011 1.00562e+010 6.37005e+011 3.73223e+010
2.988 6.80458e+011 824899 3.42808e+009 4.67523e+011 1.48307e+011 1.01886e+010 6.29447e+011 5.10113e+010
2.991 6.49678e+011 806026 3.30326e+009 4.60108e+011 1.50131e+011 1.02886e+010 6.2383e+011 2.58471e+010
2.995 6.73561e+011 820708 3.14321e+009 4.50304e+011 1.52541e+011 1.04227e+010 6.16411e+011 5.71502e+010
2.999 6.2125e+011 788194 2.9902e+009 4.40598e+011 1.54925e+011 1.05578e+010 6.09071e+011 1.21796e+010
3.003 6.14381e+011 783825 2.84396e+009 4.30992e+011 1.5728e+011 1.06939e+010 6.0181e+011 1.2571e+010
3.006 6.02886e+011 776457 2.73856e+009 4.23855e+011 1.59027e+011 1.07966e+010 5.96417e+011 6.4693e+009
3.01 6.24995e+011 790566 2.60353e+009 4.14431e+011 1.61326e+011 1.09343e+010 5.89295e+011 3.57e+010
3.014 6.28247e+011 792620 2.47457e+009 4.05114e+011 1.63591e+011 1.1073e+010 5.82252e+011 4.5995e+010
3.018 6.18582e+011 786500 2.35143e+009 3.95906e+011 1.65817e+011 1.12125e+010 5.75287e+011 4.32949e+010
3.021 6.00796e+011 775110 2.26275e+009 3.89073e+011 1.67461e+011 1.13178e+010 5.70115e+011 3.06812e+010
3.025 5.96645e+011 772428 2.14925e+009 3.80062e+011 1.69616e+011 1.1459e+010 5.63287e+011 3.33584e+010
3.029 5.81044e+011 762263 2.04096e+009 3.71166e+011 1.71727e+011 1.16011e+010 5.56535e+011 2.45091e+010
3.033 5.36362e+011 732368 1.93765e+009 3.62386e+011 1.73792e+011 1.17441e+010 5.4986e+011 -1.34974e+010
3.037 5.69877e+011 754902 1.83914e+009 3.53725e+011 1.75807e+011 1.18879e+010 5.4326e+011 2.66178e+010
3.041 5.76835e+011 759497 1.74521e+009 3.45184e+011 1.77772e+011 1.20327e+010 5.36734e+011 4.01014e+010
3.044 5.92833e+011 769956 1.67766e+009 3.38857e+011 1.79211e+011 1.21418e+010 5.31887e+011 6.09459e+010
3.048 5.84348e+011 764426 1.59132e+009 3.30528e+011 1.81081e+011 1.2288e+010 5.25488e+011 5.88592e+010
3.052 5.6877e+011 754168 1.50905e+009 3.22323e+011 1.82894e+011 1.24351e+010 5.19161e+011 4.96092e+010
3.056 5.6125e+011 749166 1.4307e+009 3.14242e+011 1.84647e+011 1.25829e+010 5.12903e+011 4.8347e+010
3.06 5.61036e+011 749023 1.35608e+009 3.06286e+011 1.8634e+011 1.27317e+010 5.06714e+011 5.43219e+010
3.064 5.46945e+011 739557 1.28506e+009 2.98456e+011 1.87969e+011 1.28812e+010 5.00592e+011 4.63528e+010
3.068 5.21869e+011 722405 1.21746e+009 2.90753e+011 1.89534e+011 1.30314e+010 4.94536e+011 2.73337e+010
3.072 5.01733e+011 708331 1.15313e+009 2.83177e+011 1.91031e+011 1.31825e+010 4.88544e+011 1.31895e+010
3.076 4.91584e+011 701131 1.09195e+009 2.75729e+011 1.92459e+011 1.33344e+010 4.82615e+011 8.9695e+009
3.079 4.91176e+011 700839 1.04804e+009 2.70227e+011 1.93485e+011 1.34487e+010 4.78209e+011 1.29671e+010
3.083 4.77036e+011 690678 9.92014e+008 2.63003e+011 1.94789e+011 1.36019e+010 4.72386e+011 4.64976e+009
3.087 4.86317e+011 697364 9.3876e+008 2.55908e+011 1.9602e+011 1.37557e+010 4.66622e+011 1.96942e+010
3.091 4.80115e+011 692903 8.88152e+008 2.48941e+011 1.97176e+011 1.39103e+010 4.60916e+011 1.9199e+010
3.095 5.06311e+011 711556 8.4007e+008 2.42103e+011 1.98256e+011 1.40655e+010 4.55264e+011 5.1047e+010
3.099 5.24017e+011 723890 7.94401e+008 2.35393e+011 1.99259e+011 1.42215e+010 4.49667e+011 7.43497e+010
3.103 5.25812e+011 725129 7.51035e+008 2.28811e+011 2.00182e+011 1.43781e+010 4.44122e+011 8.16902e+010
3.107 5.16467e+011 718656 7.09866e+008 2.22357e+011 2.01026e+011 1.45353e+010 4.38628e+011 7.78384e+010
3.111 4.93751e+011 702675 6.70793e+008 2.1603e+011 2.01789e+011 1.46932e+010 4.33183e+011 6.05681e+010
3.115 4.72485e+011 687376 6.33719e+008 2.09831e+011 2.0247e+011 1.48517e+010 4.27786e+011 4.4699e+010
3.12 4.43225e+011 665752 5.90045e+008 2.02259e+011 2.03205e+011 1.50506e+010 4.21105e+011 2.21207e+010
3.124 4.41415e+011 664391 5.57133e+008 1.96343e+011 2.03699e+011 1.52104e+010 4.1581e+011 2.56055e+010
3.128 4.19366e+011 647585 5.25931e+008 1.90552e+011 2.04109e+011 1.53708e+010 4.10557e+011 8.80866e+009
3.132 4.14613e+011 643904 4.96357e+008 1.84885e+011 2.04434e+011 1.55317e+010 4.05347e+011 9.26635e+009
3.136 4.28934e+011 654930 4.68334e+008 1.79341e+011 2.04673e+011 1.56931e+010 4.00176e+011 2.87577e+010
3.14 4.08925e+011 639472 4.41787e+008 1.7392e+011 2.04828e+011 1.58551e+010 3.95044e+011 1.38806e+010
3.144 4.11417e+011 641418 4.16645e+008 1.68619e+011 2.04896e+011 1.60175e+010 3.8995e+011 2.14673e+010
3.148 4.19035e+011 647329 3.9284e+008 1.63439e+011 2.04879e+011 1.61803e+010 3.84892e+011 3.41431e+010
3.152 4.03215e+011 634992 3.70306e+008 1.58379e+011 2.04776e+011 1.63436e+010 3.79869e+011 2.33465e+010
3.156 3.99119e+011 631759 3.48981e+008 1.53436e+011 2.04588e+011 1.65074e+010 3.7488e+011 2.42395e+010
3.161 3.66187e+011 605134 3.23934e+008 1.47421e+011 2.04232e+011 1.67126e+010 3.68689e+011 -2.50226e+009
3.165 3.66845e+011 605677 3.05115e+008 1.42739e+011 2.03852e+011 1.68773e+010 3.63773e+011 3.07149e+009
3.169 3.94185e+011 627841 2.8732e+008 1.3817e+011 2.03387e+011 1.70422e+010 3.58887e+011 3.52972e+010
3.173 3.67935e+011 606577 2.70498e+008 1.33715e+011 2.02839e+011 1.72075e+010 3.54032e+011 1.39035e+010
3.177 3.61213e+011 601010 2.54601e+008 1.2937e+011 2.02208e+011 1.73732e+010 3.49205e+011 1.20075e+010
3.182 3.50506e+011 592035 2.35956e+008 1.24092e+011 2.01302e+011 1.75806e+010 3.43211e+011 7.29457e+009
3.186 3.49593e+011 591264 2.21969e+008 1.19992e+011 2.00487e+011 1.77469e+010 3.38448e+011 1.11454e+010
3.19 3.53621e+011 594661 2.0876e+008 1.15998e+011 1.99591e+011 1.79134e+010 3.33711e+011 1.99106e+010
3.194 3.44826e+011 587219 1.96291e+008 1.12108e+011 1.98616e+011 1.80801e+010 3.29e+011 1.58262e+010
3.199 3.13324e+011 559754 1.81685e+008 1.07391e+011 1.97288e+011 1.82888e+010 3.23149e+011 -9.82461e+009
3.203 3.14785e+011 561057 1.7074e+008 1.03731e+011 1.96139e+011 1.84559e+010 3.18496e+011 -3.7109e+009
3.207 3.16049e+011 562183 1.60417e+008 1.0017e+011 1.94915e+011 1.86232e+010 3.13869e+011 2.18011e+009
3.211 3.00251e+011 547952 1.50681e+008 9.67073e+010 1.93618e+011 1.87906e+010 3.09267e+011 -9.01568e+009
3.216 2.8416e+011 533067 1.39292e+008 9.25138e+010 1.91896e+011 1.9e+010 3.03549e+011 -1.93893e+010
3.22 2.83219e+011 532183 1.30768e+008 8.92649e+010 1.9044e+011 1.91676e+010 2.99003e+011 -1.57843e+010
3.224 2.95544e+011 543640 1.22736e+008 8.61083e+010 1.88916e+011 1.93353e+010 2.94482e+011 1.0619e+009
3.229 2.71799e+011 521344 1.13348e+008 8.22899e+010 1.86917e+011 1.95448e+010 2.88866e+011 -1.70664e+010
3.233 2.58475e+011 508404 1.06329e+008 7.93349e+010 1.85247e+011 1.97125e+010 2.844e+011 -2.59259e+010
3.238 2.65256e+011 515030 9.81301e+007 7.5763e+010 1.83072e+011 1.9922e+010 2.78855e+011 -1.3599e+010
3.242 2.5128e+011 501278 9.20036e+007 7.30008e+010 1.81265e+011 2.00895e+010 2.74447e+011 -2.31672e+010
3.246 2.33159e+011 482865 8.6239e+007 7.03216e+010 1.794e+011 2.0257e+010 2.70065e+011 -3.6906e+010
3.251 2.48333e+011 498330 7.95117e+007 6.70866e+010 1.76992e+011 2.04661e+010 2.64625e+011 -1.62917e+010
3.255 2.62276e+011 512129 7.44896e+007 6.45877e+010 1.75007e+011 2.06332e+010 2.60303e+011 1.97363e+009
3.26 2.52117e+011 502113 6.86325e+007 6.15727e+010 1.72455e+011 2.08419e+010 2.54938e+011 -2.82141e+009
3.264 2.42871e+011 492819 6.42629e+007 5.92455e+010 1.7036e+011 2.10086e+010 2.50679e+011 -7.80775e+009
3.268 2.4029e+011 490194 6.01571e+007 5.69919e+010 1.6822e+011 2.11751e+010 2.46447e+011 -6.15725e+009
3.273 2.23032e+011 472262 5.5373e+007 5.42758e+010 1.65486e+011 2.13828e+010 2.412e+011 -1.8168e+010
3.277 2.27325e+011 476786 5.18072e+007 5.21815e+010 1.63253e+011 2.15486e+010 2.37035e+011 -9.71022e+009
3.282 2.17634e+011 466513 4.7655e+007 4.96593e+010 1.6041e+011 2.17554e+010 2.31873e+011 -1.42387e+010
3.286 2.06651e+011 454589 4.45622e+007 4.7716e+010 1.58097e+011 2.19205e+010 2.27779e+011 -2.11274e+010
3.291 2.09464e+011 457673 4.09631e+007 4.53774e+010 1.55162e+011 2.21263e+010 2.22706e+011 -1.3242e+010
3.295 2.09387e+011 457588 3.82839e+007 4.3577e+010 1.5278e+011 2.22904e+010 2.18686e+011 -9.29912e+009
3.3 2.08864e+011 457016 3.51681e+007 4.14118e+010 1.49767e+011 2.2495e+010 2.13709e+011 -4.84515e+009
3.305 2.0858e+011 456705 3.22938e+007 3.93386e+010 1.46717e+011 2.26988e+010 2.08787e+011 -2.0701e+008
3.309 2.06091e+011 453973 3.01564e+007 3.77444e+010 1.44254e+011 2.28613e+010 2.0489e+011 1.20179e+009
3.314 1.92312e+011 438534 2.7673e+007 3.58293e+010 1.4115e+011 2.30636e+010 2.0007e+011 -7.75818e+009
3.318 1.85504e+011 430702 2.58275e+007 3.43578e+010 1.38649e+011 2.32248e+010 1.96258e+011 -1.0754e+010
3.323 1.83296e+011 428131 2.36846e+007 3.25914e+010 1.35506e+011 2.34255e+010 1.91547e+011 -8.25076e+009
3.328 1.75935e+011 419446 2.17115e+007 3.09037e+010 1.32348e+011 2.36251e+010 1.86899e+011 -1.0964e+010
3.332 1.75402e+011 418810 2.02465e+007 2.96082e+010 1.29813e+011 2.37841e+010 1.83226e+011 -7.82385e+009
3.337 1.75604e+011 419051 1.85472e+007 2.8055e+010 1.26639e+011 2.39818e+010 1.78694e+011 -3.08977e+009
3.342 1.69061e+011 411170 1.69842e+007 2.65728e+010 1.23461e+011 2.41783e+010 1.74229e+011 -5.16771e+009
3.346 1.70646e+011 413093 1.5825e+007 2.54364e+010 1.20919e+011 2.43347e+010 1.70706e+011 -5.98372e+007
3.351 1.66097e+011 407550 1.44816e+007 2.40754e+010 1.17746e+011 2.4529e+010 1.66365e+011 -2.67698e+008
3.356 1.56912e+011 396122 1.32473e+007 2.27782e+010 1.14581e+011 2.4722e+010 1.62094e+011 -5.1821e+009
3.36 1.45872e+011 381932 1.23327e+007 2.17848e+010 1.12058e+011 2.48754e+010 1.5873e+011 -1.28579e+010
3.365 1.41544e+011 376224 1.1274e+007 2.05964e+010 1.08917e+011 2.50659e+010 1.54591e+011 -1.30469e+010
3.37 1.47589e+011 384173 1.03023e+007 1.94652e+010 1.05796e+011 2.52549e+010 1.50526e+011 -2.93719e+009
3.375 1.49179e+011 386238 9.41083e+006 1.83888e+010 1.02697e+011 2.54424e+010 1.46538e+011 2.64195e+009
3.379 1.3716e+011 370351 8.75116e+006 1.75657e+010 1.00236e+011 2.55913e+010 1.43402e+011 -6.24204e+009
3.384 1.42125e+011 376995 7.98851e+006 1.65826e+010 9.71851e+010 2.5776e+010 1.39552e+011 2.57326e+009
3.389 1.359e+011 368646 7.2896e+006 1.56483e+010 9.41656e+010 2.59589e+010 1.3578e+011 1.19796e+008
3.394 1.31839e+011 363097 6.64935e+006 1.47609e+010 9.11802e+010 2.61401e+010 1.32088e+011 -2.48793e+008
3.399 1.28683e+011 358724 6.06306e+006 1.39182e+010 8.82318e+010 2.63196e+010 1.28476e+011 2.07531e+008
3.403 1.25955e+011 354901 5.62995e+006 1.32751e+010 8.59014e+010 2.64618e+010 1.25644e+011 3.1106e+008
3.408 1.23824e+011 351886 5.13009e+006 1.25084e+010 8.30259e+010 2.66379e+010 1.22177e+011 1.64669e+009
3.413 1.1397e+011 337594 4.67285e+006 1.17813e+010 8.01941e+010 2.68121e+010 1.18792e+011 -4.82218e+009
3.418 1.15128e+011 339305 4.25477e+006 1.10922e+010 7.74084e+010 2.69842e+010 1.15489e+011 -3.60759e+008
3.423 1.12481e+011 335382 3.87265e+006 1.04392e+010 7.46705e+010 2.71543e+010 1.12268e+011 2.13163e+008
3.428 1.054e+011 324653 3.52353e+006 9.82072e+009 7.19824e+010 2.73224e+010 1.09129e+011 -3.72914e+009
3.433 1.0406e+011 322584 3.20467e+006 9.23527e+009 6.93456e+010 2.74883e+010 1.06072e+011 -2.01205e+009
3.438 1.05885e+011 325400 2.91359e+006 8.6813e+009 6.67618e+010 2.7652e+010 1.03098e+011 2.78689e+009
3.443 9.98589e+010 316005 2.64795e+006 8.15734e+009 6.42323e+010 2.78134e+010 1.00206e+011 -3.46737e+008
3.448 9.88778e+010 314448 2.40562e+006 7.66197e+009 6.17581e+010 2.79725e+010 9.73951e+010 1.48277e+009
3.453 9.59381e+010 309739 2.18466e+006 7.19385e+009 5.93405e+010 2.81293e+010 9.46659e+010 1.27222e+009
3.458 9.14248e+010 302365 1.98325e+006 6.75166e+009 5.69802e+010 2.82837e+010 9.20176e+010 -5.92801e+008
3.463 8.72424e+010 295368 1.79973e+006 6.33415e+009 5.4678e+010 2.84357e+010 8.94497e+010 -2.20728e+009
3.468 9.01052e+010 300175 1.63258e+006 5.94012e+009 5.24346e+010 2.85851e+010 8.69615e+010 3.14378e+009
3.473 8.4008e+010 289841 1.48041e+006 5.5684e+009 5.02503e+010 2.87321e+010 8.45522e+010 -5.44233e+008
3.478 8.33902e+010 288774 1.34191e+006 5.21787e+009 4.81255e+010 2.88764e+010 8.22211e+010 1.16908e+009
3.483 8.54837e+010 292376 1.21592e+006 4.88749e+009 4.60604e+010 2.90181e+010 7.99672e+010 5.51651e+009
3.488 8.05719e+010 283852 1.10134e+006 4.57622e+009 4.40551e+010 2.9157e+010 7.77895e+010 2.78243e+009
3.493 7.82275e+010 279692 997185 4.28307e+009 4.21096e+010 2.92933e+010 7.5687e+010 2.54049e+009
3.498 7.19838e+010 268298 902543 4.00713e+009 4.02237e+010 2.94268e+010 7.36585e+010 -1.67471e+009
3.503 7.40458e+010 272114 816578 3.74748e+009 3.83971e+010 2.95575e+010 7.17029e+010 2.34287e+009
3.508 7.07269e+010 265945 738523 3.50328e+009 3.66295e+010 2.96853e+010 6.98188e+010 9.08102e+008
3.514 6.99962e+010 264568 654319 3.22946e+009 3.45856e+010 2.98349e+010 6.76506e+010 2.34567e+009
3.519 6.39607e+010 252905 591287 3.01639e+009 3.2946e+010 2.99562e+010 6.59192e+010 -1.9585e+009
3.524 6.80888e+010 260938 534127 2.81627e+009 3.13637e+010 3.00746e+010 6.42551e+010 3.8337e+009
3.529 6.55821e+010 256090 482312 2.62839e+009 2.98378e+010 3.019e+010 6.26566e+010 2.92545e+009
3.534 6.15283e+010 248049 435361 2.45207e+009 2.83675e+010 3.03023e+010 6.11223e+010 4.06018e+008
3.54 6.01904e+010 245337 384822 2.25485e+009 2.66756e+010 3.04329e+010 5.93637e+010 8.26678e+008
3.545 5.92372e+010 243387 347075 2.10177e+009 2.53247e+010 3.05383e+010 5.79651e+010 1.27201e+009
3.55 5.81325e+010 241107 312913 1.9583e+009 2.40265e+010 3.06405e+010 5.66257e+010 1.50678e+009
3.556 5.17569e+010 227502 276191 1.79807e+009 2.25368e+010 3.0759e+010 5.50941e+010 -3.33717e+009
3.561 5.80174e+010 240868 248801 1.67388e+009 2.13508e+010 3.08541e+010 5.3879e+010 4.13847e+009
3.566 5.63305e+010 237340 224043 1.55765e+009 2.0214e+010 3.09459e+010 5.27177e+010 3.61275e+009
3.572 5.65474e+010 237797 197467 1.42804e+009 1.89131e+010 3.10516e+010 5.13929e+010 5.15444e+009
3.577 5.46441e+010 233761 177671 1.32773e+009 1.78803e+010 3.11361e+010 5.03443e+010 4.29977e+009
3.582 4.9823e+010 223211 159799 1.23397e+009 1.68929e+010 3.12172e+010 4.93442e+010 4.78869e+008
3.588 5.57339e+010 236080 140641 1.12958e+009 1.57661e+010 3.13099e+010 4.82057e+010 7.52819e+009
3.593 5.06659e+010 225091 126390 1.04891e+009 1.4874e+010 3.13834e+010 4.73065e+010 3.35944e+009
3.599 5.20928e+010 228239 111127 9.5917e+008 1.38579e+010 3.14671e+010 4.62843e+010 5.80856e+009
3.604 4.85028e+010 220234 99784.9 8.89895e+008 1.3055e+010 3.15329e+010 4.54779e+010 3.02491e+009
3.609 4.73433e+010 217585 89566.6 8.25298e+008 1.22906e+010 3.15952e+010 4.47112e+010 2.6321e+009
3.615 4.49557e+010 212028 78637.3 7.53547e+008 1.14222e+010 3.16653e+010 4.38412e+010 1.11448e+009
3.62 4.47438e+010 211527 70526.4 6.9824e+008 1.07379e+010 3.17198e+010 4.31561e+010 1.58774e+009
3.626 4.1576e+010 203902 61859.3 6.36872e+008 9.96209e+009 3.17805e+010 4.23795e+010 -8.0352e+008
3.631 4.36047e+010 208817 55433.3 5.89617e+008 9.35181e+009 3.18271e+010 4.17686e+010 1.83615e+009
3.637 4.54102e+010 213097 48573 5.37235e+008 8.66115e+009 3.18782e+010 4.10766e+010 4.33363e+009
3.643 4.40695e+010 209927 42538.7 4.89229e+008 8.01394e+009 3.19241e+010 4.04273e+010 3.64226e+009
3.648 4.19326e+010 204774 38071.2 4.52321e+008 7.50629e+009 3.19583e+010 3.99169e+010 2.01566e+009
3.654 4.36801e+010 208998 33308.7 4.11473e+008 6.9334e+009 3.19944e+010 3.93393e+010 4.34072e+009
3.659 4.66371e+010 215956 29786 3.80101e+008 6.48486e+009 3.20206e+010 3.88855e+010 7.75152e+009
3.665 4.69934e+010 216780 26034.1 3.45415e+008 5.97959e+009 3.2047e+010 3.8372e+010 8.62139e+009
3.671 3.80883e+010 195162 22742.6 3.13716e+008 5.5085e+009 3.20681e+010 3.78904e+010 1.9788e+008
3.676 4.00013e+010 200003 20311.5 2.89409e+008 5.1407e+009 3.20817e+010 3.75118e+010 2.48953e+009
3.682 4.0484e+010 201206 17725.9 2.62576e+008 4.72753e+009 3.2093e+010 3.70831e+010 3.40085e+009
3.688 4.1049e+010 202606 15461.1 2.38095e+008 4.34348e+009 3.2099e+010 3.66806e+010 4.36846e+009
3.693 3.92294e+010 198064 13790.8 2.19352e+008 4.04446e+009 3.20999e+010 3.63637e+010 2.86569e+009
3.699 3.81504e+010 195321 12016.9 1.98695e+008 3.70949e+009 3.2096e+010 3.60042e+010 2.14621e+009
3.705 3.74863e+010 193614 10465.6 1.7988e+008 3.39905e+009 3.20868e+010 3.56658e+010 1.82053e+009
3.711 3.38486e+010 183980 9109.58 1.62754e+008 3.11167e+009 3.20723e+010 3.53467e+010 -1.49809e+009
3.716 3.66479e+010 191436 8111.46 1.4967e+008 2.88875e+009 3.20561e+010 3.50945e+010 1.55337e+009
3.722 3.55988e+010 188676 7053.5 1.3528e+008 2.63995e+009 3.20318e+010 3.4807e+010 7.91772e+008
3.728 3.66872e+010 191539 6130.22 1.22203e+008 2.4103e+009 3.20021e+010 3.45346e+010 2.15257e+009
3.734 3.89564e+010 197374 5324.93 1.10328e+008 2.19856e+009 3.19672e+010 3.42761e+010 4.6803e+009
3.74 3.5703e+010 188952 4622.92 9.95504e+007 2.00353e+009 3.19269e+010 3.403e+010 1.67302e+009
3.746 3.81873e+010 195416 4011.31 8.97745e+007 1.82409e+009 3.18814e+010 3.37953e+010 4.39207e+009
3.752 3.85088e+010 196237 3478.73 8.09125e+007 1.65915e+009 3.18306e+010 3.35707e+010 4.93811e+009
3.758 3.26152e+010 180597 3015.23 7.28839e+007 1.50771e+009 3.17747e+010 3.33553e+010 -7.401e+008
3.763 3.27012e+010 180835 2675.42 6.67764e+007 1.39112e+009 3.1724e+010 3.31819e+010 -4.80705e+008
3.769 3.283e+010 181191 2316.67 6.00878e+007 1.26196e+009 3.16586e+010 3.29806e+010 -1.50607e+008
3.775 3.71973e+010 192866 2004.94 5.40384e+007 1.14371e+009 3.15879e+010 3.27857e+010 4.41163e+009
3.781 3.53946e+010 188135 1734.22 4.85705e+007 1.03557e+009 3.15122e+010 3.25964e+010 2.79824e+009
3.787 3.43794e+010 185417 1499.24 4.3631e+007 9.36775e+008 3.14314e+010 3.24119e+010 1.96751e+009
3.793 3.75334e+010 193735 1295.41 3.91716e+007 8.46604e+008 3.13456e+010 3.22314e+010 5.302e+009
3.8 3.5408e+010 188170 1091.61 3.45168e+007 7.5142e+008 3.12392e+010 3.20252e+010 3.38285e+009
3.806 3.52384e+010 187719 942.091 3.09508e+007 6.77707e+008 3.11427e+010 3.18514e+010 3.38704e+009
3.812 3.16498e+010 177904 812.616 2.77374e+007 6.1065e+008 3.10413e+010 3.16797e+010 -2.9896e+007
3.818 3.23773e+010 179937 700.557 2.48435e+007 5.4971e+008 3.0935e+010 3.15096e+010 8.67737e+008
3.824 3.33651e+010 182661 603.626 2.22389e+007 4.94385e+008 3.0824e+010 3.13406e+010 2.02445e+009
3.83 3.39449e+010 184241 519.826 1.9896e+007 4.4421e+008 3.07082e+010 3.11723e+010 2.77252e+009
3.836 3.48027e+010 186555 447.418 1.77899e+007 3.98752e+008 3.05878e+010 3.10043e+010 3.79839e+009
3.843 3.41793e+010 184876 375.332 1.56016e+007 3.51144e+008 3.04415e+010 3.08082e+010 3.37108e+009
3.849 3.33695e+010 182673 322.674 1.39329e+007 3.14567e+008 3.03111e+010 3.06396e+010 2.72984e+009
3.855 3.22917e+010 179699 277.254 1.24356e+007 2.81535e+008 3.01763e+010 3.04703e+010 1.82142e+009
3.861 3.29308e+010 181468 238.099 1.10929e+007 2.51734e+008 3.00371e+010 3.02999e+010 2.63088e+009
3.868 2.95797e+010 171987 199.214 9.7015e+006 2.20667e+008 2.98691e+010 3.00995e+010 -5.19859e+008
3.874 2.84351e+010 168627 170.881 8.64334e+006 1.96907e+008 2.97206e+010 2.99261e+010 -1.49106e+009
3.88 2.43368e+010 156003 146.498 7.69623e+006 1.7554e+008 2.95678e+010 2.97511e+010 -5.41426e+009
3.887 2.90933e+010 170568 122.329 6.71678e+006 1.53341e+008 2.93844e+010 2.95445e+010 -4.51162e+008
3.893 2.71441e+010 164755 104.751 5.97341e+006 1.36423e+008 2.92228e+010 2.93652e+010 -2.22109e+009
3.899 2.5995e+010 161230 89.6512 5.3093e+006 1.21257e+008 2.90572e+010 2.91838e+010 -3.18883e+009
3.906 2.49104e+010 157830 74.7118 4.6239e+006 1.05555e+008 2.88592e+010 2.89694e+010 -4.05901e+009
3.912 2.15906e+010 146937 63.8672 4.10476e+006 9.36294e+007 2.86853e+010 2.87831e+010 -7.19246e+009
3.919 2.25e+010 150000 53.1519 3.56973e+006 8.13113e+007 2.84778e+010 2.85627e+010 -6.0627e+009
3.925 2.63528e+010 162335 45.3838 3.16504e+006 7.19777e+007 2.8296e+010 2.83711e+010 -2.01837e+009
3.932 2.59997e+010 161244 37.7181 2.74855e+006 6.23595e+007 2.80794e+010 2.81445e+010 -2.14482e+009
3.938 2.4733e+010 157267 32.1679 2.43396e+006 5.50888e+007 2.78901e+010 2.79476e+010 -3.21458e+009
3.945 2.41729e+010 155476 26.6981 2.11063e+006 4.7614e+007 2.7665e+010 2.77147e+010 -3.54178e+009
3.951 2.20172e+010 148382 22.7429 1.86675e+006 4.19768e+007 2.74685e+010 2.75123e+010 -5.49512e+009
3.958 2.25944e+010 150314 18.85 1.61645e+006 3.61948e+007 2.72353e+010 2.72731e+010 -4.67872e+009
3.964 1.98113e+010 140753 16.0387 1.42791e+006 3.18445e+007 2.70321e+010 2.70653e+010 -7.254e+009
3.971 2.22669e+010 149221 13.2753 1.23468e+006 2.73929e+007 2.67913e+010 2.68199e+010 -4.55301e+009
3.978 2.05488e+010 143349 10.9799 1.06676e+006 2.35334e+007 2.65466e+010 2.65712e+010 -6.02232e+009
3.984 2.41638e+010 155447 9.32557 940557 2.064e+007 2.63338e+010 2.63554e+010 -2.19158e+009
3.991 2.2013e+010 148368 7.70259 811477 1.76897e+007 2.60823e+010 2.61008e+010 -4.08784e+009
3.998 2.39309e+010 154696 6.35741 699570 1.51418e+007 2.58273e+010 2.58432e+010 -1.91233e+009
4.004 2.20502e+010 148493 5.38986 615638 1.32385e+007 2.56061e+010 2.562e+010 -3.56985e+009
4.011 2.11009e+010 145261 4.44251 529976 1.13048e+007 2.53451e+010 2.5357e+010 -4.25607e+009
4.018 2.10542e+010 145101 3.65899 455881 9.64109e+006 2.50811e+010 2.50912e+010 -4.03694e+009
4.025 2.28366e+010 151118 3.01144 391841 8.21173e+006 2.48141e+010 2.48227e+010 -1.98613e+009
4.032 2.18995e+010 147985 2.47667 336537 6.98532e+006 2.45445e+010 2.45518e+010 -2.65231e+009
4.038 2.20013e+010 148328 2.09334 295208 6.07478e+006 2.43113e+010 2.43176e+010 -2.3163e+009
4.045 2.24709e+010 149903 1.71926 253179 5.15524e+006 2.40369e+010 2.40423e+010 -1.57139e+009
4.052 2.10492e+010 145083 1.41099 216965 4.36928e+006 2.37603e+010 2.37648e+010 -2.71567e+009
4.059 1.95862e+010 139951 1.15715 185788 3.6984e+006 2.34815e+010 2.34853e+010 -3.89911e+009
4.066 2.53662e+010 159268 0.94828 158967 3.12653e+006 2.32007e+010 2.32039e+010 2.16225e+009
4.073 2.08583e+010 144424 0.77654 135913 2.63969e+006 2.2918e+010 2.29208e+010 -2.06244e+009
4.08 2.03774e+010 142749 0.635437 116113 2.22581e+006 2.26337e+010 2.2636e+010 -2.25866e+009
4.087 1.91858e+010 138513 0.519592 99120.6 1.87441e+006 2.23478e+010 2.23498e+010 -3.164e+009
4.094 2.01105e+010 141812 0.424554 84549.4 1.57647e+006 2.20605e+010 2.20622e+010 -1.95164e+009
4.101 2.41961e+010 155551 0.346645 72064.5 1.32419e+006 2.17719e+010 2.17733e+010 2.42279e+009
4.108 2.15556e+010 146818 0.282826 61375.6 1.11086e+006 2.14823e+010 2.14835e+010 7.21327e+007
4.116 2.00354e+010 141546 0.223943 51038.6 907371 2.11501e+010 2.11511e+010 -1.11567e+009
4.123 2.06501e+010 143701 0.182427 43396.3 759101 2.08586e+010 2.08594e+010 -2.09327e+008
4.13 2.02741e+010 142387 0.148498 36869.9 634245 2.05664e+010 2.05671e+010 -2.92993e+008
4.137 2.34293e+010 153066 0.12079 31300.7 529247 2.02737e+010 2.02743e+010 3.15507e+009
4.144 1.69796e+010 130306 0.0981807 26552.2 441065 1.99806e+010 1.99811e+010 -3.00152e+009
4.152 1.82176e+010 134972 0.0774055 21980 357567 1.96454e+010 1.96458e+010 -1.42826e+009
4.159 2.31389e+010 152115 0.0628177 18614.6 297173 1.9352e+010 1.93523e+010 3.78656e+009
4.166 1.66087e+010 128875 0.0509418 15752.3 246663 1.90587e+010 1.90589e+010 -2.45027e+009
4.173 1.63792e+010 127981 0.0412807 13319.9 204476 1.87655e+010 1.87657e+010 -2.38648e+009
4.181 1.60533e+010 126702 0.0324327 10985.9 164764 1.84308e+010 1.8431e+010 -2.37772e+009
4.188 1.59821e+010 126420 0.0262406 9274.07 136209 1.81385e+010 1.81387e+010 -2.15651e+009
4.196 1.60793e+010 126804 0.0205792 7634.56 109411 1.78051e+010 1.78052e+010 -1.72596e+009
4.203 1.7393e+010 131882 0.016624 6434.25 90201.7 1.75142e+010 1.75143e+010 -1.2131e+008
4.211 1.31373e+010 114618 0.013014 5286.75 72228.2 1.71827e+010 1.71828e+010 -4.04551e+009
4.218 1.91015e+010 138208 0.0104962 4448.19 59383.6 1.68937e+010 1.68938e+010 2.20767e+009
4.226 1.5743e+010 125471 0.00820214 3647.97 47401.8 1.65648e+010 1.65648e+010 -8.21879e+008
4.233 1.47916e+010 121621 0.00660493 3064.26 38865.3 1.62783e+010 1.62783e+010 -1.4867e+009
4.241 1.54827e+010 124429 0.00515206 2508.24 30926.2 1.59524e+010 1.59525e+010 -4.69782e+008
4.248 1.47523e+010 121459 0.00414227 2103.41 25287.2 1.56689e+010 1.56689e+010 -9.16565e+008
4.256 1.32967e+010 115311 0.00322531 1718.48 20058.7 1.53467e+010 1.53467e+010 -2.05005e+009
4.264 1.74962e+010 132273 0.00250892 1402.58 15884.7 1.50267e+010 1.50267e+010 2.46943e+009
4.271 1.74697e+010 132173 0.00201232 1173.22 12933.7 1.47486e+010 1.47486e+010 2.72105e+009
4.279 1.69491e+010 130189 0.00156254 955.738 10210.2 1.4433e+010 1.4433e+010 2.5161e+009
4.287 1.48533e+010 121874 0.00121213 777.786 8046.72 1.412e+010 1.412e+010 7.33275e+008
4.294 1.76338e+010 132792 0.000969869 648.942 6524.3 1.38484e+010 1.38484e+010 3.78545e+009
4.302 1.2485e+010 111736 0.00075102 527.113 5125.72 1.35405e+010 1.35405e+010 -1.05552e+009
4.31 1.50222e+010 122565 0.000580996 427.724 4020.21 1.32356e+010 1.32356e+010 1.7866e+009
4.318 1.43278e+010 119699 0.000449033 346.724 3147.87 1.29337e+010 1.29337e+010 1.39409e+009
4.326 1.73913e+010 131876 0.000346711 280.78 2460.69 1.26349e+010 1.26349e+010 4.75638e+009
4.334 1.04304e+010 102129 0.000267448 227.148 1920.3 1.23394e+010 1.23394e+010 -1.90895e+009
4.342 1.18336e+010 108782 0.000206109 183.574 1496.08 1.20472e+010 1.20472e+010 -2.13583e+008
4.35 1.31157e+010 114524 0.000158685 148.21 1163.63 1.17584e+010 1.17584e+010 1.35729e+009
4.358 1.31441e+010 114648 0.000122056 119.537 903.534 1.14732e+010 1.14732e+010 1.67089e+009
4.366 1.34864e+010 116131 9.37921e-005 96.3141 700.404 1.11915e+010 1.11915e+010 2.29482e+009
4.374 1.33459e+010 115524 7.2004e-005 77.5243 542.033 1.09136e+010 1.09136e+010 2.4323e+009
4.382 1.19489e+010 109311 5.52244e-005 62.3372 418.77 1.06394e+010 1.06394e+010 1.30954e+009
4.39 1.13484e+010 106529 4.23145e-005 50.0746 322.997 1.0369e+010 1.0369e+010 9.79488e+008
4.398 1.33525e+010 115553 3.23914e-005 40.1836 248.711 1.01024e+010 1.01024e+010 3.25004e+009
4.406 1.19711e+010 109412 2.47717e-005 32.2138 191.189 9.83983e+009 9.83983e+009 2.13123e+009
4.414 1.55991e+010 124896 1.89262e-005 25.7986 146.725 9.58121e+009 9.58122e+009 6.01784e+009
4.423 1.50034e+010 122488 1.39657e-005 20.071 108.719 9.29509e+009 9.29509e+009 5.7083e+009
